0.00,0.39,0.00, 19.43
0.00,0.39,0.00, 19.43
0.00,0.39,0.00, 0.07
0.00,0.39,0.00, 0.07
0.00,0.39,0.00, 0.07
0.00,0.38,0.00, 0.00
0.00,0.38,0.00, 0.00
0.00,0.38,0.00, 0.00
0.00,0.38,0.00, 0.00
0.00,0.38,0.00, 0.00
0.00,0.38,0.00, 0.50
0.00,0.38,0.00, 0.50
0.00,0.38,0.00, 0.50
0.00,0.38,0.00, 0.00
0.00,0.38,0.00, 0.00
0.00,0.38,0.00, 0.25
0.00,0.38,0.00, 0.25
0.00,0.38,0.00, 0.25
0.00,0.38,0.00, 0.00
0.00,0.38,0.00, 0.00
0.00,0.38,0.00, 0.00
0.00,0.38,0.00, 0.00
0.00,0.38,0.00, 0.00
0.00,0.38,0.00, 0.00
0.00,0.38,0.00, 0.00
0.00,0.38,0.00, 0.00
0.00,0.38,0.00, 0.00
0.00,0.38,0.00, 0.00
0.00,0.38,0.00, 0.00
0.00,0.39,0.00, 0.75
0.00,0.39,0.00, 0.75
0.00,0.39,0.00, 0.75
0.00,0.38,0.00, 0.00
0.00,0.38,0.00, 0.00
0.00,0.38,0.00, 0.00
0.00,0.40,0.00, 1.25
0.00,0.39,0.00, 0.00
0.00,0.39,0.00, 0.00
0.00,0.39,0.00, 0.00
0.00,0.39,0.00, 0.00
0.00,0.38,0.00, 0.00
0.00,0.38,0.00, 0.00
0.00,0.38,0.00, 0.00
0.00,0.38,0.00, 0.00
0.00,0.38,0.00, 0.00
0.00,0.38,0.00, 0.50
0.00,0.38,0.00, 0.50
0.00,0.38,0.00, 0.50
0.00,0.38,0.00, 0.00
0.00,0.38,0.00, 0.00
0.00,0.38,0.00, 0.00
0.00,0.38,0.00, 0.00
0.00,0.38,0.00, 0.00
0.00,0.38,0.00, 0.00
0.00,0.38,0.00, 0.00
0.00,0.39,0.00, 0.75
0.00,0.39,0.00, 0.75
0.00,0.39,0.00, 0.75
0.00,0.38,0.00, 0.00
0.00,0.38,0.00, 0.00
0.00,0.38,0.00, 0.00
0.00,0.38,0.00, 0.00
0.00,0.38,0.00, 0.00
0.00,0.38,0.00, 0.00
0.00,0.38,0.00, 0.00
0.00,0.38,0.00, 0.00
0.00,0.39,0.00, 0.75
0.00,0.39,0.00, 0.75
0.00,0.39,0.00, 0.75
0.00,0.39,0.00, 0.75
0.00,0.39,0.00, 0.75
0.00,0.40,0.00, 0.50
0.00,0.40,0.00, 0.50
0.00,0.40,0.00, 0.50
0.00,0.39,0.00, 0.00
0.00,0.39,0.00, 0.00
0.00,0.39,0.00, 0.00
0.00,0.39,0.00, 0.00
0.00,0.39,0.00, 0.00
0.00,0.39,0.00, 0.00
0.00,0.38,0.00, 0.00
0.00,0.38,0.00, 0.00
0.00,0.38,0.00, 0.50
0.00,0.38,0.00, 0.50
0.00,0.38,0.00, 0.50
0.00,0.38,0.00, 0.50
0.00,0.38,0.00, 0.50
0.00,0.38,0.00, 0.50
0.00,0.38,0.00, 0.50
0.00,0.39,0.00, 0.25
0.00,0.39,0.00, 0.00
0.00,0.39,0.00, 0.00
0.00,0.39,0.00, 0.00
0.00,0.39,0.00, 0.00
0.00,0.39,0.00, 0.00
0.00,0.39,0.00, 0.00
0.00,0.39,0.00, 0.00
0.00,0.39,0.00, 0.00
0.00,0.39,0.00, 0.00
0.00,0.39,0.00, 0.00
0.00,0.39,0.00, 0.00
0.00,0.39,0.00, 0.00
0.00,0.39,0.00, 0.00
0.00,0.39,0.00, 0.00
0.00,0.40,0.00, 0.25
0.00,0.40,0.00, 0.25
0.00,0.40,0.00, 0.25
0.00,0.40,0.00, 0.25
0.00,0.38,0.00, 0.00
0.00,0.39,0.00, 0.50
0.00,0.39,0.00, 0.00
0.00,0.39,0.00, 0.00
0.00,0.39,0.00, 0.00
0.00,0.38,0.00, 0.00
0.00,0.38,0.00, 0.00
0.00,0.38,0.00, 0.00
0.00,0.38,0.00, 0.00
0.00,0.38,0.00, 0.00
0.00,0.38,0.00, 0.00
0.00,0.38,0.00, 0.00
0.00,0.40,0.00, 1.00
0.00,0.40,0.00, 1.00
0.00,0.40,0.00, 1.00
0.00,0.39,0.00, 0.00
0.00,0.39,0.00, 0.00
0.00,0.39,0.00, 0.00
0.00,0.39,0.00, 0.00
0.00,0.39,0.00, 0.00
0.00,0.40,0.00, 0.50
0.00,0.40,0.00, 0.50
0.00,0.40,0.00, 0.50
0.00,0.37,0.00, 0.00
0.00,0.38,0.00, 1.00
0.00,0.38,0.00, 1.00
0.00,0.38,0.00, 1.00
0.00,0.38,0.00, 0.00
0.00,0.38,0.00, 0.00
0.00,0.38,0.00, 0.00
0.00,0.38,0.00, 0.00
0.00,0.38,0.00, 0.00
0.00,0.38,0.00, 0.00
0.00,0.38,0.00, 0.00
0.00,0.39,0.00, 0.75
0.00,0.39,0.00, 0.00
0.00,0.39,0.00, 0.00
0.00,0.39,0.00, 0.00
0.00,0.39,0.00, 0.00
0.00,0.39,0.00, 0.00
0.00,0.39,0.00, 0.00
0.00,0.39,0.00, 0.00
0.00,0.39,0.00, 0.00
0.00,0.39,0.00, 0.00
0.00,0.39,0.00, 0.00
0.00,0.39,0.00, 0.00
0.00,0.39,0.00, 0.00
0.00,0.39,0.00, 0.00
0.00,0.39,0.00, 0.00
0.00,0.39,0.00, 0.00
0.00,0.40,0.00, 0.50
0.00,0.40,0.00, 0.50
0.00,0.40,0.00, 0.50
0.00,0.41,0.00, 0.75
0.00,0.47,0.00, 2.99
0.00,0.47,0.00, 2.99
0.00,0.58,0.00, 5.24
0.00,0.58,0.00, 5.24
0.00,0.58,0.00, 5.24
0.00,0.58,0.00, 5.24
0.00,0.62,0.00, 2.01
0.00,0.62,0.00, 2.01
0.00,0.62,0.00, 2.01
0.00,0.80,0.00, 9.22
0.08,1.00,3.94, 9.75
0.08,1.00,3.94, 9.75
0.08,1.00,3.94, 9.75
0.15,1.25,3.51, 12.24
0.25,1.56,4.98, 15.49
0.25,1.56,4.98, 15.49
0.25,1.56,4.98, 15.49
0.25,1.56,4.98, 15.49
0.25,1.56,4.98, 15.49
1.03,2.74,38.50, 58.84
1.03,2.74,38.50, 58.84
1.03,2.74,38.50, 58.84
1.80,3.61,38.50, 43.56
2.16,4.02,18.30, 20.83
2.54,4.43,18.99, 20.25
2.85,4.84,15.55, 20.75
2.85,4.84,15.55, 20.75
3.13,5.30,14.02, 22.74
3.39,5.76,13.02, 23.50
3.39,5.76,13.02, 23.50
3.85,6.72,22.85, 47.41
3.85,6.72,22.85, 47.41
3.85,6.72,22.85, 47.41
3.94,7.17,4.77, 22.84
3.94,7.17,4.77, 22.84
3.94,7.17,4.77, 22.84
4.24,7.97,14.85, 39.69
4.24,7.97,14.85, 39.69
4.24,7.97,14.85, 39.69
4.22,8.34,0.00, 18.83
4.21,8.68,0.00, 17.26
4.21,9.01,0.00, 16.00
4.21,9.34,0.00, 16.75
4.21,9.34,0.00, 16.75
4.21,10.06,0.00, 35.68
4.21,10.39,0.00, 16.82
4.21,10.39,0.00, 16.82
4.21,10.39,0.00, 16.82
4.21,10.99,0.00, 29.95
4.21,10.99,0.00, 29.95
4.21,10.99,0.00, 29.95
4.21,10.99,0.00, 29.95
4.21,10.99,0.00, 29.95
4.21,11.65,0.00, 32.99
4.21,11.65,0.00, 32.99
4.21,11.65,0.00, 32.99
4.21,11.65,0.00, 32.99
4.21,12.16,0.00, 25.53
4.21,12.16,0.00, 25.53
4.21,12.16,0.00, 25.53
4.21,12.28,0.00, 6.07
4.21,12.42,0.00, 7.00
4.21,12.42,0.00, 7.00
4.21,12.42,0.00, 7.00
4.21,12.42,0.00, 7.00
4.21,12.81,0.00, 19.21
4.21,12.81,0.00, 19.21
4.21,13.11,0.00, 15.51
4.21,13.23,0.00, 6.03
4.21,13.23,0.00, 6.03
4.21,13.23,0.00, 6.03
4.21,13.32,0.00, 4.26
4.21,13.40,0.00, 3.75
4.21,13.40,0.00, 3.75
4.21,13.40,0.00, 3.75
4.21,13.40,0.00, 3.75
4.21,13.40,0.00, 3.75
4.21,13.40,0.00, 3.75
4.21,13.64,0.00, 11.97
4.21,13.64,0.00, 11.97
4.21,13.64,0.00, 11.97
4.21,13.91,0.00, 13.74
4.21,13.91,0.00, 13.74
4.21,13.91,0.00, 13.74
4.21,13.91,0.00, 13.74
4.21,13.91,0.00, 13.74
4.21,13.91,0.00, 13.74
4.21,13.91,0.00, 13.74
4.21,14.01,0.00, 4.78
4.21,14.01,0.00, 4.78
4.21,14.05,0.00, 2.26
4.21,14.12,0.00, 3.50
4.21,14.12,0.00, 3.50
4.21,14.12,0.00, 3.50
4.21,14.12,0.00, 3.50
4.21,14.38,0.00, 12.72
4.21,14.38,0.00, 12.72
4.21,14.38,0.00, 12.72
4.21,14.38,0.00, 12.72
4.21,14.38,0.00, 12.72
4.21,14.38,0.00, 12.72
4.21,14.55,0.00, 8.52
4.21,14.55,0.00, 8.52
4.21,14.55,0.00, 8.52
4.21,14.65,0.00, 5.51
4.21,14.65,0.00, 5.51
4.21,14.65,0.00, 5.51
4.21,14.74,0.00, 4.25
4.21,14.74,0.00, 4.25
4.21,14.74,0.00, 4.25
4.21,14.75,0.00, 0.51
4.23,14.76,0.99, 0.75
4.23,14.76,0.99, 0.75
4.23,14.76,0.99, 0.75
4.23,14.76,0.99, 0.75
4.23,14.76,0.99, 0.75
4.23,14.76,0.99, 0.75
4.23,14.76,0.99, 0.75
4.21,14.73,0.00, 0.00
4.21,14.73,0.00, 0.00
4.21,14.73,0.00, 0.00
4.21,14.73,0.00, 0.00
4.21,14.69,0.00, 0.00
4.21,14.62,0.00, 0.00
4.21,14.62,0.00, 0.00
4.21,14.50,0.00, 0.00
4.21,14.36,0.00, 0.00
4.21,14.36,0.00, 0.00
4.21,14.19,0.00, 0.00
4.21,14.01,0.00, 0.00
4.21,14.01,0.00, 0.00
4.21,13.77,0.00, 0.00
4.21,13.51,0.00, 0.00
4.21,13.51,0.00, 0.00
4.21,13.21,0.00, 0.00
4.21,12.90,0.00, 0.00
4.21,12.90,0.00, 0.00
4.21,12.90,0.00, 0.00
4.21,12.21,0.00, 0.00
4.21,12.21,0.00, 0.00
4.21,12.21,0.00, 0.00
4.21,11.86,0.00, 0.00
4.21,11.52,0.00, 0.00
4.21,11.52,0.00, 0.00
4.21,10.68,0.00, 0.00
4.21,10.68,0.00, 0.00
4.21,10.68,0.00, 0.00
4.21,10.68,0.00, 0.00
4.21,10.21,0.00, 0.00
4.21,10.21,0.00, 0.00
4.21,10.21,0.00, 0.00
4.21,10.21,0.00, 0.00
4.21,10.21,0.00, 0.00
4.21,9.27,0.00, 0.00
4.21,8.84,0.00, 0.00
4.21,8.84,0.00, 0.00
4.21,8.17,0.00, 0.00
4.21,8.17,0.00, 0.00
4.21,8.17,0.00, 0.00
4.21,8.17,0.00, 0.00
4.21,7.89,0.00, 0.00
4.21,7.89,0.00, 0.00
4.21,7.89,0.00, 0.00
4.21,7.41,0.00, 0.00
4.21,7.16,0.00, 0.00
4.21,7.16,0.00, 0.00
4.21,6.72,0.00, 0.00
4.21,6.72,0.00, 0.00
4.21,6.72,0.00, 0.00
4.21,6.72,0.00, 0.00
4.21,6.53,0.00, 0.00
4.21,6.53,0.00, 0.00
4.21,6.24,0.00, 0.00
4.21,6.11,0.00, 0.00
4.21,6.11,0.00, 0.00
4.21,6.11,0.00, 0.00
4.21,5.99,0.00, 0.00
4.21,5.88,0.00, 0.00
4.21,5.88,0.00, 0.00
4.21,5.88,0.00, 0.00
4.21,5.88,0.00, 0.00
4.21,5.88,0.00, 0.00
4.21,5.88,0.00, 0.00
4.21,5.88,0.00, 0.00
4.21,5.48,0.00, 0.00
4.21,5.48,0.00, 0.00
4.21,5.48,0.00, 0.00
4.21,5.48,0.00, 0.00
4.21,5.09,0.00, 0.00
4.21,5.09,0.00, 0.00
4.21,5.09,0.00, 0.00
4.21,4.92,0.00, 0.00
4.21,4.92,0.00, 0.00
4.21,4.92,0.00, 0.00
4.21,4.85,0.00, 0.00
4.21,4.85,0.00, 0.00
4.21,4.85,0.00, 0.00
4.21,4.59,0.00, 0.00
4.21,4.59,0.00, 0.00
4.21,4.59,0.00, 0.00
4.21,4.59,0.00, 0.00
4.21,4.59,0.00, 0.00
4.21,4.59,0.00, 0.00
4.21,4.59,0.00, 0.00
4.21,4.59,0.00, 0.00
4.21,4.33,0.00, 0.00
4.21,4.33,0.00, 0.00
4.21,4.33,0.00, 0.00
4.21,4.33,0.00, 0.00
4.21,4.01,0.00, 0.00
4.21,4.01,0.00, 0.00
4.21,4.01,0.00, 0.00
4.21,4.01,0.00, 0.00
4.21,4.01,0.00, 0.00
4.21,4.01,0.00, 0.00
4.21,4.01,0.00, 0.00
0.00,3.76,0.00, 0.00
0.00,3.76,0.00, 0.00
0.00,3.76,0.00, 0.00
3.67,3.49,180.80, 0.00
4.17,3.38,27.29, 0.00
4.17,3.38,27.29, 0.00
4.17,3.38,27.29, 0.00
4.17,3.38,27.29, 0.00
4.17,3.38,27.29, 0.00
3.34,3.07,0.00, 0.00
3.34,3.07,0.00, 0.00
3.34,3.07,0.00, 0.00
3.34,3.07,0.00, 0.00
4.10,2.63,37.44, 0.00
4.10,2.63,37.44, 0.00
4.10,2.63,37.44, 0.00
4.10,2.63,37.44, 0.00
4.10,2.63,37.44, 0.00
4.10,2.63,37.44, 0.00
4.10,2.63,37.44, 0.00
4.10,2.63,37.44, 0.00
2.46,1.87,0.00, 0.00
2.46,1.87,0.00, 0.00
2.46,1.87,0.00, 0.00
2.46,1.87,0.00, 0.00
2.46,1.87,0.00, 0.00
2.46,1.87,0.00, 0.00
2.46,1.87,0.00, 0.00
1.28,1.30,0.00, 0.00
1.28,1.30,0.00, 0.00
1.28,1.30,0.00, 0.00
0.83,0.88,0.00, 0.00
0.83,0.88,0.00, 0.00
0.83,0.88,0.00, 0.00
0.83,0.88,0.00, 0.00
0.83,0.88,0.00, 0.00
0.44,0.66,0.00, 0.00
0.44,0.66,0.00, 0.00
0.37,0.56,0.00, 0.00
0.37,0.56,0.00, 0.00
0.37,0.56,0.00, 0.00
0.12,0.44,0.00, 0.00
0.12,0.44,0.00, 0.00
0.12,0.44,0.00, 0.00
0.12,0.44,0.00, 0.00
0.00,0.33,0.00, 0.00
0.00,0.33,0.00, 0.00
0.00,0.33,0.00, 0.00
0.00,0.33,0.00, 0.00
0.02,0.32,0.99, 0.00
0.02,0.37,0.01, 1.99
0.02,0.37,0.01, 1.99
0.02,0.37,0.01, 1.99
0.02,0.38,0.00, 0.51
0.02,0.38,0.00, 0.51
0.02,0.38,0.00, 0.51
0.00,0.40,0.00, 1.25
0.00,0.40,0.00, 1.25
0.02,0.38,0.99, 0.00
0.00,0.38,0.00, 0.00
0.00,0.38,0.00, 0.00
0.00,0.39,0.00, 0.25
0.00,0.39,0.00, 0.25
0.00,0.39,0.00, 0.25
0.00,0.38,0.00, 0.00
0.00,0.38,0.00, 0.00
0.00,0.38,0.00, 0.00
0.00,0.39,0.00, 0.50
0.00,0.39,0.00, 0.00
0.00,0.39,0.00, 0.00
0.00,0.38,0.00, 0.00
0.00,0.38,0.00, 0.00
0.00,0.38,0.00, 0.00
0.00,0.38,0.00, 0.00
0.00,0.38,0.00, 0.00
0.00,0.38,0.00, 0.00
0.00,0.38,0.00, 0.00
0.00,0.37,0.00, 0.00
0.00,0.38,0.00, 1.00
0.00,0.38,0.00, 1.00
0.00,0.39,0.00, 0.25
0.00,0.39,0.00, 0.25
0.00,0.39,0.00, 0.25
0.00,0.39,0.00, 0.25
0.00,0.39,0.00, 0.00
0.00,0.39,0.00, 0.00
0.01,0.38,0.49, 0.00
0.01,0.38,0.49, 0.00
0.01,0.38,0.49, 0.00
0.00,0.41,0.00, 1.25
0.00,0.41,0.00, 1.25
0.00,0.41,0.00, 1.25
0.00,0.41,0.00, 1.25
0.00,0.41,0.00, 1.25
0.00,0.42,0.00, 0.75
0.00,0.42,0.00, 0.75
0.00,0.42,0.00, 0.75
1.45,0.84,71.43, 20.93
1.05,0.97,0.00, 6.30
1.04,1.18,0.00, 10.98
1.04,1.18,0.00, 10.98
1.04,1.18,0.00, 10.98
1.04,1.18,0.00, 10.98
1.04,1.18,0.00, 10.98
1.04,1.18,0.00, 10.98
2.53,2.01,73.40, 41.14
3.13,2.68,30.64, 33.78
3.47,3.03,17.20, 17.56
4.08,3.59,30.30, 27.96
4.20,3.83,6.36, 11.81
4.20,3.83,6.36, 11.81
4.20,3.83,6.36, 11.81
4.24,4.18,2.06, 17.23
4.22,4.28,0.00, 5.29
4.21,4.56,0.00, 13.97
4.21,4.56,0.00, 13.97
4.21,4.63,0.00, 3.54
4.21,4.63,0.00, 3.54
4.21,4.63,0.00, 3.54
4.21,4.63,0.00, 3.54
4.21,4.74,0.00, 5.74
4.21,4.74,0.00, 5.74
4.21,4.81,0.00, 3.26
4.21,4.81,0.00, 3.26
4.21,4.81,0.00, 3.26
4.21,4.81,0.00, 3.26
4.21,4.78,0.00, 0.00
4.21,4.78,0.00, 0.00
4.21,4.78,0.00, 0.00
4.21,4.75,0.00, 0.00
4.21,4.71,0.00, 0.00
4.21,4.68,0.00, 0.00
4.21,4.66,0.00, 0.00
4.21,4.66,0.00, 0.00
4.21,4.66,0.00, 0.00
4.21,4.69,0.00, 1.00
4.21,4.75,0.00, 3.24
4.21,4.78,0.00, 1.51
4.21,4.82,0.00, 2.25
4.21,4.82,0.00, 2.25
4.21,4.88,0.00, 2.50
4.21,4.88,0.00, 2.50
4.21,4.88,0.00, 2.50
4.21,5.00,0.00, 6.24
4.21,5.08,0.00, 4.01
4.21,5.14,0.00, 3.00
4.21,5.22,0.00, 3.75
4.21,5.31,0.00, 4.50
4.21,5.40,0.00, 4.75
4.21,5.52,0.00, 6.00
4.21,5.62,0.00, 5.00
4.21,5.62,0.00, 5.00
4.21,5.80,0.00, 9.23
4.21,6.01,0.00, 10.00
4.21,6.24,0.00, 11.49
4.21,6.32,0.00, 4.53
4.21,6.32,0.00, 4.53
4.21,6.39,0.00, 3.50
4.21,6.47,0.00, 4.00
4.21,6.51,0.00, 2.01
4.21,6.56,0.00, 2.00
4.21,6.56,0.00, 2.00
4.21,6.59,0.00, 2.00
4.21,6.70,0.00, 4.99
4.21,6.70,0.00, 4.99
4.21,6.70,0.00, 4.99
4.21,6.70,0.00, 4.99
4.21,6.71,0.00, 0.77
4.21,6.69,0.00, 0.00
4.21,6.69,0.00, 0.00
4.21,6.67,0.00, 0.00
4.21,6.65,0.00, 0.00
4.21,6.59,0.00, 0.00
4.21,6.52,0.00, 0.00
4.21,6.44,0.00, 0.00
4.21,6.35,0.00, 0.00
4.21,6.35,0.00, 0.00
4.21,6.24,0.00, 0.00
4.21,6.12,0.00, 0.00
4.21,5.99,0.00, 0.00
4.21,5.85,0.00, 0.00
4.21,5.71,0.00, 0.00
4.21,5.32,0.00, 0.00
4.21,5.32,0.00, 0.00
4.21,5.07,0.00, 0.00
4.21,5.07,0.00, 0.00
4.21,4.97,0.00, 0.00
4.21,4.87,0.00, 0.00
4.21,4.87,0.00, 0.00
4.21,4.79,0.00, 0.00
4.21,4.79,0.00, 0.00
4.21,4.62,0.00, 0.00
4.21,4.62,0.00, 0.00
4.21,4.62,0.00, 0.00
4.21,4.62,0.00, 0.00
4.21,4.53,0.00, 0.00
4.21,4.48,0.00, 0.00
4.21,4.28,0.00, 0.00
4.21,4.28,0.00, 0.00
4.21,4.28,0.00, 0.00
4.21,4.28,0.00, 0.00
4.21,4.16,0.00, 0.00
4.21,4.16,0.00, 0.00
4.21,4.16,0.00, 0.00
4.21,4.08,0.00, 0.00
4.21,4.08,0.00, 0.00
4.21,4.08,0.00, 0.00
4.21,4.08,0.00, 0.00
4.21,3.99,0.00, 0.00
4.21,3.99,0.00, 0.00
4.21,3.99,0.00, 0.00
4.21,3.93,0.00, 0.00
4.21,3.89,0.00, 0.00
4.21,3.89,0.00, 0.00
4.21,3.89,0.00, 0.00
4.21,3.89,0.00, 0.00
4.21,3.72,0.00, 0.00
4.21,3.72,0.00, 0.00
4.21,3.72,0.00, 0.00
4.21,3.53,0.00, 0.00
4.21,3.53,0.00, 0.00
4.21,3.53,0.00, 0.00
4.21,3.53,0.00, 0.00
4.21,3.53,0.00, 0.00
4.21,3.30,0.00, 0.00
4.21,3.30,0.00, 0.00
4.21,3.30,0.00, 0.00
2.14,3.08,0.00, 0.00
2.14,3.08,0.00, 0.00
2.14,3.08,0.00, 0.00
2.14,3.08,0.00, 0.00
4.21,2.78,101.98, 0.00
4.21,2.78,101.98, 0.00
4.21,2.78,101.98, 0.00
4.23,2.65,2.49, 0.00
4.23,2.65,2.49, 0.00
4.23,2.65,2.49, 0.00
1.80,2.23,0.00, 0.00
1.80,2.23,0.00, 0.00
3.72,2.08,94.59, 0.00
3.48,1.93,0.00, 0.00
3.48,1.93,0.00, 0.00
3.48,1.93,0.00, 0.00
3.48,1.93,0.00, 0.00
3.48,1.93,0.00, 0.00
3.48,1.93,0.00, 0.00
3.48,1.93,0.00, 0.00
2.61,1.50,0.00, 0.00
1.53,1.23,0.00, 0.00
1.74,1.10,10.35, 0.00
1.74,1.10,10.35, 0.00
0.93,0.88,0.00, 0.00
0.93,0.88,0.00, 0.00
0.93,0.88,0.00, 0.00
0.93,0.88,0.00, 0.00
1.03,0.77,4.93, 0.00
1.03,0.77,4.93, 0.00
0.47,0.62,0.00, 0.00
0.57,0.56,4.93, 0.00
0.57,0.56,4.93, 0.00
0.57,0.56,4.93, 0.00
0.57,0.56,4.93, 0.00
0.57,0.56,4.93, 0.00
0.57,0.56,4.93, 0.00
0.57,0.56,4.93, 0.00
0.40,0.41,0.00, 0.00
0.40,0.41,0.00, 0.00
0.28,0.34,0.00, 0.00
0.28,0.34,0.00, 0.00
0.28,0.34,0.00, 0.00
0.28,0.34,0.00, 0.00
0.06,0.33,0.00, 0.00
0.03,0.37,0.00, 1.74
0.03,0.37,0.00, 1.74
0.03,0.37,0.00, 1.74
0.00,0.37,0.00, 0.26
0.00,0.37,0.00, 0.26
0.00,0.37,0.00, 0.26
0.00,0.39,0.00, 1.00
0.00,0.39,0.00, 0.00
0.00,0.39,0.00, 0.00
0.00,0.39,0.00, 0.00
0.00,0.38,0.00, 0.00
0.00,0.38,0.00, 0.00
0.00,0.38,0.00, 0.00
0.00,0.38,0.00, 0.00
0.00,0.38,0.00, 0.25
0.00,0.38,0.00, 0.25
0.00,0.38,0.00, 0.25
0.00,0.39,0.00, 0.25
0.00,0.38,0.00, 0.00
0.00,0.38,0.00, 0.00
0.00,0.38,0.00, 0.00
0.00,0.37,0.00, 0.00
0.00,0.37,0.00, 0.00
0.00,0.37,0.00, 0.00
0.02,0.38,0.99, 0.50
0.02,0.38,0.99, 0.50
0.02,0.38,0.99, 0.50
0.02,0.38,0.99, 0.50
0.00,0.38,0.00, 0.25
0.00,0.38,0.00, 0.25
0.00,0.38,0.00, 0.25
0.00,0.38,0.00, 0.25
0.00,0.39,0.00, 0.25
0.00,0.39,0.00, 0.25
0.00,0.39,0.00, 0.00
0.00,0.39,0.00, 0.00
0.00,0.39,0.00, 0.00
0.00,0.39,0.00, 0.00
0.00,0.40,0.00, 0.50
0.00,0.40,0.00, 0.50
0.00,0.40,0.00, 0.50
0.00,0.39,0.00, 0.00
0.00,0.38,0.00, 0.00
0.00,0.38,0.00, 0.00
0.00,0.38,0.00, 0.00
0.00,0.38,0.00, 0.00
0.00,0.38,0.00, 0.00
0.00,0.38,0.00, 0.00
0.00,0.38,0.00, 0.00
0.00,0.39,0.00, 0.50
0.00,0.38,0.00, 0.00
0.00,0.38,0.00, 0.00
0.00,0.38,0.00, 0.00
0.00,0.44,0.00, 3.24
0.00,0.44,0.00, 3.24
0.00,0.44,0.00, 3.24
0.00,0.44,0.00, 3.24
0.00,0.44,0.00, 3.24
0.00,0.44,0.00, 3.24
0.00,0.44,0.00, 3.24
1.60,0.89,78.82, 22.68
1.60,0.89,78.82, 22.68
1.60,0.89,78.82, 22.68
0.32,1.23,0.00, 16.52
1.52,1.53,59.12, 15.25
1.52,1.53,59.12, 15.25
1.52,1.53,59.12, 15.25
1.97,2.26,23.04, 36.67
1.97,2.26,23.04, 36.67
3.00,2.61,51.08, 17.07
3.00,2.61,51.08, 17.07
3.00,2.61,51.08, 17.07
3.00,2.61,51.08, 17.07
3.28,3.24,14.55, 31.95
3.76,3.57,23.86, 16.31
3.76,3.57,23.86, 16.31
3.76,3.57,23.86, 16.31
3.97,4.19,10.70, 30.95
3.97,4.19,10.70, 30.95
3.97,4.19,10.70, 30.95
4.03,4.44,3.11, 12.57
4.03,4.44,3.11, 12.57
4.03,4.44,3.11, 12.57
4.19,4.89,7.93, 22.21
4.21,5.09,1.10, 10.29
4.21,5.09,1.10, 10.29
4.21,5.40,0.02, 15.73
4.21,5.40,0.02, 15.73
4.21,5.40,0.02, 15.73
4.21,5.40,0.02, 15.73
4.21,5.53,0.00, 6.04
4.21,5.53,0.00, 6.04
4.21,5.53,0.00, 6.04
4.21,5.74,0.00, 10.73
4.21,5.85,0.00, 5.52
4.21,5.85,0.00, 5.52
4.21,5.85,0.00, 5.52
4.21,5.85,0.00, 5.52
4.21,5.85,0.00, 5.52
4.21,5.85,0.00, 5.52
4.21,6.22,0.00, 18.70
4.21,6.35,0.00, 6.30
4.21,6.45,0.00, 5.00
4.21,6.53,0.00, 4.25
4.21,6.63,0.00, 4.75
4.21,6.69,0.00, 3.01
4.21,6.74,0.00, 2.75
4.21,6.74,0.00, 2.75
4.21,6.74,0.00, 2.75
4.21,6.85,0.00, 4.99
4.21,6.87,0.00, 1.26
4.21,6.87,0.00, 1.26
4.21,6.95,0.00, 3.99
4.21,6.95,0.00, 3.99
4.21,6.95,0.00, 3.99
4.21,7.01,0.00, 2.75
4.21,7.01,0.00, 2.75
4.21,7.01,0.00, 2.75
4.21,7.10,0.00, 4.49
4.21,7.10,0.00, 4.49
4.21,7.10,0.00, 4.49
4.21,7.16,0.00, 3.25
4.21,7.26,0.00, 4.74
4.21,7.26,0.00, 4.74
4.21,7.40,0.00, 7.49
4.21,7.47,0.00, 3.51
4.21,7.47,0.00, 3.51
4.21,7.57,0.00, 4.75
4.21,7.57,0.00, 4.75
4.21,7.57,0.00, 4.75
4.21,7.57,0.00, 4.75
4.21,7.61,0.00, 2.01
4.21,7.61,0.00, 2.01
4.21,7.72,0.00, 5.49
4.21,7.72,0.00, 5.49
4.21,7.72,0.00, 5.49
4.21,7.72,0.00, 5.49
4.21,7.98,0.00, 12.97
4.21,7.98,0.00, 12.97
4.21,7.98,0.00, 12.97
4.21,7.98,0.00, 12.97
4.21,8.09,0.00, 5.53
4.21,8.20,0.00, 5.75
4.21,8.20,0.00, 5.75
4.21,8.33,0.00, 6.25
4.21,8.43,0.00, 5.00
4.21,8.43,0.00, 5.00
4.21,8.43,0.00, 5.00
4.21,8.52,0.00, 4.50
4.21,8.60,0.00, 4.00
4.21,8.60,0.00, 4.00
4.21,8.57,0.00, 0.00
4.21,8.81,0.00, 11.46
4.21,8.81,0.00, 11.46
4.21,9.10,0.00, 14.74
4.21,9.10,0.00, 14.74
4.21,9.10,0.00, 14.74
4.21,9.22,0.00, 5.78
4.21,9.22,0.00, 5.78
4.21,9.22,0.00, 5.78
4.21,9.22,0.00, 5.78
4.21,9.55,0.00, 16.71
4.21,9.55,0.00, 16.71
4.21,9.55,0.00, 16.71
4.21,9.55,0.00, 16.71
4.21,9.55,0.00, 16.71
4.21,9.55,0.00, 16.71
4.21,9.83,0.00, 13.76
4.21,9.83,0.00, 13.76
4.21,9.83,0.00, 13.76
4.21,10.15,0.00, 16.24
4.21,10.15,0.00, 16.24
4.21,10.15,0.00, 16.24
4.21,10.15,0.00, 16.24
4.21,10.15,0.00, 16.24
4.21,10.15,0.00, 16.24
4.21,10.47,0.00, 16.00
4.21,10.57,0.00, 5.04
4.21,10.57,0.00, 5.04
4.21,10.68,0.00, 5.75
4.21,10.68,0.00, 5.75
4.21,10.68,0.00, 5.75
4.21,11.01,0.00, 16.46
4.21,11.18,0.00, 8.28
4.21,11.18,0.00, 8.28
4.21,11.42,0.00, 11.99
4.21,11.42,0.00, 11.99
4.21,11.42,0.00, 11.99
4.21,11.42,0.00, 11.99
4.21,11.42,0.00, 11.99
4.21,11.42,0.00, 11.99
4.21,11.44,0.00, 1.29
4.21,11.44,0.00, 1.29
4.21,11.44,0.00, 1.29
4.21,11.36,0.00, 0.00
4.21,11.36,0.00, 0.00
4.21,11.36,0.00, 0.00
4.21,11.36,0.00, 0.00
4.21,11.36,0.00, 0.00
4.21,11.36,0.00, 0.00
4.21,11.36,0.00, 0.00
4.21,11.29,0.00, 0.00
4.21,11.29,0.00, 0.00
4.21,11.29,0.00, 0.00
4.21,11.16,0.00, 0.00
4.21,11.16,0.00, 0.00
4.21,11.16,0.00, 0.00
4.21,11.16,0.00, 0.00
4.21,11.16,0.00, 0.00
4.21,11.16,0.00, 0.00
4.21,11.16,0.00, 0.00
4.21,10.87,0.00, 0.00
4.21,10.87,0.00, 0.00
4.21,10.87,0.00, 0.00
4.21,10.48,0.00, 0.00
4.21,10.48,0.00, 0.00
4.21,10.48,0.00, 0.00
4.21,10.48,0.00, 0.00
4.21,10.48,0.00, 0.00
4.21,10.48,0.00, 0.00
4.21,9.94,0.00, 0.00
4.21,9.94,0.00, 0.00
4.21,9.94,0.00, 0.00
4.21,9.26,0.00, 0.00
4.21,9.26,0.00, 0.00
4.21,9.26,0.00, 0.00
4.21,9.26,0.00, 0.00
4.21,8.72,0.00, 0.00
4.21,8.72,0.00, 0.00
4.21,8.72,0.00, 0.00
4.21,8.72,0.00, 0.00
4.21,8.47,0.00, 0.00
4.21,8.24,0.00, 0.00
4.21,8.24,0.00, 0.00
4.21,8.24,0.00, 0.00
4.21,8.02,0.00, 0.00
4.21,7.80,0.00, 0.00
4.21,7.80,0.00, 0.00
4.21,7.58,0.00, 0.00
4.21,7.58,0.00, 0.00
4.21,7.58,0.00, 0.00
4.21,7.58,0.00, 0.00
4.21,6.85,0.00, 0.00
4.21,6.85,0.00, 0.00
4.21,6.85,0.00, 0.00
4.21,6.85,0.00, 0.00
4.21,6.85,0.00, 0.00
4.21,6.85,0.00, 0.00
4.21,6.28,0.00, 0.00
4.21,6.28,0.00, 0.00
4.21,6.28,0.00, 0.00
4.21,6.28,0.00, 0.00
4.21,5.98,0.00, 0.00
4.21,5.98,0.00, 0.00
4.21,5.98,0.00, 0.00
4.21,5.98,0.00, 0.00
4.21,5.87,0.00, 0.00
4.21,5.78,0.00, 0.00
4.21,5.78,0.00, 0.00
4.21,5.78,0.00, 0.00
4.21,5.78,0.00, 0.00
4.21,5.78,0.00, 0.00
4.21,5.78,0.00, 0.00
4.21,5.48,0.00, 0.00
4.21,5.48,0.00, 0.00
4.21,5.48,0.00, 0.00
4.21,5.48,0.00, 0.00
4.21,5.20,0.00, 0.00
4.21,5.20,0.00, 0.00
4.21,5.20,0.00, 0.00
4.21,5.20,0.00, 0.00
4.21,4.97,0.00, 0.00
4.21,4.89,0.00, 0.00
4.21,4.89,0.00, 0.00
4.21,4.82,0.00, 0.00
4.21,4.82,0.00, 0.00
4.21,4.82,0.00, 0.00
4.21,4.78,0.00, 0.00
4.21,4.76,0.00, 0.00
4.21,4.67,0.00, 0.00
4.21,4.67,0.00, 0.00
4.21,4.47,0.00, 0.00
4.21,4.47,0.00, 0.00
4.21,4.47,0.00, 0.00
4.21,4.47,0.00, 0.00
4.21,4.47,0.00, 0.00
4.21,4.47,0.00, 0.00
4.21,4.18,0.00, 0.00
4.21,4.18,0.00, 0.00
4.21,4.18,0.00, 0.00
4.21,4.18,0.00, 0.00
4.21,4.18,0.00, 0.00
4.21,3.87,0.00, 0.00
4.21,3.87,0.00, 0.00
4.21,3.87,0.00, 0.00
4.21,3.87,0.00, 0.00
4.21,3.87,0.00, 0.00
4.21,3.87,0.00, 0.00
4.21,3.87,0.00, 0.00
4.21,3.87,0.00, 0.00
4.21,3.56,0.00, 0.00
4.21,3.56,0.00, 0.00
4.21,3.56,0.00, 0.00
4.21,3.28,0.00, 0.00
4.21,3.14,0.00, 0.00
4.21,3.14,0.00, 0.00
4.21,3.14,0.00, 0.00
4.21,3.14,0.00, 0.00
4.21,3.14,0.00, 0.00
4.21,3.14,0.00, 0.00
4.21,3.14,0.00, 0.00
4.21,3.14,0.00, 0.00
4.21,3.14,0.00, 0.00
2.93,2.42,0.00, 0.00
2.93,2.42,0.00, 0.00
2.93,2.42,0.00, 0.00
2.93,2.42,0.00, 0.00
0.00,2.14,0.00, 0.00
2.91,1.99,143.36, 0.00
2.91,1.99,143.36, 0.00
0.19,1.70,0.00, 0.00
0.19,1.70,0.00, 0.00
0.19,1.70,0.00, 0.00
0.19,1.70,0.00, 0.00
0.19,1.70,0.00, 0.00
0.19,1.70,0.00, 0.00
0.19,1.70,0.00, 0.00
1.63,1.48,70.94, 0.00
1.63,1.48,70.94, 0.00
1.63,1.48,70.94, 0.00
1.63,1.48,70.94, 0.00
0.99,1.20,0.00, 0.00
0.99,1.20,0.00, 0.00
0.99,1.20,0.00, 0.00
0.99,1.20,0.00, 0.00
0.99,1.20,0.00, 0.00
0.99,1.20,0.00, 0.00
0.99,1.20,0.00, 0.00
0.51,0.94,0.00, 0.00
0.51,0.94,0.00, 0.00
0.51,0.94,0.00, 0.00
0.06,0.68,0.00, 0.00
0.06,0.68,0.00, 0.00
0.06,0.68,0.00, 0.00
0.06,0.68,0.00, 0.00
0.06,0.68,0.00, 0.00
0.06,0.68,0.00, 0.00
0.06,0.68,0.00, 0.00
0.00,0.47,0.00, 0.00
0.17,0.43,8.37, 0.00
0.17,0.43,8.37, 0.00
0.17,0.43,8.37, 0.00
0.00,0.38,0.00, 0.00
0.00,0.38,0.00, 0.00
0.00,0.38,0.00, 0.00
0.00,0.34,0.00, 0.00
0.00,0.34,0.00, 0.00
0.00,0.34,0.00, 0.00
0.00,0.34,0.00, 0.00
0.00,0.34,0.00, 0.00
0.00,0.34,0.00, 0.00
0.00,0.37,0.00, 1.49
0.00,0.37,0.00, 1.49
0.00,0.37,0.00, 1.49
0.00,0.37,0.00, 1.49
0.00,0.38,0.00, 0.50
0.00,0.39,0.00, 0.50
0.00,0.39,0.00, 0.50
0.00,0.38,0.00, 0.00
0.00,0.38,0.00, 0.00
0.00,0.38,0.00, 0.00
0.00,0.38,0.00, 0.00
0.15,0.39,7.39, 0.25
0.15,0.39,7.39, 0.25
0.15,0.39,7.39, 0.25
0.15,0.39,7.39, 0.25
0.00,0.38,0.00, 0.00
0.00,0.38,0.00, 0.50
0.00,0.38,0.00, 0.50
0.00,0.38,0.00, 0.50
0.03,0.37,1.48, 0.00
0.03,0.37,1.48, 0.00
0.03,0.37,1.48, 0.00
0.03,0.37,1.48, 0.00
0.00,0.38,0.00, 0.50
0.00,0.38,0.00, 0.50
0.00,0.38,0.00, 0.50
0.00,0.39,0.00, 0.25
0.00,0.38,0.00, 0.00
0.00,0.38,0.00, 0.00
0.00,0.39,0.00, 0.75
0.00,0.39,0.00, 0.75
0.00,0.39,0.00, 0.75
0.00,0.39,0.00, 0.75
0.00,0.38,0.00, 0.00
0.00,0.38,0.00, 0.00
0.00,0.38,0.00, 0.00
0.00,0.40,0.00, 1.00
0.00,0.39,0.00, 0.00
0.00,0.39,0.00, 0.00
0.00,0.39,0.00, 0.00
0.00,0.39,0.00, 0.00
0.00,0.39,0.00, 0.00
0.00,0.39,0.00, 0.00
0.00,0.39,0.00, 0.00
0.00,0.39,0.00, 0.00
0.00,0.39,0.00, 0.00
0.00,0.39,0.00, 0.00
0.00,0.39,0.00, 0.00
0.00,0.38,0.00, 0.00
0.00,0.41,0.00, 1.49
0.00,0.44,0.00, 2.00
0.00,0.44,0.00, 2.00
0.00,0.44,0.00, 2.00
0.14,0.81,6.90, 18.44
0.29,0.89,7.49, 3.80
0.29,0.89,7.49, 3.80
0.75,1.01,22.77, 6.24
0.76,1.23,0.83, 10.73
0.76,1.23,0.83, 10.73
0.76,1.23,0.83, 10.73
1.24,1.54,23.66, 15.23
1.59,1.87,17.59, 16.74
1.59,1.87,17.59, 16.74
1.95,2.23,17.99, 18.24
2.15,2.62,10.12, 19.00
2.15,2.62,10.12, 19.00
2.49,3.01,16.90, 19.50
2.91,3.37,20.94, 18.01
2.91,3.37,20.94, 18.01
3.10,3.70,9.67, 16.75
3.40,4.01,14.92, 15.26
3.40,4.01,14.92, 15.26
3.40,4.01,14.92, 15.26
3.53,4.27,6.62, 13.26
3.70,4.53,8.47, 13.00
3.70,4.53,8.47, 13.00
3.87,4.79,8.50, 13.00
4.01,5.03,7.02, 11.75
4.01,5.03,7.02, 11.75
4.01,5.03,7.02, 11.75
4.15,5.25,7.00, 11.25
4.22,5.45,3.55, 10.25
4.22,5.45,3.55, 10.25
4.23,5.65,0.54, 9.75
4.23,5.65,0.54, 9.75
4.23,5.65,0.54, 9.75
4.24,5.82,0.50, 8.50
4.22,5.99,0.00, 8.75
4.21,6.13,0.00, 6.76
4.21,6.13,0.00, 6.76
4.21,6.24,0.00, 5.50
4.21,6.36,0.00, 6.00
4.21,6.36,0.00, 6.00
4.21,6.45,0.00, 4.51
4.21,6.45,0.00, 4.51
4.21,6.45,0.00, 4.51
4.21,6.65,0.00, 10.23
4.21,6.77,0.00, 5.77
4.21,6.77,0.00, 5.77
4.21,7.01,0.00, 11.73
4.21,7.01,0.00, 11.73
4.21,7.12,0.00, 6.02
4.21,7.12,0.00, 6.02
4.21,7.12,0.00, 6.02
4.21,7.27,0.00, 7.25
4.21,7.34,0.00, 3.51
4.21,7.34,0.00, 3.51
4.21,7.34,0.00, 3.51
4.21,7.41,0.00, 3.50
4.21,7.47,0.00, 2.75
4.21,7.52,0.00, 2.75
4.21,7.52,0.00, 2.75
4.21,7.58,0.00, 3.00
4.21,7.58,0.00, 3.00
4.21,7.58,0.00, 3.00
4.21,7.58,0.00, 3.00
4.21,7.62,0.00, 2.25
4.21,7.64,0.00, 0.51
4.21,7.62,0.00, 0.00
4.21,7.60,0.00, 0.00
4.21,7.60,0.00, 0.00
4.21,7.48,0.00, 0.00
4.21,7.48,0.00, 0.00
4.21,7.48,0.00, 0.00
4.21,7.48,0.00, 0.00
4.21,7.35,0.00, 0.00
4.21,7.35,0.00, 0.00
4.21,7.24,0.00, 0.00
4.21,7.24,0.00, 0.00
4.21,7.24,0.00, 0.00
4.21,7.24,0.00, 0.00
4.21,7.24,0.00, 0.00
4.21,7.24,0.00, 0.00
4.21,7.02,0.00, 0.00
4.21,7.02,0.00, 0.00
4.21,6.79,0.00, 0.00
4.21,6.79,0.00, 0.00
4.21,6.79,0.00, 0.00
4.21,6.79,0.00, 0.00
4.21,6.73,0.00, 0.00
4.21,6.66,0.00, 0.00
4.21,6.59,0.00, 0.00
4.21,6.55,0.00, 0.00
4.21,6.55,0.00, 0.00
4.21,6.52,0.00, 0.00
4.21,6.52,0.00, 0.00
4.21,6.52,0.00, 0.00
4.21,6.52,0.00, 0.00
4.21,6.48,0.00, 0.00
4.21,6.48,0.00, 0.00
4.21,6.44,0.00, 0.00
4.21,6.44,0.00, 0.00
4.21,6.44,0.00, 0.00
4.21,6.44,0.00, 0.00
4.21,6.38,0.00, 0.00
4.21,6.34,0.00, 0.00
4.21,6.34,0.00, 0.00
4.21,6.27,0.00, 0.00
4.21,6.27,0.00, 0.00
4.21,6.25,0.00, 0.00
4.21,6.25,0.00, 0.00
4.21,6.25,0.00, 0.00
4.21,6.17,0.00, 0.00
4.21,6.11,0.00, 0.00
4.21,6.11,0.00, 0.00
4.21,6.01,0.00, 0.00
4.21,6.01,0.00, 0.00
4.21,6.01,0.00, 0.00
4.21,6.01,0.00, 0.00
4.21,5.95,0.00, 0.00
4.21,5.95,0.00, 0.00
4.21,5.95,0.00, 0.00
4.21,5.95,0.00, 0.00
4.21,5.84,0.00, 0.00
4.21,5.81,0.00, 0.00
4.21,5.81,0.00, 0.00
4.21,5.72,0.00, 0.00
4.21,5.72,0.00, 0.00
4.21,5.72,0.00, 0.00
4.21,5.72,0.00, 0.00
4.21,5.72,0.00, 0.00
4.21,5.72,0.00, 0.00
4.21,5.56,0.00, 0.00
4.21,5.56,0.00, 0.00
4.21,5.56,0.00, 0.00
4.21,5.56,0.00, 0.00
4.21,5.43,0.00, 0.00
4.21,5.43,0.00, 0.00
4.21,5.43,0.00, 0.00
4.21,5.36,0.00, 0.00
4.21,5.36,0.00, 0.00
4.21,5.22,0.00, 0.00
4.21,5.22,0.00, 0.00
4.21,5.22,0.00, 0.00
4.21,5.22,0.00, 0.00
4.21,5.15,0.00, 0.00
4.21,5.11,0.00, 0.00
4.21,5.01,0.00, 0.00
4.21,5.01,0.00, 0.00
4.21,5.01,0.00, 0.00
4.21,4.96,0.00, 0.00
4.21,4.96,0.00, 0.00
4.21,4.96,0.00, 0.00
4.21,4.96,0.00, 0.00
4.21,4.85,0.00, 0.00
4.21,4.77,0.00, 0.00
4.21,4.77,0.00, 0.00
4.21,4.77,0.00, 0.00
4.21,4.65,0.00, 0.00
4.21,4.65,0.00, 0.00
4.21,4.65,0.00, 0.00
4.21,4.64,0.00, 0.00
4.21,4.62,0.00, 0.00
4.21,4.62,0.00, 0.00
4.21,4.62,0.00, 0.00
4.21,4.62,0.00, 0.00
4.21,4.62,0.00, 0.00
4.21,4.62,0.00, 0.00
4.21,4.62,0.00, 0.00
4.19,4.63,0.00, 0.50
4.19,4.63,0.00, 0.50
4.19,4.63,0.00, 0.50
4.19,4.63,0.00, 0.50
4.19,4.63,0.00, 0.50
4.19,4.63,0.00, 0.50
4.19,4.63,0.00, 0.50
4.21,4.52,0.99, 0.00
4.21,4.52,0.99, 0.00
4.21,4.52,0.99, 0.00
4.21,4.41,0.01, 0.00
4.21,4.41,0.01, 0.00
4.21,4.41,0.01, 0.00
4.21,4.41,0.01, 0.00
4.21,4.41,0.01, 0.00
4.21,4.41,0.01, 0.00
4.21,4.41,0.01, 0.00
4.21,4.41,0.01, 0.00
4.21,4.31,0.00, 0.00
4.21,4.31,0.00, 0.00
4.21,4.31,0.00, 0.00
4.21,4.22,0.00, 0.00
4.21,4.22,0.00, 0.00
4.21,4.22,0.00, 0.00
4.21,4.22,0.00, 0.00
4.21,4.22,0.00, 0.00
4.21,4.22,0.00, 0.00
4.21,4.22,0.00, 0.00
4.21,4.22,0.00, 0.00
4.21,4.07,0.00, 0.00
4.21,4.07,0.00, 0.00
4.21,4.07,0.00, 0.00
4.21,4.07,0.00, 0.00
3.03,3.73,0.00, 0.00
3.03,3.73,0.00, 0.00
3.03,3.73,0.00, 0.00
4.01,3.72,48.28, 0.00
4.17,3.55,8.59, 0.00
4.17,3.55,8.59, 0.00
4.20,3.43,1.60, 0.00
4.23,3.36,1.50, 0.00
4.23,3.36,1.50, 0.00
4.23,3.36,1.50, 0.00
4.23,3.36,1.50, 0.00
4.23,3.36,1.50, 0.00
2.60,2.88,0.00, 0.00
2.60,2.88,0.00, 0.00
2.60,2.88,0.00, 0.00
3.24,2.63,31.53, 0.00
3.24,2.63,31.53, 0.00
3.24,2.63,31.53, 0.00
2.02,2.38,0.00, 0.00
2.02,2.38,0.00, 0.00
2.02,2.38,0.00, 0.00
2.02,2.38,0.00, 0.00
2.02,2.38,0.00, 0.00
1.99,1.96,0.00, 0.00
1.77,1.73,0.00, 0.00
1.77,1.73,0.00, 0.00
1.77,1.73,0.00, 0.00
1.94,1.52,8.37, 0.00
1.24,1.33,0.00, 0.00
1.24,1.33,0.00, 0.00
1.24,1.33,0.00, 0.00
1.24,1.33,0.00, 0.00
1.24,1.33,0.00, 0.00
1.24,1.33,0.00, 0.00
1.24,1.33,0.00, 0.00
0.83,0.88,0.00, 0.00
0.83,0.88,0.00, 0.00
0.83,0.88,0.00, 0.00
0.84,0.76,0.49, 0.00
0.54,0.66,0.00, 0.00
0.54,0.66,0.00, 0.00
0.20,0.43,0.00, 0.00
0.20,0.43,0.00, 0.00
0.20,0.43,0.00, 0.00
0.20,0.43,0.00, 0.00
0.20,0.43,0.00, 0.00
0.20,0.43,0.00, 0.00
0.20,0.43,0.00, 0.00
0.00,0.33,0.00, 0.00
0.00,0.33,0.00, 0.00
0.00,0.33,0.00, 0.00
0.00,0.33,0.00, 0.00
0.00,0.37,0.00, 1.99
0.00,0.37,0.00, 1.99
0.00,0.37,0.00, 1.99
0.00,0.37,0.00, 1.99
0.00,0.38,0.00, 0.75
0.00,0.38,0.00, 0.75
0.00,0.38,0.00, 0.75
0.00,0.38,0.00, 0.00
0.00,0.38,0.00, 0.00
0.00,0.38,0.00, 0.00
0.00,0.38,0.00, 0.00
0.00,0.39,0.00, 0.25
0.00,0.39,0.00, 0.25
0.00,0.39,0.00, 0.25
0.00,0.39,0.00, 0.25
0.00,0.39,0.00, 0.25
0.00,0.39,0.00, 0.25
0.00,0.39,0.00, 0.25
0.00,0.39,0.00, 0.00
0.00,0.39,0.00, 0.00
0.00,0.39,0.00, 0.00
0.00,0.38,0.00, 0.00
0.00,0.38,0.00, 0.00
0.00,0.38,0.00, 0.00
0.00,0.38,0.00, 0.00
0.00,0.38,0.00, 0.00
0.00,0.38,0.00, 0.00
0.00,0.38,0.00, 0.00
0.00,0.38,0.00, 0.00
0.00,0.38,0.00, 0.00
0.00,0.38,0.00, 0.00
0.00,0.38,0.00, 0.00
0.00,0.38,0.00, 0.00
0.00,0.38,0.00, 0.00
0.00,0.39,0.00, 0.75
0.00,0.39,0.00, 0.75
0.00,0.39,0.00, 0.75
0.00,0.39,0.00, 0.75
0.00,0.39,0.00, 0.75
0.00,0.39,0.00, 0.75
0.00,0.39,0.00, 0.75
0.00,0.39,0.00, 0.75
0.03,0.41,1.48, 0.75
0.05,0.43,1.01, 1.00
0.05,0.43,1.01, 1.00
0.01,0.41,0.00, 0.00
0.01,0.41,0.00, 0.00
0.01,0.41,0.00, 0.00
0.78,0.75,37.93, 16.69
0.78,0.75,37.93, 16.69
0.78,0.75,37.93, 16.69
0.78,0.75,37.93, 16.69
1.13,0.76,17.80, 0.81
0.58,0.88,0.00, 5.48
0.58,0.88,0.00, 5.48
1.38,1.13,39.41, 12.72
1.40,1.26,1.57, 6.52
1.40,1.26,1.57, 6.52
1.40,1.26,1.57, 6.52
2.23,1.63,40.91, 18.71
2.23,1.63,40.91, 18.71
2.23,1.63,40.91, 18.71
2.23,1.63,40.91, 18.71
2.23,1.87,0.60, 11.53
2.23,1.87,0.60, 11.53
2.90,2.42,33.02, 27.94
2.93,2.70,1.96, 14.05
2.93,2.70,1.96, 14.05
2.93,2.70,1.96, 14.05
3.34,3.22,20.23, 25.46
3.34,3.22,20.23, 25.46
3.34,3.22,20.23, 25.46
3.34,3.22,20.23, 25.46
3.43,3.44,4.73, 11.30
3.43,3.44,4.73, 11.30
3.43,3.44,4.73, 11.30
3.90,3.89,23.22, 22.46
4.08,4.12,9.21, 11.79
4.08,4.12,9.21, 11.79
4.08,4.12,9.21, 11.79
4.23,4.51,7.53, 19.22
4.23,4.51,7.53, 19.22
4.23,4.51,7.53, 19.22
4.21,4.64,0.00, 6.80
4.21,4.64,0.00, 6.80
4.21,4.64,0.00, 6.80
4.21,4.64,0.00, 6.80
4.21,4.95,0.00, 15.22
4.21,5.11,0.00, 8.03
4.21,5.11,0.00, 8.03
4.21,5.48,0.00, 18.21
4.21,5.48,0.00, 18.21
4.21,5.48,0.00, 18.21
4.21,5.48,0.00, 18.21
4.21,5.65,0.00, 9.03
4.21,5.65,0.00, 9.03
4.21,5.65,0.00, 9.03
4.21,5.65,0.00, 9.03
4.21,6.02,0.00, 17.97
4.21,6.21,0.00, 9.78
4.21,6.21,0.00, 9.78
4.21,6.21,0.00, 9.78
4.21,6.56,0.00, 17.72
4.21,6.56,0.00, 17.72
4.21,6.74,0.00, 9.03
4.21,6.74,0.00, 9.03
4.21,6.74,0.00, 9.03
4.21,6.74,0.00, 9.03
4.21,7.05,0.00, 15.23
4.21,7.21,0.00, 8.03
4.21,7.21,0.00, 8.03
4.21,7.21,0.00, 8.03
4.21,7.21,0.00, 8.03
4.21,7.21,0.00, 8.03
4.21,7.21,0.00, 8.03
4.21,7.73,0.00, 26.18
4.21,7.93,0.00, 9.56
4.21,7.93,0.00, 9.56
4.21,7.93,0.00, 9.56
4.21,8.10,0.00, 8.75
4.21,8.10,0.00, 8.75
4.21,8.10,0.00, 8.75
4.21,8.10,0.00, 8.75
4.21,8.64,0.00, 26.68
4.21,8.64,0.00, 26.68
4.21,8.64,0.00, 26.68
4.21,8.64,0.00, 26.68
4.21,8.64,0.00, 26.68
4.21,8.64,0.00, 26.68
4.21,8.64,0.00, 26.68
4.21,9.23,0.00, 29.49
4.21,9.23,0.00, 29.49
4.21,9.23,0.00, 29.49
4.21,9.23,0.00, 29.49
4.21,9.65,0.00, 21.28
4.21,9.65,0.00, 21.28
4.21,9.65,0.00, 21.28
4.21,9.65,0.00, 21.28
4.21,9.76,0.00, 5.56
4.21,9.85,0.00, 4.50
4.21,9.85,0.00, 4.50
4.21,10.02,0.00, 8.49
4.21,10.02,0.00, 8.49
4.21,10.02,0.00, 8.49
4.21,10.02,0.00, 8.49
4.21,10.07,0.00, 2.77
4.21,10.09,0.00, 1.01
4.21,10.09,0.00, 1.01
4.21,10.10,0.00, 0.25
4.21,10.10,0.00, 0.25
4.21,10.10,0.00, 0.25
4.21,10.10,0.00, 0.25
4.21,10.09,0.00, 0.00
4.21,10.10,0.00, 0.25
4.21,10.10,0.00, 0.25
4.21,10.11,0.00, 0.75
4.21,10.11,0.00, 0.75
4.21,10.11,0.00, 0.75
4.21,10.11,0.00, 0.75
4.21,10.11,0.00, 0.75
4.21,10.11,0.00, 0.75
4.21,10.11,0.00, 0.75
4.21,10.01,0.00, 0.00
4.21,10.01,0.00, 0.00
4.21,10.01,0.00, 0.00
4.21,10.01,0.00, 0.00
4.21,10.01,0.00, 0.00
4.21,9.77,0.00, 0.00
4.21,9.77,0.00, 0.00
4.21,9.77,0.00, 0.00
4.21,9.77,0.00, 0.00
4.21,9.77,0.00, 0.00
4.21,9.77,0.00, 0.00
4.21,9.77,0.00, 0.00
4.21,9.40,0.00, 0.00
4.21,9.40,0.00, 0.00
4.21,9.40,0.00, 0.00
4.21,8.93,0.00, 0.00
4.21,8.93,0.00, 0.00
4.21,8.93,0.00, 0.00
4.21,8.93,0.00, 0.00
4.21,8.93,0.00, 0.00
4.21,8.93,0.00, 0.00
4.21,8.93,0.00, 0.00
4.21,8.48,0.00, 0.00
4.21,8.48,0.00, 0.00
4.21,8.48,0.00, 0.00
4.21,8.48,0.00, 0.00
4.21,8.05,0.00, 0.00
4.21,8.05,0.00, 0.00
4.21,8.05,0.00, 0.00
4.21,8.05,0.00, 0.00
4.21,8.05,0.00, 0.00
4.21,8.05,0.00, 0.00
4.21,8.05,0.00, 0.00
4.21,7.72,0.00, 0.00
4.21,7.72,0.00, 0.00
4.21,7.72,0.00, 0.00
4.21,7.72,0.00, 0.00
4.21,7.34,0.00, 0.00
4.21,7.34,0.00, 0.00
4.21,7.34,0.00, 0.00
4.21,7.34,0.00, 0.00
4.21,7.34,0.00, 0.00
4.21,7.34,0.00, 0.00
4.21,7.34,0.00, 0.00
4.21,6.94,0.00, 0.00
4.21,6.94,0.00, 0.00
4.21,6.94,0.00, 0.00
4.21,6.94,0.00, 0.00
4.21,6.65,0.00, 0.00
4.21,6.65,0.00, 0.00
4.21,6.65,0.00, 0.00
4.21,6.65,0.00, 0.00
4.21,6.65,0.00, 0.00
4.21,6.65,0.00, 0.00
4.21,6.65,0.00, 0.00
4.21,6.47,0.00, 0.00
4.21,6.47,0.00, 0.00
4.21,6.47,0.00, 0.00
4.21,6.47,0.00, 0.00
4.21,6.30,0.00, 0.00
4.21,6.30,0.00, 0.00
4.21,6.30,0.00, 0.00
4.21,6.30,0.00, 0.00
4.21,6.14,0.00, 0.00
4.21,6.14,0.00, 0.00
4.21,6.14,0.00, 0.00
4.21,6.05,0.00, 0.00
4.21,6.05,0.00, 0.00
4.21,6.05,0.00, 0.00
4.21,6.05,0.00, 0.00
4.21,5.81,0.00, 0.00
4.21,5.69,0.00, 0.00
4.21,5.69,0.00, 0.00
4.21,5.47,0.00, 0.00
4.21,5.47,0.00, 0.00
4.21,5.47,0.00, 0.00
4.21,5.47,0.00, 0.00
4.21,5.42,0.00, 0.00
4.21,5.42,0.00, 0.00
4.21,5.42,0.00, 0.00
4.21,5.42,0.00, 0.00
4.21,5.30,0.00, 0.00
4.21,5.24,0.00, 0.00
4.21,5.24,0.00, 0.00
4.21,5.24,0.00, 0.00
4.21,5.14,0.00, 0.00
4.21,5.14,0.00, 0.00
4.21,5.14,0.00, 0.00
4.21,5.07,0.00, 0.00
4.21,5.07,0.00, 0.00
4.21,5.07,0.00, 0.00
4.21,5.07,0.00, 0.00
4.21,5.07,0.00, 0.00
4.21,4.93,0.00, 0.00
4.21,4.86,0.00, 0.00
4.21,4.86,0.00, 0.00
4.21,4.86,0.00, 0.00
4.21,4.69,0.00, 0.00
4.21,4.69,0.00, 0.00
4.21,4.69,0.00, 0.00
4.21,4.64,0.00, 0.00
4.21,4.64,0.00, 0.00
4.21,4.64,0.00, 0.00
4.21,4.64,0.00, 0.00
4.21,4.51,0.00, 0.00
4.21,4.45,0.00, 0.00
4.21,4.45,0.00, 0.00
4.21,4.32,0.00, 0.00
4.21,4.32,0.00, 0.00
4.21,4.32,0.00, 0.00
4.21,4.26,0.00, 0.00
4.21,4.26,0.00, 0.00
4.21,4.26,0.00, 0.00
0.00,4.06,0.00, 0.00
0.25,3.86,12.32, 0.00
0.25,3.86,12.32, 0.00
4.05,3.82,187.39, 0.00
4.05,3.82,187.39, 0.00
4.18,3.67,9.16, 0.00
4.18,3.67,9.16, 0.00
4.18,3.67,9.16, 0.00
1.32,3.50,0.00, 0.00
1.32,3.50,0.00, 0.00
1.32,3.50,0.00, 0.00
1.32,3.50,0.00, 0.00
1.81,3.36,24.14, 0.00
3.70,3.34,93.46, 0.00
3.70,3.34,93.46, 0.00
2.53,2.84,0.00, 0.00
2.53,2.84,0.00, 0.00
2.53,2.84,0.00, 0.00
2.59,2.51,2.96, 0.00
2.59,2.51,2.96, 0.00
2.59,2.51,2.96, 0.00
2.59,2.51,2.96, 0.00
2.04,2.30,0.00, 0.00
2.41,2.11,18.23, 0.00
2.41,2.11,18.23, 0.00
2.41,2.11,18.23, 0.00
1.85,1.91,0.00, 0.00
1.85,1.91,0.00, 0.00
1.85,1.91,0.00, 0.00
1.85,1.91,0.00, 0.00
1.22,1.31,0.00, 0.00
1.22,1.31,0.00, 0.00
1.22,1.31,0.00, 0.00
1.22,1.31,0.00, 0.00
1.22,1.31,0.00, 0.00
1.22,1.31,0.00, 0.00
1.22,1.31,0.00, 0.00
1.22,1.31,0.00, 0.00
0.69,0.87,0.00, 0.00
0.69,0.87,0.00, 0.00
0.69,0.87,0.00, 0.00
0.69,0.87,0.00, 0.00
0.44,0.60,0.00, 0.00
0.44,0.60,0.00, 0.00
0.44,0.60,0.00, 0.00
0.27,0.47,0.00, 0.00
0.27,0.47,0.00, 0.00
0.27,0.47,0.00, 0.00
0.27,0.47,0.00, 0.00
0.25,0.42,0.00, 0.00
0.25,0.42,0.00, 0.00
0.25,0.42,0.00, 0.00
0.20,0.35,0.00, 0.00
0.20,0.35,0.00, 0.00
0.20,0.35,0.00, 0.00
0.20,0.35,0.00, 0.00
0.02,0.34,0.00, 0.00
0.02,0.34,0.00, 0.00
0.02,0.34,0.00, 0.00
0.02,0.34,0.00, 0.00
0.00,0.37,0.00, 1.49
0.00,0.37,0.00, 1.49
0.00,0.37,0.00, 1.49
0.00,0.37,0.00, 1.49
0.00,0.37,0.00, 1.49
0.00,0.37,0.00, 0.01
0.00,0.37,0.00, 0.01
0.00,0.37,0.00, 0.01
0.03,0.38,1.48, 0.50
0.03,0.38,1.48, 0.50
0.03,0.38,1.48, 0.50
0.03,0.38,1.48, 0.50
0.03,0.38,1.48, 0.50
0.03,0.38,1.48, 0.50
0.03,0.38,1.48, 0.50
0.03,0.38,1.48, 0.50
0.03,0.38,1.48, 0.50
0.03,0.38,1.48, 0.50
0.03,0.38,1.48, 0.50
0.00,0.38,0.00, 0.25
0.00,0.38,0.00, 0.25
0.00,0.38,0.00, 0.25
0.00,0.38,0.00, 0.25
0.00,0.38,0.00, 0.25
0.00,0.38,0.00, 0.00
0.00,0.38,0.00, 0.00
0.00,0.38,0.00, 0.00
0.00,0.37,0.00, 0.00
0.00,0.38,0.00, 0.50
0.00,0.38,0.00, 0.50
0.00,0.38,0.00, 0.50
0.00,0.38,0.00, 0.50
0.00,0.38,0.00, 0.50
0.00,0.38,0.00, 0.50
0.00,0.39,0.00, 0.75
0.00,0.39,0.00, 0.75
0.00,0.39,0.00, 0.75
0.00,0.39,0.00, 0.75
0.00,0.61,0.00, 10.96
0.00,0.61,0.00, 10.96
0.00,0.61,0.00, 10.96
0.00,0.61,0.00, 10.96
0.00,0.61,0.00, 10.96
0.00,0.61,0.00, 10.96
0.00,0.61,0.00, 10.96
0.94,1.08,46.31, 23.45
0.94,1.08,46.31, 23.45
0.94,1.08,46.31, 23.45
2.00,1.92,52.90, 41.93
2.00,1.92,52.90, 41.93
2.00,1.92,52.90, 41.93
2.00,1.92,52.90, 41.93
2.00,1.92,52.90, 41.93
2.00,1.92,52.90, 41.93
2.00,1.92,52.90, 41.93
3.10,2.70,54.97, 38.76
3.10,2.70,54.97, 38.76
3.10,2.70,54.97, 38.76
3.89,3.26,39.73, 28.54
3.89,3.26,39.73, 28.54
3.89,3.26,39.73, 28.54
3.89,3.26,39.73, 28.54
3.89,3.26,39.73, 28.54
3.89,3.26,39.73, 28.54
4.22,3.82,16.84, 27.75
4.22,3.82,16.84, 27.75
4.22,3.82,16.84, 27.75
4.22,3.82,16.84, 27.75
4.22,4.28,0.25, 22.77
4.22,4.28,0.25, 22.77
4.22,4.28,0.25, 22.77
4.22,4.28,0.25, 22.77
4.22,4.28,0.25, 22.77
4.22,4.28,0.25, 22.77
4.22,4.28,0.25, 22.77
4.22,4.28,0.25, 22.77
4.21,4.53,0.00, 12.54
4.21,4.53,0.00, 12.54
4.21,4.53,0.00, 12.54
4.21,4.53,0.00, 12.54
4.21,4.69,0.00, 8.27
4.21,4.69,0.00, 8.27
4.21,4.69,0.00, 8.27
4.21,4.69,0.00, 8.27
4.21,4.69,0.00, 8.27
4.21,4.69,0.00, 8.27
4.21,4.90,0.00, 10.74
4.21,4.90,0.00, 10.74
4.21,4.90,0.00, 10.74
4.21,4.90,0.00, 10.74
4.21,5.06,0.00, 7.76
4.21,5.06,0.00, 7.76
4.21,5.06,0.00, 7.76
4.21,5.06,0.00, 7.76
4.21,5.06,0.00, 7.76
4.21,5.06,0.00, 7.76
4.21,5.06,0.00, 7.76
4.21,5.15,0.00, 4.51
4.21,5.15,0.00, 4.51
4.21,5.15,0.00, 4.51
4.21,5.15,0.00, 4.51
4.21,5.16,0.00, 0.51
4.21,5.16,0.00, 0.51
4.21,5.16,0.00, 0.51
4.21,5.16,0.00, 0.51
4.21,5.16,0.00, 0.51
4.21,5.16,0.00, 0.51
4.21,5.21,0.00, 2.49
4.21,5.21,0.00, 2.49
4.21,5.21,0.00, 2.49
4.21,5.21,0.00, 2.49
4.21,5.21,0.00, 2.49
4.21,5.27,0.00, 3.00
4.21,5.27,0.00, 3.00
4.21,5.27,0.00, 3.00
4.21,5.27,0.00, 3.00
4.21,5.27,0.00, 3.00
4.21,5.27,0.00, 3.00
4.21,5.27,0.00, 3.00
4.21,5.31,0.00, 2.00
4.21,5.31,0.00, 2.00
4.21,5.31,0.00, 2.00
4.21,5.31,0.00, 2.00
4.21,5.35,0.00, 1.75
4.21,5.35,0.00, 1.75
4.21,5.35,0.00, 1.75
4.21,5.35,0.00, 1.75
4.21,5.34,0.00, 0.00
4.21,5.35,0.00, 0.50
4.21,5.35,0.00, 0.50
4.21,5.35,0.00, 0.00
4.21,5.36,0.00, 0.50
4.21,5.36,0.00, 0.50
4.21,5.36,0.00, 0.50
4.21,5.36,0.00, 0.50
4.21,5.36,0.00, 0.50
4.21,5.43,0.00, 3.24
4.21,5.43,0.00, 3.24
4.21,5.43,0.00, 3.24
4.21,5.43,0.00, 3.24
4.21,5.44,0.00, 1.01
4.21,5.47,0.00, 1.25
4.21,5.47,0.00, 1.25
4.21,5.47,0.00, 1.25
4.21,5.47,0.00, 1.25
4.21,5.47,0.00, 1.25
4.21,5.47,0.00, 1.25
4.21,5.53,0.00, 2.99
4.21,5.53,0.00, 2.99
4.21,5.53,0.00, 2.99
4.21,5.53,0.00, 2.99
4.21,5.58,0.00, 2.50
4.21,5.58,0.00, 2.50
4.21,5.58,0.00, 2.50
4.21,5.58,0.00, 2.50
4.21,5.58,0.00, 2.50
4.21,5.57,0.00, 0.00
4.21,5.57,0.00, 0.00
4.21,5.57,0.00, 0.00
4.21,5.55,0.00, 0.00
4.21,5.55,0.00, 0.00
4.21,5.55,0.00, 0.00
4.21,5.53,0.00, 0.00
4.21,5.52,0.00, 0.00
4.21,5.52,0.00, 0.00
4.21,5.52,0.00, 0.00
4.21,5.55,0.00, 1.25
4.21,5.55,0.00, 1.25
4.21,5.55,0.00, 1.25
4.21,5.53,0.00, 0.00
4.21,5.53,0.00, 0.00
4.21,5.53,0.00, 0.00
4.21,5.53,0.00, 0.00
4.21,5.49,0.00, 0.00
4.21,5.43,0.00, 0.00
4.21,5.43,0.00, 0.00
4.21,5.43,0.00, 0.00
4.21,5.38,0.00, 0.00
4.21,5.38,0.00, 0.00
4.21,5.38,0.00, 0.00
4.21,5.38,0.00, 0.00
4.21,5.30,0.00, 0.00
4.21,5.22,0.00, 0.00
4.21,5.22,0.00, 0.00
4.21,5.22,0.00, 0.00
4.19,5.12,0.00, 0.00
4.27,5.05,3.94, 0.00
4.27,5.05,3.94, 0.00
4.27,5.05,3.94, 0.00
4.20,4.80,0.00, 0.00
4.21,4.68,0.49, 0.00
4.21,4.68,0.49, 0.00
4.24,4.46,1.49, 0.00
4.24,4.46,1.49, 0.00
4.24,4.46,1.49, 0.00
4.24,4.46,1.49, 0.00
4.22,4.36,0.00, 0.00
4.22,4.36,0.00, 0.00
4.22,4.36,0.00, 0.00
4.22,4.36,0.00, 0.00
4.21,4.26,0.00, 0.00
4.21,4.18,0.00, 0.00
4.21,4.18,0.00, 0.00
4.21,3.86,0.00, 0.00
4.21,3.86,0.00, 0.00
4.21,3.86,0.00, 0.00
4.21,3.86,0.00, 0.00
4.21,3.86,0.00, 0.00
4.21,3.86,0.00, 0.00
4.21,3.86,0.00, 0.00
4.21,3.86,0.00, 0.00
4.21,3.86,0.00, 0.00
4.21,3.59,0.00, 0.00
4.21,3.59,0.00, 0.00
4.21,3.59,0.00, 0.00
4.21,3.53,0.00, 0.00
4.21,3.53,0.00, 0.00
4.21,3.53,0.00, 0.00
4.21,3.53,0.00, 0.00
4.21,3.53,0.00, 0.00
4.21,3.53,0.00, 0.00
4.21,3.53,0.00, 0.00
4.21,3.59,0.00, 2.49
4.21,3.59,0.00, 2.49
4.21,3.59,0.00, 2.49
4.21,3.63,0.00, 2.25
4.21,3.63,0.00, 2.25
4.21,3.63,0.00, 2.25
4.21,3.63,0.00, 2.25
4.21,3.63,0.00, 2.25
4.21,3.63,0.00, 2.25
4.21,3.63,0.00, 2.25
4.21,3.60,0.00, 0.00
4.21,3.60,0.00, 0.00
4.21,3.60,0.00, 0.00
4.21,3.60,0.00, 0.00
4.21,3.60,0.00, 0.00
4.21,3.60,0.00, 0.00
4.21,3.60,0.00, 0.00
4.21,3.60,0.00, 0.00
4.21,3.60,0.00, 0.00
4.21,3.60,0.00, 0.00
4.21,3.60,0.00, 0.00
4.21,3.60,0.00, 0.00
4.21,3.51,0.00, 0.00
4.21,3.51,0.00, 0.00
4.21,3.51,0.00, 0.00
4.21,3.51,0.00, 0.00
4.21,3.51,0.00, 0.00
4.21,3.45,0.00, 0.00
4.21,3.39,0.00, 0.00
4.21,3.39,0.00, 0.00
4.21,3.39,0.00, 0.00
4.21,3.39,0.00, 0.00
4.21,3.39,0.00, 0.00
4.21,3.28,0.00, 0.00
4.21,3.28,0.00, 0.00
4.21,3.28,0.00, 0.00
4.21,3.28,0.00, 0.00
4.21,3.22,0.00, 0.00
4.21,3.16,0.00, 0.00
4.21,3.16,0.00, 0.00
4.21,3.00,0.00, 0.00
4.21,3.00,0.00, 0.00
4.21,3.00,0.00, 0.00
4.21,3.00,0.00, 0.00
4.21,2.84,0.00, 0.00
4.21,2.84,0.00, 0.00
4.21,2.84,0.00, 0.00
4.21,2.76,0.00, 0.00
4.21,2.76,0.00, 0.00
4.21,2.76,0.00, 0.00
4.21,2.76,0.00, 0.00
4.21,2.56,0.00, 0.00
4.21,2.56,0.00, 0.00
4.21,2.56,0.00, 0.00
4.19,2.45,0.00, 0.00
4.19,2.45,0.00, 0.00
4.19,2.45,0.00, 0.00
4.19,2.45,0.00, 0.00
0.00,2.39,0.00, 0.00
0.00,2.39,0.00, 0.00
0.00,2.39,0.00, 0.00
0.00,2.39,0.00, 0.00
1.48,2.36,72.91, 0.00
3.79,2.25,114.87, 0.00
3.79,2.25,114.87, 0.00
4.22,2.03,22.87, 0.00
4.22,2.03,22.87, 0.00
4.22,2.03,22.87, 0.00
4.22,2.03,22.87, 0.00
4.22,2.03,22.87, 0.00
4.22,2.03,22.87, 0.00
4.22,2.03,22.87, 0.00
4.22,2.03,22.87, 0.00
0.00,1.78,0.00, 0.00
0.00,1.78,0.00, 0.00
0.00,1.78,0.00, 0.00
3.08,1.50,151.73, 0.00
3.08,1.50,151.73, 0.00
3.08,1.50,151.73, 0.00
3.08,1.50,151.73, 0.00
3.08,1.50,151.73, 0.00
3.08,1.50,151.73, 0.00
3.08,1.50,151.73, 0.00
1.53,1.02,0.00, 0.00
1.53,1.02,0.00, 0.00
1.53,1.02,0.00, 0.00
1.53,1.02,0.00, 0.00
1.53,1.02,0.00, 0.00
1.53,1.02,0.00, 0.00
1.53,1.02,0.00, 0.00
1.10,0.69,0.00, 0.00
1.10,0.69,0.00, 0.00
1.10,0.69,0.00, 0.00
1.10,0.69,0.00, 0.00
1.10,0.69,0.00, 0.00
1.10,0.69,0.00, 0.00
1.10,0.69,0.00, 0.00
1.10,0.69,0.00, 0.00
0.41,0.38,0.00, 0.00
0.41,0.38,0.00, 0.00
0.41,0.38,0.00, 0.00
0.00,0.38,0.00, 0.25
0.00,0.38,0.00, 0.25
0.00,0.38,0.00, 0.25
0.00,0.38,0.00, 0.25
0.00,0.38,0.00, 0.25
0.00,0.38,0.00, 0.25
0.00,0.38,0.00, 0.25
0.00,0.38,0.00, 0.25
0.00,0.38,0.00, 0.25
0.00,0.38,0.00, 0.25
0.00,0.39,0.00, 0.25
0.00,0.39,0.00, 0.00
0.00,0.39,0.00, 0.00
0.00,0.39,0.00, 0.00
0.00,0.39,0.00, 0.00
0.00,0.39,0.00, 0.00
0.00,0.39,0.00, 0.00
0.00,0.39,0.00, 0.00
0.02,0.39,0.99, 0.00
0.02,0.39,0.99, 0.00
0.02,0.39,0.99, 0.00
0.02,0.39,0.99, 0.00
0.00,0.40,0.00, 0.50
0.02,0.39,0.99, 0.00
0.02,0.39,0.99, 0.00
0.00,0.38,0.00, 0.00
0.00,0.38,0.00, 0.00
0.00,0.38,0.00, 0.00
0.00,0.38,0.00, 0.00
0.00,0.38,0.00, 0.50
0.00,0.38,0.00, 0.50
0.00,0.38,0.00, 0.50
0.00,0.38,0.00, 0.00
0.00,0.39,0.00, 0.50
0.00,0.39,0.00, 0.50
0.00,0.39,0.00, 0.50
0.00,0.38,0.00, 0.00
0.00,0.38,0.00, 0.00
0.00,0.38,0.00, 0.00
0.00,0.37,0.00, 0.00
0.00,0.37,0.00, 0.00
0.00,0.37,0.00, 0.00
0.00,0.37,0.00, 0.00
0.00,0.38,0.00, 1.00
0.00,0.39,0.00, 0.25
0.00,0.39,0.00, 0.25
0.00,0.39,0.00, 0.25
0.00,0.38,0.00, 0.00
0.00,0.38,0.00, 0.00
0.00,0.38,0.00, 0.00
0.00,0.39,0.00, 0.50
0.00,0.39,0.00, 0.50
0.00,0.39,0.00, 0.50
0.00,0.39,0.00, 0.50
0.00,0.38,0.00, 0.00
0.00,0.38,0.00, 0.00
0.00,0.38,0.00, 0.00
0.00,0.38,0.00, 0.00
0.00,0.40,0.00, 1.00
0.00,0.39,0.00, 0.00
0.00,0.39,0.00, 0.00
0.00,0.39,0.00, 0.00
0.00,0.38,0.00, 0.00
0.00,0.38,0.00, 0.00
0.00,0.55,0.00, 8.47
0.00,0.55,0.00, 8.47
0.00,0.55,0.00, 8.47
0.17,0.64,8.37, 4.76
0.17,0.64,8.37, 4.76
0.17,0.64,8.37, 4.76
0.17,0.64,8.37, 4.76
0.17,0.64,8.37, 4.76
1.04,1.09,42.98, 21.94
1.04,1.09,42.98, 21.94
1.04,1.09,42.98, 21.94
1.27,1.31,11.96, 11.29
1.62,1.56,17.42, 12.50
1.62,1.56,17.42, 12.50
2.14,2.03,25.87, 23.21
2.14,2.03,25.87, 23.21
2.14,2.03,25.87, 23.21
2.14,2.03,25.87, 23.21
2.14,2.03,25.87, 23.21
2.38,2.24,12.20, 10.80
2.38,2.24,12.20, 10.80
2.38,2.24,12.20, 10.80
3.07,2.70,34.17, 23.20
3.31,2.91,12.33, 10.30
3.31,2.91,12.33, 10.30
3.51,3.11,10.03, 9.75
3.68,3.31,8.52, 10.00
3.68,3.31,8.52, 10.00
3.68,3.31,8.52, 10.00
3.68,3.31,8.52, 10.00
3.68,3.31,8.52, 10.00
3.68,3.31,8.52, 10.00
4.18,3.82,24.76, 25.69
4.18,3.82,24.76, 25.69
4.18,3.82,24.76, 25.69
4.22,4.24,2.33, 21.27
4.22,4.24,2.33, 21.27
4.22,4.24,2.33, 21.27
4.22,4.24,2.33, 21.27
4.22,4.24,2.33, 21.27
4.22,4.24,2.33, 21.27
4.22,4.24,2.33, 21.27
4.21,4.55,0.00, 15.02
4.21,4.55,0.00, 15.02
4.21,4.55,0.00, 15.02
4.21,4.55,0.00, 15.02
4.21,4.86,0.00, 16.00
4.21,4.86,0.00, 16.00
4.21,4.86,0.00, 16.00
4.21,4.86,0.00, 16.00
4.21,4.86,0.00, 16.00
4.21,4.86,0.00, 16.00
4.21,4.86,0.00, 16.00
4.21,5.19,0.00, 16.00
4.21,5.19,0.00, 16.00
4.21,5.19,0.00, 16.00
4.21,5.40,0.00, 10.77
4.21,5.40,0.00, 10.77
4.21,5.40,0.00, 10.77
4.21,5.40,0.00, 10.77
4.21,5.47,0.00, 3.28
4.21,5.49,0.00, 1.51
4.21,5.49,0.00, 1.51
4.21,5.49,0.00, 1.51
4.21,5.49,0.00, 1.51
4.21,5.49,0.00, 1.51
4.21,5.49,0.00, 1.51
4.21,5.70,0.00, 9.97
4.21,5.70,0.00, 9.97
4.21,5.70,0.00, 9.97
4.21,5.70,0.00, 9.97
4.21,5.89,0.00, 10.00
4.21,5.89,0.00, 10.00
4.21,5.89,0.00, 10.00
4.21,5.89,0.00, 10.00
4.21,6.02,0.00, 6.26
4.21,6.02,0.00, 6.26
4.21,6.02,0.00, 6.26
4.21,6.07,0.00, 2.76
4.21,6.07,0.00, 2.76
4.21,6.07,0.00, 2.76
4.21,6.07,0.00, 2.76
4.21,6.23,0.00, 7.73
4.21,6.23,0.00, 7.73
4.21,6.23,0.00, 7.73
4.21,6.23,0.00, 7.73
4.21,6.23,0.00, 7.73
4.21,6.23,0.00, 7.73
4.21,6.23,0.00, 7.73
4.21,6.47,0.00, 11.74
4.21,6.47,0.00, 11.74
4.21,6.47,0.00, 11.74
4.21,6.47,0.00, 11.74
4.21,6.82,0.00, 17.73
4.21,6.82,0.00, 17.73
4.21,6.82,0.00, 17.73
4.21,6.82,0.00, 17.73
4.21,6.99,0.00, 8.53
4.21,6.99,0.00, 8.53
4.21,6.99,0.00, 8.53
4.21,7.06,0.00, 3.77
4.21,7.06,0.00, 3.77
4.21,7.06,0.00, 3.77
4.21,7.19,0.00, 6.24
4.21,7.26,0.00, 3.26
4.21,7.26,0.00, 3.26
4.21,7.26,0.00, 3.26
4.21,7.39,0.00, 6.74
4.21,7.39,0.00, 6.74
4.21,7.39,0.00, 6.74
4.21,7.44,0.00, 2.76
4.21,7.44,0.00, 2.76
4.21,7.44,0.00, 2.76
4.21,7.44,0.00, 2.76
4.21,7.54,0.00, 4.74
4.21,7.57,0.00, 1.76
4.21,7.57,0.00, 1.76
4.21,7.65,0.00, 3.99
4.21,7.65,0.00, 3.99
4.21,7.65,0.00, 3.99
4.21,7.65,0.00, 3.99
4.21,7.72,0.00, 3.25
4.21,7.72,0.00, 3.25
4.21,7.72,0.00, 3.25
4.21,7.72,0.00, 3.25
4.21,7.72,0.00, 3.25
4.21,7.72,0.00, 3.25
4.21,7.72,0.00, 3.25
4.21,7.98,0.00, 12.96
4.21,7.98,0.00, 12.96
4.21,7.98,0.00, 12.96
4.21,8.10,0.00, 6.27
4.21,8.10,0.00, 6.27
4.21,8.10,0.00, 6.27
4.21,8.10,0.00, 6.27
4.21,8.10,0.00, 6.27
4.21,8.10,0.00, 6.27
4.21,8.10,0.00, 6.27
4.21,8.10,0.00, 6.27
4.21,8.11,0.00, 0.52
4.21,8.11,0.00, 0.52
4.21,8.11,0.00, 0.52
4.21,8.11,0.00, 0.52
4.21,8.05,0.00, 0.00
4.21,8.05,0.00, 0.00
4.21,8.05,0.00, 0.00
4.21,8.05,0.00, 0.00
4.21,8.05,0.00, 0.00
4.21,8.05,0.00, 0.00
4.21,8.05,0.00, 0.00
4.21,8.05,0.00, 0.00
4.16,7.82,0.00, 0.00
4.16,7.82,0.00, 0.00
4.16,7.82,0.00, 0.00
4.21,7.52,2.46, 0.00
4.21,7.52,2.46, 0.00
4.21,7.52,2.46, 0.00
4.21,7.52,2.46, 0.00
4.21,7.52,2.46, 0.00
4.21,7.52,2.46, 0.00
4.21,7.52,2.46, 0.00
4.21,7.04,0.04, 0.00
4.21,7.04,0.04, 0.00
4.21,7.04,0.04, 0.00
4.21,7.04,0.04, 0.00
4.21,6.53,0.00, 0.00
4.21,6.53,0.00, 0.00
4.21,6.53,0.00, 0.00
4.21,6.53,0.00, 0.00
4.21,6.53,0.00, 0.00
4.21,6.53,0.00, 0.00
4.21,6.53,0.00, 0.00
4.21,6.06,0.00, 0.00
4.21,6.06,0.00, 0.00
4.21,6.06,0.00, 0.00
4.21,5.57,0.00, 0.00
4.21,5.57,0.00, 0.00
4.21,5.57,0.00, 0.00
4.21,5.57,0.00, 0.00
4.21,5.57,0.00, 0.00
4.21,5.57,0.00, 0.00
4.21,5.57,0.00, 0.00
4.21,5.57,0.00, 0.00
4.21,5.57,0.00, 0.00
4.21,5.15,0.00, 0.00
4.21,5.15,0.00, 0.00
4.21,5.15,0.00, 0.00
4.21,5.15,0.00, 0.00
4.21,4.91,0.00, 0.00
4.21,4.91,0.00, 0.00
4.21,4.91,0.00, 0.00
4.21,4.91,0.00, 0.00
4.21,4.91,0.00, 0.00
4.21,4.91,0.00, 0.00
4.21,4.91,0.00, 0.00
4.21,4.91,0.00, 0.00
4.21,4.81,0.00, 0.00
4.21,4.81,0.00, 0.00
4.21,4.81,0.00, 0.00
4.21,4.81,0.00, 0.00
4.21,4.72,0.00, 0.00
4.21,4.72,0.00, 0.00
4.21,4.72,0.00, 0.00
4.21,4.72,0.00, 0.00
4.21,4.72,0.00, 0.00
4.21,4.72,0.00, 0.00
4.21,4.61,0.00, 0.00
4.21,4.61,0.00, 0.00
4.21,4.61,0.00, 0.00
4.21,4.61,0.00, 0.00
4.21,4.56,0.00, 0.00
4.21,4.53,0.00, 0.00
4.21,4.53,0.00, 0.00
4.21,4.47,0.00, 0.00
4.21,4.42,0.00, 0.00
4.21,4.42,0.00, 0.00
4.21,4.36,0.00, 0.00
4.21,4.30,0.00, 0.00
4.21,4.30,0.00, 0.00
4.21,4.30,0.00, 0.00
4.21,4.30,0.00, 0.00
4.21,4.30,0.00, 0.00
4.21,4.18,0.00, 0.00
4.21,4.18,0.00, 0.00
4.21,4.18,0.00, 0.00
4.21,3.95,0.00, 0.00
4.21,3.95,0.00, 0.00
4.21,3.95,0.00, 0.00
4.21,3.95,0.00, 0.00
4.21,3.95,0.00, 0.00
4.21,3.95,0.00, 0.00
4.21,3.95,0.00, 0.00
4.21,3.95,0.00, 0.00
4.21,3.82,0.00, 0.00
4.21,3.82,0.00, 0.00
4.21,3.82,0.00, 0.00
4.21,3.70,0.00, 0.00
4.21,3.70,0.00, 0.00
4.21,3.70,0.00, 0.00
4.21,3.70,0.00, 0.00
4.21,3.70,0.00, 0.00
4.21,3.70,0.00, 0.00
4.21,3.70,0.00, 0.00
4.21,3.70,0.00, 0.00
4.21,3.70,0.00, 0.00
4.21,3.57,0.00, 0.00
4.21,3.57,0.00, 0.00
4.21,3.57,0.00, 0.00
0.00,3.39,0.00, 0.00
3.18,3.26,156.66, 0.00
3.18,3.26,156.66, 0.00
4.14,3.12,49.60, 0.00
4.14,3.12,49.60, 0.00
4.14,3.12,49.60, 0.00
4.14,3.12,49.60, 0.00
4.20,3.09,3.69, 0.00
4.20,3.09,3.69, 0.00
4.20,3.09,3.69, 0.00
4.21,3.03,0.55, 0.00
4.19,2.97,0.00, 0.00
4.19,2.97,0.00, 0.00
4.19,2.97,0.00, 0.00
3.42,2.80,0.00, 0.00
3.42,2.80,0.00, 0.00
3.42,2.80,0.00, 0.00
3.42,2.80,0.00, 0.00
3.94,2.74,25.62, 0.00
3.94,2.74,25.62, 0.00
3.94,2.74,25.62, 0.00
2.85,2.51,0.00, 0.00
2.96,2.36,5.42, 0.00
2.96,2.36,5.42, 0.00
2.96,2.36,5.42, 0.00
2.76,2.07,0.00, 0.00
2.76,2.07,0.00, 0.00
2.76,2.07,0.00, 0.00
2.76,2.07,0.00, 0.00
2.42,1.87,0.00, 0.00
2.42,1.87,0.00, 0.00
2.20,1.47,0.00, 0.00
1.81,1.29,0.00, 0.00
1.81,1.29,0.00, 0.00
1.81,1.29,0.00, 0.00
1.62,1.12,0.00, 0.00
1.41,0.97,0.00, 0.00
1.41,0.97,0.00, 0.00
1.41,0.97,0.00, 0.00
1.41,0.97,0.00, 0.00
1.41,0.97,0.00, 0.00
1.41,0.97,0.00, 0.00
0.83,0.57,0.00, 0.00
0.83,0.57,0.00, 0.00
0.83,0.57,0.00, 0.00
0.83,0.57,0.00, 0.00
0.62,0.47,0.00, 0.00
0.51,0.39,0.00, 0.00
0.51,0.39,0.00, 0.00
0.51,0.39,0.00, 0.00
0.00,0.38,0.00, 0.00
0.00,0.38,0.00, 0.00
0.00,0.38,0.00, 0.00
0.00,0.38,0.00, 0.00
0.00,0.38,0.00, 0.00
0.00,0.38,0.00, 0.00
0.00,0.38,0.00, 0.00
0.00,0.38,0.00, 0.00
0.00,0.37,0.00, 0.00
0.00,0.37,0.00, 0.00
0.00,0.37,0.00, 0.00
0.00,0.39,0.00, 1.25
0.00,0.39,0.00, 1.25
0.00,0.39,0.00, 1.25
0.00,0.39,0.00, 1.25
0.00,0.39,0.00, 1.25
0.00,0.39,0.00, 1.25
0.00,0.39,0.00, 1.25
0.00,0.39,0.00, 1.25
0.00,0.38,0.00, 0.00
0.00,0.38,0.00, 0.00
0.00,0.38,0.00, 0.00
0.00,0.38,0.00, 0.00
0.00,0.38,0.00, 0.00
0.00,0.38,0.00, 0.00
0.00,0.38,0.00, 0.00
0.00,0.38,0.00, 0.00
0.00,0.38,0.00, 0.00
0.00,0.38,0.00, 0.00
0.00,0.38,0.00, 0.00
0.00,0.38,0.00, 0.00
0.00,0.39,0.00, 0.25
0.00,0.39,0.00, 0.25
0.00,0.39,0.00, 0.25
0.00,0.39,0.00, 0.00
0.00,0.39,0.00, 0.00
0.00,0.39,0.00, 0.00
0.00,0.39,0.00, 0.00
0.00,0.39,0.00, 0.00
0.00,0.39,0.00, 0.00
0.00,0.39,0.00, 0.00
0.00,0.38,0.00, 0.00
0.00,0.38,0.00, 0.00
0.00,0.38,0.00, 0.00
0.00,0.38,0.00, 0.00
0.00,0.39,0.00, 0.75
0.00,0.39,0.00, 0.75
0.00,0.39,0.00, 0.75
0.00,0.39,0.00, 0.75
0.00,0.39,0.00, 0.75
0.00,0.39,0.00, 0.75
0.00,0.39,0.00, 0.75
0.00,0.39,0.00, 0.00
0.00,0.39,0.00, 0.00
0.00,0.39,0.00, 0.00
0.00,0.39,0.00, 0.00
0.00,0.38,0.00, 0.00
0.00,0.38,0.00, 0.00
0.00,0.38,0.00, 0.00
0.00,0.38,0.00, 0.00
0.00,0.38,0.00, 0.00
0.03,0.38,1.48, 0.00
0.03,0.38,1.48, 0.00
0.03,0.38,1.48, 0.00
0.00,0.37,0.00, 0.00
0.00,0.37,0.00, 0.00
0.00,0.37,0.00, 0.00
0.00,0.37,0.00, 0.00
0.00,0.44,0.00, 3.99
0.42,0.73,20.69, 14.21
0.42,0.73,20.69, 14.21
1.00,0.99,28.88, 12.76
1.00,0.99,28.88, 12.76
1.00,0.99,28.88, 12.76
1.00,0.99,28.88, 12.76
1.20,1.19,10.28, 10.26
1.20,1.19,10.28, 10.26
1.20,1.19,10.28, 10.26
1.82,1.70,30.70, 25.44
2.02,2.00,10.30, 15.04
2.02,2.00,10.30, 15.04
2.02,2.00,10.30, 15.04
2.36,2.30,16.90, 15.25
2.69,2.59,16.51, 14.00
2.69,2.59,16.51, 14.00
2.69,2.59,16.51, 14.00
2.95,2.88,13.05, 14.50
2.95,2.88,13.05, 14.50
2.95,2.88,13.05, 14.50
3.26,3.12,15.46, 12.51
3.41,3.37,7.62, 12.25
3.49,3.58,4.05, 10.51
3.49,3.58,4.05, 10.51
3.72,3.80,11.39, 10.75
3.92,4.01,10.02, 10.50
3.92,4.01,10.02, 10.50
3.92,4.01,10.02, 10.50
4.06,4.21,7.04, 10.25
4.06,4.21,7.04, 10.25
4.06,4.21,7.04, 10.25
4.20,4.53,7.00, 16.23
4.21,4.68,0.60, 7.03
4.21,4.68,0.60, 7.03
4.21,4.68,0.60, 7.03
4.21,4.80,0.01, 6.00
4.21,4.92,0.00, 6.25
4.21,4.92,0.00, 6.25
4.21,5.19,0.00, 13.47
4.21,5.19,0.00, 13.47
4.21,5.19,0.00, 13.47
4.21,5.19,0.00, 13.47
4.21,5.19,0.00, 13.47
4.21,5.19,0.00, 13.47
4.21,5.19,0.00, 13.47
4.21,5.19,0.00, 13.47
4.21,5.56,0.00, 18.48
4.21,5.56,0.00, 18.48
4.21,5.56,0.00, 18.48
4.21,5.83,0.00, 13.52
4.21,5.83,0.00, 13.52
4.21,5.83,0.00, 13.52
4.21,5.83,0.00, 13.52
4.21,5.95,0.00, 5.78
4.21,5.95,0.00, 5.78
4.21,5.95,0.00, 5.78
4.21,5.95,0.00, 5.78
4.21,6.02,0.00, 3.76
4.21,6.02,0.00, 3.76
4.21,6.02,0.00, 3.76
4.21,6.02,0.00, 3.76
4.21,6.09,0.00, 3.25
4.21,6.09,0.00, 3.25
4.21,6.09,0.00, 3.25
4.21,6.09,0.00, 3.25
4.21,6.07,0.00, 0.00
4.21,6.07,0.00, 0.00
4.21,6.07,0.00, 0.00
4.21,6.07,0.00, 0.00
4.21,6.07,0.00, 0.00
4.21,6.07,0.00, 0.00
4.21,6.07,0.00, 0.00
4.21,6.04,0.00, 0.00
4.21,6.05,0.00, 0.25
4.21,6.05,0.00, 0.25
4.21,6.12,0.00, 3.74
4.21,6.12,0.00, 3.74
4.21,6.12,0.00, 3.74
4.21,6.12,0.00, 3.74
4.21,6.14,0.00, 1.01
4.21,6.15,0.00, 0.75
4.21,6.15,0.00, 0.75
4.21,6.15,0.00, 0.75
4.21,6.15,0.00, 0.75
4.21,6.15,0.00, 0.75
4.21,6.15,0.00, 0.75
4.21,6.20,0.00, 2.00
4.21,6.20,0.00, 2.00
4.21,6.20,0.00, 2.00
4.21,6.33,0.00, 6.73
4.21,6.33,0.00, 6.73
4.21,6.33,0.00, 6.73
4.21,6.33,0.00, 6.73
4.21,6.33,0.00, 6.73
4.21,6.33,0.00, 6.73
4.21,6.33,0.00, 6.73
4.21,6.33,0.00, 6.73
4.21,6.44,0.00, 5.26
4.21,6.44,0.00, 5.26
4.21,6.44,0.00, 5.26
4.21,6.52,0.00, 4.00
4.21,6.52,0.00, 4.00
4.21,6.52,0.00, 4.00
4.21,6.52,0.00, 4.00
4.21,6.52,0.00, 4.00
4.21,6.52,0.00, 4.00
4.21,6.52,0.00, 4.00
4.21,6.52,0.00, 4.00
4.21,6.64,0.00, 5.99
4.21,6.64,0.00, 5.99
4.21,6.64,0.00, 5.99
4.21,6.71,0.00, 3.76
4.21,6.71,0.00, 3.76
4.21,6.71,0.00, 3.76
4.21,6.71,0.00, 3.76
4.21,6.71,0.00, 0.01
4.21,6.71,0.00, 0.01
4.21,6.71,0.00, 0.01
4.21,6.69,0.00, 0.00
4.21,6.69,0.00, 0.00
4.21,6.69,0.00, 0.00
4.21,6.69,0.00, 0.00
4.21,6.71,0.00, 1.00
4.21,6.71,0.00, 1.00
4.21,6.71,0.00, 1.00
4.21,6.71,0.00, 1.00
4.21,6.71,0.00, 1.00
4.21,6.71,0.00, 1.00
4.21,6.75,0.00, 2.00
4.21,6.75,0.00, 2.00
4.21,6.75,0.00, 2.00
4.21,6.75,0.00, 2.00
4.21,6.70,0.00, 0.00
4.21,6.70,0.00, 0.00
4.21,6.70,0.00, 0.00
4.21,6.70,0.00, 0.00
4.21,6.70,0.00, 0.00
4.21,6.70,0.00, 0.00
4.21,6.70,0.00, 0.00
4.21,6.70,0.00, 0.00
4.21,6.63,0.00, 0.00
4.21,6.63,0.00, 0.00
4.21,6.63,0.00, 0.00
4.21,6.57,0.00, 0.00
4.21,6.52,0.00, 0.00
4.21,6.43,0.00, 0.00
4.21,6.43,0.00, 0.00
4.21,6.34,0.00, 0.00
4.21,6.23,0.00, 0.00
4.21,6.23,0.00, 0.00
4.21,5.99,0.00, 0.00
4.21,5.99,0.00, 0.00
4.21,5.99,0.00, 0.00
4.21,5.99,0.00, 0.00
4.21,5.89,0.00, 0.00
4.21,5.89,0.00, 0.00
4.21,5.89,0.00, 0.00
4.21,5.89,0.00, 0.00
4.21,5.69,0.00, 0.00
4.21,5.59,0.00, 0.00
4.21,5.59,0.00, 0.00
4.21,5.59,0.00, 0.00
4.21,5.59,0.00, 0.00
4.21,5.39,0.00, 0.00
4.21,5.39,0.00, 0.00
4.21,5.39,0.00, 0.00
4.21,5.31,0.00, 0.00
4.21,5.31,0.00, 0.00
4.21,5.31,0.00, 0.00
4.21,5.31,0.00, 0.00
4.21,5.14,0.00, 0.00
4.21,5.14,0.00, 0.00
4.21,5.14,0.00, 0.00
4.21,5.14,0.00, 0.00
4.21,5.04,0.00, 0.00
4.21,5.04,0.00, 0.00
4.21,5.04,0.00, 0.00
4.21,5.04,0.00, 0.00
4.21,5.04,0.00, 0.00
4.21,5.04,0.00, 0.00
4.21,5.04,0.00, 0.00
4.21,4.93,0.00, 0.00
4.21,4.93,0.00, 0.00
4.21,4.93,0.00, 0.00
4.21,4.93,0.00, 0.00
4.21,4.83,0.00, 0.00
4.21,4.83,0.00, 0.00
4.21,4.83,0.00, 0.00
4.21,4.83,0.00, 0.00
4.21,4.83,0.00, 0.00
4.21,4.83,0.00, 0.00
4.21,4.83,0.00, 0.00
4.21,4.83,0.00, 0.00
4.21,4.73,0.00, 0.00
4.21,4.73,0.00, 0.00
4.21,4.73,0.00, 0.00
4.21,4.72,0.00, 0.00
4.21,4.68,0.00, 0.00
4.21,4.68,0.00, 0.00
4.21,4.68,0.00, 0.00
4.21,4.60,0.00, 0.00
4.21,4.58,0.00, 0.00
4.21,4.58,0.00, 0.00
4.21,4.48,0.00, 0.00
4.21,4.48,0.00, 0.00
4.21,4.48,0.00, 0.00
4.21,4.48,0.00, 0.00
4.21,4.40,0.00, 0.00
4.21,4.40,0.00, 0.00
4.21,4.40,0.00, 0.00
4.21,4.40,0.00, 0.00
4.21,4.24,0.00, 0.00
4.21,4.24,0.00, 0.00
4.21,4.24,0.00, 0.00
4.21,4.24,0.00, 0.00
4.21,4.24,0.00, 0.00
4.21,4.24,0.00, 0.00
4.21,4.24,0.00, 0.00
4.21,4.24,0.00, 0.00
4.21,4.24,0.00, 0.00
4.21,4.15,0.00, 0.00
4.21,4.08,0.00, 0.00
4.21,4.08,0.00, 0.00
4.21,4.04,0.00, 0.00
4.21,3.97,0.00, 0.00
4.21,3.97,0.00, 0.00
4.21,3.77,0.00, 0.00
4.21,3.77,0.00, 0.00
4.21,3.77,0.00, 0.00
4.21,3.77,0.00, 0.00
4.21,3.77,0.00, 0.00
4.21,3.77,0.00, 0.00
4.21,3.77,0.00, 0.00
4.21,3.61,0.00, 0.00
4.21,3.61,0.00, 0.00
4.21,3.61,0.00, 0.00
4.21,3.61,0.00, 0.00
4.21,3.46,0.00, 0.00
4.21,3.46,0.00, 0.00
4.21,3.46,0.00, 0.00
4.21,3.46,0.00, 0.00
4.21,3.46,0.00, 0.00
4.21,3.46,0.00, 0.00
4.21,3.46,0.00, 0.00
4.21,3.46,0.00, 0.00
4.21,3.38,0.00, 0.00
4.21,3.38,0.00, 0.00
4.21,3.38,0.00, 0.00
4.21,3.38,0.00, 0.00
4.21,3.32,0.00, 0.00
4.21,3.32,0.00, 0.00
4.21,3.32,0.00, 0.00
4.21,3.32,0.00, 0.00
4.21,3.32,0.00, 0.00
4.21,3.32,0.00, 0.00
4.21,3.32,0.00, 0.00
4.21,3.20,0.00, 0.00
4.21,3.20,0.00, 0.00
4.21,3.20,0.00, 0.00
4.21,3.20,0.00, 0.00
4.21,2.94,0.00, 0.00
4.21,2.94,0.00, 0.00
4.21,2.94,0.00, 0.00
4.21,2.94,0.00, 0.00
4.21,2.94,0.00, 0.00
4.21,2.94,0.00, 0.00
4.21,2.94,0.00, 0.00
1.96,2.67,0.00, 0.00
1.96,2.67,0.00, 0.00
1.96,2.67,0.00, 0.00
1.96,2.67,0.00, 0.00
1.96,2.67,0.00, 0.00
3.99,2.22,100.01, 0.00
3.99,2.22,100.01, 0.00
3.99,2.22,100.01, 0.00
3.99,2.22,100.01, 0.00
3.99,2.22,100.01, 0.00
3.99,2.22,100.01, 0.00
0.92,1.81,0.00, 0.00
0.92,1.81,0.00, 0.00
0.92,1.81,0.00, 0.00
0.92,1.81,0.00, 0.00
2.19,1.45,62.57, 0.00
2.19,1.45,62.57, 0.00
2.19,1.45,62.57, 0.00
2.19,1.45,62.57, 0.00
2.19,1.45,62.57, 0.00
2.19,1.45,62.57, 0.00
1.64,1.06,0.00, 0.00
1.64,1.06,0.00, 0.00
1.64,1.06,0.00, 0.00
1.64,1.06,0.00, 0.00
1.01,0.68,0.00, 0.00
1.01,0.68,0.00, 0.00
1.01,0.68,0.00, 0.00
0.69,0.48,0.00, 0.00
0.69,0.48,0.00, 0.00
0.38,0.40,0.00, 0.00
0.38,0.40,0.00, 0.00
0.38,0.40,0.00, 0.00
0.38,0.40,0.00, 0.00
0.38,0.40,0.00, 0.00
0.23,0.36,0.00, 0.00
0.28,0.34,2.46, 0.00
0.28,0.34,2.46, 0.00
0.00,0.38,0.00, 1.99
0.00,0.38,0.00, 1.99
0.00,0.38,0.00, 1.99
0.00,0.38,0.00, 1.99
0.00,0.38,0.00, 0.01
0.03,0.38,1.48, 0.00
0.03,0.38,1.48, 0.00
0.03,0.38,1.48, 0.00
0.03,0.38,1.48, 0.00
0.03,0.38,1.48, 0.00
0.00,0.41,0.00, 1.00
0.00,0.41,0.00, 1.00
0.00,0.41,0.00, 1.00
0.00,0.41,0.00, 1.00
0.00,0.38,0.00, 0.00
0.00,0.38,0.00, 0.00
0.00,0.38,0.00, 0.00
0.00,0.38,0.00, 0.00
0.00,0.38,0.00, 0.00
0.00,0.38,0.00, 0.00
0.00,0.38,0.00, 0.00
0.00,0.38,0.00, 0.00
0.00,0.38,0.00, 0.00
0.00,0.38,0.00, 0.00
0.00,0.38,0.00, 0.00
0.00,0.38,0.00, 0.00
0.00,0.39,0.00, 0.50
0.00,0.39,0.00, 0.50
0.00,0.39,0.00, 0.50
0.00,0.39,0.00, 0.50
0.00,0.39,0.00, 0.50
0.00,0.39,0.00, 0.50
0.00,0.39,0.00, 0.50
0.00,0.39,0.00, 0.50
0.00,0.39,0.00, 0.00
0.00,0.39,0.00, 0.00
0.00,0.39,0.00, 0.00
0.00,0.38,0.00, 0.00
0.00,0.38,0.00, 0.00
0.00,0.38,0.00, 0.00
0.00,0.38,0.00, 0.00
0.00,0.38,0.00, 0.25
0.00,0.38,0.00, 0.25
0.00,0.38,0.00, 0.25
0.00,0.38,0.00, 0.25
0.00,0.38,0.00, 0.00
0.00,0.38,0.00, 0.00
0.00,0.38,0.00, 0.00
0.00,0.38,0.00, 0.00
0.00,0.38,0.00, 0.00
0.00,0.38,0.00, 0.00
0.00,0.38,0.00, 0.00
0.00,0.39,0.00, 0.75
0.00,0.39,0.00, 0.75
0.00,0.39,0.00, 0.75
0.00,0.39,0.00, 0.75
0.00,0.38,0.00, 0.00
0.00,0.38,0.00, 0.00
0.00,0.38,0.00, 0.00
0.00,0.38,0.00, 0.00
0.00,0.38,0.00, 0.00
0.00,0.38,0.00, 0.00
0.00,0.38,0.00, 0.00
0.00,0.47,0.00, 4.48
0.04,0.57,1.97, 5.00
0.04,0.57,1.97, 5.00
0.04,0.57,1.97, 5.00
0.04,0.57,1.97, 5.00
0.75,0.93,35.01, 17.95
0.75,0.93,35.01, 17.95
0.93,1.10,9.38, 8.29
0.93,1.10,9.38, 8.29
0.93,1.10,9.38, 8.29
0.93,1.10,9.38, 8.29
1.53,1.59,29.70, 24.44
1.85,1.85,16.20, 13.29
1.85,1.85,16.20, 13.29
2.48,2.37,31.27, 25.70
2.48,2.37,31.27, 25.70
2.48,2.37,31.27, 25.70
2.48,2.37,31.27, 25.70
2.78,2.66,15.24, 14.79
2.78,2.66,15.24, 14.79
2.78,2.66,15.24, 14.79
2.78,2.66,15.24, 14.79
2.78,2.66,15.24, 14.79
3.33,3.22,27.32, 27.70
3.51,3.45,9.27, 11.81
3.51,3.45,9.27, 11.81
3.86,3.83,17.38, 18.97
3.86,3.83,17.38, 18.97
3.86,3.83,17.38, 18.97
4.05,4.00,9.62, 8.29
4.05,4.00,9.62, 8.29
4.05,4.00,9.62, 8.29
4.20,4.29,7.53, 14.73
4.21,4.39,0.60, 5.04
4.21,4.39,0.60, 5.04
4.21,4.39,0.60, 5.04
4.21,4.63,0.01, 11.97
4.21,4.63,0.01, 11.97
4.21,4.63,0.01, 11.97
4.21,4.63,0.01, 11.97
4.21,4.71,0.00, 4.03
4.21,4.71,0.00, 4.03
4.21,4.71,0.00, 4.03
4.21,4.71,0.00, 4.03
4.21,4.91,0.00, 9.98
4.21,4.99,0.00, 4.27
4.21,4.99,0.00, 4.27
4.21,5.17,0.00, 8.73
4.21,5.17,0.00, 8.73
4.21,5.17,0.00, 8.73
4.21,5.26,0.00, 4.27
4.21,5.26,0.00, 4.27
4.21,5.26,0.00, 4.27
4.21,5.26,0.00, 4.27
4.21,5.34,0.00, 4.50
4.21,5.38,0.00, 1.51
4.21,5.38,0.00, 1.51
4.21,5.47,0.00, 4.49
4.21,5.47,0.00, 4.49
4.21,5.47,0.00, 4.49
4.21,5.47,0.00, 4.49
4.21,5.50,0.00, 1.76
4.21,5.50,0.00, 1.76
4.21,5.50,0.00, 1.76
4.21,5.59,0.00, 4.49
4.21,5.65,0.00, 3.01
4.21,5.65,0.00, 3.01
4.21,5.65,0.00, 3.01
4.21,5.78,0.00, 6.74
4.21,5.78,0.00, 6.74
4.21,5.78,0.00, 6.74
4.21,5.78,0.00, 6.74
4.21,5.82,0.00, 1.77
4.21,5.82,0.00, 1.77
4.21,5.82,0.00, 1.77
4.21,5.84,0.00, 0.75
4.21,5.84,0.00, 0.75
4.21,5.84,0.00, 0.75
4.21,5.84,0.00, 0.75
4.21,5.87,0.00, 1.75
4.21,5.87,0.00, 1.75
4.21,5.87,0.00, 1.75
4.21,5.87,0.00, 1.75
4.21,5.87,0.00, 1.75
4.21,5.87,0.00, 1.75
4.21,5.87,0.00, 1.75
4.21,5.98,0.00, 5.49
4.21,5.98,0.00, 5.49
4.21,5.98,0.00, 5.49
4.21,6.19,0.00, 10.48
4.21,6.19,0.00, 10.48
4.21,6.19,0.00, 10.48
4.21,6.19,0.00, 10.48
4.21,6.19,0.00, 0.04
4.21,6.26,0.00, 3.49
4.21,6.26,0.00, 3.49
4.21,6.34,0.00, 3.75
4.21,6.42,0.00, 4.25
4.21,6.42,0.00, 4.25
4.21,6.42,0.00, 4.25
4.21,6.42,0.00, 4.25
4.21,6.42,0.00, 4.25
4.21,6.42,0.00, 4.25
4.21,6.42,0.00, 4.25
4.21,6.42,0.00, 4.25
4.21,6.59,0.00, 8.24
4.21,6.59,0.00, 8.24
4.21,6.59,0.00, 8.24
4.21,6.86,0.00, 13.73
4.21,6.86,0.00, 13.73
4.21,6.86,0.00, 13.73
4.21,6.86,0.00, 13.73
4.21,6.86,0.00, 13.73
4.21,6.86,0.00, 13.73
4.21,6.86,0.00, 13.73
4.21,6.86,0.00, 13.73
4.21,7.15,0.00, 14.75
4.21,7.15,0.00, 14.75
4.21,7.15,0.00, 14.75
4.21,7.39,0.00, 11.76
4.21,7.39,0.00, 11.76
4.21,7.39,0.00, 11.76
4.21,7.39,0.00, 11.76
4.21,7.39,0.00, 11.76
4.21,7.39,0.00, 11.76
4.21,7.39,0.00, 11.76
4.21,7.69,0.00, 15.24
4.21,7.69,0.00, 15.24
4.21,7.69,0.00, 15.24
4.21,7.97,0.00, 13.51
4.21,7.97,0.00, 13.51
4.21,7.97,0.00, 13.51
4.21,7.97,0.00, 13.51
4.21,7.97,0.00, 13.51
4.21,7.97,0.00, 13.51
4.21,7.97,0.00, 13.51
4.21,7.97,0.00, 13.51
4.21,8.16,0.00, 9.76
4.21,8.16,0.00, 9.76
4.21,8.16,0.00, 9.76
4.21,8.16,0.00, 9.76
4.21,8.18,0.00, 1.03
4.21,8.18,0.00, 1.03
4.21,8.18,0.00, 1.03
4.21,8.18,0.00, 1.03
4.21,8.18,0.00, 1.03
4.21,8.18,0.00, 1.03
4.21,8.18,0.00, 1.03
4.21,8.22,0.00, 2.00
4.21,8.22,0.00, 2.00
4.21,8.22,0.00, 2.00
4.21,8.22,0.00, 2.00
4.23,8.18,0.99, 0.00
4.23,8.18,0.99, 0.00
4.23,8.18,0.99, 0.00
4.21,8.14,0.00, 0.00
4.19,8.06,0.00, 0.00
4.19,8.06,0.00, 0.00
4.19,8.06,0.00, 0.00
4.19,8.06,0.00, 0.00
4.19,8.06,0.00, 0.00
4.19,8.06,0.00, 0.00
4.19,8.06,0.00, 0.00
4.21,7.87,0.99, 0.00
4.21,7.87,0.99, 0.00
4.21,7.87,0.99, 0.00
4.21,7.87,0.99, 0.00
4.21,7.65,0.01, 0.00
4.21,7.65,0.01, 0.00
4.21,7.65,0.01, 0.00
4.21,7.65,0.01, 0.00
4.21,7.46,0.00, 0.00
4.21,7.46,0.00, 0.00
4.21,7.46,0.00, 0.00
4.21,7.46,0.00, 0.00
4.21,7.34,0.00, 0.00
4.21,7.34,0.00, 0.00
4.21,7.34,0.00, 0.00
4.21,7.12,0.00, 0.00
4.21,7.01,0.00, 0.00
4.21,7.01,0.00, 0.00
4.21,7.01,0.00, 0.00
4.21,6.74,0.00, 0.00
4.21,6.74,0.00, 0.00
4.21,6.74,0.00, 0.00
4.21,6.74,0.00, 0.00
4.21,6.63,0.00, 0.00
4.21,6.63,0.00, 0.00
4.21,6.63,0.00, 0.00
4.21,6.40,0.00, 0.00
4.21,6.32,0.00, 0.00
4.21,6.32,0.00, 0.00
4.21,6.32,0.00, 0.00
4.21,6.13,0.00, 0.00
4.21,6.13,0.00, 0.00
4.21,6.13,0.00, 0.00
4.21,6.13,0.00, 0.00
4.21,6.03,0.00, 0.00
4.21,6.03,0.00, 0.00
4.21,6.03,0.00, 0.00
4.21,6.03,0.00, 0.00
4.21,5.86,0.00, 0.00
4.21,5.78,0.00, 0.00
4.21,5.78,0.00, 0.00
4.21,5.70,0.00, 0.00
4.21,5.64,0.00, 0.00
4.21,5.64,0.00, 0.00
4.21,5.64,0.00, 0.00
4.21,5.44,0.00, 0.00
4.21,5.45,0.00, 0.50
4.21,5.45,0.00, 0.50
4.21,5.45,0.00, 0.50
4.21,5.39,0.00, 0.00
4.21,5.32,0.00, 0.00
4.21,5.32,0.00, 0.00
4.21,5.32,0.00, 0.00
4.21,5.32,0.00, 0.00
4.21,5.32,0.00, 0.00
4.21,5.32,0.00, 0.00
4.21,5.01,0.00, 0.00
4.21,5.01,0.00, 0.00
4.21,5.01,0.00, 0.00
4.21,5.01,0.00, 0.00
4.21,4.73,0.00, 0.00
4.21,4.73,0.00, 0.00
4.21,4.73,0.00, 0.00
4.21,4.73,0.00, 0.00
4.21,4.64,0.00, 0.00
4.21,4.54,0.00, 0.00
4.21,4.54,0.00, 0.00
4.21,4.54,0.00, 0.00
4.21,4.54,0.00, 0.00
4.21,4.54,0.00, 0.00
4.21,4.54,0.00, 0.00
4.21,4.54,0.00, 0.00
4.21,4.37,0.00, 0.00
4.21,4.37,0.00, 0.00
4.21,4.37,0.00, 0.00
4.21,4.37,0.00, 0.00
4.17,4.15,0.00, 0.00
4.17,4.15,0.00, 0.00
4.17,4.15,0.00, 0.00
4.17,4.15,0.00, 0.00
4.17,4.15,0.00, 0.00
4.17,4.15,0.00, 0.00
4.17,4.15,0.00, 0.00
4.01,3.75,0.00, 0.00
4.01,3.75,0.00, 0.00
4.01,3.75,0.00, 0.00
4.21,3.28,9.85, 0.00
4.21,3.28,9.85, 0.00
4.21,3.28,9.85, 0.00
4.21,3.28,9.85, 0.00
4.21,3.28,9.85, 0.00
4.21,3.28,9.85, 0.00
4.21,3.28,9.85, 0.00
4.21,3.28,9.85, 0.00
1.04,2.82,0.00, 0.00
1.04,2.82,0.00, 0.00
1.04,2.82,0.00, 0.00
2.39,2.17,66.51, 0.00
2.39,2.17,66.51, 0.00
2.39,2.17,66.51, 0.00
2.39,2.17,66.51, 0.00
2.39,2.17,66.51, 0.00
2.39,2.17,66.51, 0.00
2.39,2.17,66.51, 0.00
1.85,1.54,0.00, 0.00
1.85,1.54,0.00, 0.00
1.85,1.54,0.00, 0.00
1.48,1.35,0.00, 0.00
1.32,1.19,0.00, 0.00
1.32,1.19,0.00, 0.00
1.32,1.19,0.00, 0.00
0.90,0.85,0.00, 0.00
0.72,0.69,0.00, 0.00
0.72,0.69,0.00, 0.00
0.72,0.69,0.00, 0.00
0.72,0.69,0.00, 0.00
0.72,0.69,0.00, 0.00
0.72,0.69,0.00, 0.00
0.72,0.69,0.00, 0.00
0.41,0.45,0.00, 0.00
0.41,0.45,0.00, 0.00
0.41,0.45,0.00, 0.00
0.41,0.45,0.00, 0.00
0.41,0.45,0.00, 0.00
0.41,0.45,0.00, 0.00
0.41,0.45,0.00, 0.00
0.41,0.45,0.00, 0.00
0.41,0.45,0.00, 0.00
0.11,0.35,0.00, 0.00
0.11,0.35,0.00, 0.00
0.11,0.35,0.00, 0.00
0.11,0.35,0.00, 0.00
0.11,0.35,0.00, 0.00
0.11,0.35,0.00, 0.00
0.11,0.35,0.00, 0.00
0.00,0.38,0.00, 1.25
0.00,0.38,0.00, 1.25
0.00,0.38,0.00, 1.25
0.00,0.38,0.00, 0.50
0.03,0.38,1.48, 0.00
0.03,0.38,1.48, 0.00
0.03,0.38,1.48, 0.00
0.00,0.38,0.00, 0.00
0.00,0.38,0.00, 0.00
0.00,0.38,0.00, 0.00
0.00,0.38,0.00, 0.00
0.00,0.38,0.00, 0.00
0.00,0.38,0.00, 0.00
0.00,0.38,0.00, 0.00
0.00,0.37,0.00, 0.00
0.00,0.37,0.00, 0.00
0.00,0.37,0.00, 0.00
0.00,0.37,0.00, 0.00
0.00,0.38,0.00, 0.25
0.00,0.38,0.00, 0.25
0.00,0.38,0.00, 0.25
0.00,0.38,0.00, 0.00
0.00,0.38,0.00, 0.50
0.00,0.38,0.00, 0.50
0.00,0.38,0.00, 0.50
0.00,0.38,0.00, 0.50
0.00,0.39,0.00, 0.25
0.00,0.39,0.00, 0.00
0.00,0.39,0.00, 0.00
0.00,0.39,0.00, 0.00
0.00,0.39,0.00, 0.00
0.00,0.39,0.00, 0.00
0.00,0.39,0.00, 0.00
0.00,0.39,0.00, 0.00
0.00,0.38,0.00, 0.00
0.00,0.38,0.00, 0.00
0.00,0.38,0.00, 0.00
0.00,0.38,0.00, 0.00
0.00,0.41,0.00, 1.74
0.00,0.41,0.00, 1.74
0.00,0.41,0.00, 1.74
0.00,0.41,0.00, 1.74
0.00,0.41,0.00, 1.74
0.00,0.41,0.00, 1.74
0.00,0.41,0.00, 1.74
0.48,0.77,23.65, 18.19
0.48,0.77,23.65, 18.19
0.48,0.77,23.65, 18.19
0.48,0.77,23.65, 18.19
0.77,1.27,14.63, 24.73
0.77,1.27,14.63, 24.73
0.77,1.27,14.63, 24.73
0.77,1.27,14.63, 24.73
0.77,1.27,14.63, 24.73
0.77,1.27,14.63, 24.73
0.77,1.27,14.63, 24.73
1.37,2.01,29.77, 37.20
1.37,2.01,29.77, 37.20
1.37,2.01,29.77, 37.20
2.31,2.84,46.75, 41.48
2.31,2.84,46.75, 41.48
2.31,2.84,46.75, 41.48
2.31,2.84,46.75, 41.48
2.31,2.84,46.75, 41.48
3.20,3.68,44.53, 41.75
3.20,3.68,44.53, 41.75
3.20,3.68,44.53, 41.75
3.20,3.68,44.53, 41.75
4.11,4.60,45.49, 45.74
4.11,4.60,45.49, 45.74
4.11,4.60,45.49, 45.74
4.11,4.60,45.49, 45.74
4.11,4.60,45.49, 45.74
4.11,4.60,45.49, 45.74
4.11,4.60,45.49, 45.74
4.24,5.47,7.07, 44.01
4.24,5.47,7.07, 44.01
4.24,5.47,7.07, 44.01
4.24,5.47,7.07, 44.01
4.21,6.26,0.00, 39.52
4.21,6.26,0.00, 39.52
4.21,6.26,0.00, 39.52
4.21,6.26,0.00, 39.52
4.21,6.26,0.00, 39.52
4.21,6.26,0.00, 39.52
4.21,6.26,0.00, 39.52
4.21,6.88,0.00, 30.78
4.21,6.88,0.00, 30.78
4.21,6.88,0.00, 30.78
4.21,6.88,0.00, 30.78
4.21,7.41,0.00, 26.76
4.21,7.41,0.00, 26.76
4.21,7.41,0.00, 26.76
4.21,7.41,0.00, 26.76
4.21,7.41,0.00, 26.76
4.21,7.93,0.00, 25.75
4.21,7.93,0.00, 25.75
4.21,7.93,0.00, 25.75
4.21,7.93,0.00, 25.75
4.21,8.25,0.00, 15.79
4.21,8.25,0.00, 15.79
4.21,8.25,0.00, 15.79
4.21,8.25,0.00, 15.79
4.21,8.25,0.00, 15.79
4.21,8.25,0.00, 15.79
4.21,8.25,0.00, 15.79
4.21,8.25,0.00, 15.79
4.21,8.51,0.00, 13.51
4.21,8.51,0.00, 13.51
4.21,8.51,0.00, 13.51
4.21,8.90,0.00, 19.23
4.21,8.90,0.00, 19.23
4.21,8.90,0.00, 19.23
4.21,9.01,0.00, 5.80
4.21,9.11,0.00, 4.75
4.21,9.11,0.00, 4.75
4.21,9.11,0.00, 4.75
4.21,9.25,0.00, 6.99
4.21,9.25,0.00, 6.99
4.21,9.25,0.00, 6.99
4.21,9.25,0.00, 6.99
4.21,9.28,0.00, 1.77
4.21,9.28,0.00, 1.77
4.21,9.28,0.00, 1.77
4.21,9.35,0.00, 3.24
4.21,9.39,0.00, 1.76
4.21,9.39,0.00, 1.76
4.21,9.39,0.00, 1.76
4.21,9.48,0.00, 4.49
4.21,9.52,0.00, 2.26
4.21,9.52,0.00, 2.26
4.21,9.52,0.00, 2.26
4.21,9.52,0.00, 2.26
4.21,9.52,0.00, 2.26
4.21,9.63,0.00, 5.49
4.21,9.63,0.00, 5.49
4.21,9.63,0.00, 5.49
4.21,9.63,0.00, 5.49
4.21,9.65,0.00, 1.27
4.21,9.70,0.00, 2.50
4.21,9.70,0.00, 2.50
4.21,9.75,0.00, 2.25
4.21,9.79,0.00, 2.00
4.21,9.79,0.00, 2.00
4.21,9.79,0.00, 2.00
4.21,9.85,0.00, 3.25
4.21,9.89,0.00, 1.51
4.21,9.89,0.00, 1.51
4.21,9.89,0.00, 1.51
4.21,9.91,0.00, 1.50
4.21,9.91,0.00, 1.50
4.21,9.91,0.00, 1.50
4.21,9.91,0.00, 1.50
4.21,9.91,0.00, 1.50
4.21,9.91,0.00, 1.50
4.21,9.91,0.00, 1.50
4.21,9.91,0.00, 1.50
4.21,10.02,0.00, 5.24
4.21,10.02,0.00, 5.24
4.21,10.02,0.00, 5.24
4.21,10.02,0.00, 5.24
4.21,10.02,0.00, 5.24
4.21,10.02,0.00, 5.24
4.21,10.02,0.00, 5.24
4.21,10.08,0.00, 3.01
4.17,10.10,0.00, 1.26
4.17,10.10,0.00, 1.26
4.21,9.99,1.97, 0.00
4.21,9.99,1.97, 0.00
4.21,9.99,1.97, 0.00
4.21,9.99,1.97, 0.00
4.21,9.99,1.97, 0.00
4.21,9.99,1.97, 0.00
4.21,9.99,1.97, 0.00
4.22,9.88,0.52, 0.00
4.22,9.88,0.52, 0.00
4.22,9.88,0.52, 0.00
4.22,9.88,0.52, 0.00
4.22,9.61,0.01, 0.00
4.22,9.61,0.01, 0.00
4.22,9.61,0.01, 0.00
4.22,9.61,0.01, 0.00
4.21,9.36,0.00, 0.00
4.21,9.36,0.00, 0.00
4.21,9.36,0.00, 0.00
4.21,9.36,0.00, 0.00
4.23,9.23,0.99, 0.00
4.23,9.23,0.99, 0.00
4.23,9.23,0.99, 0.00
4.23,9.23,0.99, 0.00
4.28,8.80,2.48, 0.00
4.28,8.80,2.48, 0.00
4.28,8.80,2.48, 0.00
4.28,8.80,2.48, 0.00
4.28,8.80,2.48, 0.00
4.28,8.80,2.48, 0.00
4.28,8.80,2.48, 0.00
4.22,8.35,0.00, 0.00
4.22,8.35,0.00, 0.00
4.22,8.35,0.00, 0.00
4.17,7.94,0.00, 0.00
4.17,7.94,0.00, 0.00
4.17,7.94,0.00, 0.00
4.17,7.94,0.00, 0.00
4.17,7.94,0.00, 0.00
4.17,7.94,0.00, 0.00
4.17,7.94,0.00, 0.00
4.22,7.58,2.46, 0.00
4.22,7.58,2.46, 0.00
4.22,7.58,2.46, 0.00
4.22,7.58,2.46, 0.00
4.20,7.32,0.00, 0.00
4.20,7.32,0.00, 0.00
4.20,7.32,0.00, 0.00
4.20,7.32,0.00, 0.00
4.20,7.32,0.00, 0.00
4.20,7.32,0.00, 0.00
4.21,7.12,0.49, 0.00
4.21,7.12,0.49, 0.00
4.21,7.12,0.49, 0.00
4.21,7.12,0.49, 0.00
4.21,6.93,0.01, 0.00
4.21,6.93,0.01, 0.00
4.21,6.93,0.01, 0.00
4.21,6.93,0.01, 0.00
4.21,6.93,0.01, 0.00
4.21,6.93,0.01, 0.00
4.21,6.93,0.01, 0.00
4.21,6.76,0.00, 0.00
4.21,6.76,0.00, 0.00
4.21,6.76,0.00, 0.00
4.21,6.76,0.00, 0.00
4.21,6.54,0.00, 0.00
4.21,6.54,0.00, 0.00
4.21,6.54,0.00, 0.00
4.21,