0.00,0.43,0.00, 21.42
0.00,0.43,0.00, 0.00
0.00,0.44,0.00, 0.75
0.03,0.44,1.48, 0.00
0.00,0.44,0.00, 0.00
0.00,0.44,0.00, 0.00
0.02,0.44,0.99, 0.00
0.00,0.46,0.00, 0.75
0.03,0.44,1.48, 0.00
0.00,0.44,0.00, 0.00
0.00,0.43,0.00, 0.00
0.03,0.44,1.48, 0.50
0.00,0.44,0.00, 0.25
0.01,0.44,0.49, 0.00
0.00,0.44,0.00, 0.00
0.00,0.44,0.00, 0.00
0.01,0.44,0.49, 0.00
0.00,0.44,0.00, 0.00
0.00,0.45,0.00, 0.50
0.00,0.43,0.00, 0.00
0.00,0.44,0.00, 0.25
0.00,0.44,0.00, 0.25
0.00,0.43,0.00, 0.00
0.00,0.43,0.00, 0.00
0.00,0.45,0.00, 1.00
0.00,0.44,0.00, 0.00
0.00,0.44,0.00, 0.00
0.00,0.44,0.00, 0.25
0.00,0.44,0.00, 0.00
0.00,0.44,0.00, 0.00
0.00,0.44,0.00, 0.00
0.00,0.42,0.00, 0.00
0.00,0.43,0.00, 0.25
0.00,0.44,0.00, 0.75
0.00,0.44,0.00, 0.00
0.00,0.43,0.00, 0.00
0.00,0.44,0.00, 0.50
0.00,0.43,0.00, 0.00
0.00,0.44,0.00, 0.25
0.00,0.44,0.00, 0.25
0.00,0.44,0.00, 0.00
0.00,0.44,0.00, 0.00
0.00,0.44,0.00, 0.00
0.00,0.43,0.00, 0.00
0.00,0.43,0.00, 0.00
0.00,0.43,0.00, 0.25
0.00,0.44,0.00, 0.25
0.00,0.44,0.00, 0.25
0.00,0.44,0.00, 0.00
0.00,0.44,0.00, 0.00
0.00,0.44,0.00, 0.00
0.00,0.44,0.00, 0.00
0.00,0.46,0.00, 0.75
0.00,0.44,0.00, 0.00
0.00,0.44,0.00, 0.00
0.00,0.44,0.00, 0.00
0.00,0.43,0.00, 0.00
0.00,0.44,0.00, 0.50
0.00,0.46,0.00, 0.75
0.00,0.44,0.00, 0.00
0.00,0.44,0.00, 0.00
0.00,0.44,0.00, 0.00
0.00,0.44,0.00, 0.25
0.00,0.43,0.00, 0.00
0.00,0.44,0.00, 0.25
0.00,0.44,0.00, 0.25
0.00,0.44,0.00, 0.00
0.00,0.44,0.00, 0.00
0.00,0.44,0.00, 0.00
0.00,0.44,0.00, 0.00
0.00,0.44,0.00, 0.00
0.00,0.44,0.00, 0.00
0.00,0.44,0.00, 0.00
0.00,0.44,0.00, 0.00
0.00,0.43,0.00, 0.00
0.00,0.44,0.00, 0.25
0.00,0.44,0.00, 0.25
0.00,0.46,0.00, 0.75
0.00,0.44,0.00, 0.00
0.00,0.44,0.00, 0.00
0.00,0.43,0.00, 0.00
0.00,0.43,0.00, 0.00
0.00,0.44,0.00, 0.50
0.00,0.43,0.00, 0.00
0.00,0.44,0.00, 0.50
0.00,0.44,0.00, 0.50
0.00,0.44,0.00, 0.00
0.00,0.44,0.00, 0.00
0.00,0.44,0.00, 0.00
0.00,0.43,0.00, 0.00
0.00,0.43,0.00, 0.00
0.00,0.42,0.00, 0.00
0.00,0.44,0.00, 0.75
0.00,0.44,0.00, 0.25
0.00,0.43,0.00, 0.00
0.00,0.44,0.00, 0.25
0.00,0.43,0.00, 0.00
0.00,0.44,0.00, 0.50
0.00,0.44,0.00, 0.00
0.00,0.44,0.00, 0.00
0.00,0.44,0.00, 0.00
0.00,0.44,0.00, 0.00
0.00,0.43,0.00, 0.00
0.00,0.44,0.00, 0.25
0.00,0.44,0.00, 0.25
0.00,0.44,0.00, 0.25
0.00,0.44,0.00, 0.00
0.00,0.44,0.00, 0.00
0.00,0.44,0.00, 0.00
0.00,0.44,0.00, 0.00
0.00,0.44,0.00, 0.00
0.00,0.44,0.00, 0.00
0.00,0.46,0.00, 0.75
0.00,0.44,0.00, 0.00
0.00,0.75,0.00, 15.19
0.00,0.83,0.00, 4.04
0.00,0.88,0.00, 2.75
0.00,0.94,0.00, 2.50
0.00,0.99,0.00, 2.75
0.00,0.99,0.00, 2.75
0.07,1.05,3.45, 3.25
0.27,1.09,9.90, 1.51
0.27,1.09,9.90, 1.51
0.38,1.13,5.56, 2.25
0.34,1.14,0.00, 0.76
0.29,1.15,0.00, 0.25
0.25,1.16,0.00, 0.50
0.25,1.19,0.00, 1.25
0.33,1.25,3.94, 2.99
0.33,1.25,3.94, 2.99
0.46,1.31,6.46, 3.25
0.46,1.31,6.46, 3.25
0.59,1.38,6.50, 3.25
0.59,1.38,6.50, 3.25
0.59,1.38,6.50, 3.25
0.73,1.42,6.99, 2.25
0.86,1.48,6.51, 3.25
0.95,1.54,4.53, 2.75
1.02,1.65,3.52, 5.49
1.07,1.76,2.51, 5.75
1.11,1.89,2.01, 6.50
1.13,2.01,1.01, 5.75
1.16,2.15,1.49, 7.24
1.16,2.15,1.49, 7.24
1.21,2.28,2.49, 6.25
1.24,2.47,1.51, 9.49
1.25,2.63,0.51, 8.25
1.25,2.82,0.01, 9.25
1.25,3.00,0.00, 9.00
1.25,3.16,0.00, 8.25
1.25,3.31,0.00, 7.25
1.23,3.46,0.00, 7.50
1.25,3.57,0.99, 5.76
1.25,3.76,0.01, 8.99
1.25,3.91,0.00, 7.51
1.23,4.03,0.00, 6.25
1.23,4.03,0.00, 6.25
1.25,4.17,0.99, 7.00
1.25,4.17,0.99, 7.00
1.25,4.30,0.01, 6.25
1.25,4.43,0.00, 6.50
1.25,4.54,0.00, 5.75
1.25,4.62,0.00, 4.26
1.25,4.72,0.00, 5.00
1.25,4.78,0.00, 2.76
1.23,4.89,0.00, 5.74
1.23,4.89,0.00, 5.74
1.25,5.01,0.99, 6.00
1.23,5.15,0.00, 6.75
1.25,5.29,0.99, 7.00
1.23,5.48,0.00, 9.24
1.22,5.62,0.00, 7.26
1.22,5.76,0.00, 7.00
1.22,5.89,0.00, 6.25
1.24,5.97,0.99, 4.51
1.25,6.09,0.51, 5.75
1.25,6.24,0.01, 7.24
1.23,6.37,0.00, 6.75
1.25,6.55,0.99, 9.24
1.25,6.78,0.01, 11.24
1.25,7.05,0.00, 13.49
1.25,7.35,0.00, 14.99
1.25,7.66,0.00, 15.50
1.23,7.97,0.00, 15.75
1.25,8.27,0.99, 15.00
1.23,8.54,0.00, 13.26
1.25,8.78,0.99, 12.00
1.25,8.99,0.01, 10.51
1.23,9.20,0.00, 10.75
1.22,9.43,0.00, 11.50
1.24,9.66,0.99, 11.50
1.25,9.94,0.51, 13.74
1.25,10.25,0.01, 15.49
1.25,10.57,0.00, 16.00
1.25,10.89,0.00, 15.75
1.23,11.18,0.00, 14.50
1.22,11.48,0.00, 15.50
1.22,11.80,0.00, 15.75
1.24,12.11,0.99, 15.75
1.25,12.47,0.51, 17.74
1.23,12.88,0.00, 20.49
1.25,13.27,0.99, 19.75
1.23,13.68,0.00, 20.50
1.25,14.11,0.99, 21.50
1.25,14.52,0.01, 20.50
1.25,14.93,0.00, 20.50
1.25,15.38,0.00, 21.99
1.25,15.38,0.00, 21.99
1.23,15.84,0.00, 23.00
1.23,15.84,0.00, 23.00
1.23,15.84,0.00, 23.00
1.25,16.30,0.99, 23.00
1.23,16.70,0.00, 20.26
1.23,16.70,0.00, 20.26
1.25,17.15,0.99, 22.74
1.25,17.59,0.01, 21.75
1.25,18.08,0.00, 24.24
1.25,18.48,0.00, 20.02
1.25,18.79,0.00, 15.77
1.25,19.10,0.00, 15.25
1.23,19.39,0.00, 14.75
1.23,19.39,0.00, 14.75
1.22,19.68,0.00, 14.50
1.22,19.82,0.00, 7.03
1.24,19.85,0.99, 1.27
1.23,19.85,0.00, 0.25
1.22,19.85,0.00, 0.25
1.22,19.85,0.00, 0.00
1.24,19.85,0.99, 0.00
1.23,19.85,0.00, 0.00
1.25,19.85,0.99, 0.00
1.25,19.85,0.01, 0.00
1.23,19.85,0.00, 0.00
1.22,19.85,0.00, 0.00
1.22,19.85,0.00, 0.00
1.22,19.85,0.00, 0.00
1.24,19.85,0.99, 0.00
1.24,19.85,0.99, 0.00
1.24,19.85,0.99, 0.00
1.25,19.85,0.51, 0.00
1.25,19.85,0.01, 0.00
1.25,19.85,0.01, 0.00
1.25,19.85,0.01, 0.00
1.23,19.87,0.00, 0.50
1.22,19.85,0.00, 0.00
1.22,19.85,0.00, 0.00
1.24,19.85,0.99, 0.00
1.25,19.85,0.51, 0.00
1.23,19.85,0.00, 0.00
1.25,19.85,0.99, 0.00
1.25,19.85,0.01, 0.00
1.25,19.85,0.00, 0.00
1.25,19.85,0.00, 0.00
1.23,19.85,0.00, 0.00
1.25,19.85,0.99, 0.00
1.25,19.85,0.01, 0.00
1.23,19.85,0.00, 0.00
1.25,19.85,0.99, 0.00
1.23,19.85,0.00, 0.00
1.25,19.85,0.99, 0.00
1.23,19.85,0.00, 0.00
1.25,19.85,0.99, 0.00
1.23,19.85,0.00, 0.50
1.25,19.85,0.99, 0.00
1.25,19.85,0.01, 0.00
1.25,19.85,0.00, 0.00
1.23,19.85,0.00, 0.00
1.25,19.85,0.99, 0.00
1.23,19.85,0.00, 0.00
1.25,19.85,0.99, 0.00
1.25,19.85,0.01, 0.00
1.23,19.85,0.00, 0.00
1.25,19.85,0.99, 0.00
1.25,19.85,0.01, 0.00
1.25,19.85,0.00, 0.00
1.23,19.85,0.00, 0.00
1.25,19.85,0.99, 0.00
1.25,19.85,0.01, 0.00
1.25,19.85,0.00, 0.00
1.25,19.85,0.00, 0.00
1.25,19.85,0.00, 0.00
1.23,19.85,0.00, 0.00
1.22,19.85,0.00, 0.00
1.22,19.85,0.00, 0.00
1.24,19.85,0.99, 0.00
1.25,19.85,0.51, 0.00
1.25,19.85,0.01, 0.00
1.25,19.85,0.00, 0.00
1.25,19.85,0.00, 0.00
1.25,19.85,0.00, 0.00
1.25,19.85,0.00, 0.00
1.25,19.85,0.00, 0.00
1.23,19.85,0.00, 0.00
1.25,19.85,0.99, 0.00
1.23,19.85,0.00, 0.00
1.25,19.85,0.99, 0.00
1.23,19.85,0.00, 0.00
1.25,19.85,0.99, 0.00
1.25,19.85,0.01, 0.00
1.25,19.85,0.00, 0.00
1.25,19.85,0.00, 0.00
1.25,19.85,0.00, 0.00
1.25,19.85,0.00, 0.00
1.25,19.85,0.00, 0.00
1.25,19.85,0.00, 0.00
1.25,19.44,0.00, 0.00
1.25,18.94,0.00, 0.00
1.25,18.51,0.00, 0.00
1.25,17.95,0.00, 0.00
1.23,17.45,0.00, 0.00
1.25,17.06,0.99, 0.00
1.25,16.71,0.01, 0.00
1.23,16.42,0.00, 0.00
1.25,16.14,0.99, 0.00
1.25,15.81,0.01, 0.00
1.25,15.40,0.00, 0.00
1.25,14.97,0.00, 0.00
1.25,14.51,0.00, 0.00
1.25,13.98,0.00, 0.00
1.23,13.41,0.00, 0.00
1.25,12.83,0.99, 0.00
1.25,12.32,0.01, 0.00
1.25,11.82,0.00, 0.00
1.25,11.41,0.00, 0.00
1.25,11.06,0.00, 0.00
1.23,10.75,0.00, 0.00
1.25,10.42,0.99, 0.00
1.25,10.10,0.01, 0.00
1.25,9.78,0.00, 0.00
1.25,9.49,0.00, 0.00
1.25,9.23,0.00, 0.00
1.25,8.95,0.00, 0.00
1.25,8.65,0.00, 0.00
1.25,8.34,0.00, 0.00
1.25,8.06,0.00, 0.00
1.25,7.84,0.00, 0.00
1.25,7.52,0.00, 0.00
1.23,7.36,0.00, 0.00
1.22,7.12,0.00, 0.00
1.24,6.88,0.99, 0.00
1.25,6.59,0.51, 0.00
1.25,6.29,0.01, 0.00
1.25,5.99,0.00, 0.00
1.25,5.68,0.00, 0.00
1.25,5.39,0.00, 0.00
1.25,5.14,0.00, 0.00
1.25,4.91,0.00, 0.00
1.25,4.68,0.00, 0.00
1.25,4.68,0.00, 0.00
1.25,4.47,0.00, 0.00
1.23,4.24,0.00, 0.00
1.22,4.06,0.00, 0.00
1.22,3.86,0.00, 0.00
1.24,3.68,0.99, 0.00
1.23,3.56,0.00, 0.00
1.25,3.40,0.99, 0.00
1.23,3.23,0.00, 0.00
1.22,3.11,0.00, 0.00
1.22,2.99,0.00, 0.00
1.24,2.88,0.99, 0.00
1.23,2.78,0.00, 0.00
1.25,2.63,0.99, 0.00
1.25,2.53,0.01, 0.00
1.25,2.43,0.00, 0.00
1.23,2.33,0.00, 0.00
1.22,2.25,0.00, 0.00
1.22,2.14,0.00, 0.00
1.24,2.07,0.99, 0.00
1.25,2.01,0.51, 0.00
1.23,1.97,0.00, 0.00
1.25,1.92,0.99, 0.00
1.25,1.91,0.01, 0.00
1.25,1.88,0.00, 0.00
1.23,1.84,0.00, 0.00
1.25,1.80,0.99, 0.00
1.25,1.76,0.01, 0.00
1.25,1.71,0.00, 0.00
1.25,1.65,0.00, 0.00
1.23,1.61,0.00, 0.00
1.25,1.56,0.99, 0.00
1.25,1.50,0.01, 0.00
1.25,1.45,0.00, 0.00
1.25,1.40,0.00, 0.00
1.25,1.36,0.00, 0.00
1.23,1.33,0.00, 0.00
1.22,1.28,0.00, 0.00
1.24,1.26,0.99, 0.00
1.25,1.22,0.51, 0.00
1.25,1.22,0.01, 0.25
1.25,1.21,0.00, 0.00
1.25,1.21,0.00, 0.00
1.25,1.19,0.00, 0.00
1.23,1.18,0.00, 0.00
1.25,1.16,0.99, 0.00
1.23,1.15,0.00, 0.00
1.22,1.13,0.00, 0.00
1.22,1.15,0.00, 1.00
1.24,1.15,0.99, 0.00
1.25,1.16,0.51, 0.50
1.25,1.14,0.01, 0.00
1.25,1.14,0.01, 0.00
1.25,1.13,0.00, 0.00
1.23,1.12,0.00, 0.00
1.23,1.12,0.00, 0.00
1.25,1.12,0.99, 0.00
1.25,1.10,0.01, 0.00
1.25,1.08,0.00, 0.00
1.23,1.06,0.00, 0.00
1.22,1.04,0.00, 0.00
1.24,1.04,0.99, 0.00
1.25,1.04,0.51, 0.00
1.23,1.03,0.00, 0.00
1.25,1.03,0.99, 0.00
1.25,1.03,0.01, 0.00
1.25,1.04,0.00, 0.50
1.25,1.04,0.00, 0.00
1.25,1.06,0.00, 0.75
1.23,1.06,0.00, 0.00
1.25,1.04,0.99, 0.00
1.23,1.04,0.00, 0.00
1.25,1.03,0.99, 0.00
1.23,1.02,0.00, 0.00
1.25,1.00,0.99, 0.00
1.25,1.00,0.01, 0.00
1.23,1.00,0.00, 0.00
1.22,0.99,0.00, 0.00
1.22,0.99,0.00, 0.00
1.22,0.99,0.00, 0.00
1.24,0.99,0.99, 0.00
1.25,0.99,0.51, 0.00
1.23,0.98,0.00, 0.00
1.25,0.98,0.99, 0.00
1.23,0.96,0.00, 0.00
1.25,0.96,0.99, 0.00
1.25,0.95,0.01, 0.00
1.23,0.94,0.00, 0.00
1.25,0.94,0.99, 0.00
1.25,0.94,0.01, 0.00
1.25,0.93,0.00, 0.00
1.23,0.91,0.00, 0.00
1.25,0.90,0.99, 0.00
1.25,0.89,0.01, 0.00
1.25,0.90,0.00, 0.00
1.25,0.88,0.00, 0.00
1.25,0.88,0.00, 0.00
1.23,0.88,0.00, 0.00
1.25,0.88,0.99, 0.00
1.23,0.88,0.00, 0.00
1.25,0.86,0.99, 0.00
1.23,0.86,0.00, 0.00
1.23,0.86,0.00, 0.00
1.25,0.85,0.99, 0.00
1.23,0.85,0.00, 0.00
1.23,0.85,0.00, 0.00
1.25,0.85,0.99, 0.00
1.23,0.85,0.00, 0.00
1.25,0.86,0.99, 0.50
1.25,0.85,0.01, 0.00
1.25,0.87,0.00, 1.00
1.25,0.87,0.00, 0.00
1.25,0.86,0.00, 0.00
1.25,0.86,0.00, 0.00
1.23,0.86,0.00, 0.00
1.25,0.86,0.99, 0.00
1.23,0.86,0.00, 0.00
1.25,0.84,0.99, 0.00
1.25,0.85,0.01, 0.00
1.25,0.86,0.00, 0.50
1.25,0.85,0.00, 0.00
1.25,0.86,0.00, 0.50
1.25,0.86,0.00, 0.00
1.25,0.86,0.00, 0.00
1.25,0.86,0.00, 0.00
1.23,0.86,0.00, 0.00
1.25,0.86,0.99, 0.00
1.23,0.86,0.00, 0.00
1.22,0.84,0.00, 0.00
0.81,0.83,0.00, 0.00
0.86,0.81,2.46, 0.00
1.11,0.81,12.35, 0.25
1.11,0.82,0.18, 0.25
1.01,0.83,0.00, 0.50
0.98,0.82,0.00, 0.00
0.98,0.82,0.00, 0.00
0.98,0.81,0.00, 0.00
0.96,0.81,0.00, 0.00
0.95,0.81,0.00, 0.00
0.97,0.81,0.99, 0.00
1.00,0.80,1.49, 0.00
1.03,0.81,1.50, 0.50
1.03,0.81,0.02, 0.00
1.03,0.78,0.00, 0.00
1.03,0.76,0.00, 0.00
1.01,0.75,0.00, 0.00
0.96,0.74,0.00, 0.00
0.89,0.72,0.00, 0.00
0.81,0.68,0.00, 0.00
0.75,0.65,0.00, 0.00
0.69,0.65,0.00, 0.00
0.62,0.63,0.00, 0.00
0.58,0.61,0.00, 0.00
0.57,0.61,0.00, 0.00
0.55,0.60,0.00, 0.00
0.55,0.60,0.00, 0.00
0.54,0.58,0.00, 0.00
0.52,0.56,0.00, 0.00
0.45,0.56,0.00, 0.00
0.44,0.53,0.00, 0.00
0.44,0.52,0.00, 0.00
0.33,0.52,0.00, 0.00
0.33,0.52,0.00, 0.00
0.35,0.50,0.99, 0.00
0.31,0.50,0.00, 0.00
0.32,0.48,0.49, 0.00
0.28,0.47,0.00, 0.00
0.25,0.46,0.00, 0.00
0.27,0.46,0.99, 0.00
0.23,0.47,0.00, 0.50
0.20,0.45,0.00, 0.00
0.19,0.44,0.00, 0.00
0.17,0.44,0.00, 0.00
0.16,0.44,0.00, 0.00
0.14,0.43,0.00, 0.00
0.14,0.44,0.00, 0.50
0.16,0.43,0.99, 0.00
0.12,0.44,0.00, 0.50
0.00,0.44,0.00, 0.00
0.02,0.44,0.99, 0.00
0.00,0.44,0.00, 0.00
0.00,0.44,0.00, 0.00
0.02,0.44,0.99, 0.00
0.00,0.43,0.00, 0.00
0.00,0.44,0.00, 0.25
0.02,0.44,0.99, 0.25
0.00,0.43,0.00, 0.00
0.00,0.44,0.00, 0.25
0.00,0.44,0.00, 0.25
0.00,0.44,0.00, 0.00
0.00,0.43,0.00, 0.00
0.00,0.44,0.00, 0.25
0.00,0.44,0.00, 0.25
0.00,0.44,0.00, 0.00
0.00,0.44,0.00, 0.00
0.00,0.43,0.00, 0.00
0.00,0.44,0.00, 0.25
0.00,0.43,0.00, 0.00
0.00,0.44,0.00, 0.50
0.00,0.44,0.00, 0.00
0.00,0.44,0.00, 0.00
0.00,0.44,0.00, 0.00
0.00,0.43,0.00, 0.00
0.00,0.43,0.00, 0.00
0.00,0.42,0.00, 0.00
0.00,0.44,0.00, 0.75
0.00,0.44,0.00, 0.25
0.00,0.44,0.00, 0.00
0.00,0.43,0.00, 0.00
0.00,0.44,0.00, 0.25
0.00,0.42,0.00, 0.00
0.00,0.44,0.00, 0.75
0.00,0.44,0.00, 0.25
0.00,0.43,0.00, 0.00
0.00,0.43,0.00, 0.00
0.00,0.43,0.00, 0.00
0.00,0.43,0.00, 0.00
0.00,0.43,0.00, 0.00
0.00,0.44,0.00, 0.50
0.00,0.44,0.00, 0.25
0.00,0.44,0.00, 0.00
0.00,0.44,0.00, 0.00
0.00,0.44,0.00, 0.00
0.00,0.44,0.00, 0.00
0.00,0.44,0.00, 0.00
0.00,0.43,0.00, 0.00
0.00,0.44,0.00, 0.50
0.00,0.43,0.00, 0.00
0.00,0.44,0.00, 0.50
0.00,0.44,0.00, 0.00
0.00,0.44,0.00, 0.00
0.00,0.44,0.00, 0.00
0.00,0.44,0.00, 0.00
0.00,0.42,0.00, 0.00
0.00,0.42,0.00, 0.00
0.00,0.44,0.00, 1.00
0.00,0.43,0.00, 0.00
0.00,0.44,0.00, 0.25
0.00,0.43,0.00, 0.00
0.02,0.44,0.99, 0.25
0.00,0.43,0.00, 0.00
0.00,0.44,0.00, 0.25
0.00,0.44,0.00, 0.25
0.00,0.44,0.00, 0.00
0.00,0.44,0.00, 0.00
0.00,0.44,0.00, 0.00
0.00,0.43,0.00, 0.00
0.00,0.44,0.00, 0.50
0.00,0.44,0.00, 0.00
0.00,0.43,0.00, 0.00
0.00,0.43,0.00, 0.00
0.00,0.44,0.00, 0.75
0.00,0.43,0.00, 0.00
0.00,0.44,0.00, 0.25
0.00,0.44,0.00, 0.25
0.00,0.43,0.00, 0.00
0.00,0.43,0.00, 0.00
0.00,0.43,0.00, 0.25
0.00,0.43,0.00, 0.00
0.00,0.43,0.00, 0.00
0.00,0.44,0.00, 0.50
0.00,0.43,0.00, 0.00
0.00,0.44,0.00, 0.25
0.00,0.43,0.00, 0.00
0.00,0.44,0.00, 0.25
0.00,0.44,0.00, 0.25
0.00,0.43,0.00, 0.00
0.00,0.44,0.00, 0.25
0.00,0.44,0.00, 0.25
0.00,0.43,0.00, 0.00
0.00,0.44,0.00, 0.25
0.00,0.43,0.00, 0.00
0.00,0.44,0.00, 0.50
0.00,0.44,0.00, 0.00
0.00,0.44,0.00, 0.00
0.00,0.44,0.00, 0.00
0.00,0.44,0.00, 0.00
0.00,0.46,0.00, 0.75
0.00,0.44,0.00, 0.00
0.00,0.44,0.00, 0.00
0.00,0.43,0.00, 0.00
0.00,0.43,0.00, 0.00
0.00,0.44,0.00, 0.50
0.00,0.43,0.00, 0.00
0.00,0.42,0.00, 0.00
0.00,0.44,0.00, 0.75
0.00,0.44,0.00, 0.25
0.00,0.44,0.00, 0.00
0.00,0.44,0.00, 0.00
0.00,0.44,0.00, 0.00
0.00,0.43,0.00, 0.00
0.00,0.43,0.00, 0.00
0.00,0.44,0.00, 0.50
0.00,0.44,0.00, 0.00
0.00,0.44,0.00, 0.00
0.00,0.44,0.00, 0.00
0.00,0.44,0.00, 0.00
0.00,0.44,0.00, 0.00
0.00,0.43,0.00, 0.00
0.00,0.43,0.00, 0.00
0.00,0.42,0.00, 0.00
0.00,0.42,0.00, 0.00
0.00,0.43,0.00, 0.50
0.00,0.43,0.00, 0.50
0.00,0.43,0.00, 0.00
0.00,0.43,0.00, 0.00
0.00,0.43,0.00, 0.00
0.00,0.44,0.00, 0.50
0.00,0.44,0.00, 0.25
0.00,0.42,0.00, 0.00
0.00,0.43,0.00, 0.25
0.00,0.43,0.00, 0.00
0.00,0.44,0.00, 0.50
0.00,0.44,0.00, 0.25
0.00,0.44,0.00, 0.00
0.00,0.43,0.00, 0.00
0.00,0.44,0.00, 0.50
0.00,0.43,0.00, 0.00
0.00,0.44,0.00, 0.25
0.00,0.44,0.00, 0.25
0.00,0.43,0.00, 0.00
0.00,0.44,0.00, 0.50
0.00,0.43,0.00, 0.00
0.00,0.44,0.00, 0.25
0.00,0.44,0.00, 0.25
0.00,0.44,0.00, 0.00
0.00,0.44,0.00, 0.00
0.00,0.43,0.00, 0.00
0.00,0.44,0.00, 0.25
0.00,0.44,0.00, 0.25
0.00,0.44,0.00, 0.00
0.00,0.44,0.00, 0.00
0.00,0.43,0.00, 0.00
0.00,0.42,0.00, 0.00
0.00,0.44,0.00, 0.75
0.00,0.44,0.00, 0.25
0.00,0.44,0.00, 0.00
0.00,0.44,0.00, 0.00
0.00,0.43,0.00, 0.00
0.00,0.44,0.00, 0.25
0.00,0.45,0.00, 0.75
0.00,0.46,0.00, 0.50
0.00,0.47,0.00, 0.50
0.00,0.48,0.00, 0.50
0.00,0.49,0.00, 0.50
0.00,0.49,0.00, 0.00
0.00,0.50,0.00, 0.50
0.00,0.52,0.00, 1.25
0.00,0.55,0.00, 1.25
0.00,0.58,0.00, 1.50
0.02,0.60,0.99, 0.75
0.03,0.62,0.51, 1.25
0.07,0.62,1.98, 0.25
0.12,0.65,2.49, 1.50
0.18,0.67,2.99, 0.75
0.25,0.69,3.49, 0.75
0.31,0.73,3.01, 2.24
0.39,0.77,3.99, 2.00
0.43,0.80,2.03, 1.50
0.50,0.82,3.48, 1.25
0.53,0.86,1.53, 1.50
0.56,0.88,1.50, 1.25
0.63,0.92,3.47, 1.75
0.71,0.95,3.99, 2.00
0.77,1.00,3.01, 2.00
0.83,1.03,3.00, 2.00
0.88,1.09,2.51, 2.50
0.88,1.09,2.51, 2.50
0.92,1.15,2.01, 3.25
0.97,1.19,2.49, 2.00
0.97,1.19,2.49, 2.00
0.98,1.24,0.53, 2.50
1.00,1.30,0.99, 3.00
1.07,1.35,3.46, 2.50
1.13,1.41,3.01, 3.25
1.16,1.48,1.52, 3.25
1.19,1.55,1.50, 3.50
1.19,1.55,1.50, 3.50
1.22,1.59,1.50, 2.01
1.22,1.59,1.50, 2.01
1.24,1.65,1.01, 3.25
1.24,1.65,1.01, 3.25
1.25,1.69,0.51, 1.76
1.25,1.71,0.01, 1.25
1.25,1.75,0.00, 2.00
1.25,1.79,0.00, 1.50
1.25,1.80,0.00, 0.75
1.25,1.83,0.00, 1.50
1.25,1.83,0.00, 1.50
1.25,1.83,0.00, 1.50
1.25,1.86,0.00, 1.25
1.25,1.88,0.00, 1.00
1.25,1.88,0.00, 0.50
1.25,1.91,0.00, 1.25
1.25,1.95,0.00, 2.00
1.25,1.97,0.00, 1.25
1.23,2.00,0.00, 1.25
1.25,2.04,0.99, 2.00
1.23,2.06,0.00, 1.00
1.25,2.09,0.99, 1.25
1.23,2.09,0.00, 0.25
1.22,2.11,0.00, 0.75
1.24,2.10,0.99, 0.00
1.23,2.10,0.00, 0.00
1.22,2.10,0.00, 0.00
1.24,2.07,0.99, 0.00
1.25,2.07,0.51, 0.00
1.23,2.05,0.00, 0.00
1.25,2.01,0.99, 0.00
1.23,1.99,0.00, 0.00
1.25,1.95,0.99, 0.00
1.23,1.92,0.00, 0.00
1.22,1.89,0.00, 0.00
1.22,1.87,0.00, 0.00
1.24,1.87,0.99, 0.00
1.25,1.87,0.51, 0.00
1.25,1.84,0.01, 0.00
1.25,1.84,0.00, 0.00
1.25,1.84,0.00, 0.00
1.25,1.82,0.00, 0.00
1.25,1.83,0.00, 0.50
1.25,1.81,0.00, 0.00
1.25,1.79,0.00, 0.00
1.25,1.77,0.00, 0.00
1.23,1.77,0.00, 0.00
1.25,1.74,0.99, 0.00
1.25,1.74,0.01, 0.00
1.23,1.70,0.00, 0.00
1.25,1.70,0.99, 0.00
1.23,1.69,0.00, 0.00
1.25,1.67,0.99, 0.00
1.25,1.64,0.01, 0.00
1.23,1.63,0.00, 0.00
1.25,1.63,0.99, 0.00
1.23,1.62,0.00, 0.00
1.25,1.62,0.99, 0.00
1.25,1.60,0.01, 0.00
1.25,1.60,0.00, 0.00
1.23,1.59,0.00, 0.00
1.25,1.60,0.99, 0.50
1.25,1.60,0.01, 0.00
1.25,1.62,0.00, 1.25
1.23,1.62,0.00, 0.00
1.23,1.62,0.00, 0.00
1.22,1.62,0.00, 0.00
1.22,1.62,0.00, 0.00
1.24,1.65,0.99, 1.49
1.25,1.67,0.51, 1.00
1.23,1.72,0.00, 2.25
1.25,1.73,0.99, 0.76
1.25,1.76,0.01, 1.25
1.25,1.80,0.00, 1.75
1.25,1.82,0.00, 1.00
1.23,1.85,0.00, 1.75
1.25,1.88,0.99, 1.50
1.25,1.91,0.01, 1.50
1.25,1.91,0.00, 0.01
1.25,1.92,0.00, 0.50
1.25,1.91,0.00, 0.00
1.25,1.95,0.00, 1.74
1.25,1.95,0.00, 0.01
1.25,1.96,0.00, 0.75
1.23,1.99,0.00, 1.25
1.25,1.99,0.99, 0.00
1.25,2.02,0.01, 1.49
1.25,2.02,0.01, 1.49
1.25,2.03,0.00, 0.50
1.25,2.03,0.00, 0.50
1.25,2.09,0.00, 2.99
1.25,2.12,0.00, 1.51
1.25,2.18,0.00, 2.99
1.25,2.26,0.00, 4.00
1.25,2.33,0.00, 3.50
1.23,2.42,0.00, 4.75
1.22,2.49,0.00, 3.26
1.24,2.62,0.99, 6.24
1.25,2.72,0.51, 5.25
1.25,2.84,0.01, 5.75
1.25,2.94,0.00, 5.25
1.25,3.03,0.00, 4.75
1.23,3.12,0.00, 4.00
1.25,3.16,0.99, 2.51
1.25,3.24,0.01, 3.75
1.25,3.28,0.00, 2.26
1.25,3.38,0.00, 4.99
1.25,3.49,0.00, 5.50
1.23,3.59,0.00, 4.75
1.22,3.74,0.00, 7.49
1.22,3.93,0.00, 9.49
1.24,4.12,0.99, 9.50
1.25,4.34,0.51, 10.75
1.25,4.56,0.01, 11.00
1.23,4.74,0.00, 9.26
1.25,4.93,0.99, 9.50
1.25,5.11,0.01, 9.00
1.25,5.24,0.00, 6.51
1.25,5.38,0.00, 6.75
1.25,5.38,0.00, 6.75
1.25,5.52,0.00, 7.25
1.25,5.68,0.00, 8.00
1.25,5.89,0.00, 10.24
1.23,6.14,0.00, 12.49
1.27,6.45,1.97, 15.74
1.23,6.77,0.00, 16.25
1.25,7.12,0.99, 17.25
1.25,7.48,0.01, 18.25
1.25,7.48,0.01, 18.25
1.25,7.48,0.01, 18.25
1.25,7.88,0.00, 19.50
1.25,8.21,0.00, 16.76
1.23,8.51,0.00, 14.76
1.25,8.77,0.99, 13.26
1.23,8.96,0.00, 9.51
1.25,9.16,0.99, 10.25
1.25,9.37,0.01, 10.25
1.23,9.55,0.00, 9.00
1.22,9.77,0.00, 10.74
1.24,10.02,0.99, 12.99
1.25,10.27,0.51, 12.25
1.25,10.56,0.01, 14.24
1.23,10.84,0.00, 14.00
1.25,11.11,0.99, 13.75
1.25,11.42,0.01, 15.24
1.25,11.71,0.00, 14.75
1.25,11.98,0.00, 13.50
1.25,12.26,0.00, 14.25
1.23,12.52,0.00, 13.00
1.22,12.83,0.00, 15.24
1.24,13.12,0.99, 14.50
1.25,13.48,0.51, 17.74
1.25,13.82,0.01, 17.00
1.25,14.15,0.00, 16.50
1.25,14.15,0.00, 16.50
1.25,14.15,0.00, 16.50
1.25,14.52,0.00, 18.99
1.23,14.88,0.00, 17.51
1.25,15.22,0.99, 17.00
1.25,15.52,0.01, 15.26
1.25,15.82,0.00, 15.00
1.23,16.11,0.00, 14.50
1.25,16.38,0.99, 13.25
1.25,16.67,0.01, 14.99
1.25,16.97,0.00, 14.50
1.25,17.26,0.00, 15.00
1.25,17.56,0.00, 14.50
1.23,17.85,0.00, 14.75
1.25,18.16,0.99, 15.50
1.25,18.40,0.01, 12.01
1.25,18.56,0.00, 8.01
1.23,18.71,0.00, 7.50
1.25,18.85,0.99, 7.25
1.25,19.02,0.01, 8.50
1.25,19.02,0.01, 8.50
1.25,19.17,0.00, 7.50
1.25,19.33,0.00, 8.00
1.25,19.53,0.00, 9.74
1.25,19.73,0.00, 10.00
1.23,19.83,0.00, 5.02
1.22,19.85,0.00, 1.01
1.22,19.85,0.00, 0.25
1.22,19.85,0.00, 0.00
1.24,19.85,0.99, 0.00
1.25,19.85,0.51, 0.00
1.25,19.85,0.01, 0.00
1.23,19.85,0.00, 0.00
1.25,19.85,0.99, 0.00
1.25,19.85,0.01, 0.00
1.25,19.85,0.00, 0.00
1.25,19.85,0.00, 0.00
1.25,19.85,0.00, 0.00
1.25,19.85,0.00, 0.00
1.25,19.85,0.00, 0.00
1.25,19.85,0.00, 0.00
1.23,19.85,0.00, 0.00
1.25,19.85,0.99, 0.00
1.23,19.85,0.00, 0.00
1.25,19.85,0.99, 0.00
1.25,19.85,0.01, 0.00
1.23,19.85,0.00, 0.00
1.22,19.85,0.00, 0.00
1.24,19.85,0.99, 0.00
1.23,19.85,0.00, 0.00
1.25,19.85,0.99, 0.00
1.25,19.85,0.01, 0.00
1.25,19.85,0.00, 0.00
1.23,19.85,0.00, 0.00
1.25,19.85,0.99, 0.00
1.25,19.85,0.01, 0.00
1.25,19.85,0.00, 0.00
1.25,19.85,0.00, 0.00
1.25,19.85,0.00, 0.00
1.23,19.85,0.00, 0.00
1.22,19.85,0.00, 0.00
1.22,19.85,0.00, 0.00
1.22,19.85,0.00, 0.00
1.24,19.85,0.99, 0.00
1.24,19.85,0.99, 0.00
1.23,19.85,0.00, 0.00
1.22,19.85,0.00, 0.00
1.22,19.85,0.00, 0.00
1.22,19.85,0.00, 0.00
1.22,19.85,0.00, 0.00
1.22,19.85,0.00, 0.00
1.22,19.85,0.00, 0.00
1.24,19.85,0.99, 0.00
1.25,19.85,0.51, 0.00
1.25,19.85,0.51, 0.00
1.23,19.85,0.00, 0.00
1.23,19.85,0.00, 0.00
1.23,19.85,0.00, 0.00
1.25,19.85,0.99, 0.00
1.25,19.85,0.99, 0.00
1.25,19.85,0.01, 0.00
1.25,19.87,0.00, 0.50
1.23,19.85,0.00, 0.00
1.25,19.85,0.99, 0.00
1.25,19.85,0.01, 0.00
1.23,19.85,0.00, 0.00
1.25,19.60,0.99, 0.00
1.25,19.17,0.01, 0.00
1.25,18.68,0.00, 0.00
1.23,17.95,0.00, 0.00
1.22,16.82,0.00, 0.00
1.22,15.57,0.00, 0.00
1.24,14.29,0.99, 0.00
1.25,12.98,0.51, 0.00
1.23,11.82,0.00, 0.00
1.25,10.85,0.99, 0.00
1.25,9.99,0.01, 0.00
1.25,9.28,0.00, 0.00
1.25,8.59,0.00, 0.00
1.25,7.94,0.00, 0.00
1.25,7.29,0.00, 0.00
1.25,6.68,0.00, 0.00
1.25,6.10,0.00, 0.00
1.23,5.61,0.00, 0.00
1.25,5.20,0.99, 0.00
1.25,4.88,0.01, 0.00
1.25,4.60,0.00, 0.00
1.25,4.33,0.00, 0.00
1.25,4.11,0.00, 0.00
1.23,3.84,0.00, 0.00
1.22,3.63,0.00, 0.00
1.22,3.38,0.00, 0.00
1.24,3.16,0.99, 0.00
1.23,2.95,0.00, 0.00
1.23,2.95,0.00, 0.00
1.25,2.76,0.99, 0.00
1.23,2.58,0.00, 0.00
1.23,2.58,0.00, 0.00
1.25,2.40,0.99, 0.00
1.23,2.29,0.00, 0.00
1.25,2.20,0.99, 0.00
1.23,2.12,0.00, 0.00
1.25,2.05,0.99, 0.00
1.23,1.99,0.00, 0.00
1.25,1.95,0.99, 0.00
1.25,1.92,0.01, 0.00
1.25,1.85,0.00, 0.00
1.23,1.80,0.00, 0.00
1.25,1.74,0.99, 0.00
1.25,1.70,0.01, 0.00
1.25,1.64,0.00, 0.00
1.25,1.61,0.00, 0.00
1.25,1.55,0.00, 0.00
1.25,1.50,0.00, 0.00
1.25,1.46,0.00, 0.00
1.25,1.46,0.00, 0.00
1.25,1.42,0.00, 0.00
1.25,1.42,0.00, 0.00
1.23,1.39,0.00, 0.00
1.25,1.36,0.99, 0.00
1.25,1.32,0.01, 0.00
1.25,1.29,0.00, 0.00
1.25,1.26,0.00, 0.00
1.25,1.23,0.00, 0.00
1.25,1.21,0.00, 0.00
1.25,1.21,0.00, 0.00
1.25,1.21,0.00, 0.00
1.25,1.21,0.00, 0.00
1.25,1.19,0.00, 0.00
1.23,1.17,0.00, 0.00
1.23,1.17,0.00, 0.00
1.25,1.17,0.99, 0.00
1.23,1.17,0.00, 0.00
1.25,1.15,0.99, 0.00
1.23,1.14,0.00, 0.00
1.25,1.12,0.99, 0.00
1.25,1.10,0.01, 0.00
1.25,1.08,0.00, 0.00
1.25,1.08,0.00, 0.00
1.25,1.07,0.00, 0.00
1.23,1.07,0.00, 0.00
1.22,1.06,0.00, 0.00
1.24,1.07,0.99, 0.50
1.25,1.07,0.51, 0.00
1.25,1.07,0.01, 0.00
1.25,1.04,0.00, 0.00
1.23,1.04,0.00, 0.00
1.25,1.04,0.99, 0.00
1.25,1.04,0.01, 0.00
1.23,1.03,0.00, 0.00
1.22,1.04,0.00, 0.50
1.24,1.04,0.99, 0.00
1.24,1.04,0.99, 0.00
1.25,1.04,0.51, 0.00
1.25,1.03,0.01, 0.00
1.23,1.04,0.00, 0.50
1.25,1.03,0.99, 0.00
1.25,1.03,0.01, 0.00
1.23,1.03,0.00, 0.00
1.22,1.01,0.00, 0.00
1.24,1.01,0.99, 0.00
1.25,1.02,0.51, 0.50
1.23,1.01,0.00, 0.00
1.25,1.00,0.99, 0.00
1.25,1.01,0.01, 0.50
1.23,0.99,0.00, 0.00
1.25,0.99,0.99, 0.00
1.25,0.98,0.01, 0.00
1.25,0.98,0.00, 0.00
1.23,0.98,0.00, 0.00
1.25,0.98,0.99, 0.00
1.25,0.98,0.99, 0.00
1.25,0.98,0.01, 0.00
1.25,0.97,0.00, 0.00
1.23,0.95,0.00, 0.00
1.22,0.95,0.00, 0.00
1.24,0.95,0.99, 0.00
1.23,0.93,0.00, 0.00
1.25,0.93,0.99, 0.00
1.23,0.93,0.00, 0.00
1.25,0.93,0.99, 0.00
1.23,0.92,0.00, 0.00
1.25,0.93,0.99, 0.25
1.25,0.92,0.01, 0.00
1.25,0.91,0.00, 0.00
1.25,0.91,0.00, 0.25
1.23,0.93,0.00, 0.75
1.25,0.93,0.99, 0.25
1.25,0.94,0.01, 0.50
1.25,0.96,0.00, 0.75
1.23,0.96,0.00, 0.00
1.25,0.96,0.99, 0.00
1.25,0.97,0.01, 0.50
1.25,0.98,0.00, 0.25
1.23,0.97,0.00, 0.00
1.22,0.97,0.00, 0.25
1.22,0.97,0.00, 0.00
1.22,0.96,0.00, 0.00
1.24,0.97,0.99, 0.50
1.23,0.97,0.00, 0.00
1.25,0.98,0.99, 0.50
1.23,0.98,0.00, 0.00
1.25,0.99,0.99, 0.50
1.23,0.99,0.00, 0.00
1.25,1.00,0.99, 0.75
1.25,0.99,0.01, 0.00
1.25,0.99,0.00, 0.00
1.25,1.00,0.00, 0.50
1.23,1.00,0.00, 0.00
1.25,1.02,0.99, 1.25
1.25,0.99,0.01, 0.00
1.25,1.01,0.00, 1.00
1.25,1.01,0.00, 0.25
1.25,1.01,0.00, 0.00
1.25,1.01,0.00, 0.00
1.23,1.01,0.00, 0.00
1.25,0.99,0.99, 0.00
1.25,1.01,0.01, 1.00
1.23,1.00,0.00, 0.00
1.25,1.01,0.99, 0.50
1.23,1.01,0.00, 0.00
1.25,1.01,0.99, 0.00
1.25,1.03,0.01, 1.00
1.25,1.02,0.00, 0.00
1.25,1.03,0.00, 0.25
1.25,1.04,0.00, 0.50
1.23,1.04,0.00, 0.25
1.25,1.04,0.99, 0.00
1.25,1.03,0.01, 0.00
1.25,1.01,0.00, 0.00
1.25,1.02,0.00, 0.50
1.23,1.03,0.00, 0.25
1.22,1.04,0.00, 0.50
1.24,1.03,0.99, 0.00
1.23,1.02,0.00, 0.00
1.25,1.02,0.99, 0.00
1.25,1.04,0.01, 0.75
1.25,1.03,0.00, 0.00
1.25,1.01,0.00, 0.00
1.25,1.00,0.00, 0.00
1.25,0.99,0.00, 0.00
1.25,0.99,0.00, 0.00
1.25,1.01,0.00, 1.00
1.25,1.01,0.00, 0.25
1.23,1.00,0.00, 0.00
1.22,1.01,0.00, 0.50
1.22,1.01,0.00, 0.25
1.24,1.01,0.99, 0.00
1.25,1.00,0.51, 0.00
1.25,1.00,0.01, 0.00
1.25,1.00,0.00, 0.00
1.25,0.99,0.00, 0.00
1.25,1.00,0.00, 0.50
1.25,1.00,0.00, 0.25
1.23,0.99,0.00, 0.00
1.25,0.99,0.99, 0.00
1.25,0.99,0.01, 0.00
1.25,1.00,0.00, 0.50
1.23,0.99,0.00, 0.00
1.25,1.01,0.99, 1.00
1.25,1.01,0.99, 1.00
1.23,1.00,0.00, 0.00
1.22,0.99,0.00, 0.00
1.22,1.00,0.00, 0.50
1.24,1.00,0.99, 0.00
1.25,1.00,0.51, 0.00
1.25,1.00,0.01, 0.00
1.25,1.00,0.00, 0.00
1.25,1.00,0.00, 0.00
1.23,1.01,0.00, 0.75
1.22,1.00,0.00, 0.00
1.24,1.01,0.99, 0.50
1.23,1.02,0.00, 0.50
1.25,1.04,0.99, 0.75
1.25,1.02,0.01, 0.00
1.25,1.04,0.00, 0.75
1.25,1.05,0.00, 0.50
1.25,1.07,0.00, 0.75
1.23,1.07,0.00, 0.25
1.25,1.08,0.99, 0.50
1.25,1.08,0.01, 0.00
1.23,1.07,0.00, 0.00
1.25,1.08,0.99, 0.50
1.25,1.07,0.01, 0.00
1.25,1.07,0.00, 0.00
1.23,1.08,0.00, 0.50
1.22,1.09,0.00, 0.25
1.22,1.07,0.00, 0.00
1.24,1.08,0.99, 0.50
1.23,1.07,0.00, 0.00
1.22,1.07,0.00, 0.00
1.24,1.07,0.99, 0.25
1.23,1.07,0.00, 0.00
1.22,1.10,0.00, 1.49
1.24,1.11,0.99, 0.25
1.23,1.11,0.00, 0.00
1.22,1.11,0.00, 0.25
1.24,1.12,0.99, 0.50
1.23,1.13,0.00, 0.75
1.22,1.13,0.00, 0.00
1.16,1.11,0.00, 0.00
1.21,1.12,2.46, 0.50
1.22,1.12,0.53, 0.00
1.22,1.12,0.01, 0.00
1.22,1.13,0.00, 0.75
1.24,1.12,0.99, 0.00
1.23,1.12,0.00, 0.00
1.18,1.09,0.00, 0.00
1.19,1.09,0.49, 0.00
1.22,1.11,1.49, 1.00
1.22,1.11,0.02, 0.00
1.20,1.12,0.00, 0.75
1.18,1.11,0.00, 0.00
1.15,1.09,0.00, 0.00
1.08,1.06,0.00, 0.00
1.02,1.02,0.00, 0.00
1.03,1.01,0.49, 0.00
0.97,0.95,0.00, 0.00
0.89,0.92,0.00, 0.00
0.81,0.87,0.00, 0.00
0.77,0.83,0.00, 0.00
0.68,0.79,0.00, 0.00
0.64,0.76,0.00, 0.00
0.65,0.73,0.49, 0.00
0.65,0.69,0.01, 0.00
0.65,0.68,0.00, 0.00
0.61,0.64,0.00, 0.00
0.56,0.62,0.00, 0.00
0.52,0.58,0.00, 0.00
0.47,0.51,0.00, 0.00
0.46,0.51,0.00, 0.00
0.27,0.49,0.00, 0.00
0.23,0.45,0.00, 0.00
0.15,0.42,0.00, 0.00
0.00,0.43,0.00, 0.25
0.00,0.44,0.00, 0.75
0.00,0.46,0.00, 1.25
0.00,0.42,0.00, 0.00
0.12,0.43,5.91, 0.00
0.00,0.45,0.00, 1.25
0.00,0.44,0.00, 0.00
0.00,0.45,0.00, 0.50
0.16,0.44,7.88, 0.00
0.00,0.43,0.00, 0.00
0.11,0.43,5.42, 0.00
0.00,0.42,0.00, 0.00
0.03,0.42,1.48, 0.00
0.01,0.43,0.00, 0.50
0.00,0.41,0.00, 0.00
0.00,0.44,0.00, 1.00
0.00,0.44,0.00, 0.25
0.00,0.43,0.00, 0.00
0.00,0.44,0.00, 0.50
0.00,0.44,0.00, 0.00
0.01,0.44,0.49, 0.00
0.02,0.43,0.50, 0.00
0.03,0.44,0.50, 0.75
0.01,0.44,0.00, 0.00
0.00,0.44,0.00, 0.00
0.01,0.43,0.49, 0.00
0.00,0.43,0.00, 0.00
0.03,0.43,1.48, 0.00
0.01,0.43,0.00, 0.00
0.00,0.43,0.00, 0.00
0.02,0.41,0.99, 0.00
0.00,0.43,0.00, 0.50
0.01,0.41,0.49, 0.00
0.00,0.43,0.00, 1.00
0.00,0.45,0.00, 1.25
0.02,0.44,0.99, 0.00
0.00,0.44,0.00, 0.00
0.04,0.44,1.97, 0.00
0.00,0.44,0.00, 0.00
0.04,0.44,1.97, 0.00
0.00,0.45,0.00, 0.50
0.00,0.43,0.00, 0.00
0.00,0.43,0.00, 0.00
0.00,0.44,0.00, 0.50
0.00,0.43,0.00, 0.00
0.04,0.43,1.97, 0.00
0.00,0.43,0.00, 0.00
0.05,0.43,2.46, 0.00
0.00,0.43,0.00, 0.00
0.00,0.43,0.00, 0.00
0.01,0.44,0.49, 0.75
0.00,0.43,0.00, 0.00
0.00,0.45,0.00, 1.00
0.02,0.44,0.99, 0.00
0.00,0.45,0.00, 0.50
0.00,0.44,0.00, 0.00
0.00,0.44,0.00, 0.00
0.00,0.44,0.00, 0.00
0.03,0.43,1.48, 0.00
0.00,0.43,0.00, 0.00
0.02,0.43,0.99, 0.00
0.03,0.43,0.51, 0.00
0.00,0.43,0.00, 0.00
0.04,0.41,1.97, 0.00
0.00,0.43,0.00, 0.50
0.00,0.44,0.00, 0.50
0.00,0.43,0.00, 0.00
0.01,0.44,0.49, 0.25
0.00,0.44,0.00, 0.25
0.04,0.46,1.97, 0.75
0.00,0.45,0.00, 0.00
0.00,0.44,0.00, 0.00
0.00,0.44,0.00, 0.00
0.02,0.44,0.99, 0.00
0.00,0.44,0.00, 0.00
0.03,0.43,1.48, 0.00
0.01,0.43,0.00, 0.00
0.00,0.43,0.00, 0.00
0.02,0.43,0.99, 0.00
0.00,0.43,0.00, 0.00
0.00,0.44,0.00, 0.50
0.02,0.46,0.99, 1.00
0.00,0.43,0.00, 0.00
0.00,0.43,0.00, 0.00
0.01,0.44,0.49, 0.50
0.00,0.44,0.00, 0.25
0.00,0.44,0.00, 0.00
0.00,0.44,0.00, 0.00
0.00,0.43,0.00, 0.00
0.00,0.44,0.00, 0.50
0.00,0.43,0.00, 0.00
0.00,0.43,0.00, 0.00
0.02,0.43,0.99, 0.00
0.00,0.43,0.00, 0.00
0.04,0.42,1.97, 0.00
0.00,0.43,0.00, 0.50
0.00,0.43,0.00, 0.00
0.00,0.44,0.00, 0.50
0.00,0.44,0.00, 0.25
0.00,0.44,0.00, 0.00
0.00,0.44,0.00, 0.00
0.02,0.45,0.99, 0.50
0.00,0.44,0.00, 0.00
0.00,0.44,0.00, 0.00
0.00,0.44,0.00, 0.00
0.00,0.44,0.00, 0.00
0.02,0.42,0.99, 0.00
0.00,0.43,0.00, 0.25
0.00,0.43,0.00, 0.00
0.00,0.43,0.00, 0.00
0.00,0.42,0.00, 0.00
0.02,0.44,0.99, 1.00
0.00,0.43,0.00, 0.00
0.00,0.43,0.00, 0.00
0.00,0.43,0.00, 0.00
0.04,0.44,1.97, 0.50
0.00,0.43,0.00, 0.00
0.00,0.44,0.00, 0.50
0.00,0.44,0.00, 0.00
0.01,0.44,0.49, 0.00
0.00,0.44,0.00, 0.00
0.00,0.44,0.00, 0.00
0.00,0.42,0.00, 0.00
0.00,0.43,0.00, 0.25
0.02,0.44,0.99, 0.50
0.00,0.43,0.00, 0.00
0.02,0.43,0.99, 0.00
0.00,0.43,0.00, 0.00
0.00,0.44,0.00, 0.50
0.00,0.44,0.00, 0.25
0.00,0.46,0.00, 0.75
0.04,0.45,1.97, 0.00
0.01,0.45,0.00, 0.00
0.00,0.43,0.00, 0.00
0.02,0.44,0.99, 0.50
0.00,0.44,0.00, 0.00
0.00,0.43,0.00, 0.00
0.00,0.43,0.00, 0.00
0.02,0.43,0.99, 0.25
0.00,0.43,0.00, 0.00
0.00,0.44,0.00, 0.50
0.00,0.44,0.00, 0.50
0.00,0.43,0.00, 0.00
0.00,0.43,0.00, 0.00
0.01,0.42,0.49, 0.00
0.00,0.41,0.00, 0.00
0.00,0.43,0.00, 1.00
0.00,0.44,0.00, 1.00
0.00,0.44,0.00, 1.00
0.00,0.44,0.00, 0.00
0.09,0.45,4.43, 0.50
0.00,0.44,0.00, 0.00
0.14,0.44,6.90, 0.00
0.00,0.44,0.00, 0.00
0.26,0.43,12.81, 0.00
0.00,0.41,0.00, 0.00
0.11,0.44,5.42, 1.00
0.00,0.43,0.00, 0.00
0.08,0.44,3.94, 0.25
0.00,0.44,0.00, 0.25
0.12,0.42,5.91, 0.00
0.00,0.43,0.00, 0.25
0.04,0.42,1.97, 0.00
0.00,0.44,0.00, 1.49
0.00,0.44,0.00, 0.00
0.00,0.46,0.00, 1.00
0.13,0.45,6.40, 0.00
0.00,0.43,0.00, 0.00
0.07,0.44,3.45, 0.25
0.00,0.43,0.00, 0.00
0.09,0.44,4.43, 0.50
0.00,0.45,0.00, 0.50
0.00,0.44,0.00, 0.00
0.05,0.43,2.46, 0.00
0.05,0.43,2.46, 0.00
0.00,0.44,0.00, 0.50
0.00,0.44,0.00, 0.50
0.09,0.43,4.43, 0.00
0.00,0.43,0.00, 0.00
0.03,0.44,1.48, 0.50
0.00,0.44,0.00, 0.25
0.00,0.43,0.00, 0.00
0.00,0.45,0.00, 1.00
0.00,0.45,0.00, 0.00
0.00,0.44,0.00, 0.00
0.10,0.43,4.93, 0.00
0.00,0.43,0.00, 0.00
0.00,0.44,0.00, 0.75
0.08,0.43,3.94, 0.00
0.00,0.43,0.00, 0.00
0.11,0.44,5.42, 0.75
0.00,0.44,0.00, 0.00
0.07,0.45,3.45, 0.50
0.00,0.44,0.00, 0.00
0.00,0.43,0.00, 0.00
0.00,0.44,0.00, 0.25
0.00,0.43,0.00, 0.00
0.13,0.43,6.40, 0.00
0.00,0.40,0.00, 0.00
0.05,0.44,2.46, 1.49
0.00,0.44,0.00, 0.25
0.03,0.43,1.48, 0.00
0.07,0.43,1.99, 0.00
0.00,0.44,0.00, 0.50
0.05,0.44,2.46, 0.25
0.00,0.43,0.00, 0.00
0.11,0.43,5.42, 0.00
0.00,0.43,0.00, 0.00
0.00,0.41,0.00, 0.00
0.10,0.41,4.93, 0.00
0.00,0.41,0.00, 0.00
0.00,0.41,0.00, 0.00
0.07,0.44,3.45, 1.25
0.00,0.43,0.00, 0.00
0.00,0.43,0.00, 0.00
0.00,0.44,0.00, 0.50
0.00,0.43,0.00, 0.00
0.00,0.44,0.00, 0.25
0.00,0.45,0.00, 0.75
0.00,0.44,0.00, 0.00
0.00,0.44,0.00, 0.00
0.06,0.44,2.96, 0.00
0.00,0.44,0.00, 0.00
0.02,0.44,0.99, 0.00
0.00,0.45,0.00, 0.50
0.00,0.45,0.00, 0.00
0.02,0.44,0.99, 0.00
0.02,0.44,0.99, 0.00
0.00,0.43,0.00, 0.00
0.01,0.43,0.49, 0.00
0.01,0.43,0.49, 0.00
0.05,0.41,1.98, 0.00
0.03,0.41,0.00, 0.00
0.00,0.43,0.00, 0.50
0.00,0.44,0.00, 0.50
0.01,0.42,0.49, 0.00
0.02,0.45,0.50, 1.49
0.00,0.44,0.00, 0.00
0.00,0.44,0.00, 0.00
0.00,0.44,0.00, 0.00
0.00,0.43,0.00, 0.00
0.00,0.43,0.00, 0.00
0.04,0.43,1.97, 0.00
0.00,0.44,0.00, 0.75
0.01,0.44,0.49, 0.00
0.00,0.47,0.00, 1.25
0.04,0.44,1.97, 0.00
0.00,0.43,0.00, 0.00
0.00,0.43,0.00, 0.00
0.00,0.43,0.00, 0.00
0.00,0.43,0.00, 0.00
0.00,0.43,0.00, 0.00
0.00,0.42,0.00, 0.00
0.00,0.43,0.00, 0.50
0.00,0.44,0.00, 0.50
0.00,0.44,0.00, 0.25
0.00,0.44,0.00, 0.00
0.00,0.43,0.00, 0.00
0.00,0.43,0.00, 0.00
0.00,0.43,0.00, 0.00
0.00,0.44,0.00, 0.50
0.00,0.44,0.00, 0.25
0.03,0.45,1.48, 0.50
0.00,0.43,0.00, 0.00
0.00,0.44,0.00, 0.50
0.00,0.43,0.00, 0.00
0.00,0.44,0.00, 0.25
0.00,0.41,0.00, 0.00
0.00,0.42,0.00, 0.25
0.00,0.44,0.00, 1.00
0.00,0.43,0.00, 0.00
0.00,0.43,0.00, 0.00
0.00,0.43,0.00, 0.00
0.00,0.43,0.00, 0.00
0.00,0.43,0.00, 0.00
0.00,0.43,0.00, 0.25
0.00,0.43,0.00, 0.00
0.00,0.43,0.00, 0.00
0.00,0.44,0.00, 0.50
0.00,0.44,0.00, 0.25
0.00,0.44,0.00, 0.00
0.00,0.44,0.00, 0.00
0.00,0.43,0.00, 0.00
0.00,0.44,0.00, 0.25
0.00,0.44,0.00, 0.25
0.00,0.44,0.00, 0.25
0.00,0.44,0.00, 0.00
0.00,0.43,0.00, 0.00
0.00,0.44,0.00, 0.25
0.00,0.43,0.00, 0.00
0.00,0.44,0.00, 0.25
0.00,0.43,0.00, 0.00
0.00,0.43,0.00, 0.00
0.00,0.44,0.00, 0.50
0.00,0.44,0.00, 0.25
0.00,0.45,0.00, 0.50
0.00,0.43,0.00, 0.00
0.00,0.43,0.00, 0.00
0.00,0.44,0.00, 0.50
0.00,0.44,0.00, 0.25
0.00,0.42,0.00, 0.00
0.00,0.43,0.00, 0.25
0.00,0.44,0.00, 0.50
0.00,0.43,0.00, 0.00
0.00,0.44,0.00, 0.25
0.00,0.43,0.00, 0.00
0.00,0.43,0.00, 0.00
0.00,0.43,0.00, 0.00
0.00,0.44,0.00, 0.50
0.00,0.43,0.00, 0.00
0.00,0.44,0.00, 0.50
0.00,0.44,0.00, 0.00
0.00,0.44,0.00, 0.00
0.00,0.44,0.00, 0.00
0.00,0.44,0.00, 0.00
0.00,0.44,0.00, 0.00
0.00,0.44,0.00, 0.00
0.00,0.44,0.00, 0.00
0.00,0.44,0.00, 0.25
0.00,0.43,0.00, 0.00
0.00,0.43,0.00, 0.00
0.00,0.44,0.00, 0.25
0.00,0.44,0.00, 0.25
0.00,0.44,0.00, 0.00
0.00,0.46,0.00, 0.75
0.00,0.44,0.00, 0.00
0.00,0.44,0.00, 0.25
0.00,0.44,0.00, 0.00
0.00,0.44,0.00, 0.00
0.00,0.43,0.00, 0.00
0.00,0.44,0.00, 0.50
0.00,0.43,0.00, 0.00
0.00,0.44,0.00, 0.50
0.00,0.44,0.00, 0.00
0.00,0.44,0.00, 0.00
0.00,0.43,0.00, 0.00
0.00,0.44,0.00, 0.25
0.00,0.42,0.00, 0.00
0.00,0.42,0.00, 0.00
0.00,0.44,0.00, 0.75
0.00,0.43,0.00, 0.00
0.00,0.42,0.00, 0.00
0.00,0.44,0.00, 0.75
0.00,0.44,0.00, 0.25
0.00,0.45,0.00, 0.50
0.00,0.44,0.00, 0.00
0.00,0.44,0.00, 0.00
0.00,0.44,0.00, 0.00
0.00,0.44,0.00, 0.00
0.00,0.44,0.00, 0.00
0.00,0.44,0.00, 0.00
0.00,0.43,0.00, 0.00
0.00,0.43,0.00, 0.00
0.00,0.43,0.00, 0.00
0.04,0.43,1.97, 0.25
0.00,0.44,0.00, 0.25
0.00,0.43,0.00, 0.00
0.00,0.44,0.00, 0.25
0.00,0.44,0.00, 0.25
0.00,0.43,0.00, 0.00
0.00,0.44,0.00, 0.50
0.00,0.45,0.00, 0.50
0.02,0.47,0.99, 1.00
0.02,0.47,0.99, 1.00
0.05,0.52,1.49, 2.49
0.07,0.57,1.01, 2.50
0.08,0.60,0.51, 1.50
0.12,0.63,1.98, 1.75
0.13,0.66,0.52, 1.25
0.14,0.68,0.50, 1.00
0.16,0.74,0.99, 2.99
0.23,0.79,3.46, 2.50
0.28,0.82,2.51, 1.50
0.40,0.84,5.95, 1.00
0.43,0.88,1.57, 2.25
0.52,0.90,4.46, 1.00
0.52,0.90,4.46, 1.00
0.58,0.92,3.02, 0.75
0.62,0.94,2.02, 1.25
0.67,0.95,2.49, 0.25
0.74,0.98,3.49, 1.50
0.80,1.00,3.01, 1.00
0.90,1.01,4.97, 0.50
0.96,1.03,3.03, 1.25
0.98,1.10,1.03, 2.99
1.02,1.13,1.99, 1.75
1.05,1.15,1.51, 1.25
1.10,1.18,2.49, 1.50
1.11,1.22,0.53, 1.75
1.16,1.24,2.47, 0.75
1.19,1.25,1.51, 0.75
1.22,1.27,1.50, 1.25
1.24,1.30,1.01, 1.25
1.25,1.34,0.51, 2.00
1.25,1.37,0.01, 1.50
1.25,1.40,0.00, 1.75
1.25,1.44,0.00, 2.00
1.25,1.47,0.00, 1.00
1.25,1.48,0.00, 0.75
1.25,1.50,0.00, 1.25
1.25,1.54,0.00, 1.75
1.25,1.54,0.00, 1.75
1.25,1.57,0.00, 1.50
1.25,1.60,0.00, 1.50
1.23,1.62,0.00, 1.00
1.25,1.66,0.99, 2.00
1.25,1.67,0.01, 0.51
1.23,1.67,0.00, 0.00
1.22,1.68,0.00, 0.50
1.22,1.68,0.00, 0.50
1.24,1.69,0.99, 0.50
1.23,1.71,0.00, 1.00
1.25,1.72,0.99, 0.50
1.23,1.74,0.00, 1.25
1.25,1.77,0.99, 1.00
1.25,1.77,0.01, 0.00
1.25,1.74,0.00, 0.00
1.25,1.74,0.00, 0.00
1.25,1.75,0.00, 0.50
1.25,1.74,0.00, 0.00
1.25,1.73,0.00, 0.00
1.25,1.72,0.00, 0.00
1.23,1.72,0.00, 0.00
1.25,1.72,0.99, 0.00
1.23,1.72,0.00, 0.00
1.23,1.72,0.00, 0.00
1.25,1.73,0.99, 0.50
1.25,1.74,0.01, 0.25
1.25,1.74,0.00, 0.00
1.25,1.73,0.00, 0.00
1.23,1.71,0.00, 0.00
1.25,1.71,0.99, 0.00
1.23,1.69,0.00, 0.00
1.25,1.66,0.99, 0.00
1.23,1.63,0.00, 0.00
1.22,1.62,0.00, 0.00
1.22,1.60,0.00, 0.00
1.22,1.58,0.00, 0.00
1.22,1.57,0.00, 0.00
1.24,1.54,0.99, 0.00
1.23,1.51,0.00, 0.00
1.25,1.51,0.99, 0.00
1.25,1.51,0.01, 0.00
1.23,1.50,0.00, 0.00
1.22,1.48,0.00, 0.00
1.24,1.49,0.99, 0.50
1.25,1.50,0.51, 0.25
1.23,1.50,0.00, 0.00
1.25,1.48,0.99, 0.00
1.23,1.48,0.00, 0.00
1.25,1.48,0.99, 0.00
1.23,1.45,0.00, 0.00
1.22,1.44,0.00, 0.00
1.22,1.43,0.00, 0.00
1.22,1.43,0.00, 0.00
1.24,1.39,0.99, 0.00
1.23,1.39,0.00, 0.00
1.25,1.39,0.99, 0.00
1.25,1.39,0.01, 0.00
1.23,1.39,0.00, 0.00
1.25,1.39,0.99, 0.00
1.25,1.39,0.01, 0.00
1.23,1.39,0.00, 0.00
1.25,1.37,0.99, 0.00
1.23,1.36,0.00, 0.00
1.22,1.35,0.00, 0.00
1.22,1.34,0.00, 0.00
1.24,1.35,0.99, 0.50
1.25,1.33,0.51, 0.00
1.23,1.34,0.00, 0.50
1.25,1.33,0.99, 0.00
1.23,1.32,0.00, 0.00
1.22,1.32,0.00, 0.00
1.24,1.29,0.99, 0.00
1.25,1.29,0.51, 0.00
1.25,1.28,0.01, 0.00
1.23,1.28,0.00, 0.00
1.25,1.28,0.99, 0.00
1.23,1.28,0.00, 0.00
1.25,1.25,0.99, 0.00
1.25,1.26,0.01, 0.50
1.23,1.25,0.00, 0.00
1.25,1.25,0.99, 0.00
1.25,1.26,0.01, 0.50
1.25,1.26,0.00, 0.25
1.25,1.28,0.00, 0.75
1.25,1.29,0.00, 0.50
1.23,1.28,0.00, 0.00
1.25,1.30,0.99, 1.00
1.25,1.27,0.01, 0.00
1.23,1.26,0.00, 0.00
1.25,1.25,0.99, 0.00
1.25,1.24,0.01, 0.00
1.25,1.23,0.00, 0.00
1.23,1.24,0.00, 0.50
1.25,1.25,0.99, 0.75
1.23,1.29,0.00, 1.75
1.25,1.30,0.99, 0.50
1.23,1.32,0.00, 1.00
1.22,1.34,0.00, 0.75
1.24,1.37,0.99, 1.75
1.25,1.42,0.51, 2.50
1.23,1.48,0.00, 2.75
1.25,1.52,0.99, 2.25
1.23,1.57,0.00, 2.50
1.22,1.61,0.00, 1.75
1.24,1.63,0.99, 1.50
1.25,1.64,0.51, 0.25
1.23,1.65,0.00, 0.75
1.25,1.67,0.99, 0.75
1.23,1.67,0.00, 0.00
1.25,1.70,0.99, 1.74
1.23,1.72,0.00, 0.75
1.25,1.78,0.99, 2.99
1.25,1.83,0.01, 2.25
1.25,1.88,0.00, 2.50
1.23,1.94,0.00, 3.25
1.23,1.94,0.00, 3.25
1.25,2.03,0.99, 4.50
1.25,2.13,0.01, 5.25
1.25,2.29,0.00, 7.49
1.23,2.44,0.00, 8.00
1.22,2.62,0.00, 8.50
1.24,2.80,0.99, 9.25
1.25,2.97,0.51, 8.75
1.25,3.15,0.01, 9.00
1.25,3.34,0.00, 9.25
1.25,3.53,0.00, 9.50
1.23,3.74,0.00, 10.75
1.25,4.01,0.99, 13.49
1.25,4.30,0.01, 14.25
1.23,4.65,0.00, 17.49
1.25,4.99,0.99, 17.00
1.25,5.35,0.01, 17.75
1.25,5.73,0.00, 19.24
1.23,6.06,0.00, 16.26
1.25,6.35,0.99, 14.76
1.25,6.62,0.01, 13.75
1.25,6.88,0.00, 12.50
1.23,7.14,0.00, 13.50
1.25,7.43,0.99, 14.00
1.23,7.73,0.00, 15.49
1.25,8.07,0.99, 16.99
1.23,8.38,0.00, 15.26
1.25,8.70,0.99, 16.00
1.25,8.98,0.01, 14.01
1.25,9.19,0.00, 10.51
1.25,9.43,0.00, 11.99
1.23,9.68,0.00, 12.75
1.22,9.98,0.00, 14.74
1.24,10.28,0.99, 15.25
1.25,10.56,0.51, 14.00
1.25,10.84,0.01, 13.75
1.25,10.84,0.01, 13.75
1.25,11.11,0.00, 13.75
1.23,11.39,0.00, 13.50
1.25,11.66,0.99, 13.75
1.23,11.92,0.00, 13.00
1.22,12.21,0.00, 14.49
1.24,12.48,0.99, 13.75
1.23,12.76,0.00, 13.75
1.25,13.05,0.99, 14.25
1.23,13.32,0.00, 14.00
1.25,13.61,0.99, 14.50
1.25,13.90,0.01, 14.25
1.25,14.23,0.00, 16.49
1.23,14.61,0.00, 18.99
1.22,14.96,0.00, 17.51
1.24,15.28,0.99, 16.01
1.23,15.53,0.00, 12.76
1.25,15.74,0.99, 10.26
1.25,15.91,0.01, 8.51
1.25,16.15,0.00, 12.24
1.23,16.46,0.00, 15.24
1.25,16.92,0.99, 22.97
1.23,17.29,0.00, 18.77
1.25,17.69,0.99, 19.75
1.25,18.04,0.01, 17.51
1.25,18.31,0.00, 13.51
1.23,18.51,0.00, 10.01
1.22,18.67,0.00, 7.76
1.24,18.80,0.99, 6.75
1.25,18.94,0.51, 7.25
1.25,19.14,0.01, 9.49
1.25,19.36,0.00, 11.24
1.25,19.61,0.00, 12.74
1.25,19.81,0.00, 9.51
1.25,19.85,0.00, 2.03
1.25,19.85,0.00, 0.26
1.23,19.85,0.00, 0.25
1.25,19.85,0.99, 0.00
1.25,19.85,0.01, 0.00
1.23,19.85,0.00, 0.00
1.22,19.85,0.00, 0.00
1.24,19.85,0.99, 0.00
1.25,19.85,0.51, 0.00
1.25,19.85,0.01, 0.00
1.25,19.85,0.00, 0.00
1.25,19.85,0.00, 0.00
1.23,19.85,0.00, 0.00
1.25,19.85,0.99, 0.00
1.25,19.78,0.01, 0.00
1.27,19.32,0.99, 0.00
1.25,18.70,0.00, 0.00
1.23,17.65,0.00, 0.00
1.22,16.43,0.00, 0.00
1.22,15.18,0.00, 0.00
1.22,13.95,0.00, 0.00
1.22,12.74,0.00, 0.00
1.24,11.51,0.99, 0.00
1.25,10.32,0.51, 0.00
1.25,9.16,0.01, 0.00
1.23,8.10,0.00, 0.00
1.25,7.10,0.99, 0.00
1.23,6.23,0.00, 0.00
1.25,5.49,0.99, 0.00
1.25,4.88,0.01, 0.00
1.25,4.38,0.00, 0.00
1.25,3.95,0.00, 0.00
1.25,3.53,0.00, 0.00
1.25,3.20,0.00, 0.00
1.23,2.90,0.00, 0.00
1.23,2.90,0.00, 0.00
1.25,2.62,0.99, 0.00
1.25,2.41,0.01, 0.00
1.23,2.22,0.00, 0.00
1.22,2.08,0.00, 0.00
1.24,1.98,0.99, 0.00
1.25,1.92,0.51, 0.00
1.25,1.90,0.01, 0.00
1.23,1.88,0.00, 0.00
1.25,1.85,0.99, 0.00
1.25,1.83,0.01, 0.00
1.25,1.79,0.00, 0.00
1.23,1.73,0.00, 0.00
1.25,1.68,0.99, 0.00
1.25,1.62,0.01, 0.00
1.25,1.62,0.01, 0.00
1.25,1.58,0.00, 0.00
1.23,1.52,0.00, 0.00
1.25,1.49,0.99, 0.00
1.23,1.46,0.00, 0.00
1.25,1.42,0.99, 0.00
1.25,1.41,0.01, 0.00
1.25,1.40,0.00, 0.00
1.25,1.39,0.00, 0.00
1.25,1.38,0.00, 0.00
1.23,1.38,0.00, 0.00
1.25,1.36,0.99, 0.00
1.25,1.34,0.01, 0.00
1.25,1.34,0.00, 0.00
1.25,1.33,0.00, 0.00
1.25,1.30,0.00, 0.00
1.25,1.30,0.00, 0.00
1.25,1.29,0.00, 0.00
1.23,1.28,0.00, 0.00
1.25,1.26,0.99, 0.00
1.23,1.25,0.00, 0.00
1.25,1.23,0.99, 0.00
1.25,1.21,0.01, 0.00
1.25,1.18,0.00, 0.00
1.25,1.16,0.00, 0.00
1.25,1.15,0.00, 0.00
1.25,1.14,0.00, 0.00
1.25,1.13,0.00, 0.00
1.25,1.14,0.00, 0.50
1.23,1.15,0.00, 0.25
1.25,1.15,0.99, 0.00
1.25,1.15,0.01, 0.00
1.25,1.16,0.00, 0.50
1.25,1.15,0.00, 0.00
1.25,1.15,0.00, 0.00
1.25,1.14,0.00, 0.00
1.23,1.13,0.00, 0.00
1.25,1.12,0.99, 0.00
1.25,1.12,0.01, 0.00
1.25,1.11,0.00, 0.00
1.23,1.12,0.00, 0.50
1.22,1.12,0.00, 0.00
1.24,1.11,0.99, 0.00
1.23,1.11,0.00, 0.00
1.25,1.10,0.99, 0.00
1.25,1.10,0.01, 0.00
1.25,1.08,0.00, 0.00
1.25,1.08,0.00, 0.00
1.25,1.09,0.00, 0.25
1.25,1.06,0.00, 0.00
1.25,1.06,0.00, 0.00
1.23,1.04,0.00, 0.00
1.25,1.05,0.99, 0.50
1.23,1.04,0.00, 0.00
1.25,1.04,0.99, 0.00
1.25,1.03,0.01, 0.00
1.23,1.03,0.00, 0.00
1.22,1.03,0.00, 0.00
1.24,1.01,0.99, 0.00
1.23,1.00,0.00, 0.00
1.25,1.00,0.99, 0.00
1.23,1.02,0.00, 1.00
1.22,1.03,0.00, 0.25
1.22,1.04,0.00, 0.50
1.24,1.04,0.99, 0.00
1.25,1.04,0.51, 0.25
1.25,1.04,0.01, 0.00
1.25,1.04,0.00, 0.00
1.25,1.03,0.00, 0.00
1.25,1.02,0.00, 0.00
1.25,1.02,0.00, 0.00
1.25,1.00,0.00, 0.00
1.25,1.00,0.00, 0.00
1.25,1.00,0.00, 0.00
1.25,1.00,0.00, 0.00
1.23,1.00,0.00, 0.00
1.22,1.00,0.00, 0.00
1.22,0.99,0.00, 0.00
1.24,0.99,0.99, 0.00
1.25,1.00,0.51, 0.50
1.25,0.99,0.01, 0.00
1.25,0.99,0.00, 0.00
1.25,1.00,0.00, 0.50
1.23,1.00,0.00, 0.25
1.22,0.99,0.00, 0.00
1.22,0.99,0.00, 0.00
1.24,0.98,0.99, 0.00
1.25,0.98,0.51, 0.00
1.25,0.98,0.01, 0.00
1.23,0.96,0.00, 0.00
1.25,0.97,0.99, 0.50
1.23,0.98,0.00, 0.25
1.25,0.99,0.99, 0.50
1.25,0.98,0.01, 0.00
1.25,0.98,0.00, 0.00
1.25,0.97,0.00, 0.00
1.25,0.96,0.00, 0.00
1.25,0.96,0.00, 0.00
1.23,0.96,0.00, 0.00
1.25,0.97,0.99, 0.50
1.25,0.99,0.01, 0.75
1.25,0.98,0.00, 0.00
1.23,0.98,0.00, 0.00
1.25,0.98,0.99, 0.00
1.25,0.98,0.01, 0.00
1.25,0.98,0.00, 0.00
1.25,0.96,0.00, 0.00
1.23,0.96,0.00, 0.00
1.22,0.95,0.00, 0.00
1.22,0.97,0.00, 1.00
1.24,0.97,0.99, 0.00
1.25,0.98,0.51, 0.25
1.25,1.00,0.01, 1.00
1.25,1.00,0.00, 0.25
1.23,1.00,0.00, 0.00
1.22,1.01,0.00, 0.50
1.24,1.01,0.99, 0.25
1.23,1.02,0.00, 0.50
1.22,1.01,0.00, 0.00
1.24,1.02,0.99, 0.50
1.25,1.03,0.51, 0.25
1.25,1.02,0.01, 0.00
1.23,1.04,0.00, 0.75
1.25,1.04,0.99, 0.00
1.25,1.04,0.01, 0.00
1.25,1.05,0.00, 0.75
1.25,1.07,0.00, 0.50
1.23,1.07,0.00, 0.25
1.25,1.04,0.99, 0.00
1.25,1.04,0.01, 0.00
1.25,1.05,0.00, 0.50
1.23,1.04,0.00, 0.00
1.25,1.04,0.99, 0.25
1.23,1.04,0.00, 0.00
1.25,1.05,0.99, 0.50
1.23,1.04,0.00, 0.00
1.25,1.05,0.99, 0.50
1.23,1.04,0.00, 0.00
1.25,1.06,0.99, 1.00
1.23,1.06,0.00, 0.00
1.25,1.06,0.99, 0.00
1.25,1.08,0.01, 1.00
1.23,1.09,0.00, 0.50
1.25,1.09,0.99, 0.00
1.25,1.13,0.01, 1.99
1.23,1.13,0.00, 0.01
1.25,1.14,0.99, 0.75
1.23,1.16,0.00, 0.75
1.25,1.17,0.99, 0.50
1.25,1.16,0.01, 0.00
1.23,1.15,0.00, 0.00
1.22,1.16,0.00, 0.50
1.24,1.16,0.99, 0.00
1.23,1.15,0.00, 0.00
1.25,1.15,0.99, 0.00
1.25,1.15,0.01, 0.25
1.25,1.15,0.00, 0.00
1.23,1.16,0.00, 0.50
1.25,1.16,0.99, 0.00
1.23,1.16,0.00, 0.00
1.25,1.17,0.99, 0.75
1.25,1.16,0.01, 0.00
1.23,1.16,0.00, 0.00
1.25,1.16,0.99, 0.00
1.25,1.16,0.01, 0.00
1.25,1.16,0.00, 0.00
1.25,1.15,0.00, 0.00
1.23,1.15,0.00, 0.00
1.25,1.13,0.99, 0.00
1.23,1.13,0.00, 0.00
1.25,1.13,0.99, 0.00
1.23,1.12,0.00, 0.00
1.25,1.11,0.99, 0.00
1.23,1.11,0.00, 0.00
1.22,1.11,0.00, 0.00
1.24,1.11,0.99, 0.00
1.25,1.11,0.51, 0.00
1.25,1.11,0.01, 0.00
1.25,1.10,0.00, 0.00
1.23,1.11,0.00, 0.50
1.22,1.11,0.00, 0.00
1.24,1.12,0.99, 0.50
1.23,1.12,0.00, 0.00
1.25,1.12,0.99, 0.00
1.23,1.11,0.00, 0.00
1.22,1.12,0.00, 0.50
1.03,1.13,0.00, 0.50
1.03,1.10,0.00, 0.00
1.25,1.08,10.84, 0.00
1.23,1.11,0.00, 1.49
1.25,1.12,0.99, 0.75
0.79,1.11,0.00, 0.00
0.79,1.11,0.00, 0.00
1.05,1.06,12.81, 0.00
0.97,1.04,0.00, 0.00
0.91,1.03,0.00, 0.00
0.92,1.03,0.49, 0.00
0.88,1.02,0.00, 0.00
0.87,1.01,0.00, 0.00
0.85,1.00,0.00, 0.00
0.85,1.00,0.00, 0.00
0.87,0.98,0.99, 0.00
0.83,0.96,0.00, 0.00
0.86,0.94,1.48, 0.00
0.82,0.90,0.00, 0.00
0.80,0.89,0.00, 0.00
0.79,0.87,0.00, 0.00
0.75,0.85,0.00, 0.00
0.74,0.81,0.00, 0.00
0.63,0.78,0.00, 0.00
0.60,0.75,0.00, 0.00
0.36,0.74,0.00, 0.00
0.49,0.69,6.40, 0.00
0.38,0.67,0.00, 0.00
0.38,0.67,0.00, 0.00
0.40,0.67,0.99, 0.00
0.32,0.64,0.00, 0.00
0.30,0.61,0.00, 0.00
0.19,0.58,0.00, 0.00
0.21,0.57,0.99, 0.00
0.17,0.57,0.00, 0.00
0.10,0.56,0.00, 0.00
0.13,0.54,1.48, 0.00
0.07,0.54,0.00, 0.00
0.06,0.54,0.00, 0.00
0.03,0.52,0.00, 0.00
0.00,0.50,0.00, 0.00
0.00,0.49,0.00, 0.00
0.00,0.47,0.00, 0.00
0.00,0.46,0.00, 0.00
0.00,0.44,0.00, 0.00
0.00,0.43,0.00, 0.00
0.00,0.43,0.00, 0.00
0.00,0.41,0.00, 0.00
0.00,0.40,0.00, 0.00
0.00,0.40,0.00, 0.00
0.00,0.41,0.00, 0.50
0.00,0.43,0.00, 0.75
0.00,0.43,0.00, 0.00
0.00,0.44,0.00, 0.50
0.00,0.44,0.00, 0.25
0.00,0.44,0.00, 0.00
0.06,0.44,2.96, 0.00
0.00,0.44,0.00, 0.00
0.09,0.45,4.43, 0.50
0.00,0.44,0.00, 0.00
0.05,0.44,2.46, 0.00
0.00,0.43,0.00, 0.00
0.00,0.44,0.00, 0.25
0.00,0.44,0.00, 0.25
0.00,0.43,0.00, 0.00
0.00,0.43,0.00, 0.00
0.00,0.44,0.00, 0.50
0.02,0.44,0.99, 0.00
0.00,0.44,0.00, 0.00
0.00,0.44,0.00, 0.00
0.13,0.46,6.40, 0.75
0.00,0.44,0.00, 0.00
0.03,0.43,1.48, 0.00
0.05,0.43,1.01, 0.00
0.00,0.43,0.00, 0.00
0.07,0.43,3.45, 0.00
0.00,0.43,0.00, 0.00
0.00,0.43,0.00, 0.00
0.00,0.44,0.00, 0.50
0.02,0.44,0.99, 0.25
0.00,0.45,0.00, 0.50
0.00,0.44,0.00, 0.00
0.00,0.44,0.00, 0.00
0.00,0.44,0.00, 0.00
0.00,0.44,0.00, 0.00
0.00,0.43,0.00, 0.00
0.00,0.44,0.00, 0.25
0.02,0.44,0.99, 0.25
0.00,0.44,0.00, 0.00
0.02,0.43,0.99, 0.00
0.00,0.44,0.00, 0.50
0.00,0.43,0.00, 0.00
0.00,0.43,0.00, 0.00
0.00,0.42,0.00, 0.00
0.00,0.44,0.00, 0.75
0.00,0.43,0.00, 0.00
0.10,0.43,4.93, 0.00
0.00,0.43,0.00, 0.00
0.09,0.42,4.43, 0.00
0.00,0.41,0.00, 0.00
0.00,0.43,0.00, 0.50
0.03,0.44,1.48, 0.50
0.01,0.44,0.00, 0.25
0.00,0.44,0.00, 0.00
0.00,0.44,0.00, 0.00
0.02,0.44,0.99, 0.00
0.00,0.43,0.00, 0.00
0.07,0.44,3.45, 0.50
0.00,0.45,0.00, 0.50
0.07,0.44,3.45, 0.00
0.00,0.43,0.00, 0.00
0.03,0.44,1.48, 0.50
0.00,0.44,0.00, 0.00
0.01,0.43,0.49, 0.00
0.00,0.43,0.00, 0.00
0.00,0.44,0.00, 0.25
0.00,0.43,0.00, 0.00
0.02,0.44,0.99, 0.25
0.00,0.43,0.00, 0.00
0.00,0.43,0.00, 0.00
0.00,0.43,0.00, 0.00
0.00,0.43,0.00, 0.00
0.02,0.43,0.99, 0.25
0.00,0.41,0.00, 0.00
0.07,0.42,3.45, 0.00
0.00,0.43,0.00, 0.50
0.03,0.44,1.48, 0.50
0.03,0.42,0.02, 0.00
0.00,0.44,0.00, 0.75
0.00,0.44,0.00, 0.25
0.00,0.44,0.00, 0.00
0.06,0.43,2.96, 0.00
0.00,0.43,0.00, 0.00
0.03,0.44,1.48, 0.50
0.00,0.44,0.00, 0.25
0.00,0.46,0.00, 0.75
0.00,0.44,0.00, 0.00
0.02,0.44,0.99, 0.00
0.00,0.45,0.00, 0.25
0.00,0.44,0.00, 0.00
0.00,0.45,0.00, 0.50
0.00,0.44,0.00, 0.00
0.00,0.44,0.00, 0.00
0.00,0.44,0.00, 0.00
0.00,0.43,0.00, 0.00
0.00,0.43,0.00, 0.00
0.02,0.43,0.99, 0.00
0.00,0.44,0.00, 0.25
0.00,0.42,0.00, 0.00
0.02,0.43,0.99, 0.25
0.00,0.43,0.00, 0.00
0.02,0.44,0.99, 0.50
0.00,0.44,0.00, 0.25
0.00,0.44,0.00, 0.00
0.00,0.43,0.00, 0.00
0.00,0.43,0.00, 0.00
0.00,0.44,0.00, 0.75
0.04,0.44,1.97, 0.00
0.00,0.44,0.00, 0.00
0.01,0.44,0.49, 0.00
0.00,0.44,0.00, 0.00
0.00,0.43,0.00, 0.00
0.02,0.44,0.99, 0.50
0.00,0.44,0.00, 0.00
0.01,0.44,0.49, 0.00
0.00,0.44,0.00, 0.00
0.00,0.43,0.00, 0.00
0.00,0.43,0.00, 0.00
0.00,0.44,0.00, 0.50
0.00,0.42,0.00, 0.00
0.00,0.43,0.00, 0.25
0.00,0.43,0.00, 0.00
0.00,0.43,0.00, 0.00
0.00,0.43,0.00, 0.00
0.03,0.43,1.48, 0.00
0.00,0.43,0.00, 0.00
0.00,0.43,0.00, 0.00
0.00,0.44,0.00, 0.50
0.00,0.43,0.00, 0.00
0.00,0.44,0.00, 0.25
0.00,0.44,0.00, 0.25
0.00,0.43,0.00, 0.00
0.02,0.45,0.99, 1.00
0.00,0.44,0.00, 0.00
0.02,0.44,0.99, 0.00
0.00,0.43,0.00, 0.00
0.01,0.44,0.49, 0.25
0.00,0.44,0.00, 0.25
0.00,0.44,0.00, 0.00
0.02,0.44,0.99, 0.00
0.00,0.43,0.00, 0.00
0.01,0.44,0.49, 0.50
0.00,0.45,0.00, 0.50
0.00,0.44,0.00, 0.00
0.00,0.44,0.00, 0.00
0.00,0.44,0.00, 0.00
0.00,0.44,0.00, 0.00
0.00,0.43,0.00, 0.00
0.00,0.44,0.00, 0.25
0.00,0.43,0.00, 0.00
0.00,0.44,0.00, 0.25
0.00,0.43,0.00, 0.00
0.00,0.43,0.00, 0.00
0.01,0.42,0.49, 0.00
0.00,0.44,0.00, 1.00
0.00,0.44,0.00, 0.25
0.00,0.44,0.00, 0.00
0.02,0.44,0.99, 0.00
0.00,0.44,0.00, 0.00
0.00,0.44,0.00, 0.00
0.00,0.45,0.00, 0.50
0.00,0.44,0.00, 0.00
0.00,0.44,0.00, 0.00
0.00,0.44,0.00, 0.00
0.00,0.44,0.00, 0.00
0.02,0.43,0.99, 0.00
0.00,0.44,0.00, 0.25
0.00,0.44,0.00, 0.25
0.02,0.44,0.99, 0.00
0.00,0.43,0.00, 0.00
0.00,0.44,0.00, 0.50
0.00,0.44,0.00, 0.00
0.00,0.44,0.00, 0.00
0.00,0.44,0.00, 0.00
0.00,0.44,0.00, 0.00
0.00,0.42,0.00, 0.00
0.00,0.44,0.00, 0.75
0.00,0.43,0.00, 0.00
0.00,0.44,0.00, 0.25
0.00,0.44,0.00, 0.25
0.00,0.43,0.00, 0.00
0.03,0.43,1.48, 0.00
0.00,0.43,0.00, 0.00
0.00,0.44,0.00, 0.50
0.00,0.44,0.00, 0.25
0.00,0.44,0.00, 0.00
0.00,0.44,0.00, 0.00
0.02,0.44,0.99, 0.00
0.00,0.43,0.00, 0.00
0.00,0.44,0.00, 0.25
0.00,0.43,0.00, 0.00
0.00,0.43,0.00, 0.00
0.00,0.44,0.00, 0.75
0.00,0.44,0.00, 0.00
0.00,0.44,0.00, 0.00
0.00,0.44,0.00, 0.00
0.00,0.44,0.00, 0.00
0.00,0.46,0.00, 0.75
0.00,0.44,0.00, 0.00
0.00,0.44,0.00, 0.00
0.00,0.44,0.00, 0.00
0.00,0.44,0.00, 0.00
0.00,0.43,0.00, 0.00
0.00,0.44,0.00, 0.50
0.00,0.43,0.00, 0.00
0.00,0.44,0.00, 0.50
0.00,0.46,0.00, 0.75
0.00,0.44,0.00, 0.00
0.00,0.44,0.00, 0.00
0.00,0.43,0.00, 0.00
0.00,0.43,0.00, 0.00
0.00,0.45,0.00, 1.00
0.00,0.44,0.00, 0.00
0.00,0.43,0.00, 0.00
0.00,0.44,0.00, 0.25
0.00,0.43,0.00, 0.00
0.00,0.44,0.00, 0.25
0.00,0.44,0.00, 0.25
0.00,0.44,0.00, 0.00
0.00,0.44,0.00, 0.00
0.00,0.44,0.00, 0.00
0.00,0.44,0.00, 0.00
0.00,0.44,0.00, 0.00
0.00,0.43,0.00, 0.00
0.00,0.44,0.00, 0.25
0.00,0.44,0.00, 0.25
0.00,0.43,0.00, 0.00
0.00,0.44,0.00, 0.25
0.00,0.45,0.00, 0.75
0.00,0.46,0.00, 0.25
0.00,0.44,0.00, 0.00
0.00,0.45,0.00, 0.50
0.00,0.44,0.00, 0.00
0.00,0.44,0.00, 0.00
0.00,0.44,0.00, 0.00
0.00,0.44,0.00, 0.00
0.00,0.44,0.00, 0.00
0.00,0.44,0.00, 0.00
0.00,0.43,0.00, 0.00
0.00,0.45,0.00, 1.00
0.00,0.44,0.00, 0.00
0.00,0.44,0.00, 0.00
0.00,0.44,0.00, 0.00
0.00,0.44,0.00, 0.00
0.00,0.43,0.00, 0.00
0.00,0.44,0.00, 0.25
0.00,0.44,0.00, 0.25
0.00,0.43,0.00, 0.00
0.00,0.43,0.00, 0.00
0.00,0.43,0.00, 0.00
0.00,0.44,0.00, 0.75
0.00,0.44,0.00, 0.00
0.00,0.43,0.00, 0.00
0.00,0.44,0.00, 0.25
0.00,0.44,0.00, 0.25
0.00,0.46,0.00, 0.75
0.00,0.44,0.00, 0.00
0.00,0.43,0.00, 0.00
0.00,0.44,0.00, 0.50
0.00,0.43,0.00, 0.00
0.02,0.44,0.99, 0.75
0.00,0.43,0.00, 0.00
0.00,0.44,0.00, 0.25
0.00,0.44,0.00, 0.25
0.00,0.44,0.00, 0.00
0.00,0.44,0.00, 0.00
0.00,0.44,0.00, 0.00
0.00,0.44,0.00, 0.00
0.00,0.43,0.00, 0.00
0.00,0.44,0.00, 0.50
0.00,0.46,0.00, 0.75
0.00,0.44,0.00, 0.00
0.00,0.44,0.00, 0.00
0.00,0.44,0.00, 0.00
0.00,0.43,0.00, 0.00
0.00,0.44,0.00, 0.25
0.00,0.43,0.00, 0.00
0.00,0.43,0.00, 0.00
0.00,0.43,0.00, 0.00
0.00,0.43,0.00, 0.00
0.00,0.44,0.00, 0.50
0.00,0.44,0.00, 0.25
0.00,0.44,0.00, 0.00
0.00,0.44,0.00, 0.00
0.00,0.44,0.00, 0.00
0.00,0.44,0.00, 0.00
0.00,0.44,0.00, 0.00
0.00,0.44,0.00, 0.00
0.00,0.44,0.00, 0.00
0.00,0.44,0.00, 0.00
0.00,0.43,0.00, 0.00
0.00,0.44,0.00, 0.25
0.00,0.44,0.00, 0.25
0.00,0.44,0.00, 0.00
0.00,0.44,0.00, 0.00
0.00,0.43,0.00, 0.00
0.00,0.44,0.00, 0.50
0.00,0.44,0.00, 0.00
0.00,0.44,0.00, 0.00
0.00,0.43,0.00, 0.00
0.02,0.44,0.99, 0.50
0.00,0.41,0.00, 0.00
0.00,0.41,0.00, 0.00
0.00,0.43,0.00, 0.50
0.00,0.43,0.00, 0.00
0.00,0.44,0.00, 0.50
0.00,0.44,0.00, 0.25
0.00,0.44,0.00, 0.00
0.02,0.44,0.99, 0.00
0.00,0.45,0.00, 0.50
0.00,0.45,0.00, 0.50
0.00,0.44,0.00, 0.00
0.00,0.46,0.00, 0.75
0.00,0.44,0.00, 0.00
0.02,0.44,0.99, 0.00
0.00,0.43,0.00, 0.00
0.04,0.44,1.97, 0.25
0.04,0.44,1.97, 0.25
0.01,0.44,0.00, 0.25
0.05,0.43,1.97, 0.00
0.01,0.44,0.00, 0.25
0.07,0.44,2.96, 0.25
0.07,0.44,2.96, 0.25
0.00,0.44,0.00, 0.00
0.04,0.44,1.97, 0.00
0.05,0.44,0.52, 0.00
0.04,0.44,0.00, 0.00
0.07,0.44,1.48, 0.00
0.00,0.44,0.00, 0.00
0.05,0.44,2.46, 0.00
0.01,0.43,0.00, 0.00
0.00,0.43,0.00, 0.00
0.03,0.44,1.48, 0.75
0.03,0.43,0.02, 0.00
0.00,0.43,0.00, 0.00
0.00,0.43,0.00, 0.00
0.00,0.43,0.00, 0.00
0.00,0.43,0.00, 0.00
0.00,0.44,0.00, 0.50
0.05,0.45,2.46, 0.75
0.03,0.44,0.00, 0.00
0.03,0.43,0.00, 0.00
0.03,0.44,0.00, 0.50
0.03,0.44,0.00, 0.00
0.03,0.44,0.00, 0.00
0.01,0.43,0.00, 0.00
0.00,0.44,0.00, 0.25
0.03,0.44,1.48, 0.25
0.01,0.43,0.00, 0.00
0.03,0.45,0.99, 1.00
0.03,0.44,0.01, 0.00
0.01,0.44,0.00, 0.00
0.03,0.44,0.99, 0.00
0.01,0.43,0.00, 0.00
0.03,0.44,0.99, 0.75
0.03,0.44,0.99, 0.75
0.01,0.43,0.00, 0.00
0.03,0.44,0.99, 0.50
0.03,0.44,0.01, 0.00
0.01,0.44,0.00, 0.00
0.05,0.43,1.97, 0.00
0.00,0.44,0.00, 0.25
0.02,0.43,0.99, 0.00
0.00,0.43,0.00, 0.00
0.00,0.43,0.00, 0.00
0.04,0.41,1.97, 0.00
0.05,0.42,0.52, 0.00
0.04,0.42,0.00, 0.00
0.01,0.43,0.00, 0.50
0.00,0.44,0.00, 0.75
0.00,0.44,0.00, 0.00
0.00,0.44,0.00, 0.00
0.02,0.44,0.99, 0.00
0.02,0.44,0.99, 0.00
0.05,0.44,1.49, 0.00
0.01,0.44,0.00, 0.00
0.03,0.44,0.99, 0.00
0.01,0.43,0.00, 0.00
0.03,0.44,0.99, 0.25
0.03,0.44,0.01, 0.25
0.00,0.43,0.00, 0.00
0.02,0.44,0.99, 0.50
0.03,0.44,0.51, 0.00
0.01,0.43,0.00, 0.00
0.00,0.44,0.00, 0.25
0.03,0.44,1.48, 0.25
0.01,0.44,0.00, 0.00
0.03,0.44,0.99, 0.00
0.03,0.44,0.99, 0.00
0.03,0.44,0.01, 0.00
0.01,0.44,0.00, 0.00
0.00,0.43,0.00, 0.00
0.03,0.44,1.48, 0.50
0.03,0.44,0.02, 0.00
0.00,0.42,0.00, 0.00
0.02,0.44,0.99, 0.75
0.01,0.43,0.00, 0.00
0.03,0.43,0.99, 0.00
0.00,0.43,0.00, 0.00
0.00,0.43,0.00, 0.00
0.02,0.44,0.99, 0.50
0.01,0.43,0.00, 0.00
0.00,0.44,0.00, 0.50
0.02,0.44,0.99, 0.00
0.03,0.44,0.51, 0.00
0.01,0.43,0.00, 0.00
0.01,0.43,0.00, 0.00
0.00,0.44,0.00, 0.25
0.00,0.44,0.00, 0.25
0.02,0.44,0.99, 0.00
0.03,0.46,0.51, 0.75
0.01,0.44,0.00, 0.00
0.03,0.44,0.99, 0.00
0.01,0.43,0.00, 0.00
0.00,0.44,0.00, 0.50
0.00,0.45,0.00, 0.50
0.00,0.44,0.00, 0.00
0.00,0.44,0.00, 0.00
0.00,0.44,0.00, 0.00
0.00,0.44,0.00, 0.00
0.00,0.43,0.00, 0.00
0.00,0.44,0.00, 0.25
0.00,0.44,0.00, 0.25
0.00,0.44,0.00, 0.00
0.00,0.44,0.00, 0.00
0.00,0.44,0.00, 0.00
0.00,0.44,0.00, 0.00
0.00,0.44,0.00, 0.00
0.00,0.44,0.00, 0.00
0.02,0.45,0.99, 0.50
0.03,0.44,0.51, 0.00
0.01,0.44,0.00, 0.00
0.00,0.44,0.00, 0.00
0.00,0.44,0.00, 0.00
0.00,0.44,0.00, 0.00
0.00,0.43,0.00, 0.00
0.00,0.43,0.00, 0.00
0.00,0.44,0.00, 0.50
0.00,0.47,0.00, 1.50
0.00,0.48,0.00, 0.50
0.00,0.51,0.00, 1.75
0.00,0.55,0.00, 1.75
0.00,0.55,0.00, 1.75
0.00,0.60,0.00, 2.75
0.00,0.62,0.00, 0.76
0.00,0.64,0.00, 1.50
0.01,0.68,0.49, 1.75
0.14,0.76,6.41, 3.99
0.18,0.91,2.06, 7.24
0.30,1.12,5.94, 10.49
0.41,1.40,5.51, 14.24
0.52,1.74,5.50, 17.24
0.65,2.10,6.49, 17.50
0.65,2.10,6.49, 17.50
0.74,2.41,4.53, 16.01
0.82,2.71,4.01, 14.75
0.95,3.01,6.46, 14.75
1.04,3.28,4.53, 13.75
1.10,3.49,3.02, 10.76
1.14,3.70,2.02, 10.25
1.19,3.88,2.49, 9.25
1.22,4.05,1.51, 8.25
1.22,4.05,1.51, 8.25
1.25,4.20,1.50, 7.25
1.27,4.33,1.01, 6.75
1.28,4.44,0.51, 5.75
1.28,4.53,0.01, 4.26
1.28,4.61,0.00, 3.75
1.28,4.67,0.00, 3.25
1.28,4.70,0.00, 1.76
1.26,4.73,0.00, 1.00
1.26,4.73,0.00, 1.00
1.28,4.74,0.99, 0.75
1.28,4.76,0.01, 0.75
1.28,4.74,0.00, 0.00
1.28,4.68,0.00, 0.00
1.26,4.64,0.00, 0.00
1.28,4.57,0.99, 0.00
1.28,4.48,0.01, 0.00
1.26,4.39,0.00, 0.00
1.28,4.32,0.99, 0.00
1.26,4.28,0.00, 0.00
1.26,4.28,0.00, 0.00
1.28,4.23,0.99, 0.00
1.28,4.18,0.01, 0.00
1.28,4.15,0.00, 0.00
1.28,4.11,0.00, 0.00
1.28,4.07,0.00, 0.00
1.28,4.05,0.00, 0.00
1.26,4.03,0.00, 0.00
1.25,3.99,0.00, 0.00
1.27,3.94,0.99, 0.00
1.28,3.89,0.51, 0.00
1.26,3.84,0.00, 0.00
1.25,3.78,0.00, 0.00
1.27,3.75,0.99, 0.00
1.28,3.70,0.51, 0.00
1.28,3.66,0.01, 0.00
1.28,3.63,0.00, 0.00
1.28,3.63,0.00, 0.00
1.28,3.62,0.00, 0.00
1.28,3.59,0.00, 0.00
1.28,3.57,0.00, 0.00
1.26,3.55,0.00, 0.00
1.28,3.53,0.99, 0.00
1.28,3.57,0.01, 1.49
1.26,3.57,0.00, 0.25
1.25,3.57,0.00, 0.00
1.27,3.55,0.99, 0.00
1.26,3.53,0.00, 0.00
1.26,3.53,0.00, 0.00
1.28,3.49,0.99, 0.00
1.28,3.48,0.01, 0.00
1.28,3.47,0.00, 0.00
1.26,3.45,0.00, 0.00
1.28,3.40,0.99, 0.00
1.28,3.38,0.01, 0.00
1.26,3.35,0.00, 0.00
1.28,3.32,0.99, 0.00
1.28,3.31,0.01, 0.00
1.28,3.26,0.00, 0.00
1.28,3.26,0.00, 0.00
1.28,3.24,0.00, 0.00
1.28,3.24,0.00, 0.00
1.28,3.22,0.00, 0.00
1.28,3.22,0.00, 0.00
1.28,3.17,0.00, 0.00
1.26,3.17,0.00, 0.00
1.28,3.12,0.99, 0.00
1.26,3.12,0.00, 0.00
1.28,3.08,0.99, 0.00
1.28,3.03,0.01, 0.00
1.28,3.03,0.00, 0.25
1.26,2.99,0.00, 0.00
1.26,2.99,0.00, 0.00
1.25,2.97,0.00, 0.00
1.25,2.96,0.00, 0.00
1.27,2.96,0.99, 0.00
1.28,2.96,0.51, 0.00
1.28,2.99,0.01, 1.25
1.28,2.95,0.00, 0.00
1.26,2.93,0.00, 0.00
1.25,2.91,0.00, 0.00
1.27,2.90,0.99, 0.00
1.28,2.88,0.51, 0.00
1.28,2.85,0.01, 0.00
1.28,2.82,0.00, 0.00
1.28,2.82,0.00, 0.00
1.28,2.78,0.00, 0.00
1.26,2.78,0.00, 0.00
1.28,2.77,0.99, 0.00
1.26,2.76,0.00, 0.00
1.28,2.74,0.99, 0.00
1.28,2.76,0.01, 1.00
1.28,2.77,0.00, 0.25
1.28,2.76,0.00, 0.00
1.28,2.76,0.00, 0.00
1.28,2.74,0.00, 0.00
1.28,2.74,0.00, 0.00
1.28,2.76,0.00, 0.50
1.28,2.78,0.00, 1.00
1.28,2.76,0.00, 0.00
1.28,2.76,0.00, 0.50
1.28,2.78,0.00, 0.75
1.28,2.79,0.00, 0.50
1.26,2.78,0.00, 0.00
1.25,2.79,0.00, 0.50
1.27,2.80,0.99, 0.25
1.26,2.81,0.00, 0.50
1.26,2.81,0.00, 0.50
1.28,2.80,0.99, 0.00
1.28,2.80,0.01, 0.25
1.28,2.78,0.00, 0.00
1.28,2.78,0.00, 0.00
1.28,2.76,0.00, 0.00
1.28,2.74,0.00, 0.00
1.28,2.69,0.00, 0.00
1.26,2.65,0.00, 0.00
1.28,2.62,0.99, 0.00
1.28,2.58,0.01, 0.00
1.28,2.53,0.00, 0.00
1.28,2.49,0.00, 0.00
1.28,2.49,0.00, 0.00
1.28,2.45,0.00, 0.00
1.28,2.41,0.00, 0.00
1.28,2.36,0.00, 0.00
1.26,2.33,0.00, 0.00
1.28,2.29,0.99, 0.00
1.28,2.26,0.01, 0.00
1.28,2.24,0.00, 0.00
1.28,2.21,0.00, 0.00
1.26,2.23,0.00, 1.00
1.28,2.21,0.99, 0.00
1.28,2.22,0.01, 0.50
1.28,2.23,0.00, 0.50
1.28,2.21,0.00, 0.00
1.28,2.23,0.00, 1.00
1.28,2.23,0.00, 1.00
1.28,2.23,0.00, 0.00
1.26,2.25,0.00, 0.75
1.25,2.25,0.00, 0.00
1.27,2.28,0.99, 1.25
1.28,2.28,0.51, 0.25
1.28,2.32,0.01, 1.74
1.28,2.34,0.00, 1.00
1.26,2.34,0.00, 0.00
1.28,2.35,0.99, 0.50
1.26,2.36,0.00, 0.75
1.26,2.36,0.00, 0.75
1.28,2.38,0.99, 0.75
1.26,2.38,0.00, 0.25
1.28,2.38,0.99, 0.00
1.26,2.38,0.00, 0.50
1.28,2.39,0.99, 0.25
1.28,2.39,0.01, 0.00
1.26,2.39,0.00, 0.00
1.25,2.38,0.00, 0.00
1.25,2.38,0.00, 0.00
1.27,2.37,0.99, 0.00
1.26,2.37,0.00, 0.00
1.28,2.35,0.99, 0.00
1.26,2.34,0.00, 0.00
1.28,2.33,0.99, 0.00
1.26,2.31,0.00, 0.00
1.28,2.30,0.99, 0.00
1.26,2.27,0.00, 0.00
1.28,2.25,0.99, 0.00
1.28,2.24,0.01, 0.00
1.28,2.24,0.01, 0.00
1.28,2.23,0.00, 0.00
1.28,2.22,0.00, 0.00
1.26,2.20,0.00, 0.00
1.28,2.19,0.99, 0.00
1.26,2.19,0.00, 0.00
1.25,2.17,0.00, 0.00
1.27,2.17,0.99, 0.00
1.26,2.16,0.00, 0.00
1.28,2.17,0.99, 0.50
1.26,2.17,0.00, 0.25
1.26,2.17,0.00, 0.25
1.28,2.15,0.99, 0.00
1.28,2.17,0.01, 1.00
1.26,2.18,0.00, 0.75
1.28,2.19,0.99, 0.50
1.26,2.23,0.00, 1.75
1.28,2.26,0.99, 1.50
1.28,2.31,0.01, 2.50
1.28,2.34,0.00, 1.50
1.26,2.37,0.00, 1.50
0.02,2.41,0.00, 2.25
0.02,2.41,0.00, 2.25
1.00,2.37,48.28, 0.00
0.60,2.39,0.00, 1.25
1.08,2.38,23.65, 0.00
1.02,2.36,0.00, 0.00
0.45,2.33,0.00, 0.00
0.74,2.29,14.29, 0.00
0.69,2.29,0.00, 0.00
0.79,2.28,4.93, 0.00
0.79,2.24,0.07, 0.00
0.77,2.20,0.00, 0.00
0.77,2.15,0.00, 0.00
0.74,2.10,0.00, 0.00
0.74,2.10,0.00, 0.00
0.65,2.01,0.00, 0.00
0.61,1.94,0.00, 0.00
0.54,1.85,0.00, 0.00
0.46,1.72,0.00, 0.00
0.33,1.62,0.00, 0.00
0.18,1.47,0.00, 0.00
0.04,1.34,0.00, 0.00
0.00,1.19,0.00, 0.00
0.00,1.06,0.00, 0.00
0.00,0.92,0.00, 0.00
0.00,0.92,0.00, 0.00
0.00,0.81,0.00, 0.00
0.00,0.70,0.00, 0.00
0.00,0.60,0.00, 0.00
0.00,0.50,0.00, 0.00
0.00,0.44,0.00, 0.00
0.00,0.44,0.00, 0.00
0.00,0.41,0.00, 0.00
0.00,0.41,0.00, 0.00
0.00,0.41,0.00, 0.25
0.02,0.44,0.99, 1.00
0.01,0.44,0.00, 0.25
0.05,0.42,1.97, 0.00
0.01,0.43,0.00, 0.25
0.05,0.44,1.97, 0.50
0.03,0.44,0.00, 0.25
0.01,0.43,0.00, 0.00
0.03,0.44,0.99, 0.25
0.01,0.42,0.00, 0.00
0.03,0.43,0.99, 0.25
0.01,0.44,0.00, 0.50
0.00,0.44,0.00, 0.25
0.00,0.44,0.00, 0.00
0.00,0.44,0.00, 0.00
0.00,0.44,0.00, 0.00
0.00,0.43,0.00, 0.00
0.02,0.44,0.99, 0.50
0.03,0.44,0.51, 0.00
0.01,0.43,0.00, 0.00
0.00,0.43,0.00, 0.00
0.00,0.44,0.00, 0.50
0.02,0.44,0.99, 0.00
0.01,0.43,0.00, 0.00
0.01,0.43,0.00, 0.00
0.03,0.43,0.99, 0.00
0.03,0.44,0.01, 0.75
0.03,0.43,0.00, 0.00
0.03,0.44,0.00, 0.25
0.00,0.43,0.00, 0.00
0.02,0.44,0.99, 0.25
0.01,0.44,0.00, 0.25
0.03,0.43,0.99, 0.00
0.03,0.43,0.01, 0.00
0.01,0.44,0.00, 0.50
0.00,0.45,0.00, 0.50
0.00,0.44,0.00, 0.00
0.02,0.44,0.99, 0.00
0.01,0.43,0.00, 0.00
0.03,0.44,0.99, 0.50
0.03,0.44,0.01, 0.00
0.03,0.44,0.01, 0.00
0.03,0.44,0.00, 0.00
0.01,0.44,0.00, 0.00
0.00,0.43,0.00, 0.00
0.00,0.44,0.00, 0.25
0.02,0.44,0.99, 0.25
0.01,0.44,0.00, 0.00
0.00,0.44,0.00, 0.00
0.02,0.43,0.99, 0.00
0.02,0.43,0.99, 0.00
0.03,0.44,0.51, 0.25
0.03,0.43,0.01, 0.00
0.01,0.44,0.00, 0.50
0.03,0.44,0.99, 0.00
0.01,0.44,0.00, 0.00
0.03,0.44,0.99, 0.00
0.01,0.43,0.00, 0.00
0.03,0.43,0.99, 0.00
0.01,0.44,0.00, 0.50
0.03,0.44,0.99, 0.00
0.03,0.44,0.01, 0.00
0.01,0.43,0.00, 0.00
0.03,0.44,0.99, 0.50
0.03,0.43,0.01, 0.00
0.03,0.43,0.01, 0.00
0.01,0.44,0.00, 0.25
0.03,0.44,0.99, 0.25
0.03,0.44,0.01, 0.00
0.01,0.43,0.00, 0.00
0.03,0.43,0.99, 0.00
0.01,0.43,0.00, 0.00
0.03,0.43,0.99, 0.00
0.03,0.44,0.01, 0.75
0.03,0.44,0.00, 0.00
0.01,0.44,0.00, 0.00
0.01,0.44,0.00, 0.00
0.03,0.44,0.99, 0.00
0.03,0.44,0.99, 0.00
0.03,0.44,0.01, 0.00
0.05,0.43,0.99, 0.00
0.03,0.43,0.00, 0.00
0.01,0.43,0.00, 0.00
0.03,0.43,0.99, 0.00
0.01,0.44,0.00, 0.50
0.03,0.44,0.99, 0.25
0.01,0.43,0.00, 0.00
0.03,0.43,0.99, 0.00
0.01,0.44,0.00, 0.25
0.00,0.44,0.00, 0.25
0.00,0.44,0.00, 0.00
0.02,0.44,0.99, 0.00
0.01,0.46,0.00, 0.75
0.00,0.44,0.00, 0.00
0.00,0.44,0.00, 0.00
0.00,0.44,0.00, 0.25
0.00,0.44,0.00, 0.00
0.02,0.43,0.99, 0.00
0.01,0.44,0.00, 0.25
0.03,0.43,0.99, 0.00
0.00,0.44,0.00, 0.25
0.00,0.43,0.00, 0.00
0.00,0.44,0.00, 0.25
0.00,0.44,0.00, 0.25
0.00,0.44,0.00, 0.00
0.00,0.44,0.00, 0.00
0.00,0.46,0.00, 0.75
0.00,0.46,0.00, 0.75
0.00,0.44,0.00, 0.00
0.01,0.45,0.49, 0.25
0.01,0.46,0.01, 0.25
0.05,0.46,1.97, 0.00
0.08,0.47,1.51, 0.50
0.23,0.49,7.41, 1.00
0.44,0.58,10.45, 4.74
0.63,0.64,9.51, 3.01
0.69,0.70,3.10, 3.00
0.79,0.75,4.97, 2.75
0.92,0.82,6.48, 3.00
0.97,0.87,2.56, 2.75
0.97,0.87,2.56, 2.75
1.04,0.92,3.49, 2.25
1.08,0.97,2.02, 3.00
1.15,1.02,3.48, 2.50
1.21,1.08,3.01, 2.75
1.24,1.12,1.52, 1.75
1.25,1.15,0.52, 2.00
1.27,1.17,0.99, 0.75
1.28,1.19,0.51, 1.25
1.28,1.19,0.51, 1.25
1.28,1.18,0.01, 0.00
1.28,1.18,0.00, 0.25
1.28,1.18,0.00, 0.00
1.28,1.20,0.00, 0.75
1.28,1.21,0.00, 0.50
1.26,1.23,0.00, 0.75
1.25,1.25,0.00, 1.25
1.27,1.25,0.99, 0.25
1.28,1.28,0.51, 1.00
1.26,1.28,0.00, 0.25
1.26,1.28,0.00, 0.25
1.28,1.29,0.99, 0.50
1.28,1.30,0.01, 0.25
1.28,1.32,0.00, 1.00
1.26,1.32,0.00, 0.25
1.28,1.32,0.99, 0.00
1.28,1.32,0.01, 0.00
1.28,1.31,0.00, 0.00
1.28,1.30,0.00, 0.00
1.26,1.30,0.00, 0.00
1.28,1.29,0.99, 0.00
1.28,1.29,0.99, 0.00
1.26,1.28,0.00, 0.00
1.25,1.27,0.00, 0.00
1.27,1.28,0.99, 0.50
1.28,1.28,0.51, 0.00
1.28,1.28,0.01, 0.00
1.26,1.29,0.00, 0.50
1.25,1.31,0.00, 1.00
1.25,1.32,0.00, 0.50
1.27,1.31,0.99, 0.00
1.28,1.32,0.51, 0.50
1.28,1.31,0.01, 0.00
1.28,1.33,0.00, 1.00
1.28,1.33,0.00, 1.00
1.28,1.32,0.00, 0.00
1.28,1.32,0.00, 0.00
1.28,1.32,0.00, 0.00
1.26,1.32,0.00, 0.00
1.28,1.33,0.99, 0.50
1.28,1.32,0.01, 0.00
1.28,1.31,0.00, 0.00
1.26,1.32,0.00, 0.50
1.25,1.31,0.00, 0.00
1.25,1.31,0.00, 0.00
1.27,1.30,0.99, 0.00
1.28,1.28,0.51, 0.00
1.28,1.28,0.51, 0.00
1.28,1.28,0.01, 0.00
1.28,1.27,0.00, 0.00
1.28,1.25,0.00, 0.00
1.28,1.25,0.00, 0.00
1.28,1.25,0.00, 0.00
1.26,1.24,0.00, 0.00
1.25,1.25,0.00, 0.50
1.27,1.25,0.99, 0.00
1.26,1.26,0.00, 0.75
1.28,1.26,0.99, 0.00
1.28,1.26,0.01, 0.00
1.28,1.26,0.00, 0.00
1.28,1.26,0.00, 0.00
1.28,1.29,0.00, 1.25
1.28,1.29,0.00, 0.00
1.26,1.29,0.00, 0.00
1.28,1.30,0.99, 0.75
1.28,1.29,0.01, 0.00
1.26,1.30,0.00, 0.50
1.25,1.31,0.00, 0.50
1.27,1.30,0.99, 0.00
1.26,1.30,0.00, 0.00
1.25,1.30,0.00, 0.00
1.25,1.30,0.00, 0.00
1.27,1.30,0.99, 0.00
1.28,1.30,0.51, 0.00
1.28,1.30,0.01, 0.00
1.26,1.31,0.00, 0.50
1.28,1.31,0.99, 0.00
1.26,1.32,0.00, 0.25
1.26,1.32,0.00, 0.25
1.28,1.32,0.99, 0.00
1.26,1.32,0.00, 0.00
1.25,1.31,0.00, 0.00
1.25,1.30,0.00, 0.00
1.25,1.30,0.00, 0.00
1.25,1.31,0.00, 0.50
1.27,1.31,0.99, 0.00
1.28,1.32,0.51, 0.00
1.28,1.31,0.01, 0.00
1.26,1.33,0.00, 1.00
1.28,1.33,0.99, 0.00
1.26,1.34,0.00, 0.25
1.26,1.34,0.00, 0.25
1.28,1.34,0.99, 0.00
1.28,1.34,0.01, 0.00
1.28,1.34,0.00, 0.00
1.26,1.35,0.00, 0.50
1.28,1.35,0.99, 0.00
1.26,1.35,0.00, 0.00
1.25,1.34,0.00, 0.00
1.27,1.35,0.99, 0.50
1.27,1.35,0.99, 0.50
1.26,1.35,0.00, 0.00
1.25,1.36,0.00, 0.50
1.25,1.37,0.00, 0.75
1.25,1.37,0.00, 0.00
1.27,1.37,0.99, 0.25
1.28,1.38,0.51, 0.25
1.26,1.38,0.00, 0.50
1.25,1.36,0.00, 0.00
1.25,1.36,0.00, 0.00
1.27,1.35,0.99, 0.00
1.28,1.34,0.51, 0.00
1.28,1.34,0.01, 0.00
1.28,1.31,0.00, 0.00
1.28,1.30,0.00, 0.00
1.26,1.30,0.00, 0.00
1.28,1.30,0.99, 0.00
1.26,1.30,0.00, 0.00
1.28,1.29,0.99, 0.00
1.28,1.29,0.01, 0.00
1.26,1.29,0.00, 0.00
1.28,1.29,0.99, 0.25
1.28,1.29,0.99, 0.25
1.28,1.31,0.01, 1.00
1.28,1.30,0.00, 0.00
1.28,1.31,0.00, 0.50
1.28,1.31,0.00, 0.00
1.26,1.33,0.00, 0.75
1.28,1.34,0.99, 0.50
1.28,1.35,0.01, 0.25
1.28,1.35,0.00, 0.00
1.28,1.36,0.00, 0.50
1.28,1.36,0.00, 0.25
1.28,1.36,0.00, 0.25
1.28,1.36,0.00, 0.00
1.26,1.37,0.00, 0.50
1.28,1.37,0.99, 0.00
1.28,1.38,0.01, 0.25
1.28,1.38,0.00, 0.00
1.28,1.38,0.00, 0.00
1.28,1.38,0.00, 0.00
1.28,1.36,0.00, 0.00
1.28,1.36,0.00, 0.00
1.28,1.36,0.00, 0.00
1.28,1.35,0.00, 0.00
1.26,1.35,0.00, 0.00
1.28,1.35,0.99, 0.00
1.26,1.35,0.00, 0.00
1.26,1.35,0.00, 0.00
1.28,1.36,0.99, 0.50
1.28,1.35,0.01, 0.00
1.28,1.35,0.00, 0.00
1.26,1.35,0.00, 0.00
1.28,1.34,0.99, 0.00
1.26,1.34,0.00, 0.00
1.25,1.35,0.00, 0.50
1.27,1.33,0.99, 0.00
1.27,1.33,0.99, 0.00
1.26,1.32,0.00, 0.00
1.25,1.30,0.00, 0.00
1.25,1.31,0.00, 0.50
1.27,1.29,0.99, 0.00
1.28,1.30,0.51, 0.50
1.26,1.29,0.00, 0.00
1.28,1.29,0.99, 0.00
1.28,1.29,0.01, 0.00
1.28,1.28,0.00, 0.00
1.26,1.30,0.00, 1.00
1.25,1.30,0.00, 0.00
1.25,1.27,0.00, 0.00
1.25,1.27,0.00, 0.00
1.27,1.28,0.99, 0.50
1.28,1.26,0.51, 0.00
1.28,1.25,0.01, 0.00
1.26,1.25,0.00, 0.00
1.25,1.25,0.00, 0.00
1.25,1.26,0.00, 0.75
1.27,1.25,0.99, 0.00
1.28,1.24,0.51, 0.00
1.28,1.23,0.01, 0.00
1.26,1.24,0.00, 0.25
1.26,1.24,0.00, 0.25
1.28,1.24,0.99, 0.25
1.28,1.24,0.01, 0.00
1.26,1.24,0.00, 0.00
1.28,1.24,0.99, 0.00
1.28,1.23,0.01, 0.00
1.26,1.22,0.00, 0.00
1.28,1.23,0.99, 0.50
1.26,1.22,0.00, 0.00
1.26,1.22,0.00, 0.00
1.25,1.22,0.00, 0.00
1.27,1.21,0.99, 0.00
1.28,1.20,0.51, 0.00
1.28,1.19,0.01, 0.00
1.26,1.17,0.00, 0.00
1.28,1.17,0.99, 0.00
1.26,1.17,0.00, 0.00
1.28,1.16,0.99, 0.00
1.28,1.15,0.01, 0.00
1.28,1.16,0.00, 0.50
1.28,1.16,0.00, 0.00
1.26,1.16,0.00, 0.00
1.26,1.16,0.00, 0.00
1.28,1.17,0.99, 0.50
1.28,1.17,0.01, 0.25
1.26,1.16,0.00, 0.00
1.28,1.16,0.99, 0.00
1.26,1.16,0.00, 0.25
1.28,1.15,0.99, 0.00
1.26,1.15,0.00, 0.00
1.28,1.13,0.99, 0.00
1.26,1.13,0.00, 0.00
1.28,1.12,0.99, 0.00
1.26,1.13,0.00, 0.75
1.28,1.12,0.99, 0.00
1.28,1.12,0.99, 0.00
1.28,1.12,0.01, 0.00
1.28,1.12,0.00, 0.00
1.26,1.12,0.00, 0.00
1.25,1.12,0.00, 0.00
1.25,1.11,0.00, 0.00
1.27,1.11,0.99, 0.00
1.28,1.11,0.51, 0.00
1.28,1.11,0.01, 0.00
1.26,1.11,0.00, 0.00
1.28,1.11,0.99, 0.00
1.26,1.11,0.00, 0.00
1.28,1.10,0.99, 0.00
1.28,1.10,0.99, 0.00
1.28,1.12,0.01, 1.00
1.28,1.12,0.00, 0.25
1.26,1.12,0.00, 0.00
1.28,1.12,0.99, 0.00
1.26,1.13,0.00, 0.75
1.25,1.10,0.00, 0.00
1.27,1.10,0.99, 0.00
1.26,1.08,0.00, 0.00
1.25,1.09,0.00, 0.75
1.25,1.08,0.00, 0.00
1.25,1.08,0.00, 0.00
1.27,1.08,0.99, 0.00
1.28,1.08,0.51, 0.00
1.26,1.07,0.00, 0.00
0.95,1.07,0.00, 0.00
0.95,1.07,0.00, 0.00
0.95,1.00,0.00, 0.00
1.13,1.02,8.87, 1.00
0.88,1.01,0.00, 0.00
0.90,0.99,0.99, 0.00
0.86,0.99,0.00, 0.25
0.87,1.00,0.49, 0.50
0.89,1.00,0.99, 0.00
0.86,0.99,0.00, 0.00
0.89,0.99,1.48, 0.00
0.88,0.96,0.00, 0.00
0.85,0.95,0.00, 0.00
0.80,0.93,0.00, 0.00
0.77,0.91,0.00, 0.00
0.70,0.87,0.00, 0.00
0.62,0.85,0.00, 0.00
0.54,0.79,0.00, 0.00
0.48,0.74,0.00, 0.00
0.40,0.69,0.00, 0.00
0.34,0.61,0.00, 0.00
0.25,0.53,0.00, 0.00
0.29,0.47,1.97, 0.00
0.29,0.47,1.97, 0.00
0.23,0.42,0.00, 0.00
0.27,0.41,1.97, 0.00
0.06,0.43,0.00, 0.50
0.19,0.43,6.40, 0.00
0.00,0.42,0.00, 0.00
0.06,0.44,2.96, 1.00
0.01,0.43,0.00, 0.00
0.05,0.45,1.97, 1.00
0.03,0.44,0.00, 0.00
0.03,0.44,0.00, 0.00
0.03,0.44,0.00, 0.00
0.01,0.44,0.00, 0.00
0.03,0.44,0.99, 0.00
0.01,0.44,0.00, 0.00
0.05,0.43,1.97, 0.00
0.00,0.43,0.00, 0.00
0.04,0.43,1.97, 0.00
0.01,0.43,0.00, 0.00
0.01,0.43,0.00, 0.00
0.03,0.43,0.99, 0.00
0.05,0.43,1.00, 0.00
0.00,0.44,0.00, 0.75
0.04,0.43,1.97, 0.00
0.00,0.44,0.00, 0.25
0.04,0.43,1.97, 0.00
0.01,0.44,0.00, 0.25
0.03,0.44,0.99, 0.25
0.03,0.44,0.99, 0.25
0.03,0.43,0.01, 0.00
0.05,0.43,0.99, 0.00
0.01,0.43,0.00, 0.00
0.01,0.44,0.00, 0.75
0.03,0.44,0.99, 0.00
0.00,0.43,0.00, 0.00
0.00,0.42,0.00, 0.00
0.02,0.44,0.99, 1.00
0.03,0.42,0.51, 0.00
0.05,0.43,0.99, 0.25
0.05,0.43,0.99, 0.25
0.01,0.43,0.00, 0.00
0.03,0.43,0.99, 0.00
0.01,0.43,0.00, 0.25
0.03,0.43,0.99, 0.00
0.01,0.45,0.00, 1.25
0.03,0.44,0.99, 0.00
0.03,0.43,0.01, 0.00
0.01,0.44,0.00, 0.50
0.03,0.44,0.99, 0.00
0.03,0.44,0.01, 0.00
0.03,0.43,0.00, 0.00
0.01,0.43,0.00, 0.00
0.03,0.43,0.99, 0.25
0.03,0.43,0.01, 0.00
0.01,0.43,0.00, 0.00
0.03,0.44,0.99, 0.50
0.03,0.44,0.99, 0.50
0.01,0.44,0.00, 0.25
0.03,0.43,0.99, 0.00
0.01,0.44,0.00, 0.50
0.05,0.43,1.97, 0.00
0.01,0.44,0.00, 0.50
0.03,0.44,0.99, 0.00
0.01,0.44,0.00, 0.00
0.03,0.44,0.99, 0.00
0.03,0.44,0.01, 0.00
0.01,0.44,0.00, 0.00
0.01,0.44,0.00, 0.00
0.00,0.44,0.00, 0.00
0.00,0.44,0.00, 0.00
0.05,0.44,2.46, 0.00
0.06,0.45,0.53, 0.50
0.06,0.43,0.01, 0.00
0.00,0.44,0.00, 0.25
0.00,0.47,0.00, 1.50
0.00,0.44,0.00, 0.00
0.00,0.46,0.00, 0.50
0.00,0.51,0.00, 2.99
0.14,0.62,6.90, 4.99
0.20,0.71,3.06, 4.75
0.17,0.80,0.00, 4.25
0.41,0.88,11.82, 4.00
0.60,0.98,9.53, 5.25
0.73,1.08,6.54, 4.75
0.84,1.14,5.52, 3.50
0.93,1.26,4.51, 5.74
1.06,1.37,6.47, 5.25
1.06,1.37,6.47, 5.25
1.13,1.50,3.54, 6.50
1.25,1.61,5.96, 5.50
1.27,1.71,1.07, 5.25
1.28,1.80,0.51, 4.50
1.28,1.90,0.01, 5.25
1.28,2.01,0.00, 5.25
1.26,2.12,0.00, 5.50
1.28,2.21,0.99, 4.75
1.28,2.32,0.01, 5.00
1.26,2.39,0.00, 3.75
1.28,2.43,0.99, 2.26
1.26,2.51,0.00, 3.74
1.28,2.59,0.99, 4.00
1.26,2.66,0.00, 3.50
1.26,2.66,0.00, 3.50
1.28,2.72,0.99, 2.75
1.26,2.75,0.00, 1.75
1.28,2.76,0.99, 0.26
1.28,2.76,0.01, 0.25
1.28,2.74,0.00, 0.00
1.26,2.71,0.00, 0.00
1.28,2.68,0.99, 0.00
1.28,2.64,0.01, 0.00
1.28,2.64,0.01, 0.00
1.28,2.60,0.00, 0.00
1.28,2.60,0.00, 0.00
1.28,2.57,0.00, 0.00
1.28,2.55,0.00, 0.00
1.28,2.54,0.00, 0.00
1.28,2.52,0.00, 0.00
1.28,2.53,0.00, 0.25
1.28,2.50,0.00, 0.00
1.28,2.50,0.00, 0.00
1.26,2.52,0.00, 1.00
1.28,2.53,0.99, 0.25
1.28,2.54,0.01, 0.50
1.28,2.54,0.01, 0.50
1.28,2.53,0.00, 0.00
1.28,2.54,0.00, 0.50
1.26,2.55,0.00, 0.50
1.28,2.58,0.99, 1.25
1.28,2.57,0.01, 0.00
1.26,2.55,0.00, 0.00
1.28,2.55,0.99, 0.25
1.26,2.55,0.00, 0.00
1.28,2.54,0.99, 0.00
1.28,2.53,0.01, 0.00
1.26,2.51,0.00, 0.00
1.25,2.49,0.00, 0.00
1.27,2.47,0.99, 0.00
1.28,2.44,0.51, 0.00
1.26,2.43,0.00, 0.00
1.28,2.42,0.99, 0.00
1.26,2.43,0.00, 0.50
1.25,2.40,0.00