0.00,0.41,0.00, 20.18
0.03,0.43,1.48, 1.07
0.02,0.37,0.00, 0.00
0.00,0.41,0.00, 1.74
0.00,0.40,0.00, 0.00
0.00,0.39,0.00, 0.00
0.00,0.40,0.00, 0.50
0.00,0.41,0.00, 0.50
0.00,0.41,0.00, 0.00
0.00,0.40,0.00, 0.00
0.00,0.41,0.00, 0.50
0.00,0.41,0.00, 0.00
0.00,0.42,0.00, 0.25
0.00,0.42,0.00, 0.00
0.00,0.42,0.00, 0.00
0.02,0.42,0.99, 0.00
0.00,0.42,0.00, 0.00
0.00,0.42,0.00, 0.00
0.00,0.41,0.00, 0.00
0.00,0.42,0.00, 0.50
0.00,0.41,0.00, 0.00
0.01,0.42,0.49, 0.50
0.00,0.41,0.00, 0.00
0.00,0.42,0.00, 0.50
0.00,0.42,0.00, 0.00
0.00,0.42,0.00, 0.00
0.00,0.42,0.00, 0.00
0.00,0.42,0.00, 0.00
0.02,0.39,0.99, 0.00
0.00,0.40,0.00, 0.25
0.00,0.40,0.00, 0.00
0.00,0.42,0.00, 1.00
0.00,0.39,0.00, 0.00
0.00,0.40,0.00, 0.50
0.00,0.41,0.00, 0.50
0.00,0.41,0.00, 0.00
0.00,0.42,0.00, 0.50
0.00,0.40,0.00, 0.00
0.00,0.40,0.00, 0.00
0.00,0.41,0.00, 0.50
0.00,0.41,0.00, 0.00
0.00,0.41,0.00, 0.00
0.00,0.42,0.00, 0.50
0.00,0.42,0.00, 0.00
0.00,0.42,0.00, 0.00
0.00,0.42,0.00, 0.00
0.00,0.42,0.00, 0.00
0.00,0.41,0.00, 0.00
0.00,0.41,0.00, 0.00
0.00,0.42,0.00, 0.50
0.00,0.41,0.00, 0.00
0.00,0.42,0.00, 0.50
0.00,0.42,0.00, 0.00
0.00,0.42,0.00, 0.00
0.00,0.42,0.00, 0.00
0.00,0.42,0.00, 0.00
0.00,0.42,0.00, 0.00
0.00,0.42,0.00, 0.00
0.00,0.40,0.00, 0.00
0.00,0.41,0.00, 0.50
0.00,0.41,0.00, 0.00
0.00,0.39,0.00, 0.00
0.00,0.42,0.00, 1.49
0.00,0.42,0.00, 0.00
0.01,0.39,0.49, 0.00
0.00,0.40,0.00, 0.25
0.01,0.43,0.49, 1.25
0.00,0.41,0.00, 0.00
0.00,0.42,0.00, 0.50
0.00,0.39,0.00, 0.00
0.00,0.41,0.00, 0.75
0.00,0.41,0.00, 0.00
0.00,0.40,0.00, 0.00
0.00,0.41,0.00, 0.50
0.00,0.40,0.00, 0.00
0.02,0.41,0.99, 0.25
0.00,0.42,0.00, 0.50
0.00,0.41,0.00, 0.00
0.00,0.42,0.00, 0.50
0.00,0.42,0.00, 0.00
0.00,0.41,0.00, 0.00
0.00,0.42,0.00, 0.50
0.00,0.42,0.00, 0.00
0.00,0.43,0.00, 0.50
0.00,0.41,0.00, 0.00
0.00,0.42,0.00, 0.25
0.04,0.41,1.97, 0.00
0.00,0.44,0.00, 1.49
0.00,0.42,0.00, 0.00
0.00,0.42,0.00, 0.00
0.00,0.42,0.00, 0.00
0.00,0.42,0.00, 0.00
0.00,0.42,0.00, 0.00
0.00,0.43,0.00, 0.50
0.00,0.42,0.00, 0.00
0.02,0.39,0.99, 0.00
0.00,0.40,0.00, 0.25
0.04,0.40,1.97, 0.00
0.03,0.39,0.00, 0.00
0.00,0.40,0.00, 0.50
0.00,0.42,0.00, 0.75
0.00,0.41,0.00, 0.00
0.00,0.42,0.00, 0.50
0.00,0.42,0.00, 0.00
0.00,0.41,0.00, 0.00
0.00,0.41,0.00, 0.00
0.04,0.42,1.97, 0.50
0.00,0.41,0.00, 0.00
0.00,0.38,0.00, 0.00
0.00,0.41,0.00, 1.25
0.02,0.41,0.99, 0.00
0.00,0.41,0.00, 0.00
0.03,0.42,1.48, 0.50
0.05,0.41,1.01, 0.00
0.01,0.42,0.00, 0.25
0.00,0.39,0.00, 0.00
0.00,0.42,0.00, 1.25
0.00,0.41,0.00, 0.00
0.02,0.43,0.99, 1.00
0.02,0.39,0.01, 0.00
0.02,0.39,0.01, 0.00
0.00,0.42,0.00, 1.00
0.00,0.39,0.00, 0.00
0.00,0.39,0.00, 0.00
0.00,0.40,0.00, 0.50
0.00,0.42,0.00, 0.75
0.00,0.42,0.00, 0.75
0.02,0.39,0.99, 0.00
0.00,0.44,0.00, 1.99
0.00,0.39,0.00, 0.00
0.00,0.44,0.00, 2.24
0.00,0.42,0.00, 0.00
0.00,0.42,0.00, 0.00
0.00,0.42,0.00, 0.00
0.00,0.42,0.00, 0.00
0.00,0.42,0.00, 0.00
0.00,0.42,0.00, 0.00
0.00,0.42,0.00, 0.00
0.00,0.42,0.00, 0.00
0.00,0.42,0.00, 0.00
0.00,0.42,0.00, 0.00
0.00,0.42,0.00, 0.00
0.00,0.42,0.00, 0.00
0.04,0.41,1.97, 0.00
0.00,0.41,0.00, 0.00
0.03,0.42,1.48, 0.75
0.00,0.42,0.00, 0.00
0.00,0.40,0.00, 0.00
0.00,0.40,0.00, 0.00
0.00,0.41,0.00, 0.50
0.00,0.40,0.00, 0.00
0.00,0.41,0.00, 0.50
0.00,0.41,0.00, 0.50
0.00,0.41,0.00, 0.50
0.00,0.40,0.00, 0.00
0.04,0.41,1.97, 0.50
0.05,0.40,0.52, 0.00
0.00,0.42,0.00, 0.75
0.03,0.42,1.48, 0.00
0.00,0.42,0.00, 0.00
0.04,0.42,1.97, 0.00
0.02,0.41,0.00, 0.00
0.00,0.42,0.00, 0.50
0.04,0.42,1.97, 0.00
0.00,0.42,0.00, 0.00
0.00,0.42,0.00, 0.00
0.04,0.43,1.97, 0.50
0.05,0.41,0.52, 0.00
0.01,0.42,0.00, 0.25
0.00,0.42,0.00, 0.00
0.00,0.39,0.00, 0.00
0.00,0.41,0.00, 1.00
0.00,0.42,0.00, 0.50
0.00,0.42,0.00, 0.00
0.00,0.41,0.00, 0.00
0.01,0.42,0.49, 0.50
0.00,0.39,0.00, 0.00
0.00,0.41,0.00, 1.00
0.00,0.41,0.00, 0.00
0.00,0.41,0.00, 0.00
0.00,0.41,0.00, 0.00
0.00,0.42,0.00, 0.50
0.00,0.43,0.00, 0.50
0.00,0.43,0.00, 0.25
0.00,0.43,0.00, 0.00
0.00,0.43,0.00, 0.00
0.00,0.42,0.00, 0.00
0.00,0.43,0.00, 0.25
0.00,0.43,0.00, 0.25
0.00,0.44,0.00, 0.50
0.00,0.44,0.00, 0.50
0.00,0.43,0.00, 0.00
0.00,0.41,0.00, 0.00
0.00,0.41,0.00, 0.00
0.00,0.43,0.00, 0.75
0.00,0.43,0.00, 0.00
0.00,0.42,0.00, 0.00
0.00,0.41,0.00, 0.00
0.00,0.42,0.00, 0.50
0.00,0.43,0.00, 0.50
0.00,0.43,0.00, 0.25
0.00,0.42,0.00, 0.00
0.00,0.43,0.00, 0.25
0.00,0.43,0.00, 0.25
0.00,0.43,0.00, 0.25
0.00,0.43,0.00, 0.25
0.01,0.44,0.49, 0.50
0.00,0.39,0.00, 0.00
0.00,0.41,0.00, 0.75
0.00,0.41,0.00, 0.75
0.00,0.41,0.00, 0.75
0.00,0.41,0.00, 0.75
0.00,0.40,0.00, 0.00
0.00,0.39,0.00, 0.00
0.00,0.40,0.00, 0.25
0.00,0.42,0.00, 0.75
0.00,0.41,0.00, 0.00
0.00,0.41,0.00, 0.00
0.00,0.42,0.00, 0.50
0.00,0.43,0.00, 0.50
0.00,0.42,0.00, 0.00
0.00,0.42,0.00, 0.00
0.00,0.42,0.00, 0.00
0.00,0.42,0.00, 0.00
0.00,0.42,0.00, 0.00
0.00,0.43,0.00, 0.50
0.00,0.42,0.00, 0.00
0.00,0.42,0.00, 0.00
0.00,0.40,0.00, 0.00
0.00,0.41,0.00, 0.50
0.00,0.40,0.00, 0.00
0.00,0.41,0.00, 0.50
0.00,0.41,0.00, 0.00
0.00,0.42,0.00, 0.25
0.00,0.41,0.00, 0.00
0.00,0.43,0.00, 0.50
0.00,0.43,0.00, 0.50
0.00,0.43,0.00, 0.00
0.00,0.42,0.00, 0.00
0.00,0.41,0.00, 0.00
0.00,0.43,0.00, 0.50
0.00,0.43,0.00, 0.00
0.00,0.43,0.00, 0.00
0.00,0.44,0.00, 0.50
0.00,0.44,0.00, 0.50
0.00,0.44,0.00, 0.50
0.00,0.46,0.00, 1.00
0.00,0.48,0.00, 1.00
0.00,0.48,0.00, 0.25
0.00,0.48,0.00, 0.00
0.00,0.46,0.00, 0.00
0.00,0.46,0.00, 0.25
0.00,0.46,0.00, 0.00
0.00,0.46,0.00, 0.00
0.00,0.46,0.00, 0.00
0.00,0.45,0.00, 0.00
0.00,0.45,0.00, 0.00
0.00,0.45,0.00, 0.00
0.00,0.47,0.00, 0.75
0.00,0.45,0.00, 0.00
0.00,0.47,0.00, 0.50
0.00,0.47,0.00, 0.00
0.00,0.48,0.00, 0.50
0.00,0.49,0.00, 0.75
0.00,0.50,0.00, 0.50
0.00,0.54,0.00, 1.99
0.00,0.56,0.00, 1.25
0.00,0.62,0.00, 2.99
0.00,0.69,0.00, 3.00
0.00,0.78,0.00, 4.99
0.11,0.91,5.42, 6.49
0.21,1.11,5.01, 9.74
0.21,1.11,5.01, 9.74
0.34,1.32,6.48, 10.50
0.54,1.58,9.95, 12.74
0.67,1.85,6.55, 13.50
0.76,2.16,4.53, 15.74
0.89,2.47,6.47, 15.75
1.09,2.81,9.95, 16.75
1.36,3.19,13.45, 18.99
1.64,3.59,13.99, 20.00
1.82,4.01,9.07, 21.00
2.03,4.45,10.48, 22.25
2.03,4.45,10.48, 22.25
2.16,4.93,6.56, 23.50
2.23,5.38,3.54, 22.50
2.25,5.81,1.04, 21.75
2.25,5.81,1.04, 21.75
2.25,6.24,0.02, 21.25
2.25,6.67,0.00, 21.75
2.25,7.14,0.00, 23.24
2.25,7.61,0.00, 23.50
2.25,8.10,0.00, 24.99
2.25,8.60,0.00, 24.50
2.25,9.14,0.00, 27.24
2.25,9.68,0.00, 27.25
2.25,10.22,0.00, 26.50
2.25,10.22,0.00, 26.50
2.25,10.85,0.00, 31.73
2.25,11.48,0.00, 31.25
2.25,12.05,0.00, 28.76
2.25,12.58,0.00, 26.26
2.25,13.04,0.00, 23.26
2.25,13.44,0.00, 20.01
2.25,13.90,0.00, 22.99
2.25,13.90,0.00, 22.99
2.25,14.31,0.00, 20.76
2.25,14.69,0.00, 19.01
2.25,14.69,0.00, 19.01
2.25,15.02,0.00, 16.26
2.25,15.28,0.00, 13.01
2.25,15.51,0.00, 11.75
2.25,15.72,0.00, 10.26
2.25,15.84,0.00, 6.02
2.25,16.00,0.00, 7.99
2.25,16.16,0.00, 8.00
2.25,16.35,0.00, 9.74
2.25,16.56,0.00, 10.25
2.25,16.74,0.00, 9.25
2.25,16.91,0.00, 8.25
2.25,17.08,0.00, 8.25
2.25,17.25,0.00, 9.00
2.25,17.46,0.00, 10.25
2.25,17.64,0.00, 9.00
2.25,17.83,0.00, 9.50
2.25,17.96,0.00, 6.51
2.25,18.06,0.00, 4.76
2.23,18.15,0.00, 5.00
2.25,18.24,0.99, 4.25
2.25,18.38,0.01, 6.74
2.25,18.56,0.00, 9.49
2.25,18.71,0.00, 7.26
2.25,18.71,0.00, 7.26
2.25,18.87,0.00, 8.00
2.25,19.03,0.00, 8.00
2.25,19.18,0.00, 7.50
2.25,19.30,0.00, 6.01
2.25,19.40,0.00, 4.75
2.25,19.48,0.00, 4.00
2.25,19.53,0.00, 2.51
2.25,19.51,0.00, 0.00
2.25,19.51,0.00, 0.00
2.25,19.66,0.00, 7.72
2.25,19.66,0.00, 7.72
2.25,19.79,0.00, 6.50
2.25,19.94,0.00, 7.50
2.25,20.03,0.00, 4.26
2.25,20.04,0.00, 0.76
2.25,20.05,0.00, 0.25
2.25,20.05,0.00, 0.00
2.25,20.05,0.00, 0.00
2.25,20.05,0.00, 0.00
2.25,20.05,0.00, 0.00
2.25,20.03,0.00, 0.00
2.25,20.03,0.00, 0.00
2.25,20.04,0.00, 0.50
2.25,20.05,0.00, 0.25
2.25,20.05,0.00, 0.00
2.25,19.95,0.00, 0.00
2.25,19.95,0.00, 0.00
2.25,19.69,0.00, 0.00
2.25,19.35,0.00, 0.00
2.25,18.92,0.00, 0.00
2.25,18.11,0.00, 0.00
2.25,17.03,0.00, 0.00
2.25,15.82,0.00, 0.00
2.25,14.61,0.00, 0.00
2.25,13.56,0.00, 0.00
2.25,12.65,0.00, 0.00
2.25,11.88,0.00, 0.00
2.25,11.88,0.00, 0.00
2.25,11.21,0.00, 0.00
2.25,11.21,0.00, 0.00
2.25,10.60,0.00, 0.00
2.25,10.05,0.00, 0.00
2.25,9.51,0.00, 0.00
2.25,9.08,0.00, 0.00
2.25,8.66,0.00, 0.00
2.25,8.28,0.00, 0.00
2.25,8.28,0.00, 0.00
2.25,7.94,0.00, 0.00
2.25,7.62,0.00, 0.00
2.25,7.34,0.00, 0.00
2.25,7.10,0.00, 0.00
2.25,6.85,0.00, 0.00
2.25,6.64,0.00, 0.00
2.25,6.47,0.00, 0.00
2.25,6.31,0.00, 0.00
2.25,6.18,0.00, 0.00
2.25,6.03,0.00, 0.00
2.25,6.03,0.00, 0.00
2.25,5.90,0.00, 0.00
2.25,5.78,0.00, 0.00
2.25,5.64,0.00, 0.00
2.25,5.49,0.00, 0.00
2.25,5.38,0.00, 0.00
2.27,5.30,0.99, 0.00
2.25,5.16,0.00, 0.00
2.25,5.04,0.00, 0.00
2.25,4.95,0.00, 0.00
2.25,4.86,0.00, 0.00
2.25,4.76,0.00, 0.00
2.25,4.72,0.00, 0.00
2.25,4.65,0.00, 0.00
2.25,4.65,0.00, 0.00
2.25,4.59,0.00, 0.00
2.25,4.59,0.00, 0.00
2.25,4.56,0.00, 0.00
2.25,4.52,0.00, 0.00
2.25,4.50,0.00, 0.00
2.25,4.44,0.00, 0.00
2.25,4.39,0.00, 0.00
2.25,4.35,0.00, 0.00
2.25,4.30,0.00, 0.00
2.25,4.21,0.00, 0.00
2.25,4.12,0.00, 0.00
2.25,4.06,0.00, 0.00
2.25,3.97,0.00, 0.00
2.25,3.89,0.00, 0.00
2.25,3.78,0.00, 0.00
2.25,3.70,0.00, 0.00
2.25,3.64,0.00, 0.00
2.25,3.64,0.00, 0.00
2.25,3.62,0.00, 0.00
2.25,3.51,0.00, 0.00
2.25,3.45,0.00, 0.00
2.25,3.45,0.00, 0.00
2.25,3.41,0.00, 0.00
2.25,3.37,0.00, 0.00
2.23,3.33,0.00, 0.00
2.25,3.29,0.99, 0.00
2.25,3.29,0.99, 0.00
2.25,3.24,0.01, 0.00
2.25,3.18,0.00, 0.00
2.25,3.17,0.00, 0.00
2.25,3.12,0.00, 0.00
2.25,3.08,0.00, 0.00
2.25,3.05,0.00, 0.00
2.25,3.00,0.00, 0.00
2.25,2.99,0.00, 0.00
2.25,2.99,0.00, 0.00
2.25,2.98,0.00, 0.00
2.25,2.97,0.00, 0.00
2.25,2.95,0.00, 0.00
2.25,2.91,0.00, 0.00
2.25,2.85,0.00, 0.00
2.25,2.81,0.00, 0.00
2.25,2.79,0.00, 0.00
2.25,2.79,0.00, 0.00
2.25,2.76,0.00, 0.00
2.25,2.74,0.00, 0.00
2.25,2.69,0.00, 0.00
2.25,2.66,0.00, 0.00
2.25,2.66,0.00, 0.00
2.25,2.63,0.00, 0.00
2.25,2.61,0.00, 0.00
2.25,2.57,0.00, 0.00
2.25,2.53,0.00, 0.00
2.25,2.51,0.00, 0.00
2.23,2.51,0.00, 0.00
2.25,2.42,0.99, 0.00
2.25,2.38,0.01, 0.00
2.25,2.33,0.00, 0.00
2.25,2.28,0.00, 0.00
2.25,2.28,0.00, 0.00
2.06,2.24,0.00, 0.00
1.45,2.20,0.00, 0.00
1.31,2.14,0.00, 0.00
1.73,2.10,20.69, 0.00
1.97,2.10,12.13, 0.00
2.11,2.05,7.08, 0.00
2.20,2.02,4.54, 0.00
2.22,1.94,1.05, 0.00
2.22,1.94,1.05, 0.00
2.18,1.87,0.00, 0.00
2.04,1.76,0.00, 0.00
1.71,1.64,0.00, 0.00
1.38,1.54,0.00, 0.00
1.21,1.41,0.00, 0.00
1.15,1.27,0.00, 0.00
1.07,1.12,0.00, 0.00
0.93,0.95,0.00, 0.00
0.92,0.81,0.00, 0.00
0.68,0.69,0.00, 0.00
0.59,0.62,0.00, 0.00
0.44,0.51,0.00, 0.00
0.35,0.41,0.00, 0.00
0.30,0.43,0.00, 0.75
0.19,0.41,0.00, 0.00
0.00,0.38,0.00, 0.00
0.00,0.39,0.00, 0.50
0.09,0.41,4.43, 0.75
0.10,0.42,0.56, 0.25
0.00,0.39,0.00, 0.00
0.00,0.40,0.00, 0.50
0.00,0.41,0.00, 0.25
0.00,0.41,0.00, 0.00
0.04,0.41,1.97, 0.00
0.00,0.41,0.00, 0.00
0.01,0.43,0.49, 1.00
0.06,0.43,2.47, 0.25
0.00,0.43,0.00, 0.00
0.03,0.42,1.48, 0.00
0.11,0.39,3.96, 0.00
0.00,0.40,0.00, 0.25
0.00,0.39,0.00, 0.00
0.00,0.41,0.00, 1.00
0.04,0.39,1.97, 0.00
0.00,0.40,0.00, 0.50
0.00,0.41,0.00, 0.25
0.00,0.42,0.00, 0.50
0.00,0.42,0.00, 0.00
0.00,0.42,0.00, 0.00
0.02,0.42,0.99, 0.00
0.02,0.42,0.99, 0.00
0.02,0.42,0.99, 0.00
0.00,0.39,0.00, 0.00
0.00,0.40,0.00, 0.25
0.00,0.43,0.00, 1.25
0.00,0.42,0.00, 0.00
0.00,0.43,0.00, 0.25
0.00,0.41,0.00, 0.00
0.00,0.44,0.00, 1.25
0.00,0.42,0.00, 0.00
0.00,0.42,0.00, 0.00
0.00,0.42,0.00, 0.00
0.00,0.41,0.00, 0.00
0.00,0.41,0.00, 0.00
0.00,0.43,0.00, 1.00
0.00,0.41,0.00, 0.00
0.00,0.39,0.00, 0.00
0.00,0.40,0.00, 0.25
0.00,0.40,0.00, 0.25
0.00,0.40,0.00, 0.25
0.01,0.41,0.49, 0.50
0.00,0.41,0.00, 0.00
0.05,0.42,2.46, 0.50
0.01,0.40,0.00, 0.00
0.00,0.41,0.00, 0.50
0.00,0.41,0.00, 0.00
0.00,0.41,0.00, 0.00
0.00,0.42,0.00, 0.50
0.00,0.42,0.00, 0.00
0.00,0.43,0.00, 0.50
0.00,0.43,0.00, 0.25
0.00,0.44,0.00, 0.25
0.00,0.52,0.00, 4.24
0.00,0.66,0.00, 7.24
0.00,0.80,0.00, 6.75
0.00,0.80,0.00, 6.75
0.00,0.89,0.00, 4.51
0.12,1.01,5.91, 6.24
0.50,1.15,18.81, 7.00
0.64,1.30,7.17, 7.50
0.78,1.46,7.00, 7.50
0.95,1.65,8.48, 9.99
1.14,1.89,9.48, 11.99
1.44,2.15,14.92, 12.75
1.44,2.15,14.92, 12.75
1.72,2.43,14.01, 14.00
1.80,2.72,4.15, 14.75
1.81,3.04,0.55, 15.75
1.86,3.39,2.47, 17.74
1.93,3.70,3.48, 15.51
2.06,4.03,6.46, 16.25
2.17,4.40,5.51, 18.49
2.23,4.74,3.04, 17.25
2.23,4.74,3.04, 17.25
2.25,5.11,1.03, 18.50
2.25,5.55,0.02, 21.74
2.25,6.02,0.00, 23.49
2.25,6.52,0.00, 24.99
2.25,7.02,0.00, 25.00
2.25,7.51,0.00, 24.50
2.25,8.00,0.00, 24.50
2.27,8.38,0.99, 19.02
2.25,8.77,0.00, 19.50
2.25,9.16,0.00, 19.50
2.27,9.48,0.99, 16.01
2.25,9.86,0.00, 18.99
2.25,10.31,0.00, 22.49
2.25,10.77,0.00, 23.25
2.25,11.23,0.00, 22.75
2.25,11.70,0.00, 23.50
2.27,12.18,0.99, 24.25
2.25,12.50,0.00, 15.78
2.25,12.50,0.00, 15.78
2.25,13.05,0.00, 27.46
2.23,13.47,0.00, 21.02
2.25,13.85,0.99, 19.26
2.25,14.19,0.01, 16.76
2.25,14.52,0.00, 16.50
2.25,14.84,0.00, 16.00
2.25,14.84,0.00, 16.00
2.25,15.20,0.00, 17.99
2.25,15.57,0.00, 18.75
2.25,15.97,0.00, 19.75
2.23,16.39,0.00, 21.00
2.25,16.76,0.99, 18.26
2.25,17.08,0.01, 16.26
2.25,17.36,0.00, 14.26
2.25,17.57,0.00, 10.26
2.25,17.74,0.00, 8.76
2.25,17.84,0.00, 4.76
2.25,17.84,0.00, 4.76
2.25,17.90,0.00, 3.26
2.25,18.01,0.00, 5.49
2.25,18.12,0.00, 5.50
2.25,18.29,0.00, 8.24
2.25,18.53,0.00, 11.99
2.25,18.74,0.00, 10.75
2.25,18.86,0.00, 6.02
2.25,18.95,0.00, 4.26
2.25,18.98,0.00, 1.26
2.25,18.97,0.00, 0.00
2.25,18.97,0.00, 0.00
2.25,18.95,0.00, 0.00
2.25,18.94,0.00, 0.00
2.25,18.95,0.00, 0.50
2.25,19.00,0.00, 2.49
2.25,19.07,0.00, 3.50
2.25,19.13,0.00, 3.00
2.25,19.15,0.00, 1.01
2.25,19.14,0.00, 0.00
2.25,19.10,0.00, 0.00
2.25,19.10,0.00, 0.00
2.25,19.10,0.00, 0.00
2.23,19.07,0.00, 0.00
2.25,19.07,0.99, 0.25
2.27,19.02,1.00, 0.00
2.25,18.97,0.00, 0.00
2.25,18.89,0.00, 0.00
2.25,18.80,0.00, 0.00
2.25,18.69,0.00, 0.00
2.25,18.48,0.00, 0.00
2.25,18.09,0.00, 0.00
2.25,17.57,0.00, 0.00
2.25,16.90,0.00, 0.00
2.25,16.09,0.00, 0.00
2.25,15.23,0.00, 0.00
2.25,14.37,0.00, 0.00
2.25,13.57,0.00, 0.00
2.25,12.72,0.00, 0.00
2.25,11.85,0.00, 0.00
2.25,11.85,0.00, 0.00
2.25,10.95,0.00, 0.00
2.25,10.09,0.00, 0.00
2.25,9.27,0.00, 0.00
2.25,8.50,0.00, 0.00
2.25,7.85,0.00, 0.00
2.25,7.32,0.00, 0.00
2.25,6.93,0.00, 0.00
2.25,6.52,0.00, 0.00
2.25,6.19,0.00, 0.00
2.25,5.86,0.00, 0.00
2.25,5.55,0.00, 0.00
2.25,5.24,0.00, 0.00
2.25,5.24,0.00, 0.00
2.25,4.95,0.00, 0.00
2.25,4.69,0.00, 0.00
2.25,4.47,0.00, 0.00
2.25,4.27,0.00, 0.00
2.25,4.07,0.00, 0.00
2.25,3.90,0.00, 0.00
2.25,3.73,0.00, 0.00
2.25,3.58,0.00, 0.00
2.25,3.58,0.00, 0.00
2.25,3.44,0.00, 0.00
2.25,3.32,0.00, 0.00
2.25,3.21,0.00, 0.00
2.25,3.11,0.00, 0.00
2.25,3.03,0.00, 0.00
2.25,2.97,0.00, 0.00
2.25,2.90,0.00, 0.00
2.25,2.84,0.00, 0.00
2.25,2.80,0.00, 0.00
2.25,2.76,0.00, 0.00
2.25,2.72,0.00, 0.00
2.25,2.69,0.00, 0.00
2.25,2.67,0.00, 0.00
2.25,2.65,0.00, 0.00
2.25,2.65,0.00, 0.00
2.25,2.67,0.00, 1.00
2.25,2.57,0.00, 0.00
2.25,2.57,0.00, 0.00
2.25,2.55,0.00, 0.00
2.25,2.55,0.00, 0.00
2.25,2.53,0.00, 0.00
2.25,2.49,0.00, 0.00
2.25,2.47,0.00, 0.00
2.25,2.43,0.00, 0.00
2.25,2.38,0.00, 0.00
2.25,2.34,0.00, 0.00
2.25,2.34,0.00, 0.00
2.25,2.28,0.00, 0.00
2.25,2.25,0.00, 0.00
2.25,2.24,0.00, 0.00
2.27,2.22,0.99, 0.00
2.25,2.21,0.00, 0.00
2.25,2.20,0.00, 0.00
2.25,2.19,0.00, 0.00
2.25,2.17,0.00, 0.00
2.25,2.16,0.00, 0.00
2.25,2.14,0.00, 0.00
2.25,2.14,0.00, 0.25
2.25,2.12,0.00, 0.00
2.25,2.12,0.00, 0.00
1.08,2.17,0.00, 2.49
0.45,2.29,0.00, 5.99
1.06,2.28,30.05, 0.00
1.66,2.27,30.00, 0.00
2.09,2.21,21.63, 0.00
2.22,2.13,6.72, 0.00
2.18,2.11,0.00, 0.00
2.13,2.12,0.00, 0.50
1.97,2.12,0.00, 0.00
1.91,2.13,0.00, 0.50
1.83,2.10,0.00, 0.00
1.95,2.06,5.91, 0.00
1.95,2.06,5.91, 0.00
2.06,2.02,5.51, 0.00
2.02,1.96,0.00, 0.00
1.96,1.92,0.00, 0.00
2.00,1.88,1.97, 0.00
2.03,1.86,1.51, 0.00
1.92,1.79,0.00, 0.00
1.92,1.79,0.00, 0.00
1.88,1.78,0.00, 0.00
1.89,1.75,0.49, 0.00
1.87,1.71,0.00, 0.00
1.85,1.68,0.00, 0.00
1.78,1.66,0.00, 0.00
1.70,1.62,0.00, 0.00
1.60,1.59,0.00, 0.00
1.38,1.54,0.00, 0.00
1.03,1.50,0.00, 0.00
1.12,1.46,4.43, 0.00
1.12,1.46,4.43, 0.00
1.20,1.44,4.01, 0.00
1.26,1.38,3.01, 0.00
1.31,1.38,2.51, 0.50
1.24,1.32,0.00, 0.00
1.00,1.25,0.00, 0.00
0.91,1.23,0.00, 0.00
0.79,1.20,0.00, 0.00
0.74,1.15,0.00, 0.00
0.74,1.15,0.00, 0.00
0.77,1.09,1.48, 0.00
0.80,1.03,1.50, 0.00
0.64,0.95,0.00, 0.00
0.47,0.86,0.00, 0.00
0.52,0.77,2.46, 0.00
0.34,0.71,0.00, 0.00
0.04,0.65,0.00, 0.00
0.00,0.56,0.00, 0.00
0.00,0.50,0.00, 0.00
0.02,0.44,0.99, 0.00
0.04,0.41,1.00, 0.00
0.09,0.41,2.48, 0.00
0.09,0.41,2.48, 0.00
0.08,0.41,0.00, 0.00
0.00,0.41,0.00, 0.00
0.00,0.42,0.00, 0.50
0.00,0.42,0.00, 0.50
0.02,0.41,0.99, 0.00
0.00,0.41,0.00, 0.00
0.02,0.42,0.99, 0.50
0.00,0.44,0.00, 1.00
0.00,0.40,0.00, 0.00
0.06,0.39,2.96, 0.00
0.01,0.40,0.00, 0.50
0.00,0.41,0.00, 0.25
0.00,0.41,0.00, 0.00
0.03,0.42,1.48, 0.50
0.00,0.42,0.00, 0.00
0.00,0.40,0.00, 0.00
0.01,0.43,0.49, 1.49
0.00,0.43,0.00, 0.00
0.02,0.41,0.99, 0.00
0.02,0.41,0.99, 0.00
0.00,0.41,0.00, 0.25
0.00,0.42,0.00, 0.50
0.00,0.41,0.00, 0.00
0.00,0.43,0.00, 0.75
0.00,0.41,0.00, 0.00
0.00,0.41,0.00, 0.25
0.00,0.43,0.00, 0.75
0.11,0.42,5.42, 0.00
0.00,0.40,0.00, 0.00
0.03,0.41,1.48, 0.50
0.07,0.41,1.99, 0.00
0.00,0.42,0.00, 0.25
0.00,0.42,0.00, 0.25
0.02,0.41,0.99, 0.00
0.00,0.41,0.00, 0.00
0.00,0.42,0.00, 0.50
0.03,0.43,1.48, 0.50
0.00,0.42,0.00, 0.00
0.00,0.42,0.00, 0.00
0.00,0.42,0.00, 0.00
0.00,0.39,0.00, 0.00
0.00,0.44,0.00, 1.99
0.00,0.44,0.00, 0.26
0.00,0.43,0.00, 0.00
0.00,0.44,0.00, 0.25
0.00,0.44,0.00, 0.25
0.00,0.40,0.00, 0.00
0.00,0.40,0.00, 0.00
0.00,0.40,0.00, 0.00
0.00,0.43,0.00, 1.25
0.00,0.44,0.00, 0.50
0.00,0.44,0.00, 0.50
0.00,0.80,0.00, 17.44
0.00,0.96,0.00, 8.03
0.10,1.12,4.93, 8.00
0.34,1.35,11.90, 11.49
0.59,1.60,12.49, 12.75
1.07,1.90,23.83, 15.24
1.51,2.18,22.03, 13.76
1.73,2.49,11.16, 15.24
1.86,2.78,6.57, 15.00
1.91,3.07,2.56, 14.50
1.96,3.38,2.50, 15.25
2.04,3.65,3.98, 13.51
2.16,3.89,5.97, 12.01
2.23,4.14,3.54, 12.25
2.25,4.38,1.04, 12.25
2.25,4.66,0.02, 14.24
2.25,4.97,0.00, 15.00
2.25,5.32,0.00, 17.99
2.25,5.32,0.00, 17.99
2.25,5.69,0.00, 18.25
2.27,6.07,0.99, 19.00
2.25,6.43,0.00, 17.75
2.25,6.80,0.00, 18.50
2.23,7.18,0.00, 19.25
2.25,7.51,0.99, 16.26
2.25,7.83,0.01, 16.25
2.25,8.09,0.00, 13.26
2.25,8.09,0.00, 13.26
2.25,8.34,0.00, 12.25
2.25,8.59,0.00, 12.25
2.25,8.81,0.00, 11.25
2.25,9.04,0.00, 11.50
2.25,9.30,0.00, 12.75
2.25,9.52,0.00, 11.26
2.25,9.73,0.00, 10.25
2.25,9.94,0.00, 11.00
2.25,10.16,0.00, 10.75
2.25,10.39,0.00, 11.25
2.25,10.60,0.00, 10.75
2.25,10.78,0.00, 9.01
2.25,10.99,0.00, 10.74
2.25,10.99,0.00, 10.74
2.25,10.99,0.00, 10.74
2.25,10.99,0.00, 10.74
2.25,11.18,0.00, 9.50
2.25,11.39,0.00, 10.00
2.25,11.59,0.00, 10.25
2.25,11.86,0.00, 13.49
2.25,12.08,0.00, 11.26
2.25,12.31,0.00, 11.00
2.25,12.52,0.00, 10.75
2.25,12.73,0.00, 10.50
2.25,12.92,0.00, 9.50
2.25,13.15,0.00, 11.49
2.25,13.37,0.00, 11.00
2.25,13.59,0.00, 10.75
2.25,13.83,0.00, 12.24
2.25,14.06,0.00, 11.25
2.25,14.28,0.00, 11.25
2.25,14.52,0.00, 12.25
2.25,14.76,0.00, 11.50
2.25,14.98,0.00, 11.00
2.25,15.16,0.00, 9.26
2.25,15.34,0.00, 8.75
2.25,15.49,0.00, 7.75
2.25,15.62,0.00, 6.50
2.25,15.78,0.00, 7.99
2.25,15.96,0.00, 9.00
2.25,16.22,0.00, 12.74
2.25,16.54,0.00, 16.24
2.25,16.54,0.00, 16.24
2.25,16.54,0.00, 16.24
2.25,16.97,0.00, 21.23
2.25,17.35,0.00, 19.01
2.25,17.64,0.00, 14.77
2.25,17.86,0.00, 11.01
2.25,18.09,0.00, 11.50
2.25,18.31,0.00, 11.00
2.25,18.52,0.00, 10.75
2.25,18.68,0.00, 7.76
2.25,18.84,0.00, 8.00
2.25,18.98,0.00, 7.00
2.25,19.10,0.00, 6.00
2.25,19.23,0.00, 6.50
2.25,19.33,0.00, 5.25
2.25,19.41,0.00, 3.51
2.25,19.43,0.00, 1.26
2.25,19.44,0.00, 0.75
2.25,19.42,0.00, 0.00
2.25,19.42,0.00, 0.00
2.25,19.38,0.00, 0.00
2.25,19.31,0.00, 0.00
2.25,19.27,0.00, 0.00
2.25,19.23,0.00, 0.00
2.25,19.16,0.00, 0.00
2.25,19.06,0.00, 0.00
2.25,18.89,0.00, 0.00
2.25,18.72,0.00, 0.00
2.25,18.51,0.00, 0.00
2.25,18.17,0.00, 0.00
2.25,17.74,0.00, 0.00
2.25,17.24,0.00, 0.00
2.25,17.24,0.00, 0.00
2.25,16.72,0.00, 0.00
2.25,16.17,0.00, 0.00
2.25,15.60,0.00, 0.00
2.25,15.10,0.00, 0.00
2.25,15.10,0.00, 0.00
2.25,14.64,0.00, 0.00
2.25,14.21,0.00, 0.00
2.25,13.78,0.00, 0.00
2.25,13.36,0.00, 0.00
2.25,13.01,0.00, 0.00
2.25,12.72,0.00, 0.00
2.25,12.41,0.00, 0.00
2.25,12.14,0.00, 0.00
2.25,11.88,0.00, 0.00
2.25,11.64,0.00, 0.00
2.25,11.64,0.00, 0.00
2.25,11.35,0.00, 0.00
2.25,11.05,0.00, 0.00
2.25,10.75,0.00, 0.00
2.25,10.44,0.00, 0.00
2.25,10.18,0.00, 0.00
2.25,9.96,0.00, 0.00
2.25,9.78,0.00, 0.00
2.25,9.60,0.00, 0.00
2.25,9.43,0.00, 0.00
2.25,9.25,0.00, 0.00
2.25,9.06,0.00, 0.00
2.25,8.86,0.00, 0.00
2.25,8.68,0.00, 0.00
2.25,8.50,0.00, 0.00
2.25,8.35,0.00, 0.00
2.25,8.35,0.00, 0.00
2.25,8.20,0.00, 0.00
2.25,8.20,0.00, 0.00
2.25,8.02,0.00, 0.00
2.25,7.82,0.00, 0.00
2.25,7.58,0.00, 0.00
2.25,7.36,0.00, 0.00
2.25,7.14,0.00, 0.00
2.25,6.89,0.00, 0.00
2.25,6.89,0.00, 0.00
2.25,6.64,0.00, 0.00
2.25,6.38,0.00, 0.00
2.25,6.14,0.00, 0.00
2.25,5.90,0.00, 0.00
2.25,5.65,0.00, 0.00
2.25,5.44,0.00, 0.00
2.25,5.23,0.00, 0.00
2.25,5.06,0.00, 0.00
2.25,4.90,0.00, 0.00
2.25,4.80,0.00, 0.00
2.25,4.70,0.00, 0.00
2.27,4.64,0.99, 0.00
2.27,4.64,0.99, 0.00
2.23,4.57,0.00, 0.00
2.25,4.55,0.99, 0.00
2.25,4.52,0.01, 0.00
2.25,4.45,0.00, 0.00
2.25,4.40,0.00, 0.00
2.25,4.40,0.00, 0.00
2.25,4.40,0.00, 0.00
2.25,4.33,0.00, 0.00
2.25,4.27,0.00, 0.00
2.25,4.22,0.00, 0.00
2.25,4.17,0.00, 0.00
2.25,4.11,0.00, 0.00
2.25,4.02,0.00, 0.00
2.25,3.97,0.00, 0.00
2.25,3.86,0.00, 0.00
2.25,3.78,0.00, 0.00
2.25,3.67,0.00, 0.00
2.25,3.57,0.00, 0.00
2.25,3.49,0.00, 0.00
2.23,3.41,0.00, 0.00
2.25,3.34,0.99, 0.00
2.25,3.31,0.01, 0.00
2.25,3.31,0.01, 0.00
2.25,3.22,0.00, 0.00
2.25,3.20,0.00, 0.00
2.25,3.12,0.00, 0.00
2.25,3.01,0.00, 0.00
2.25,2.91,0.00, 0.00
2.25,2.85,0.00, 0.00
2.23,2.76,0.00, 0.00
2.25,2.66,0.99, 0.00
2.25,2.59,0.01, 0.00
2.25,2.51,0.00, 0.00
2.25,2.51,0.00, 0.00
2.25,2.39,0.00, 0.00
2.25,2.32,0.00, 0.00
2.25,2.23,0.00, 0.00
2.25,2.15,0.00, 0.00
2.25,2.11,0.00, 0.00
2.25,2.05,0.00, 0.00
2.25,2.05,0.00, 0.00
2.25,2.00,0.00, 0.00
2.25,1.94,0.00, 0.00
2.25,1.88,0.00, 0.00
2.25,1.83,0.00, 0.00
2.25,1.78,0.00, 0.00
2.25,1.72,0.00, 0.00
2.25,1.66,0.00, 0.00
2.25,1.66,0.00, 0.00
2.25,1.66,0.00, 0.00
2.23,1.62,0.00, 0.00
2.25,1.58,0.99, 0.00
2.25,1.52,0.01, 0.00
2.25,1.47,0.00, 0.00
2.25,1.45,0.00, 0.00
2.25,1.40,0.00, 0.00
2.25,1.35,0.00, 0.00
2.25,1.29,0.00, 0.00
1.90,1.25,0.00, 0.00
0.14,1.29,0.00, 1.99
0.03,1.25,0.00, 0.00
0.00,1.16,0.00, 0.00
0.39,1.05,19.21, 0.00
1.25,0.92,42.65, 0.00
1.35,0.78,5.55, 0.00
1.35,0.78,5.55, 0.00
1.40,0.70,2.54, 0.00
0.45,0.68,0.00, 0.00
0.00,0.62,0.00, 0.00
0.48,0.55,23.65, 0.00
0.59,0.50,5.77, 0.00
0.55,0.47,0.00, 0.00
0.11,0.45,0.00, 0.00
0.00,0.42,0.00, 0.00
0.05,0.42,2.46, 0.00
0.05,0.41,0.04, 0.00
0.05,0.41,0.04, 0.00
0.00,0.44,0.00, 1.25
0.13,0.43,6.40, 0.00
0.09,0.42,0.00, 0.00
0.00,0.39,0.00, 0.00
0.00,0.42,0.00, 1.00
0.00,0.42,0.00, 0.00
0.10,0.42,4.93, 0.00
0.00,0.41,0.00, 0.00
0.00,0.42,0.00, 0.00
0.04,0.41,1.97, 0.00
0.09,0.41,2.49, 0.00
0.01,0.39,0.00, 0.00
0.00,0.40,0.00, 0.25
0.00,0.39,0.00, 0.00
0.00,0.39,0.00, 0.00
0.03,0.40,1.48, 0.50
0.00,0.42,0.00, 0.75
0.00,0.42,0.00, 0.00
0.00,0.42,0.00, 0.00
0.00,0.42,0.00, 0.00
0.00,0.43,0.00, 0.50
0.00,0.42,0.00, 0.00
0.07,0.42,3.45, 0.00
0.03,0.43,0.00, 0.50
0.00,0.41,0.00, 0.00
0.00,0.41,0.00, 0.00
0.00,0.42,0.00, 0.25
0.03,0.42,1.48, 0.00
0.05,0.42,1.01, 0.00
0.00,0.39,0.00, 0.00
0.00,0.41,0.00, 1.00
0.00,0.41,0.00, 1.00
0.00,0.41,0.00, 1.00
0.00,0.40,0.00, 0.00
0.00,0.38,0.00, 0.00
0.00,0.41,0.00, 1.25
0.02,0.41,0.99, 0.00
0.00,0.41,0.00, 0.00
0.00,0.41,0.00, 0.00
0.00,0.42,0.00, 0.50
0.02,0.41,0.99, 0.00
0.02,0.42,0.01, 0.50
0.00,0.41,0.00, 0.00
0.00,0.42,0.00, 0.50
0.00,0.42,0.00, 0.00
0.00,0.42,0.00, 0.00
0.00,0.42,0.00, 0.00
0.00,0.40,0.00, 0.00
0.00,0.41,0.00, 0.50
0.00,0.40,0.00, 0.00
0.00,0.42,0.00, 0.75
0.00,0.41,0.00, 0.00
0.00,0.41,0.00, 0.00
0.01,0.41,0.49, 0.50
0.00,0.42,0.00, 0.00
0.00,0.41,0.00, 0.00
0.04,0.42,1.97, 0.50
0.04,0.42,1.97, 0.50
0.04,0.42,1.97, 0.50
0.04,0.42,1.97, 0.50
0.00,0.42,0.00, 0.00
0.00,0.41,0.00, 0.00
0.00,0.42,0.00, 0.50
0.00,0.41,0.00, 0.00
0.01,0.42,0.49, 0.50
0.00,0.41,0.00, 0.00
0.00,0.43,0.00, 1.00
0.00,0.43,0.00, 0.25
0.00,0.44,0.00, 0.50
0.00,0.45,0.00, 0.50
0.00,0.50,0.00, 2.74
0.00,0.51,0.00, 0.51
0.00,0.58,0.00, 3.24
0.11,0.64,5.42, 3.00
0.28,0.72,8.45, 4.00
0.38,0.85,5.05, 6.24
0.51,0.96,6.48, 5.75
0.58,1.12,3.54, 8.24
0.74,1.31,7.93, 9.25
0.90,1.50,8.00, 9.75
1.07,1.75,8.49, 12.24
1.23,2.04,8.01, 14.49
1.39,2.41,8.00, 18.73
1.56,2.85,8.49, 21.74
1.78,3.28,10.96, 21.75
1.96,3.70,9.03, 20.50
2.13,4.07,8.51, 18.51
2.23,4.39,5.05, 16.01
2.23,4.39,5.05, 16.01
2.25,4.62,1.06, 12.01
2.25,4.84,0.02, 10.51
2.25,5.03,0.00, 9.75
2.25,5.03,0.00, 9.75
2.25,5.23,0.00, 10.00
2.25,5.44,0.00, 10.75
2.25,5.69,0.00, 12.49
2.25,5.91,0.00, 10.76
2.25,6.14,0.00, 11.50
2.25,6.14,0.00, 11.50
2.25,6.14,0.00, 11.50
2.25,6.35,0.00, 10.50
2.25,6.55,0.00, 10.00
2.25,6.73,0.00, 9.25
2.25,6.87,0.00, 6.76
2.25,7.01,0.00, 6.75
2.25,7.15,0.00, 7.25
2.25,7.26,0.00, 5.26
2.25,7.36,0.00, 5.50
2.25,7.51,0.00, 7.24
2.25,7.51,0.00, 7.24
2.25,7.51,0.00, 7.24
2.25,7.55,0.00, 1.77
2.27,7.82,0.99, 13.71
2.25,7.99,0.00, 8.77
2.25,8.22,0.00, 10.99
2.25,8.35,0.00, 7.01
2.27,8.49,0.99, 7.00
2.28,8.60,0.51, 5.26
2.23,8.73,0.00, 6.50
2.25,8.84,0.99, 5.75
2.25,8.93,0.01, 4.26
2.25,9.03,0.00, 5.25
2.25,9.15,0.00, 5.50
2.25,9.24,0.00, 4.75
2.25,9.37,0.00, 6.49
2.25,9.53,0.00, 7.99
2.25,9.66,0.00, 6.51
2.25,9.81,0.00, 7.25
2.25,9.91,0.00, 5.26
2.25,10.02,0.00, 5.75
2.25,10.17,0.00, 7.24
2.25,10.32,0.00, 7.25
2.23,10.47,0.00, 7.75
2.25,10.65,0.99, 9.00
2.25,10.81,0.01, 8.00
2.25,11.00,0.00, 9.74
2.25,11.20,0.00, 10.00
2.25,11.40,0.00, 9.75
2.25,11.60,0.00, 10.25
2.25,11.83,0.00, 11.25
2.25,12.06,0.00, 11.50
2.25,12.33,0.00, 13.49
2.25,12.56,0.00, 11.26
2.25,12.56,0.00, 11.26
2.25,12.77,0.00, 11.00
2.25,13.00,0.00, 11.00
2.23,13.20,0.00, 10.25
2.25,13.43,0.99, 11.25
2.25,13.65,0.01, 11.50
2.25,13.90,0.00, 12.00
2.25,14.16,0.00, 13.25
2.25,14.42,0.00, 13.00
2.25,14.42,0.00, 13.00
2.25,14.66,0.00, 11.75
2.25,14.89,0.00, 11.50
2.25,15.11,0.00, 11.50
2.25,15.36,0.00, 12.25
2.25,15.65,0.00, 14.49
2.25,15.94,0.00, 14.50
2.25,16.26,0.00, 16.24
2.25,16.60,0.00, 17.00
2.25,16.92,0.00, 15.75
2.25,17.24,0.00, 15.75
2.25,17.24,0.00, 15.75
2.25,17.56,0.00, 16.25
2.25,17.88,0.00, 15.75
2.25,18.20,0.00, 16.25
2.25,18.53,0.00, 16.50
2.25,18.73,0.00, 10.02
2.25,18.90,0.00, 8.26
2.25,19.05,0.00, 7.75
2.25,19.17,0.00, 6.01
2.25,19.17,0.00, 6.01
2.25,19.26,0.00, 4.75
2.25,19.33,0.00, 3.26
2.25,19.38,0.00, 2.50
2.25,19.38,0.00, 2.50
2.25,19.39,0.00, 0.51
2.27,19.35,0.99, 0.00
2.25,19.26,0.00, 0.00
2.25,19.17,0.00, 0.00
2.25,19.06,0.00, 0.00
2.25,18.91,0.00, 0.00
2.25,18.91,0.00, 0.00
2.25,18.76,0.00, 0.00
2.25,18.60,0.00, 0.00
2.25,18.39,0.00, 0.00
2.25,18.05,0.00, 0.00
2.25,17.67,0.00, 0.00
2.25,17.23,0.00, 0.00
2.25,16.72,0.00, 0.00
2.25,16.14,0.00, 0.00
2.25,15.51,0.00, 0.00
2.25,14.88,0.00, 0.00
2.25,14.22,0.00, 0.00
2.25,13.55,0.00, 0.00
2.25,12.90,0.00, 0.00
2.25,12.26,0.00, 0.00
2.25,11.67,0.00, 0.00
2.25,11.06,0.00, 0.00
2.25,11.06,0.00, 0.00
2.25,11.06,0.00, 0.00
2.25,10.48,0.00, 0.00
2.25,9.97,0.00, 0.00
2.25,9.49,0.00, 0.00
2.25,9.07,0.00, 0.00
2.25,8.70,0.00, 0.00
2.25,8.39,0.00, 0.00
2.25,8.07,0.00, 0.00
2.25,7.76,0.00, 0.00
2.25,7.48,0.00, 0.00
2.25,7.23,0.00, 0.00
2.25,6.98,0.00, 0.00
2.25,6.74,0.00, 0.00
2.25,6.51,0.00, 0.00
2.25,6.27,0.00, 0.00
2.25,6.06,0.00, 0.00
2.25,6.06,0.00, 0.00
2.23,5.81,0.00, 0.00
2.25,5.57,0.99, 0.00
2.25,5.32,0.01, 0.00
2.25,5.13,0.00, 0.00
2.25,4.96,0.00, 0.00
2.25,4.85,0.00, 0.00
2.25,4.85,0.00, 0.00
2.25,4.71,0.00, 0.00
2.25,4.61,0.00, 0.00
2.25,4.52,0.00, 0.00
2.25,4.42,0.00, 0.00
2.25,4.36,0.00, 0.00
2.25,4.31,0.00, 0.00
2.25,4.26,0.00, 0.00
2.25,4.18,0.00, 0.00
2.25,4.12,0.00, 0.00
2.25,4.08,0.00, 0.00
2.25,4.08,0.00, 0.00
2.25,4.06,0.00, 0.00
2.27,4.03,0.99, 0.00
2.23,4.02,0.00, 0.00
2.25,4.02,0.99, 0.50
2.25,3.99,0.01, 0.00
2.25,3.94,0.00, 0.00
2.25,3.92,0.00, 0.00
2.25,3.91,0.00, 0.00
2.25,3.91,0.00, 0.00
2.25,3.89,0.00, 0.00
2.25,3.87,0.00, 0.00
2.25,3.78,0.00, 0.00
2.25,3.76,0.00, 0.00
2.25,3.72,0.00, 0.00
2.25,3.66,0.00, 0.00
2.25,3.66,0.00, 0.00
2.25,3.60,0.00, 0.00
2.25,3.55,0.00, 0.00
2.25,3.47,0.00, 0.00
2.25,3.40,0.00, 0.00
2.25,3.34,0.00, 0.00
2.25,3.28,0.00, 0.00
2.25,3.24,0.00, 0.00
2.25,3.14,0.00, 0.00
2.25,3.09,0.00, 0.00
2.25,3.05,0.00, 0.00
2.25,2.98,0.00, 0.00
2.25,2.98,0.00, 0.00
2.25,2.98,0.00, 0.00
2.25,2.91,0.00, 0.00
2.25,2.84,0.00, 0.00
2.25,2.78,0.00, 0.00
2.25,2.72,0.00, 0.00
2.25,2.68,0.00, 0.00
2.25,2.63,0.00, 0.00
2.25,2.59,0.00, 0.00
2.25,2.53,0.00, 0.00
2.25,2.53,0.00, 0.00
2.25,2.53,0.00, 0.00
2.25,2.53,0.00, 0.00
2.25,2.53,0.00, 0.00
2.25,2.49,0.00, 0.00
2.25,2.41,0.00, 0.00
2.23,2.36,0.00, 0.00
2.25,2.33,0.99, 0.00
2.25,2.31,0.01, 0.00
2.25,2.29,0.00, 0.00
2.25,2.26,0.00, 0.00
2.25,2.24,0.00, 0.00
2.25,2.21,0.00, 0.00
2.25,2.19,0.00, 0.00
2.25,2.13,0.00, 0.00
2.25,2.09,0.00, 0.00
2.25,2.07,0.00, 0.00
2.23,2.06,0.00, 0.00
2.25,2.00,0.99, 0.00
2.25,1.97,0.01, 0.00
2.25,1.95,0.00, 0.00
2.10,1.88,0.00, 0.00
1.07,1.86,0.00, 0.00
0.75,1.86,0.00, 0.00
0.80,1.79,2.46, 0.00
1.35,1.67,27.13, 0.00
1.76,1.57,20.60, 0.00
2.02,1.50,13.11, 0.00
2.10,1.41,4.13, 0.00
2.09,1.38,0.00, 0.00
1.91,1.33,0.00, 0.00
1.66,1.26,0.00, 0.00
1.37,1.22,0.00, 0.00
1.29,1.13,0.00, 0.00
1.30,1.06,0.49, 0.00
1.30,1.06,0.49, 0.00
1.26,0.96,0.00, 0.00
1.29,0.90,1.48, 0.00
1.30,0.82,0.51, 0.00
1.15,0.77,0.00, 0.00
1.01,0.73,0.00, 0.00
0.68,0.75,0.00, 1.49
0.33,0.72,0.00, 0.00
0.52,0.67,9.36, 0.00
0.52,0.67,9.36, 0.00
0.64,0.63,6.05, 0.00
0.60,0.58,0.00, 0.00
0.59,0.55,0.00, 0.00
0.44,0.52,0.00, 0.00
0.45,0.49,0.49, 0.00
0.45,0.49,0.49, 0.00
0.37,0.45,0.00, 0.00
0.01,0.45,0.00, 0.25
0.01,0.45,0.00, 0.25
0.00,0.44,0.00, 0.00
0.08,0.42,3.94, 0.00
0.03,0.43,0.00, 0.25
0.00,0.37,0.00, 0.00
0.00,0.40,0.00, 1.25
0.00,0.39,0.00, 0.00
0.01,0.40,0.49, 0.50
0.00,0.42,0.00, 0.75
0.00,0.41,0.00, 0.00
0.03,0.41,1.48, 0.00
0.00,0.39,0.00, 0.00
0.00,0.40,0.00, 0.50
0.00,0.40,0.00, 0.50
0.01,0.41,0.49, 0.50
0.02,0.41,0.50, 0.00
0.02,0.41,0.50, 0.00
0.00,0.39,0.00, 0.00
0.00,0.42,0.00, 1.49
0.00,0.42,0.00, 1.49
0.00,0.42,0.00, 1.49
0.00,0.42,0.00, 0.00
0.03,0.39,1.48, 0.00
0.00,0.38,0.00, 0.00
0.00,0.43,0.00, 2.24
0.00,0.42,0.00, 0.00
0.00,0.42,0.00, 0.00
0.00,0.42,0.00, 0.00
0.00,0.42,0.00, 0.00
0.00,0.41,0.00, 0.00
0.00,0.41,0.00, 0.00
0.00,0.41,0.00, 0.50
0.00,0.43,0.00, 0.50
0.00,0.42,0.00, 0.00
0.00,0.43,0.00, 0.50
0.00,0.41,0.00, 0.00
0.00,0.44,0.00, 1.00
0.00,0.43,0.00, 0.00
0.00,0.43,0.00, 0.00
0.00,0.51,0.00, 4.48
0.00,0.70,0.00, 9.23
0.00,0.84,0.00, 7.01
0.06,0.97,2.96, 6.75
0.25,1.16,9.40, 9.24
0.37,1.38,6.05, 10.99
0.55,1.64,8.96, 13.24
0.67,1.95,6.04, 15.49
0.67,1.95,6.04, 15.49
0.74,2.26,3.54, 15.00
0.90,2.55,7.93, 15.00
1.22,2.87,15.88, 15.50
1.52,3.11,15.01, 12.26
1.80,3.34,14.01, 11.25
1.99,3.52,9.57, 9.26
1.99,3.52,9.57, 9.26
2.15,3.71,8.02, 9.50
2.15,3.71,8.02, 9.50
2.25,3.88,5.04, 8.25
2.25,4.05,0.07, 8.50
2.25,4.16,0.00, 5.76
2.25,4.32,0.00, 8.24
2.25,4.45,0.00, 6.26
2.25,4.57,0.00, 6.25
2.25,4.69,0.00, 5.75
2.25,4.78,0.00, 4.26
2.25,4.89,0.00, 5.99
2.25,5.01,0.00, 5.50
2.25,5.12,0.00, 6.00
2.25,5.24,0.00, 6.00
2.25,5.35,0.00, 5.25
2.25,5.35,0.00, 5.25
2.25,5.35,0.00, 5.25
2.25,5.47,0.00, 5.75
2.25,5.61,0.00, 7.24
2.25,5.72,0.00, 5.51
2.27,5.93,0.99, 10.48
2.27,5.93,0.99, 10.48
2.25,6.08,0.00, 7.51
2.25,6.24,0.00, 7.75
2.25,6.36,0.00, 6.26
2.25,6.49,0.00, 6.25
2.25,6.64,0.00, 7.74
2.25,6.81,0.00, 8.75
2.25,6.95,0.00, 7.01
2.25,7.10,0.00, 7.25
2.25,7.25,0.00, 7.50
2.25,7.36,0.00, 5.76
2.25,7.36,0.00, 5.76
2.25,7.49,0.00, 6.25
2.27,7.64,0.99, 7.25
2.25,7.77,0.00, 6.75
2.25,7.99,0.00, 10.74
2.25,8.14,0.00, 7.51
2.25,8.32,0.00, 8.99
2.25,8.48,0.00, 8.50
2.23,8.66,0.00, 9.00
2.25,8.84,0.99, 8.75
2.25,9.01,0.01, 8.75
2.25,9.18,0.00, 8.25
2.23,9.38,0.00, 9.99
2.25,9.60,0.99, 10.75
2.25,9.80,0.01, 10.25
2.25,9.99,0.00, 9.25
2.25,10.16,0.00, 8.50
2.25,10.30,0.00, 7.25
2.25,10.43,0.00, 6.75
2.25,10.58,0.00, 7.25
2.25,10.75,0.00, 8.50
2.25,10.94,0.00, 9.75
2.25,11.20,0.00, 12.74
2.25,11.20,0.00, 12.74
2.25,11.49,0.00, 14.74
2.25,11.86,0.00, 18.49
2.25,12.22,0.00, 17.50
2.25,12.53,0.00, 15.76
2.25,12.88,0.00, 17.49
2.25,13.21,0.00, 16.50
2.25,13.54,0.00, 16.50
2.25,13.85,0.00, 15.75
2.25,13.85,0.00, 15.75
2.25,14.14,0.00, 14.01
2.23,14.41,0.00, 13.75
2.25,14.67,0.99, 13.00
2.25,14.88,0.01, 10.51
2.25,15.11,0.00, 11.50
2.25,15.38,0.00, 13.24
2.25,15.67,0.00, 14.50
2.25,15.99,0.00, 15.99
2.25,16.35,0.00, 18.24
2.25,16.72,0.00, 18.50
2.25,17.10,0.00, 18.75
2.25,17.42,0.00, 16.51
2.25,17.42,0.00, 16.51
2.25,17.71,0.00, 14.26
2.25,17.94,0.00, 11.76
2.25,18.15,0.00, 10.01
2.25,18.31,0.00, 8.26
2.25,18.58,0.00, 13.23
2.25,18.76,0.00, 9.26
2.25,18.94,0.00, 8.75
2.25,19.11,0.00, 9.00
2.25,19.11,0.00, 9.00
2.25,19.26,0.00, 7.51
2.25,19.42,0.00, 8.00
2.25,19.58,0.00, 8.00
2.25,19.77,0.00, 9.25
2.25,19.98,0.00, 10.25
2.25,20.03,0.00, 3.03
2.25,20.05,0.00, 0.51
2.25,20.05,0.00, 0.00
2.23,20.05,0.00, 0.00
2.25,20.05,0.99, 0.00
2.25,20.05,0.01, 0.00
2.25,20.05,0.00, 0.00
2.25,20.05,0.00, 0.00
2.25,20.05,0.00, 0.00
2.25,20.05,0.00, 0.00
2.25,20.05,0.00, 0.00
2.25,20.05,0.00, 0.00
2.25,20.05,0.00, 0.00
2.25,20.03,0.00, 0.00
2.25,20.03,0.00, 0.00
2.25,20.04,0.00, 0.25
2.25,20.05,0.00, 0.25
2.23,20.05,0.00, 0.00
2.25,20.05,0.99, 0.00
2.25,20.05,0.01, 0.00
2.25,20.05,0.00, 0.00
2.25,20.05,0.00, 0.00
2.25,20.05,0.00, 0.00
2.25,20.05,0.00, 0.00
2.25,20.05,0.00, 0.00
2.25,20.05,0.00, 0.00
2.25,19.60,0.00, 0.00
2.25,19.09,0.00, 0.00
2.25,19.09,0.00, 0.00
2.25,19.09,0.00, 0.00
2.25,18.40,0.00, 0.00
2.25,17.47,0.00, 0.00
2.25,16.47,0.00, 0.00
2.25,15.47,0.00, 0.00
2.25,14.44,0.00, 0.00
2.25,13.49,0.00, 0.00
2.25,12.58,0.00, 0.00
2.25,11.85,0.00, 0.00
2.25,11.31,0.00, 0.00
2.25,10.94,0.00, 0.00
2.25,10.66,0.00, 0.00
2.25,10.39,0.00, 0.00
2.25,10.18,0.00, 0.00
2.25,10.18,0.00, 0.00
2.23,9.94,0.00, 0.00
2.27,9.71,1.97, 0.00
2.25,9.42,0.00, 0.00
2.25,9.19,0.00, 0.00
2.25,9.19,0.00, 0.00
2.25,8.90,0.00, 0.00
2.25,8.60,0.00, 0.00
2.25,8.34,0.00, 0.00
2.25,8.07,0.00, 0.00
2.25,7.82,0.00, 0.00
2.25,7.62,0.00, 0.00
2.25,7.41,0.00, 0.00
2.25,7.41,0.00, 0.00
2.25,7.41,0.00, 0.00
2.25,7.26,0.00, 0.00
2.25,7.11,0.00, 0.00
2.25,6.95,0.00, 0.00
2.25,6.80,0.00, 0.00
2.25,6.66,0.00, 0.00
2.25,6.56,0.00, 0.00
2.25,6.48,0.00, 0.00
2.25,6.38,0.00, 0.00
2.25,6.24,0.00, 0.00
2.25,6.09,0.00, 0.00
2.25,6.03,0.00, 0.00
2.25,5.90,0.00, 0.00
2.25,5.81,0.00, 0.00
2.25,5.72,0.00, 0.00
2.25,5.66,0.00, 0.00
2.25,5.61,0.00, 0.00
2.25,5.56,0.00, 0.00
2.25,5.56,0.00, 0.00
2.25,5.48,0.00, 0.00
2.25,5.43,0.00, 0.00
2.25,5.38,0.00, 0.00
2.25,5.33,0.00, 0.00
2.25,5.22,0.00, 0.00
2.25,5.13,0.00, 0.00
2.25,5.01,0.00, 0.00
2.25,4.91,0.00, 0.00
2.25,4.85,0.00, 0.00
2.25,4.77,0.00, 0.00
2.25,4.72,0.00, 0.00
2.25,4.68,0.00, 0.00
2.25,4.61,0.00, 0.00
2.25,4.55,0.00, 0.00
2.25,4.47,0.00, 0.00
2.25,4.47,0.00, 0.00
2.25,4.47,0.00, 0.00
2.25,4.38,0.00, 0.00
2.23,4.28,0.00, 0.00
2.25,4.21,0.99, 0.00
2.25,4.03,0.01, 0.00
2.25,4.03,0.00, 0.00
2.25,3.96,0.00, 0.00
2.25,3.90,0.00, 0.00
2.25,3.85,0.00, 0.00
2.25,3.82,0.00, 0.00
2.25,3.75,0.00, 0.00
2.25,3.70,0.00, 0.00
2.25,3.61,0.00, 0.00
2.25,3.55,0.00, 0.00
2.23,3.51,0.00, 0.00
2.25,3.45,0.99, 0.00
2.25,3.41,0.01, 0.00
2.25,3.38,0.00, 0.00
2.25,3.34,0.00, 0.00
2.25,3.34,0.00, 0.00
2.25,3.34,0.00, 0.00
2.25,3.30,0.00, 0.00
2.25,3.28,0.00, 0.00
2.25,3.27,0.00, 0.00
2.25,3.24,0.00, 0.00
2.25,3.24,0.00, 0.00
2.25,3.20,0.00, 0.00
2.25,3.18,0.00, 0.00
2.25,3.18,0.00, 0.00
2.25,3.18,0.00, 0.00
2.25,3.14,0.00, 0.00
2.25,3.11,0.00, 0.00
2.25,3.01,0.00, 0.00
2.23,3.01,0.00, 0.00
2.25,2.95,0.99, 0.00
2.25,2.88,0.01, 0.00
1.79,2.85,0.00, 0.00
1.29,2.81,0.00, 0.00
1.38,2.72,4.43, 0.00
1.73,2.63,17.31, 0.00
2.06,2.57,16.51, 0.00
2.12,2.45,3.20, 0.00
2.18,2.40,3.00, 0.00
2.19,2.33,0.54, 0.00
2.17,2.26,0.00, 0.00
2.13,2.19,0.00, 0.00
2.07,2.10,0.00, 0.00
2.07,2.10,0.00, 0.00
2.00,1.96,0.00, 0.00
1.77,1.80,0.00, 0.00
1.52,1.63,0.00, 0.00
1.32,1.42,0.00, 0.00
1.11,1.23,0.00, 0.00
0.94,1.05,0.00, 0.00
0.86,0.87,0.00, 0.00
0.73,0.72,0.00, 0.00
0.73,0.72,0.00, 0.00
0.77,0.60,1.97, 0.00
0.50,0.62,0.00, 0.75
0.08,0.56,0.00, 0.00
0.53,0.51,22.17, 0.00
0.75,0.47,11.16, 0.00
0.00,0.44,0.00, 0.00
0.00,0.43,0.00, 0.00
0.04,0.43,1.97, 0.00
0.00,0.41,0.00, 0.00
0.08,0.39,3.94, 0.00
0.00,0.40,0.00, 0.25
0.00,0.43,0.00, 1.25
0.19,0.43,9.36, 0.25
0.00,0.41,0.00, 0.00
0.00,0.41,0.00, 0.00
0.00,0.41,0.00, 0.00
0.12,0.42,5.91, 0.50
0.11,0.42,0.00, 0.00
0.00,0.41,0.00, 0.00
0.00,0.41,0.00, 0.00
0.00,0.42,0.00, 0.50
0.09,0.41,4.43, 0.00
0.01,0.41,0.00, 0.00
0.00,0.41,0.00, 0.00
0.00,0.41,0.00, 0.00
0.04,0.40,1.97, 0.00
0.03,0.40,0.00, 0.00
0.00,0.41,0.00, 0.50
0.02,0.41,0.99, 0.00
0.04,0.42,1.00, 0.25
0.00,0.42,0.00, 0.00
0.00,0.42,0.00, 0.00
0.00,0.39,0.00, 0.00
0.00,0.39,0.00, 0.00
0.03,0.38,1.48, 0.00
0.05,0.40,1.01, 0.75
0.00,0.40,0.00, 0.00
0.00,0.42,0.00, 0.75
0.03,0.42,1.48, 0.00
0.02,0.43,0.00, 0.50
0.02,0.43,0.00, 0.25
0.00,0.41,0.00, 0.00
0.00,0.43,0.00, 0.75
0.00,0.42,0.00, 0.00
0.00,0.40,0.00, 0.00
0.01,0.40,0.49, 0.00
0.02,0.40,0.50, 0.00
0.00,0.39,0.00, 0.00
0.00,0.39,0.00, 0.00
0.00,0.40,0.00, 0.50
0.01,0.39,0.49, 0.00
0.00,0.41,0.00, 1.00
0.00,0.40,0.00, 0.00
0.00,0.41,0.00, 0.25
0.00,0.41,0.00, 0.25
0.00,0.42,0.00, 0.50
0.06,0.40,2.96, 0.00
0.03,0.38,0.00, 0.00
0.00,0.41,0.00, 1.49
0.04,0.41,1.97, 0.01
0.00,0.39,0.00, 0.00
0.00,0.40,0.00, 0.25
0.00,0.41,0.00, 0.25
0.00,0.42,0.00, 0.50
0.00,0.40,0.00, 0.00
0.00,0.38,0.00, 0.00
0.00,0.42,0.00, 1.99
0.00,0.42,0.00, 1.99
0.00,0.42,0.00, 1.99
0.02,0.41,0.99, 0.00
0.00,0.39,0.00, 0.00
0.00,0.42,0.00, 1.00
0.00,0.42,0.00, 0.00
0.00,0.42,0.00, 0.00
0.00,0.42,0.00, 0.00
0.00,0.42,0.00, 0.00
0.00,0.42,0.00, 0.00
0.00,0.42,0.00, 0.00
0.00,0.39,0.00, 0.00
0.00,0.41,0.00, 1.00
0.00,0.40,0.00, 0.00
0.00,0.42,0.00, 0.75
0.00,0.43,0.00, 0.50
0.01,0.41,0.49, 0.00
0.02,0.41,0.50, 0.00
0.02,0.41,0.50, 0.00
0.02,0.41,0.50, 0.00
0.02,0.41,0.50, 0.00
0.02,0.41,0.50, 0.00
0.00,0.41,0.00, 0.00
0.00,0.41,0.00, 0.00
0.00,0.39,0.00, 0.00
0.00,0.38,0.00, 0.00
0.00,0.43,0.00, 1.99
0.00,0.41,0.00, 0.00
0.00,0.42,0.00, 0.50
0.00,0.42,0.00, 0.00
0.00,0.42,0.00, 0.00
0.00,0.42,0.00, 0.00
0.00,0.40,0.00, 0.00
0.00,0.39,0.00, 0.00
0.00,0.40,0.00, 0.50
0.00,0.40,0.00, 0.00
0.00,0.40,0.00, 0.00
0.00,0.40,0.00, 0.00
0.01,0.41,0.49, 0.25
0.00,0.42,0.00, 0.50
0.00,0.42,0.00, 0.00
0.00,0.41,0.00, 0.00
0.00,0.42,0.00, 0.50
0.00,0.42,0.00, 0.50
0.00,0.42,0.00, 0.00
0.02,0.39,0.99, 0.00
0.00,0.42,0.00, 1.00
0.00,0.42,0.00, 0.00
0.00,0.41,0.00, 0.00
0.00,0.43,0.00, 1.00
0.03,0.42,1.48, 0.00
0.02,0.41,0.00, 0.00
0.00,0.42,0.00, 0.50
0.00,0.42,0.00, 0.50
0.00,0.42,0.00, 0.00
0.00,0.42,0.00, 0.00
0.00,0.42,0.00, 0.00
0.00,0.41,0.00, 0.00
0.00,0.42,0.00, 0.50
0.00,0.41,0.00, 0.00
0.00,0.38,0.00, 0.00
0.00,0.40,0.00, 0.75
0.00,0.40,0.00, 0.75
0.00,0.42,0.00, 1.25
0.00,0.42,0.00, 0.00
0.00,0.42,0.00, 0.00
0.00,0.42,0.00, 0.00
0.00,0.41,0.00, 0.00
0.00,0.39,0.00, 0.00
0.00,0.41,0.00, 0.75
0.00,0.42,0.00, 0.25
0.00,0.42,0.00, 0.00
0.00,0.41,0.00, 0.00
0.00,0.42,0.00, 0.50
0.00,0.42,0.00, 0.00
0.03,0.43,1.48, 0.50
0.00,0.42,0.00, 0.00
0.00,0.42,0.00, 0.00
0.01,0.39,0.49, 0.00
0.00,0.39,0.00, 0.00
0.00,0.44,0.00, 2.24
0.00,0.42,0.00, 0.00
0.00,0.42,0.00, 0.00
0.00,0.42,0.00, 0.00
0.00,0.42,0.00, 0.00
0.00,0.42,0.00, 0.00
0.00,0.42,0.00, 0.00
0.04,0.42,1.97, 0.00
0.03,0.39,0.00, 0.00
0.00,0.41,0.00, 0.50
0.00,0.41,0.00, 0.00
0.00,0.41,0.00, 0.00
0.00,0.41,0.00, 0.00
0.04,0.39,1.97, 0.00
0.00,0.40,0.00, 0.25
0.00,0.40,0.00, 