0.00,0.40,0.00, 19.93
0.00,0.40,0.00, 0.07
0.00,0.40,0.00, 0.00
0.00,0.40,0.00, 0.00
0.00,0.39,0.00, 0.00
0.00,0.41,0.00, 1.00
0.00,0.40,0.00, 0.00
0.00,0.39,0.00, 0.00
0.00,0.40,0.00, 0.50
0.06,0.40,2.96, 0.00
0.04,0.40,0.00, 0.00
0.01,0.40,0.00, 0.00
0.00,0.41,0.00, 0.25
0.00,0.41,0.00, 0.00
0.00,0.42,0.00, 0.50
0.00,0.40,0.00, 0.00
0.00,0.41,0.00, 0.50
0.00,0.42,0.00, 0.50
0.00,0.44,0.00, 1.00
0.00,0.43,0.00, 0.00
0.00,0.43,0.00, 0.00
0.00,0.41,0.00, 0.00
0.00,0.44,0.00, 1.25
0.02,0.42,0.99, 0.00
0.01,0.41,0.00, 0.00
0.00,0.42,0.00, 0.25
0.00,0.41,0.00, 0.00
0.00,0.41,0.00, 0.00
0.00,0.40,0.00, 0.00
0.00,0.41,0.00, 0.75
0.00,0.41,0.00, 0.00
0.00,0.42,0.00, 0.50
0.00,0.39,0.00, 0.00
0.02,0.41,0.99, 1.00
0.00,0.40,0.00, 0.00
0.00,0.40,0.00, 0.00
0.00,0.41,0.00, 0.50
0.00,0.42,0.00, 0.25
0.00,0.42,0.00, 0.00
0.00,0.42,0.00, 0.00
0.00,0.42,0.00, 0.00
0.00,0.41,0.00, 0.00
0.00,0.42,0.00, 0.50
0.00,0.43,0.00, 0.50
0.03,0.42,1.48, 0.00
0.00,0.42,0.00, 0.00
0.00,0.41,0.00, 0.00
0.00,0.41,0.00, 0.00
0.00,0.41,0.00, 0.00
0.00,0.42,0.00, 0.50
0.00,0.40,0.00, 0.00
0.00,0.41,0.00, 0.50
0.00,0.41,0.00, 0.00
0.00,0.41,0.00, 0.00
0.00,0.42,0.00, 0.25
0.00,0.40,0.00, 0.00
0.00,0.43,0.00, 1.25
0.00,0.41,0.00, 0.00
0.00,0.42,0.00, 0.50
0.00,0.42,0.00, 0.00
0.00,0.41,0.00, 0.00
0.00,0.41,0.00, 0.00
0.00,0.39,0.00, 0.00
0.00,0.40,0.00, 0.25
0.00,0.41,0.00, 0.25
0.00,0.42,0.00, 0.50
0.00,0.42,0.00, 0.00
0.00,0.42,0.00, 0.00
0.00,0.43,0.00, 0.50
0.00,0.43,0.00, 0.25
0.00,0.42,0.00, 0.00
0.00,0.43,0.00, 0.25
0.00,0.42,0.00, 0.00
0.00,0.39,0.00, 0.00
0.00,0.41,0.00, 1.00
0.00,0.41,0.00, 0.00
0.00,0.42,0.00, 0.25
0.00,0.41,0.00, 0.00
0.00,0.41,0.00, 0.00
0.00,0.41,0.00, 0.00
0.00,0.42,0.00, 0.50
0.00,0.41,0.00, 0.00
0.00,0.43,0.00, 1.00
0.00,0.42,0.00, 0.00
0.00,0.42,0.00, 0.00
0.00,0.42,0.00, 0.00
0.00,0.42,0.00, 0.00
0.00,0.41,0.00, 0.00
0.00,0.40,0.00, 0.00
0.00,0.41,0.00, 0.50
0.00,0.41,0.00, 0.00
0.00,0.41,0.00, 0.00
0.00,0.42,0.00, 0.50
0.00,0.42,0.00, 0.00
0.00,0.42,0.00, 0.00
0.00,0.42,0.00, 0.00
0.00,0.42,0.00, 0.00
0.00,0.42,0.00, 0.00
0.00,0.42,0.00, 0.00
0.00,0.42,0.00, 0.00
0.00,0.43,0.00, 0.50
0.00,0.42,0.00, 0.00
0.00,0.42,0.00, 0.00
0.00,0.42,0.00, 0.00
0.00,0.42,0.00, 0.00
0.00,0.42,0.00, 0.00
0.00,0.42,0.00, 0.00
0.00,0.42,0.00, 0.00
0.00,0.41,0.00, 0.00
0.00,0.39,0.00, 0.00
0.00,0.40,0.00, 0.25
0.00,0.41,0.00, 0.25
0.00,0.41,0.00, 0.00
0.00,0.39,0.00, 0.00
0.00,0.40,0.00, 0.50
0.00,0.40,0.00, 0.00
0.00,0.41,0.00, 0.25
0.00,0.41,0.00, 0.00
0.00,0.40,0.00, 0.00
0.00,0.41,0.00, 0.50
0.00,0.41,0.00, 0.00
0.00,0.42,0.00, 0.25
0.00,0.42,0.00, 0.00
0.00,0.42,0.00, 0.00
0.00,0.42,0.00, 0.00
0.00,0.42,0.00, 0.00
0.00,0.41,0.00, 0.00
0.00,0.41,0.00, 0.00
0.00,0.41,0.00, 0.00
0.00,0.41,0.00, 0.00
0.00,0.41,0.00, 0.00
0.00,0.42,0.00, 0.50
0.00,0.42,0.00, 0.00
0.00,0.43,0.00, 0.50
0.00,0.42,0.00, 0.00
0.00,0.40,0.00, 0.00
0.00,0.41,0.00, 0.50
0.00,0.41,0.00, 0.00
0.02,0.43,0.99, 0.75
0.00,0.39,0.00, 0.00
0.00,0.41,0.00, 0.75
0.00,0.40,0.00, 0.00
0.00,0.41,0.00, 0.25
0.00,0.41,0.00, 0.00
0.00,0.42,0.00, 0.50
0.00,0.42,0.00, 0.00
0.00,0.42,0.00, 0.00
0.00,0.41,0.00, 0.00
0.00,0.42,0.00, 0.50
0.00,0.41,0.00, 0.00
0.00,0.42,0.00, 0.50
0.00,0.42,0.00, 0.00
0.00,0.42,0.00, 0.00
0.00,0.39,0.00, 0.00
0.00,0.41,0.00, 1.00
0.00,0.41,0.00, 0.00
0.00,0.42,0.00, 0.25
0.00,0.41,0.00, 0.00
0.00,0.41,0.00, 0.00
0.00,0.41,0.00, 0.00
0.00,0.42,0.00, 0.50
0.00,0.42,0.00, 0.00
0.00,0.42,0.00, 0.00
0.00,0.42,0.00, 0.00
0.00,0.41,0.00, 0.00
0.00,0.42,0.00, 0.50
0.00,0.41,0.00, 0.00
0.00,0.42,0.00, 0.50
0.00,0.42,0.00, 0.00
0.00,0.42,0.00, 0.00
0.00,0.42,0.00, 0.00
0.00,0.42,0.00, 0.00
0.00,0.42,0.00, 0.00
0.00,0.42,0.00, 0.00
0.00,0.41,0.00, 0.00
0.00,0.40,0.00, 0.00
0.00,0.40,0.00, 0.00
0.00,0.40,0.00, 0.00
0.00,0.42,0.00, 0.75
0.00,0.41,0.00, 0.00
0.00,0.41,0.00, 0.00
0.00,0.40,0.00, 0.00
0.00,0.41,0.00, 0.50
0.00,0.40,0.00, 0.00
0.00,0.42,0.00, 0.75
0.00,0.41,0.00, 0.00
0.00,0.42,0.00, 0.50
0.00,0.42,0.00, 0.00
0.00,0.40,0.00, 0.00
0.00,0.41,0.00, 0.50
0.00,0.40,0.00, 0.00
0.00,0.41,0.00, 0.50
0.00,0.40,0.00, 0.00
0.00,0.42,0.00, 0.75
0.00,0.41,0.00, 0.00
0.00,0.41,0.00, 0.00
0.00,0.41,0.00, 0.00
0.00,0.43,0.00, 1.00
0.00,0.41,0.00, 0.00
0.00,0.41,0.00, 0.00
0.00,0.40,0.00, 0.00
0.00,0.41,0.00, 0.50
0.00,0.40,0.00, 0.00
0.00,0.41,0.00, 0.50
0.00,0.39,0.00, 0.00
0.00,0.40,0.00, 0.50
0.00,0.41,0.00, 0.50
0.00,0.41,0.00, 0.00
0.00,0.41,0.00, 0.00
0.00,0.39,0.00, 0.00
0.00,0.40,0.00, 0.25
0.00,0.42,0.00, 0.75
0.00,0.42,0.00, 0.00
0.00,0.41,0.00, 0.00
0.00,0.42,0.00, 0.50
0.00,0.42,0.00, 0.00
0.00,0.42,0.00, 0.00
0.00,0.42,0.00, 0.00
0.00,0.42,0.00, 0.00
0.00,0.42,0.00, 0.00
0.00,0.42,0.00, 0.00
0.00,0.42,0.00, 0.00
0.00,0.42,0.00, 0.00
0.00,0.39,0.00, 0.00
0.00,0.41,0.00, 1.00
0.00,0.41,0.00, 0.00
0.00,0.42,0.00, 0.25
0.00,0.40,0.00, 0.00
0.00,0.40,0.00, 0.00
0.00,0.41,0.00, 0.50
0.00,0.42,0.00, 0.25
0.00,0.42,0.00, 0.00
0.00,0.40,0.00, 0.00
0.00,0.41,0.00, 0.50
0.00,0.42,0.00, 0.50
0.00,0.42,0.00, 0.00
0.00,0.41,0.00, 0.00
0.00,0.41,0.00, 0.00
0.00,0.41,0.00, 0.00
0.00,0.41,0.00, 0.00
0.00,0.41,0.00, 0.00
0.00,0.41,0.00, 0.00
0.00,0.42,0.00, 0.50
0.00,0.41,0.00, 0.00
0.00,0.41,0.00, 0.00
0.00,0.42,0.00, 0.50
0.00,0.42,0.00, 0.00
0.00,0.41,0.00, 0.00
0.00,0.42,0.00, 0.50
0.00,0.40,0.00, 0.00
0.00,0.41,0.00, 0.50
0.00,0.41,0.00, 0.00
0.00,0.42,0.00, 0.25
0.00,0.42,0.00, 0.00
0.00,0.41,0.00, 0.00
0.00,0.42,0.00, 0.50
0.00,0.41,0.00, 0.00
0.00,0.40,0.00, 0.00
0.00,0.40,0.00, 0.00
0.00,0.41,0.00, 0.50
0.00,0.42,0.00, 0.25
0.00,0.43,0.00, 0.50
0.00,0.41,0.00, 0.00
0.00,0.42,0.00, 0.25
0.00,0.42,0.00, 0.00
0.00,0.41,0.00, 0.00
0.00,0.42,0.00, 0.50
0.00,0.42,0.00, 0.00
0.00,0.42,0.00, 0.00
0.00,0.42,0.00, 0.00
0.00,0.42,0.00, 0.00
0.00,0.42,0.00, 0.00
0.00,0.40,0.00, 0.00
0.00,0.40,0.00, 0.00
0.00,0.40,0.00, 0.00
0.00,0.39,0.00, 0.00
0.00,0.41,0.00, 0.75
0.00,0.42,0.00, 0.25
0.00,0.41,0.00, 0.00
0.00,0.42,0.00, 0.50
0.00,0.41,0.00, 0.00
0.00,0.42,0.00, 0.50
0.00,0.42,0.00, 0.00
0.00,0.40,0.00, 0.00
0.00,0.41,0.00, 0.50
0.00,0.41,0.00, 0.00
0.00,0.42,0.00, 0.25
0.00,0.41,0.00, 0.00
0.00,0.42,0.00, 0.50
0.00,0.41,0.00, 0.00
0.02,0.42,0.99, 0.50
0.00,0.42,0.00, 0.00
0.00,0.41,0.00, 0.00
0.00,0.42,0.00, 0.50
0.00,0.42,0.00, 0.00
0.00,0.42,0.00, 0.00
0.00,0.40,0.00, 0.00
0.00,0.41,0.00, 0.50
0.00,0.41,0.00, 0.00
0.00,0.42,0.00, 0.25
0.00,0.42,0.00, 0.00
0.00,0.42,0.00, 0.00
0.00,0.40,0.00, 0.00
0.00,0.41,0.00, 0.50
0.00,0.40,0.00, 0.00
0.00,0.42,0.00, 0.75
0.00,0.40,0.00, 0.00
0.03,0.40,1.48, 0.00
0.01,0.41,0.00, 0.50
0.01,0.42,0.00, 0.25
0.03,0.42,0.99, 0.00
0.01,0.41,0.00, 0.00
0.01,0.42,0.00, 0.50
0.05,0.43,1.97, 0.50
0.08,0.45,1.51, 1.25
0.13,0.45,2.49, 0.00
0.14,0.47,0.53, 1.00
0.16,0.48,0.99, 0.75
0.17,0.52,0.51, 2.00
0.23,0.57,2.96, 2.25
0.29,0.65,3.00, 4.24
0.32,0.79,1.52, 6.74
0.29,0.99,0.00, 9.74
0.21,1.24,0.00, 12.74
0.18,1.52,0.00, 14.00
0.15,1.85,0.00, 16.24
0.27,2.11,5.91, 13.01
0.41,2.35,6.98, 12.25
0.50,2.57,4.54, 11.25
0.58,2.76,4.01, 9.51
0.73,2.99,7.45, 10.99
0.93,3.26,9.96, 13.49
1.17,3.57,11.97, 15.49
1.35,3.86,9.04, 14.75
1.49,4.17,7.03, 15.50
1.58,4.47,4.54, 15.00
1.69,4.73,5.49, 12.76
1.80,4.93,5.50, 10.51
1.86,5.13,3.04, 9.75
1.90,5.28,2.02, 7.51
1.93,5.39,1.51, 5.76
1.98,5.48,2.49, 4.50
2.05,5.55,3.49, 3.50
2.13,5.64,3.99, 4.50
2.19,5.75,3.01, 5.25
2.22,5.89,1.52, 6.99
2.25,6.04,1.50, 7.50
2.26,6.21,0.51, 8.50
2.26,6.43,0.01, 10.74
2.26,6.47,0.00, 2.28
2.26,6.53,0.00, 3.25
2.26,6.58,0.00, 2.25
2.26,6.60,0.00, 1.00
2.26,6.62,0.00, 1.25
2.26,6.73,0.00, 5.48
2.26,6.72,0.00, 0.00
2.26,6.80,0.00, 3.49
2.26,6.86,0.00, 3.00
2.26,6.94,0.00, 4.25
2.26,7.03,0.00, 4.25
2.26,7.09,0.00, 3.00
2.26,7.14,0.00, 2.75
2.26,7.20,0.00, 3.00
2.26,7.27,0.00, 3.50
2.26,7.32,0.00, 2.25
2.26,7.36,0.00, 2.25
2.26,7.40,0.00, 2.00
2.26,7.43,0.00, 1.50
2.26,7.47,0.00, 2.00
2.26,7.51,0.00, 2.00
2.26,7.52,0.00, 0.26
2.26,7.52,0.00, 0.00
2.26,7.49,0.00, 0.00
2.26,7.45,0.00, 0.00
2.26,7.39,0.00, 0.00
2.26,7.28,0.00, 0.00
2.26,7.18,0.00, 0.00
2.26,7.03,0.00, 0.00
2.26,6.89,0.00, 0.00
2.26,6.73,0.00, 0.00
2.26,6.55,0.00, 0.00
2.26,6.40,0.00, 0.00
2.26,6.27,0.00, 0.00
2.26,6.16,0.00, 0.00
2.26,6.04,0.00, 0.00
2.26,5.91,0.00, 0.00
2.26,5.80,0.00, 0.00
2.26,5.68,0.00, 0.00
2.26,5.56,0.00, 0.00
2.24,5.43,0.00, 0.00
2.26,5.32,0.99, 0.00
2.26,5.20,0.01, 0.00
2.26,5.11,0.00, 0.00
2.26,5.03,0.00, 0.00
2.26,4.96,0.00, 0.00
2.26,4.93,0.00, 0.00
2.26,4.85,0.00, 0.00
2.24,4.77,0.00, 0.00
2.26,4.72,0.99, 0.00
2.26,4.68,0.01, 0.00
2.26,4.65,0.00, 0.00
2.26,4.62,0.00, 0.00
2.26,4.60,0.00, 0.00
2.26,4.57,0.00, 0.00
2.26,4.56,0.00, 0.00
2.26,4.51,0.00, 0.00
2.26,4.47,0.00, 0.00
2.26,4.43,0.00, 0.00
2.26,4.38,0.00, 0.00
2.26,4.34,0.00, 0.00
2.26,4.26,0.00, 0.00
2.26,4.24,0.00, 0.00
2.26,4.18,0.00, 0.00
2.26,4.13,0.00, 0.00
2.26,4.11,0.00, 0.00
2.26,4.08,0.00, 0.00
2.26,4.07,0.00, 0.00
2.26,4.03,0.00, 0.00
2.26,4.01,0.00, 0.00
2.26,3.96,0.00, 0.00
2.26,3.92,0.00, 0.00
2.26,3.90,0.00, 0.00
2.26,3.88,0.00, 0.00
2.26,3.84,0.00, 0.00
2.26,3.79,0.00, 0.00
2.26,3.76,0.00, 0.00
2.26,3.70,0.00, 0.00
2.26,3.62,0.00, 0.00
2.26,3.55,0.00, 0.00
2.26,3.50,0.00, 0.00
2.26,3.43,0.00, 0.00
2.26,3.41,0.00, 0.00
2.26,3.39,0.00, 0.00
2.26,3.36,0.00, 0.00
2.26,3.36,0.00, 0.00
2.26,3.36,0.00, 0.00
2.26,3.35,0.00, 0.00
2.26,3.35,0.00, 0.00
2.26,3.36,0.00, 0.50
2.26,3.34,0.00, 0.00
2.26,3.34,0.00, 0.25
2.26,3.35,0.00, 0.25
2.26,3.35,0.00, 0.00
2.26,3.36,0.00, 0.50
2.26,3.36,0.00, 0.00
2.26,3.38,0.00, 1.00
2.26,3.35,0.00, 0.00
2.26,3.36,0.00, 0.50
2.26,3.31,0.00, 0.00
2.26,3.27,0.00, 0.00
2.26,3.26,0.00, 0.00
2.22,3.22,0.00, 0.00
2.25,3.18,1.48, 0.00
2.24,3.19,0.00, 0.25
2.26,3.17,0.99, 0.00
2.26,3.17,0.01, 0.00
2.26,3.17,0.00, 0.00
2.26,3.19,0.00, 0.75
2.26,3.17,0.00, 0.00
2.26,3.16,0.00, 0.00
2.26,3.14,0.00, 0.00
2.24,3.14,0.00, 0.00
2.26,3.14,0.99, 0.00
2.26,3.13,0.01, 0.00
2.26,3.12,0.00, 0.00
2.26,3.13,0.00, 0.50
2.26,3.12,0.00, 0.00
2.26,3.09,0.00, 0.00
2.26,3.06,0.00, 0.00
2.26,3.01,0.00, 0.00
2.26,2.97,0.00, 0.00
2.26,2.93,0.00, 0.00
2.26,2.89,0.00, 0.00
2.26,2.86,0.00, 0.00
2.26,2.79,0.00, 0.00
2.26,2.73,0.00, 0.00
2.26,2.65,0.00, 0.00
2.26,2.60,0.00, 0.00
2.26,2.53,0.00, 0.00
2.26,2.47,0.00, 0.00
2.26,2.36,0.00, 0.00
2.26,2.28,0.00, 0.00
2.26,2.18,0.00, 0.00
2.26,2.08,0.00, 0.00
1.96,1.96,0.00, 0.00
0.00,1.83,0.00, 0.00
0.00,1.69,0.00, 0.00
0.83,1.58,40.89, 0.00
1.43,1.45,30.16, 0.00
1.55,1.34,6.36, 0.00
0.88,1.21,0.00, 0.00
0.01,1.09,0.00, 0.00
0.14,0.97,6.40, 0.00
0.68,0.88,26.70, 0.00
0.77,0.78,4.83, 0.00
0.68,0.70,0.00, 0.00
0.60,0.62,0.00, 0.00
0.23,0.52,0.00, 0.00
0.00,0.47,0.00, 0.00
0.00,0.43,0.00, 0.00
0.38,0.42,18.72, 0.00
0.43,0.42,2.74, 0.00
0.00,0.41,0.00, 0.00
0.00,0.41,0.00, 0.00
0.00,0.42,0.00, 0.50
0.00,0.39,0.00, 0.00
0.37,0.40,18.23, 0.50
0.32,0.40,0.00, 0.00
0.00,0.39,0.00, 0.00
0.00,0.38,0.00, 0.00
0.00,0.40,0.00, 0.75
0.27,0.41,13.30, 0.50
0.23,0.42,0.00, 0.25
0.01,0.42,0.00, 0.00
0.00,0.42,0.00, 0.00
0.00,0.43,0.00, 0.50
0.09,0.42,4.43, 0.00
0.02,0.41,0.00, 0.00
0.00,0.41,0.00, 0.00
0.00,0.40,0.00, 0.00
0.00,0.42,0.00, 0.75
0.01,0.41,0.49, 0.00
0.05,0.40,1.98, 0.00
0.01,0.41,0.00, 0.50
0.00,0.41,0.00, 0.00
0.00,0.41,0.00, 0.00
0.00,0.41,0.00, 0.00
0.00,0.42,0.00, 0.50
0.02,0.40,0.99, 0.00
0.05,0.41,1.49, 0.50
0.06,0.41,0.51, 0.00
0.00,0.42,0.00, 0.25
0.00,0.42,0.00, 0.00
0.00,0.41,0.00, 0.00
0.02,0.41,0.99, 0.00
0.05,0.42,1.49, 0.50
0.00,0.40,0.00, 0.00
0.00,0.41,0.00, 0.50
0.00,0.41,0.00, 0.00
0.00,0.42,0.00, 0.25
0.00,0.42,0.00, 0.00
0.03,0.42,1.48, 0.00
0.00,0.42,0.00, 0.00
0.00,0.42,0.00, 0.00
0.02,0.42,0.99, 0.00
0.03,0.42,0.51, 0.00
0.03,0.42,0.01, 0.00
0.01,0.42,0.00, 0.00
0.00,0.41,0.00, 0.00
0.00,0.41,0.00, 0.00
0.00,0.40,0.00, 0.00
0.00,0.41,0.00, 0.50
0.00,0.40,0.00, 0.00
0.00,0.42,0.00, 0.75
0.00,0.42,0.00, 0.00
0.00,0.43,0.00, 0.50
0.02,0.43,0.99, 0.25
0.05,0.44,1.49, 0.50
0.06,0.44,0.51, 0.00
0.08,0.43,0.99, 0.00
0.00,0.41,0.00, 0.00
0.00,0.43,0.00, 1.00
0.00,0.42,0.00, 0.00
0.00,0.43,0.00, 0.50
0.07,0.46,3.45, 1.75
0.13,0.54,3.01, 3.99
0.13,0.54,3.01, 3.99
0.09,0.57,0.00, 1.76
0.02,0.64,0.00, 3.24
0.00,0.68,0.00, 2.00
0.00,0.72,0.00, 2.00
0.00,0.76,0.00, 2.25
0.13,0.82,6.40, 2.75
0.16,0.86,1.57, 2.00
0.19,0.91,1.50, 2.50
0.22,0.96,1.50, 2.75
0.29,1.02,3.47, 2.75
0.29,1.02,3.47, 2.75
0.39,1.09,4.98, 3.25
0.52,1.12,6.48, 2.00
0.61,1.19,4.53, 3.25
0.67,1.25,3.02, 2.75
0.70,1.33,1.52, 4.24
0.75,1.44,2.49, 5.74
0.87,1.57,5.95, 6.00
1.03,1.69,7.97, 6.50
1.14,1.82,5.54, 6.25
1.30,1.93,7.96, 5.50
1.42,2.06,6.03, 6.50
1.53,2.14,5.51, 4.01
1.66,2.24,6.49, 5.25
1.75,2.34,4.53, 4.75
1.83,2.43,4.01, 4.75
1.91,2.53,4.00, 4.75
1.99,2.62,4.00, 4.25
2.05,2.69,3.01, 4.00
2.13,2.79,3.99, 4.75
2.19,2.88,3.01, 4.50
2.25,2.97,3.00, 4.75
2.26,3.04,0.54, 3.01
2.26,3.12,0.01, 4.49
2.26,3.18,0.00, 3.01
2.26,3.18,0.00, 3.01
2.26,3.23,0.00, 2.25
2.26,3.26,0.00, 1.75
2.26,3.28,0.00, 0.75
2.26,3.30,0.00, 0.75
2.26,3.33,0.00, 1.50
2.26,3.35,0.00, 1.25
2.26,3.36,0.00, 0.25
2.26,3.36,0.00, 0.00
2.26,3.35,0.00, 0.00
2.26,3.35,0.00, 0.00
2.26,3.34,0.00, 0.00
2.28,3.31,0.99, 0.00
2.26,3.29,0.00, 0.00
2.26,3.26,0.00, 0.00
2.26,3.20,0.00, 0.00
2.26,3.18,0.00, 0.00
2.26,3.11,0.00, 0.00
2.26,3.08,0.00, 0.00
2.26,2.99,0.00, 0.00
2.26,2.94,0.00, 0.00
2.26,2.91,0.00, 0.00
2.26,2.87,0.00, 0.00
2.26,2.82,0.00, 0.00
2.26,2.78,0.00, 0.00
2.26,2.75,0.00, 0.00
2.26,2.75,0.00, 0.00
2.26,2.74,0.00, 0.00
2.26,2.71,0.00, 0.00
2.26,2.70,0.00, 0.00
2.26,2.70,0.00, 0.00
2.26,2.70,0.00, 0.00
2.26,2.74,0.00, 1.49
2.26,2.73,0.00, 0.00
2.26,2.73,0.00, 0.00
2.26,2.71,0.00, 0.00
2.24,2.69,0.00, 0.00
2.26,2.69,0.99, 0.00
2.26,2.67,0.01, 0.00
2.26,2.65,0.00, 0.00
2.26,2.64,0.00, 0.00
2.26,2.63,0.00, 0.00
2.26,2.64,0.00, 0.25
2.26,2.65,0.00, 0.50
2.26,2.63,0.00, 0.00
2.26,2.63,0.00, 0.00
2.26,2.62,0.00, 0.00
2.26,2.61,0.00, 0.00
2.26,2.61,0.00, 0.00
2.26,2.61,0.00, 0.00
2.26,2.61,0.00, 0.00
2.26,2.61,0.00, 0.00
2.26,2.61,0.00, 0.00
2.26,2.62,0.00, 0.50
2.26,2.61,0.00, 0.00
2.26,2.62,0.00, 1.00
2.26,2.63,0.00, 0.25
2.26,2.63,0.00, 0.00
2.26,2.62,0.00, 0.00
2.26,2.62,0.00, 0.00
2.26,2.64,0.00, 1.00
2.28,2.61,0.99, 0.00
2.26,2.58,0.00, 0.00
2.24,2.55,0.00, 0.00
2.26,2.54,0.99, 0.00
2.26,2.54,0.01, 0.00
2.26,2.51,0.00, 0.00
2.26,2.49,0.00, 0.00
2.26,2.45,0.00, 0.00
2.26,2.40,0.00, 0.00
2.26,2.37,0.00, 0.00
2.26,2.32,0.00, 0.00
2.26,2.26,0.00, 0.00
2.26,2.22,0.00, 0.00
2.26,2.18,0.00, 0.00
2.26,2.12,0.00, 0.00
2.26,2.12,0.00, 0.00
2.26,2.07,0.00, 0.00
2.26,2.02,0.00, 0.00
2.26,1.97,0.00, 0.00
2.26,1.90,0.00, 0.00
2.26,1.84,0.00, 0.00
0.98,1.75,0.00, 0.00
0.98,1.75,0.00, 0.00
0.00,1.68,0.00, 0.00
0.00,1.53,0.00, 0.00
0.73,1.44,35.96, 0.00
1.56,1.36,41.42, 0.00
1.71,1.30,8.00, 0.00
1.06,1.24,0.00, 0.00
1.06,1.24,0.00, 0.00
0.00,1.20,0.00, 0.00
0.00,1.14,0.00, 0.00
0.32,1.09,15.76, 0.00
0.57,1.04,12.55, 0.00
0.83,0.95,12.99, 0.00
1.00,0.88,8.57, 0.00
0.53,0.79,0.00, 0.00
0.00,0.72,0.00, 0.00
0.03,0.63,1.48, 0.00
0.60,0.56,28.10, 0.00
0.71,0.50,5.83, 0.00
0.06,0.46,0.00, 0.00
0.00,0.43,0.00, 0.00
0.00,0.41,0.00, 0.00
0.00,0.42,0.00, 0.50
0.22,0.40,10.84, 0.00
0.22,0.41,0.16, 0.50
0.00,0.40,0.00, 0.00
0.00,0.41,0.00, 0.25
0.03,0.41,1.48, 0.00
0.21,0.41,8.89, 0.00
0.09,0.41,0.00, 0.00
0.09,0.41,0.00, 0.00
0.09,0.41,0.00, 0.00
0.00,0.39,0.00, 0.00
0.00,0.40,0.00, 0.25
0.00,0.41,0.00, 0.25
0.03,0.42,1.48, 0.50
0.10,0.42,3.47, 0.00
0.02,0.42,0.00, 0.00
0.00,0.42,0.00, 0.00
0.00,0.42,0.00, 0.00
0.00,0.42,0.00, 0.00
0.00,0.42,0.00, 0.00
0.02,0.42,0.99, 0.00
0.05,0.42,1.49, 0.00
0.01,0.41,0.00, 0.00
0.00,0.41,0.00, 0.00
0.00,0.41,0.00, 0.00
0.00,0.41,0.00, 0.00
0.05,0.39,2.46, 0.00
0.03,0.40,0.00, 0.50
0.00,0.39,0.00, 0.00
0.00,0.40,0.00, 0.50
0.00,0.43,0.00, 1.25
0.00,0.43,0.00, 1.25
0.04,0.42,1.97, 0.00
0.06,0.42,1.01, 0.00
0.00,0.42,0.00, 0.00
0.00,0.41,0.00, 0.00
0.00,0.41,0.00, 0.00
0.00,0.41,0.00, 0.00
0.00,0.41,0.00, 0.00
0.00,0.41,0.00, 0.50
0.00,0.42,0.00, 0.00
0.00,0.41,0.00, 0.00
0.00,0.42,0.00, 0.50
0.00,0.42,0.00, 0.00
0.00,0.42,0.00, 0.00
0.00,0.42,0.00, 0.00
0.00,0.42,0.00, 0.00
0.00,0.43,0.00, 0.50
0.00,0.43,0.00, 0.00
0.00,0.44,0.00, 0.50
0.00,0.44,0.00, 0.25
0.00,0.44,0.00, 0.25
0.00,0.65,0.00, 10.46
0.21,0.69,10.35, 2.03
0.59,0.82,18.87, 6.23
0.84,0.95,12.59, 6.75
0.84,0.95,12.59, 6.75
0.91,1.10,3.63, 7.50
0.97,1.28,3.01, 8.99
1.00,1.49,1.52, 10.49
1.40,1.71,19.73, 11.00
1.72,1.92,16.05, 10.50
1.93,2.14,10.58, 11.00
1.93,2.14,10.58, 11.00
2.11,2.36,9.02, 11.00
2.25,2.56,7.03, 9.75
2.26,2.68,0.60, 6.51
2.26,2.81,0.01, 6.00
2.26,2.89,0.00, 4.51
2.26,3.00,0.00, 5.25
2.26,3.13,0.00, 6.50
2.26,3.22,0.00, 4.51
2.26,3.22,0.00, 4.51
2.26,3.31,0.00, 4.25
2.22,3.39,0.00, 4.25
2.25,3.43,1.48, 2.26
2.26,3.50,0.51, 3.25
2.26,3.53,0.01, 1.26
2.26,3.55,0.00, 1.00
2.26,3.55,0.00, 0.00
2.26,3.53,0.00, 0.00
2.26,3.53,0.00, 0.00
2.26,3.52,0.00, 0.00
2.26,3.52,0.00, 0.00
2.26,3.53,0.00, 0.25
2.26,3.51,0.00, 0.00
2.26,3.47,0.00, 0.00
2.26,3.44,0.00, 0.00
2.26,3.42,0.00, 0.00
2.26,3.39,0.00, 0.00
2.26,3.39,0.00, 0.00
2.26,3.35,0.00, 0.00
2.26,3.30,0.00, 0.00
2.26,3.26,0.00, 0.00
2.26,3.25,0.00, 0.00
2.26,3.21,0.00, 0.00
2.26,3.20,0.00, 0.00
2.26,3.17,0.00, 0.00
2.26,3.15,0.00, 0.00
2.26,3.13,0.00, 0.00
2.26,3.11,0.00, 0.00
2.26,3.08,0.00, 0.00
2.26,3.07,0.00, 0.00
2.26,3.03,0.00, 0.00
2.26,3.01,0.00, 0.00
2.26,2.97,0.00, 0.00
2.26,2.95,0.00, 0.00
2.26,2.95,0.00, 0.00
2.26,2.92,0.00, 0.00
2.26,2.90,0.00, 0.00
2.26,2.85,0.00, 0.00
2.26,2.80,0.00, 0.00
2.26,2.74,0.00, 0.00
2.26,2.70,0.00, 0.00
2.26,2.62,0.00, 0.00
2.26,2.58,0.00, 0.00
2.26,2.58,0.00, 0.00
2.26,2.55,0.00, 0.00
2.26,2.47,0.00, 0.00
2.26,2.42,0.00, 0.00
2.26,2.38,0.00, 0.00
2.26,2.38,0.00, 0.00
2.26,2.35,0.00, 0.00
2.26,2.30,0.00, 0.00
2.26,2.22,0.00, 0.00
2.26,2.18,0.00, 0.00
2.26,2.12,0.00, 0.00
2.26,2.05,0.00, 0.00
2.26,1.99,0.00, 0.00
2.26,1.94,0.00, 0.00
2.26,1.94,0.00, 0.00
2.20,1.88,0.00, 0.00
2.25,1.84,2.46, 0.00
2.24,1.81,0.00, 0.00
0.00,1.78,0.00, 0.00
0.00,1.67,0.00, 0.00
0.74,1.59,36.46, 0.00
1.71,1.52,48.32, 0.00
1.80,1.47,5.14, 0.00
1.28,1.44,0.00, 0.00
0.37,1.42,0.00, 0.00
0.32,1.37,0.00, 0.00
0.98,1.32,32.51, 0.00
1.26,1.28,14.27, 0.00
1.11,1.23,0.00, 0.00
1.16,1.16,2.46, 0.00
0.98,1.09,0.00, 0.00
0.57,1.00,0.00, 0.00
0.57,1.00,0.00, 0.00
0.53,0.91,0.00, 0.00
0.96,0.83,21.18, 0.00
1.11,0.74,7.70, 0.00
0.75,0.65,0.00, 0.00
0.26,0.56,0.00, 0.00
0.10,0.48,0.00, 0.00
0.31,0.44,10.35, 0.00
0.54,0.41,11.48, 0.00
0.35,0.41,0.00, 0.00
0.35,0.41,0.00, 0.00
0.00,0.42,0.00, 0.50
0.00,0.42,0.00, 0.00
0.00,0.42,0.00, 0.00
0.00,0.41,0.00, 0.00
0.14,0.43,6.90, 1.00
0.29,0.41,7.49, 0.00
0.08,0.40,0.00, 0.00
0.00,0.40,0.00, 0.00
0.00,0.41,0.00, 0.25
0.00,0.41,0.00, 0.00
0.13,0.42,6.40, 0.50
0.16,0.41,1.57, 0.00
0.00,0.39,0.00, 0.00
0.00,0.40,0.00, 0.50
0.00,0.41,0.00, 0.50
0.00,0.42,0.00, 0.25
0.13,0.42,6.40, 0.00
0.14,0.42,0.59, 0.00
0.12,0.40,0.00, 0.00
0.00,0.42,0.00, 1.00
0.00,0.42,0.00, 1.00
0.00,0.42,0.00, 0.00
0.00,0.42,0.00, 0.00
0.00,0.41,0.00, 0.00
0.00,0.41,0.00, 0.00
0.02,0.41,0.99, 0.00
0.05,0.42,1.49, 0.50
0.00,0.42,0.00, 0.00
0.00,0.41,0.00, 0.00
0.00,0.41,0.00, 0.00
0.07,0.41,3.45, 0.00
0.04,0.41,0.00, 0.00
0.00,0.41,0.00, 0.00
0.00,0.42,0.00, 0.50
0.00,0.41,0.00, 0.00
0.00,0.41,0.00, 0.00
0.00,0.41,0.00, 0.00
0.05,0.40,2.46, 0.00
0.08,0.40,1.51, 0.00
0.09,0.41,0.51, 0.50
0.00,0.48,0.00, 3.49
0.00,0.54,0.00, 3.00
0.00,0.69,0.00, 7.48
0.00,0.76,0.00, 3.76
0.08,0.75,3.94, 0.00
0.43,0.97,17.30, 10.71
0.61,1.13,9.12, 8.26
0.69,1.33,4.08, 9.74
0.77,1.52,4.00, 9.75
0.98,1.73,10.40, 10.25
1.26,1.92,13.95, 9.50
1.60,2.10,16.96, 9.00
1.82,2.30,11.09, 10.00
2.00,2.48,9.03, 9.00
2.10,2.66,5.06, 9.00
2.21,2.85,5.49, 9.25
2.25,3.04,2.05, 9.50
2.26,3.19,0.52, 8.01
2.26,3.19,0.52, 8.01
2.26,3.34,0.01, 7.25
2.26,3.53,0.00, 9.24
2.26,3.67,0.00, 7.26
2.26,3.78,0.00, 5.26
2.26,3.84,0.00, 3.26
2.26,3.91,0.00, 3.75
2.26,3.97,0.00, 2.50
2.26,3.97,0.00, 2.50
2.24,4.00,0.00, 1.75
2.26,4.02,0.99, 0.75
2.26,3.98,0.01, 0.00
2.26,3.97,0.00, 0.00
2.26,3.93,0.00, 0.00
2.26,3.91,0.00, 0.00
2.26,3.88,0.00, 0.00
2.26,3.86,0.00, 0.00
2.26,3.86,0.00, 0.00
2.26,3.80,0.00, 0.00
2.26,3.75,0.00, 0.00
2.26,3.72,0.00, 0.00
2.26,3.69,0.00, 0.00
2.26,3.63,0.00, 0.00
2.26,3.61,0.00, 0.00
2.26,3.55,0.00, 0.00
2.26,3.49,0.00, 0.00
2.26,3.49,0.00, 0.00
2.26,3.42,0.00, 0.00
2.26,3.37,0.00, 0.00
2.26,3.33,0.00, 0.00
2.26,3.27,0.00, 0.00
2.26,3.23,0.00, 0.00
2.26,3.16,0.00, 0.00
2.26,3.11,0.00, 0.00
2.26,3.05,0.00, 0.00
2.26,3.05,0.00, 0.00
2.26,3.00,0.00, 0.00
2.26,2.95,0.00, 0.00
2.26,2.91,0.00, 0.00
2.26,2.87,0.00, 0.00
2.26,2.85,0.00, 0.00
2.24,2.80,0.00, 0.00
2.26,2.74,0.99, 0.00
2.26,2.71,0.01, 0.00
2.26,2.71,0.01, 0.00
2.26,2.65,0.00, 0.00
2.26,2.62,0.00, 0.00
2.26,2.59,0.00, 0.00
2.24,2.56,0.00, 0.00
2.26,2.49,0.99, 0.00
2.26,2.46,0.01, 0.00
2.26,2.42,0.00, 0.00
2.26,2.37,0.00, 0.00
2.26,2.33,0.00, 0.00
2.26,2.29,0.00, 0.00
2.26,2.29,0.00, 0.00
2.22,2.25,0.00, 0.00
2.25,2.19,1.48, 0.00
2.26,2.14,0.51, 0.00
2.26,2.09,0.01, 0.00
2.26,2.04,0.00, 0.00
2.26,1.99,0.00, 0.00
2.26,1.93,0.00, 0.00
2.26,1.89,0.00, 0.00
2.26,1.89,0.00, 0.00
2.26,1.86,0.00, 0.00
2.26,1.84,0.00, 0.00
2.26,1.79,0.00, 0.00
2.26,1.75,0.00, 0.00
2.26,1.69,0.00, 0.00
2.26,1.65,0.00, 0.00
2.26,1.60,0.00, 0.00
2.26,1.51,0.00, 0.00
2.26,1.43,0.00, 0.00
0.00,1.38,0.00, 0.00
0.00,1.24,0.00, 0.00
0.00,1.09,0.00, 0.00
1.32,0.95,65.03, 0.00
1.59,0.87,14.26, 0.00
0.80,0.78,0.00, 0.00
0.00,0.73,0.00, 0.00
0.00,0.68,0.00, 0.00
0.00,0.60,0.00, 0.00
0.46,0.54,22.66, 0.00
0.18,0.50,0.00, 0.00
0.08,0.44,0.00, 0.00
0.08,0.44,0.00, 0.00
0.00,0.41,0.00, 0.00
0.00,0.42,0.00, 0.25
0.00,0.42,0.00, 0.00
0.19,0.39,9.36, 0.00
0.84,0.40,32.16, 0.50
0.41,0.40,0.00, 0.00
0.41,0.40,0.00, 0.00
0.00,0.41,0.00, 0.25
0.00,0.41,0.00, 0.00
0.00,0.39,0.00, 0.00
0.54,0.41,26.60, 0.75
0.76,0.42,11.23, 0.25
0.05,0.41,0.00, 0.00
0.05,0.41,0.00, 0.00
0.05,0.41,0.00, 0.00
0.05,0.41,0.00, 0.00
0.00,0.41,0.00, 0.00
0.00,0.41,0.00, 0.00
0.28,0.39,13.79, 0.00
0.58,0.40,14.98, 0.25
0.23,0.41,0.00, 0.25
0.00,0.41,0.00, 0.00
0.00,0.41,0.00, 0.00
0.00,0.42,0.00, 0.50
0.24,0.41,11.82, 0.00
0.27,0.41,1.65, 0.00
0.00,0.41,0.00, 0.00
0.00,0.41,0.00, 0.00
0.00,0.41,0.00, 0.00
0.07,0.41,3.45, 0.00
0.10,0.41,1.53, 0.00
0.07,0.41,0.00, 0.00
0.00,0.41,0.00, 0.00
0.00,0.41,0.00, 0.00
0.00,0.41,0.00, 0.00
0.00,0.42,0.00, 0.50
0.04,0.40,1.97, 0.00
0.08,0.40,2.00, 0.00
0.04,0.40,0.00, 0.00
0.00,0.43,0.00, 1.25
0.00,0.43,0.00, 1.25
0.00,0.43,0.00, 0.25
0.00,0.43,0.00, 0.00
0.11,0.47,5.42, 1.74
0.05,0.54,0.00, 3.99
0.00,0.62,0.00, 3.75
0.00,0.71,0.00, 4.25
0.00,0.71,0.00, 4.25
0.08,0.82,3.94, 5.74
0.28,0.96,9.91, 7.00
0.54,1.16,12.95, 9.99
0.72,1.36,9.06, 9.75
0.91,1.59,9.49, 11.74
1.10,1.85,9.50, 13.00
1.37,2.14,13.44, 14.74
1.69,2.45,15.96, 15.50
1.69,2.45,15.96, 15.50
1.99,2.77,15.01, 15.50
2.21,3.10,11.06, 16.75
2.25,3.38,2.13, 14.01
2.26,3.66,0.52, 14.25
2.26,3.89,0.01, 11.51
2.26,4.07,0.00, 8.76
2.26,4.20,0.00, 6.76
2.26,4.32,0.00, 5.50
2.26,4.32,0.00, 5.50
2.26,4.43,0.00, 5.50
2.26,4.53,0.00, 5.50
2.26,4.64,0.00, 5.00
2.26,4.73,0.00, 5.00
2.26,4.84,0.00, 5.25
2.26,4.90,0.00, 3.26
2.26,4.90,0.00, 3.26
2.26,4.98,0.00, 3.50
2.26,5.01,0.00, 1.51
2.26,5.03,0.00, 1.00
2.26,5.06,0.00, 1.75
2.26,5.07,0.00, 0.75
2.26,5.08,0.00, 0.25
2.26,5.11,0.00, 1.25
2.26,5.11,0.00, 0.50
2.26,5.11,0.00, 0.50
2.26,5.16,0.00, 2.49
2.26,5.22,0.00, 2.75
2.26,5.26,0.00, 2.00
2.26,5.26,0.00, 2.00
2.26,5.28,0.00, 1.00
2.26,5.28,0.00, 0.00
2.26,5.24,0.00, 0.00
2.26,5.20,0.00, 0.00
2.26,5.20,0.00, 0.00
2.26,5.14,0.00, 0.00
2.26,5.10,0.00, 0.00
2.26,5.01,0.00, 0.00
2.26,4.93,0.00, 0.00
2.26,4.86,0.00, 0.00
2.26,4.76,0.00, 0.00
2.26,4.68,0.00, 0.00
2.22,4.62,0.00, 0.00
2.25,4.56,1.48, 0.00
2.25,4.56,1.48, 0.00
2.25,4.56,1.48, 0.00
2.26,4.55,0.51, 0.00
2.26,4.47,0.01, 0.00
2.26,4.39,0.00, 0.00
2.26,4.34,0.00, 0.00
2.26,4.27,0.00, 0.00
2.26,4.18,0.00, 0.00
2.26,4.12,0.00, 0.00
2.26,4.06,0.00, 0.00
2.26,4.01,0.00, 0.00
2.26,3.96,0.00, 0.00
2.26,3.89,0.00, 0.00
2.24,3.83,0.00, 0.00
2.26,3.78,0.99, 0.00
2.26,3.70,0.01, 0.00
2.26,3.60,0.00, 0.00
2.26,3.51,0.00, 0.00
2.26,3.42,0.00, 0.00
2.26,3.36,0.00, 0.00
2.26,3.21,0.00, 0.00
2.26,3.15,0.00, 0.00
2.26,3.04,0.00, 0.00
2.26,2.96,0.00, 0.00
2.26,2.87,0.00, 0.00
2.26,2.77,0.00, 0.00
2.26,2.65,0.00, 0.00
2.26,2.54,0.00, 0.00
2.26,2.54,0.00, 0.00
2.26,2.54,0.00, 0.00
2.26,2.40,0.00, 0.00
2.26,2.27,0.00, 0.00
2.26,2.11,0.00, 0.00
2.26,1.95,0.00, 0.00
2.26,1.78,0.00, 0.00
0.00,1.61,0.00, 0.00
0.00,1.41,0.00, 0.00
0.00,1.19,0.00, 0.00
1.20,1.00,59.12, 0.00
1.72,0.84,26.49, 0.00
1.46,0.72,0.00, 0.00
1.46,0.72,0.00, 0.00
0.41,0.62,0.00, 0.00
0.00,0.53,0.00, 0.00
0.05,0.45,2.46, 0.00
0.69,0.43,31.57, 0.00
0.51,0.42,0.00, 0.00
0.17,0.41,0.00, 0.00
0.00,0.41,0.00, 0.00
0.00,0.40,0.00, 0.00
0.00,0.40,0.00, 0.00
0.00,0.40,0.00, 0.00
0.49,0.41,24.14, 0.25
0.43,0.41,0.00, 0.00
0.00,0.41,0.00, 0.00
0.00,0.42,0.00, 0.50
0.00,0.41,0.00, 0.00
0.12,0.41,5.91, 0.00
0.53,0.41,20.29, 0.00
0.26,0.41,0.00, 0.00
0.00,0.41,0.00, 0.00
0.00,0.42,0.00, 0.50
0.07,0.42,3.45, 0.00
0.41,0.42,16.80, 0.00
0.24,0.41,0.00, 0.00
0.00,0.42,0.00, 0.50
0.00,0.42,0.00, 0.00
0.00,0.42,0.00, 0.00
0.09,0.41,4.43, 0.00
0.17,0.41,4.01, 0.00
0.02,0.42,0.00, 0.50
0.00,0.41,0.00, 0.00
0.00,0.42,0.00, 0.50
0.00,0.42,0.00, 0.00
0.02,0.40,0.99, 0.00
0.03,0.41,0.51, 0.50
0.03,0.40,0.01, 0.00
0.03,0.42,0.00, 0.75
0.00,0.41,0.00, 0.00
0.00,0.41,0.00, 0.00
0.00,0.41,0.00, 0.00
0.00,0.42,0.00, 0.50
0.04,0.42,1.97, 0.00
0.03,0.41,0.00, 0.00
0.03,0.41,0.00, 0.00
0.00,0.42,0.00, 0.50
0.00,0.44,0.00, 1.50
0.00,0.49,0.00, 2.00
0.01,0.50,0.49, 0.75
0.07,0.63,2.96, 6.73
0.08,0.69,0.54, 2.76
0.24,0.81,7.89, 5.99
0.51,1.00,13.42, 9.49
0.76,1.20,12.51, 9.75
0.76,1.20,12.51, 9.75
0.94,1.43,9.05, 11.74
1.15,1.72,10.48, 14.74
1.36,2.06,10.50, 16.74
1.67,2.40,15.43, 17.25
1.99,2.76,15.99, 18.00
2.21,3.10,11.07, 16.51
2.25,3.39,2.13, 15.01
2.26,3.66,0.52, 13.26
2.26,3.66,0.52, 13.26
2.26,3.88,0.01, 10.76
2.26,4.09,0.00, 10.75
2.26,4.25,0.00, 8.01
2.26,4.36,0.00, 5.51
2.26,4.45,0.00, 4.75
2.26,4.55,0.00, 4.50
2.26,4.61,0.00, 3.01
2.26,4.62,0.00, 1.01
2.26,4.62,0.00, 1.01
2.26,4.65,0.00, 1.50
2.26,4.68,0.00, 1.25
2.26,4.70,0.00, 1.25
2.26,4.70,0.00, 0.00
2.26,4.73,0.00, 1.49
2.26,4.76,0.00, 1.25
2.26,4.76,0.00, 0.50
2.26,4.76,0.00, 0.00
2.26,4.74,0.00, 0.00
2.26,4.78,0.00, 1.74
2.24,4.70,0.00, 0.00
2.26,4.64,0.99, 0.00
2.26,4.61,0.01, 0.00
2.26,4.54,0.00, 0.00
2.26,4.48,0.00, 0.00
2.26,4.48,0.00, 0.00
2.26,4.45,0.00, 0.00
2.26,4.32,0.00, 0.00
2.26,4.23,0.00, 0.00
2.26,4.13,0.00, 0.00
2.26,4.03,0.00, 0.00
2.26,3.92,0.00, 0.00
2.26,3.80,0.00, 0.00
2.26,3.69,0.00, 0.00
2.26,3.69,0.00, 0.00
2.24,3.56,0.00, 0.00
2.23,3.43,0.00, 0.00
2.25,3.30,0.99, 0.00
2.26,3.19,0.51, 0.00
2.26,3.10,0.01, 0.00
2.26,3.10,0.01, 0.00
2.26,3.03,0.00, 0.00
2.26,2.96,0.00, 0.00
2.26,2.88,0.00, 0.00
2.26,2.79,0.00, 0.00
2.26,2.68,0.00, 0.00
2.26,2.59,0.00, 0.00
2.26,2.49,0.00, 0.00
2.26,2.41,0.00, 0.00
2.26,2.34,0.00, 0.00
2.26,2.34,0.00, 0.00
2.26,2.20,0.00, 0.00
2.26,2.19,0.00, 0.00
2.26,2.14,0.00, 0.00
2.26,2.10,0.00, 0.00
2.26,2.06,0.00, 0.00
2.26,2.02,0.00, 0.00
2.26,2.01,0.00, 0.00
2.26,1.94,0.00, 0.00
2.26,1.94,0.00, 0.00
2.26,1.87,0.00, 0.00
2.26,1.77,0.00, 0.00
2.26,1.68,0.00, 0.00
2.26,1.60,0.00, 0.00
2.26,1.50,0.00, 0.00
2.26,1.38,0.00, 0.00
2.26,1.38,0.00, 0.00
2.26,1.38,0.00, 0.00
2.26,1.38,0.00, 0.00
2.26,1.29,0.00, 0.00
2.26,1.17,0.00, 0.00
0.00,1.02,0.00, 0.00
0.00,0.88,0.00, 0.00
0.00,0.71,0.00, 0.00
1.46,0.62,71.93, 0.00
1.86,0.55,20.76, 0.00
0.94,0.49,0.00, 0.00
0.00,0.45,0.00, 0.00
0.00,0.43,0.00, 0.00
0.00,0.42,0.00, 0.00
0.57,0.42,28.08, 0.00
0.55,0.42,0.00, 0.00
0.35,0.43,0.00, 0.50
0.00,0.43,0.00, 0.00
0.00,0.43,0.00, 0.00
0.00,0.42,0.00, 0.00
0.00,0.42,0.00, 0.00
0.35,0.41,17.24, 0.00
0.85,0.42,24.89, 0.50
0.33,0.43,0.00, 0.50
0.00,0.42,0.00, 0.00
0.00,0.41,0.00, 0.00
0.00,0.41,0.00, 0.00
0.00,0.41,0.00, 0.00
0.37,0.40,18.23, 0.00
0.68,0.41,15.54, 0.50
0.08,0.41,0.00, 0.00
0.00,0.41,0.00, 0.00
0.00,0.41,0.00, 0.00
0.19,0.41,9.36, 0.00
0.19,0.41,9.36, 0.00
0.50,0.42,15.41, 0.50
0.26,0.41,0.00, 0.00
0.00,0.41,0.00, 0.00
0.00,0.42,0.00, 0.50
0.00,0.44,0.00, 1.00
0.25,0.48,12.32, 2.25
0.29,0.50,2.15, 1.00
0.00,0.50,0.00, 0.25
0.00,0.50,0.00, 0.25
0.00,0.49,0.00, 0.00
0.00,0.47,0.00, 0.00
0.00,0.45,0.00, 0.00
0.00,0.43,0.00, 0.00
0.02,0.40,0.99, 0.00
0.00,0.41,0.00, 0.50
0.00,0.41,0.00, 0.50
0.00,0.41,0.00, 0.00
0.00,0.42,0.00, 0.25
0.01,0.41,0.49, 0.00
0.05,0.41,1.98, 0.00
0.06,0.41,0.52, 0.25
0.00,0.44,0.00, 1.25
0.00,0.44,0.00, 0.00
0.00,0.45,0.00, 0.75
0.00,0.45,0.00, 0.75
0.00,0.45,0.00, 0.25
0.00,0.47,0.00, 0.50
0.00,0.45,0.00, 0.00
0.00,0.44,0.00, 0.00
0.00,0.46,0.00, 1.00
0.00,0.47,0.00, 0.50
0.00,0.47,0.00, 0.50
0.00,0.66,0.00, 9.72
0.00,0.73,0.00, 3.02
0.00,0.85,0.00, 5.99
0.34,1.05,16.75, 10.23
0.70,1.22,17.98, 8.26
0.97,1.39,13.57, 9.00
1.09,1.60,6.11, 10.00
1.18,1.82,4.52, 11.25
1.18,1.82,4.52, 11.25
1.35,2.06,8.44, 12.00
1.58,2.31,11.46, 12.25
1.75,2.53,8.54, 11.25
1.88,2.74,6.53, 10.75
1.99,2.94,5.52, 9.75
2.05,3.19,3.04, 12.74
2.13,3.47,3.99, 13.75
2.23,3.78,4.99, 15.49
2.23,3.78,4.99, 15.49
2.25,4.11,1.06, 16.25
2.26,4.40,0.51, 14.76
2.26,4.66,0.01, 13.01
2.26,4.89,0.00, 11.51
2.26,5.05,0.00, 8.01
2.26,5.15,0.00, 5.01
2.26,5.24,0.00, 4.25
2.26,5.27,0.00, 1.76
2.26,5.28,0.00, 0.50
2.26,5.27,0.00, 0.00
2.26,5.24,0.00, 0.00
2.26,5.19,0.00, 0.00
2.26,5.15,0.00, 0.00
2.26,5.10,0.00, 0.00
2.22,5.02,0.00, 0.00
2.25,4.93,1.48, 0.00
2.26,4.82,0.51, 0.00
2.26,4.71,0.01, 0.00
2.26,4.61,0.00, 0.00
2.26,4.49,0.00, 0.00
2.26,4.41,0.00, 0.00
2.26,4.32,0.00, 0.00
2.26,4.26,0.00, 0.00
2.26,4.22,0.00, 0.00
2.26,4.20,0.00, 0.00
2.26,4.16,0.00, 0.00
2.26,4.16,0.00, 0.00
2.26,4.14,0.00, 0.00
2.24,4.13,0.00, 0.00
2.26,4.11,0.99, 0.00
2.26,4.06,0.01, 0.00
2.26,4.05,0.00, 0.00
2.26,4.05,0.00, 0.00
2.26,4.05,0.00, 0.00
2.26,4.03,0.00, 0.00
2.26,4.03,0.00, 0.25
2.26,4.02,0.00, 0.00
2.26,4.01,0.00, 0.00
2.26,4.02,0.00, 0.50
2.26,3.99,0.00, 0.00
2.26,3.96,0.00, 0.00
2.26,3.93,0.00, 0.00
2.26,3.93,0.00, 0.00
2.26,3.88,0.00, 0.00
2.26,3.84,0.00, 0.00
2.26,3.79,0.00, 0.00
2.26,3.72,0.00, 0.00
2.26,3.72,0.00, 0.00
2.26,3.64,0.00, 0.00
2.26,3.57,0.00, 0.00
2.26,3.52,0.00, 0.00
2.26,3.47,0.00, 0.00
2.26,3.39,0.00, 0.00
2.26,3.39,0.00, 0.00
2.26,3.32,0.00, 0.00
2.26,3.26,0.00, 0.00
2.26,3.21,0.00, 0.00
2.26,3.16,0.00, 0.00
2.26,3.13,0.00, 0.00
2.26,3.09,0.00, 0.00
2.26,3.07,0.00, 0.00
2.26,3.05,0.00, 0.00
2.26,3.03,0.00, 0.00
2.26,3.01,0.00, 0.00
2.26,3.01,0.00, 0.00
2.26,2.96,0.00, 0.00
2.26,2.90,0.00, 0.00
2.26,2.84,0.00, 0.00
2.26,2.77,0.00, 0.00
2.26,2.66,0.00, 0.00
2.26,2.59,0.00, 0.00
2.26,2.46,0.00, 0.00
2.26,2.34,0.00, 0.00
2.26,2.22,0.00, 0.00
2.26,2.09,0.00, 0.00
2.26,1.96,0.00, 0.00
2.26,1.79,0.00, 0.00
0.00,1.62,0.00, 0.00
0.00,1.39,0.00, 0.00
0.00,1.21,0.00, 0.00
0.00,1.21,0.00, 0.00
1.37,1.05,67.49, 0.00
1.65,0.89,14.79, 0.00
0.90,0.77,0.00, 0.00
0.00,0.66,0.00, 0.00
0.00,0.66,0.00, 0.00
0.00,0.66,0.00, 0.00
0.00,0.55,0.00, 0.00
0.00,0.48,0.00, 0.00
0.34,0.43,16.75, 0.00
0.20,0.41,0.00, 0.00
0.20,0.41,0.00, 0.00
0.18,0.40,0.00, 0.00
0.06,0.40,0.00, 0.00
0.00,0.41,0.00, 0.50
0.00,0.42,0.00, 0.25
0.10,0.42,4.93, 0.00
0.61,0.42,25.20, 0.00
0.34,0.39,0.00, 0.00
0.00,0.42,0.00, 1.00
0.00,0.42,0.00, 0.00
0.00,0.41,0.00, 0.00
0.40,0.41,19.71, 0.00
0.54,0.41,7.19, 0.00
0.00,0.39,0.00, 0.00
0.00,0.39,0.00, 0.00
0.00,0.41,0.00, 1.00
0.00,0.39,0.00, 0.00
0.24,0.41,11.82, 1.00
0.42,0.41,9.04, 0.00
0.11,0.41,0.00, 0.00
0.00,0.42,0.00, 0.50
0.00,0.42,0.00, 0.00
0.00,0.41,0.00, 0.00
0.11,0.42,5.42, 0.50
0.13,0.41,1.07, 0.00
0.00,0.41,0.00, 0.00
0.00,0.42,0.00, 0.50
0.00,0.41,0.00, 0.00
0.01,0.42,0.49, 0.50
0.03,0.42,0.99, 0.00
0.00,0.43,0.00, 0.50
0.00,0.43,0.00, 0.50
0.00,0.43,0.00, 0.00
0.00,0.44,0.00, 0.50
0.00,0.43,0.00, 0.00
0.00,0.43,0.00, 0.00
0.00,0.43,0.00, 0.00
0.00,0.41,0.00, 0.00
0.01,0.59,0.49, 8.47
0.01,0.59,0.49, 8.47
0.01,0.59,0.49, 8.47
0.29,0.70,13.80, 6.01
0.65,0.89,17.94, 9.49
0.85,1.11,10.12, 10.50
0.80,1.39,0.00, 14.24
1.12,1.72,15.76, 16.49
1.57,2.07,22.40, 17.25
1.97,2.37,20.04, 15.26
2.16,2.66,9.65, 14.50
2.24,2.90,4.08, 12.01
2.26,3.12,1.05, 10.75
2.24,3.28,0.00, 8.51
2.26,3.37,0.99, 4.02
2.26,3.43,0.01, 3.25
2.26,3.50,0.00, 3.50
2.26,3.54,0.00, 2.01
2.26,3.59,0.00, 2.50
2.26,3.61,0.00, 1.01
2.26,3.61,0.00, 0.00
2.26,3.62,0.00, 0.50
2.26,3.62,0.00, 0.50
2.26,3.58,0.00, 0.00
2.26,3.54,0.00, 0.00
2.26,3.49,0.00, 0.00
2.26,3.41,0.00, 0.00
2.22,3.34,0.00, 0.00
2.25,3.26,1.48, 0.00
2.26,3.16,0.51, 0.00
2.26,3.07,0.01, 0.00
2.26,3.07,0.01, 0.00
2.26,3.03,0.00, 0.00
2.26,2.96,0.00, 0.00
2.26,2.91,0.00, 0.00
2.26,2.88,0.00, 0.00
2.26,2.84,0.00, 0.00
2.26,2.78,0.00, 0.00
2.26,2.78,0.00, 0.00
2.26,2.71,0.00, 0.00
2.26,2.66,0.00, 0.00
2.26,2.62,0.00, 0.00
2.26,2.54,0.00, 0.00
2.26,2.47,0.00, 0.00
2.26,2.39,0.00, 0.00
2.26,2.32,0.00, 0.00
2.26,2.26,0.00, 0.00
2.26,2.26,0.00, 0.00
2.26,2.19,0.00, 0.00
2.26,2.11,0.00, 0.00
2.26,2.04,0.00, 0.00
2.26,1.97,0.00, 0.00
2.26,1.88,0.00, 0.00
2.26,1.81,0.00, 0.00
2.26,1.74,0.00, 0.00
2.26,1.74,0.00, 0.00
2.26,1.74,0.00, 0.00
2.26,1.67,0.00, 0.00
2.26,1.59,0.00, 0.00
2.26,1.55,0.00, 0.00
2.26,1.49,0.00, 0.00
2.26,1.42,0.00, 0.00
2.26,1.37,0.00, 0.00
2.26,1.31,0.00, 0.00
2.26,1.24,0.00, 0.00
2.26,1.19,0.00, 0.00
2.26,1.09,0.00, 0.00
2.26,0.99,0.00, 0.00
0.00,0.98,0.00, 0.00
0.00,0.85,0.00, 0.00
0.00,0.71,0.00, 0.00
1.59,0.65,78.33, 0.00
1.78,0.59,10.51, 0.00
0.69,0.55,0.00, 0.00
0.00,0.51,0.00, 0.00
0.00,0.50,0.00, 0.00
0.20,0.47,9.85, 0.00
0.76,0.47,27.73, 0.00
0.76,0.47,27.73, 0.00
0.46,0.44,0.00, 0.00
0.44,0.44,0.00, 0.00
0.01,0.44,0.00, 0.00
0.00,0.43,0.00, 0.00
0.00,0.43,0.00, 0.00
0.48,0.42,23.65, 0.00
0.99,0.41,25.47, 0.00
0.27,0.42,0.00, 0.50
0.00,0.42,0.00, 0.00
0.00,0.42,0.00, 0.00
0.00,0.42,0.00, 0.00
0.00,0.43,0.00, 0.50
0.75,0.43,36.95, 0.25
0.74,0.43,0.05, 0.00
0.00,0.41,0.00, 0.00
0.00,0.40,0.00, 0.00
0.00,0.40,0.00, 0.00
0.39,0.43,19.21, 1.25
0.54,0.41,7.67, 0.00
0.00,0.43,0.00, 1.00
0.00,0.42,0.00, 0.00
0.00,0.42,0.00, 0.00
0.00,0.42,0.00, 0.00
0.02,0.42,0.99, 0.00
0.33,0.41,15.29, 0.00
0.18,0.43,0.00, 1.00
0.00,0.41,0.00, 0.00
0.00,0.40,0.00, 0.00
0.00,0.40,0.00, 0.00
0.00,0.41,0.00, 0.50
0.08,0.41,3.94, 0.00
0.06,0.42,0.00, 0.25
0.02,0.42,0.00, 0.00
0.00,0.42,0.00, 0.00
0.00,0.42,0.00, 0.00
0.00,0.41,0.00, 0.00
0.02,0.41,0.99, 0.00
0.05,0.41,1.49, 0.00
0.06,0.41,0.51, 0.00
0.00,0.41,0.00, 0.00
0.00,0.42,0.00, 0.50
0.00,0.39,0.00, 0.00
0.03,0.39,1.48, 0.00
0.12,0.40,4.46, 0.50
0.03,0.41,0.00, 0.50
0.00,0.41,0.00, 0.00
0.00,0.41,0.00, 0.00
0.01,0.41,0.49, 0.00
0.01,0.41,0.49, 0.00
0.01,0.41,0.49, 0.00
0.07,0.42,2.96, 0.50
0.08,0.42,0.54, 0.00
0.00,0.41,0.00, 0.00
0.00,0.42,0.00, 0.50
0.00,0.42,0.00, 0.00
0.04,0.40,1.97, 0.00
0.03,0.41,0.00, 0.50
0.00,0.41,0.00, 0.00
0.00,0.41,0.00, 0.00
0.00,0.42,0.00, 0.50
0.00,0.39,0.00, 0.00
0.00,0.41,0.00, 1.00
0.00,0.41,0.00, 0.00
0.00,0.41,0.00, 0.00
0.00,0.41,0.00, 0.00
0.00,0.41,0.00, 0.00
0.00,0.42,0.00, 0.50
0.00,0.39,0.00, 0.00
0.00,0.40,0.00, 0.50
0.00,0.41,0.00, 0.50
0.00,0.41,0.00, 0.00
0.00,0.41,0.00, 0.00
0.00,0.41,0.00, 0.00
0.00,0.41,0.00, 0.00
0.00,0.41,0.00, 0.00
0.00,0.40,0.00, 0.00
0.00,0.40,0.00, 0.00
0.00,0.40,0.00, 0.00
0.00,0.41,0.00, 0.25
0.00,0.41,0.00, 0.50
0.00,0.42,0.00, 0.00
0.00,0.42,0.00, 0.00
0.00,0.41,0.00, 0.00
0.00,0.41,0.00, 0.00
0.00,0.41,0.00, 0.00
0.00,0.42,0.00, 0.50
0.00,0.43,0.00, 0.50
0.00,0.42,0.00, 0.00
0.00,0.42,0.00, 0.00
0.00,0.42,0.00, 0.00
0.00,0.42,0.00, 0.00
0.00,0.42,0.00, 0.00
0.00,0.42,0.00, 0.00
0.00,0.41,0.00, 0.00
0.00,0.41,0.00, 0.00
0.00,0.41,0.00, 0.00
0.00,0.42,0.00, 0.50
0.00,0.41,0.00, 0.00
0.00,0.42,0.00, 0.50
0.00,0.42,0.00, 0.50
0.00,0.39,0.00, 0.00
0.00,0.39,0.00, 0.00
0.00,0.40,0.00, 0.50
0.00,0.40,0.00, 0.00
0.00,0.39,0.00, 0.00
0.00,0.41,0.00, 1.00
0.00,0.41,0.00, 0.00
0.00,0.42,0.00, 0.25
0.00,0.41,0.00, 0.00
0.00,0.42,0.00, 0.50
0.00,0.42,0.00, 0.00
0.00,0.42,0.00, 0.00
0.00,0.42,0.00, 0.00
0.00,0.40,0.00, 0.00
0.00,0.41,0.00, 0.50
0.00,0.41,0.00, 0.00
0.00,0.41,0.00, 0.00
0.00,0.42,0.00, 0.50
0.00,0.42,0.00, 0.00
0.00,0.41,0.00, 0.00
0.00,0.42,0.00, 0.50
0.00,0.41,0.00, 0.00
0.02,0.40,0.99, 0.00
0.01,0.40,0.00, 0.00
0.01,0.40,0.00, 0.00
0.01,0.40,0.00, 0.00
0.01,0.41,0.00, 0.50
0.00,0.41,0.00, 0.00
0.00,0.41,0.00, 0.00
0.00,0.42,0.00, 0.50
0.00,0.41,0.00, 0.00
0.03,0.41,1.48, 0.00
0.00,0.41,0.00, 0.00
0.00,0.42,0.00, 0.50
0.00,0.42,0.00, 0.00
0.00,0.41,0.00, 0.00
0.00,0.40,0.00, 0.00
0.00,0.40,0.00, 0.00
0.00,0.41,0.00, 0.50
0.00,0.39,0.00, 0.00
0.00,0.40,0.00, 0.50
0.00,0.41,0.00, 0.50
0.00,0.41,0.00, 0.00
0.00,0.41,0.00, 0.00
0.00,0.41,0.00, 0.00
0.00,0.41,0.00, 0.00
0.00,0.40,0.00, 0.00
0.00,0.40,0.00, 0.00
0.00,0.40,0.00, 0.00
0.00,0.40,0.00, 0.00
0.00,0.41,0.00, 0.25
0.00,0.41,0.00, 0.00
0.00,0.42,0.00, 0.50
0.00,0.41,0.00, 0.00
0.00,0.41,0.00, 0.00
0.00,0.41,0.00, 0.00
0.00,0.42,0.00, 0.50
0.00,0.41,0.00, 0.00
0.00,0.42,0.00, 0.50
0.00,0.42,0.00, 0.00
0.00,0.42,0.00, 0.00
0.00,0.42,0.00, 0.00
0.00,0.39,0.00, 0.00
0.00,0.40,0.00, 0.50
0.00,0.40,0.00, 0.00
0.00,0.40,0.00, 0.00
0.00,0.41,0.00, 0.50
0.00,0.42,0.00, 0.25
0.00,0.42,0.00, 0.00
0.00,0.42,0.00, 0.00
0.00,0.42,0.00, 0.00
0.00,0.41,0.00, 0.00
0.00,0.41,0.00, 0.00
0.00,0.41,0.00, 0.00
0.00,0.41,0.00, 0.00
0.00,0.41,0.00, 0.00
0.00,0.41,0.00, 0.00
0.00,0.41,0.00, 0.00
0.00,0.41,0.00, 0.00
0.00,0.41,0.00, 0.00
0.00,0.41,0.00, 0.00
0.00,0.41,0.00, 0.00
0.00,0.42,0.00, 0.50
0.00,0.42,0.00, 0.00
0.03,0.42,1.48, 0.00
0.00,0.40,0.00, 0.00
0.00,0.41,0.00, 0.50
0.00,0.41,0.00, 0.50
0.00,0.41,0.00, 0.00
0.00,0.43,0.00, 0.75
0.00,0.42,0.00, 0.00
0.00,0.42,0.00, 0.00
0.00,0.42,0.00, 0.00
0.00,0.41,0.00, 0.00
0.00,0.40,0.00, 0.00
0.00,0.40,0.00, 0.00
0.00,0.41,0.00, 0.75
0.00,0.41,0.00, 0.00
0.00,0.39,0.00, 0.00
0.00,0.39,0.00, 0.00
0.00,0.38,0.00, 0.00
0.00,0.41,0.00, 1.25
0.00,0.50,0.00, 4.74
0.00,0.47,0.00, 0.00
0.00,0.47,0.00, 0.00
0.00,0.45,0.00, 0.00
0.00,0.44,0.00, 0.00
0.00,0.46,0.00, 1.00
0.00,0.45,0.00, 0.00
0.00,0.47,0.00, 0.50
0.00,0.49,0.00, 1.00
0.00,0.51,0.00, 1.25
0.00,0.51,0.00, 1.25
0.00,0.51,0.00, 0.25
0.00,0.54,0.00, 1.25
0.00,0.55,0.00, 0.50
0.00,0.55,0.00, 0.00
0.00,0.55,0.00, 0.25
0.00,0.57,0.00, 0.75
0.00,0.60,0.00, 1.50
0.00,0.66,0.00, 2.99
0.00,0.66,0.00, 2.99
0.00,0.73,0.00, 3.25
0.00,0.84,0.00, 5.49
0.00,0.94,0.00, 5.25
0.12,1.07,5.91, 6.50
0.27,1.16,7.48, 4.76
0.38,1.26,5.53, 5.00
0.53,1.38,7.47, 5.50
0.72,1.50,9.47, 6.00
0.72,1.50,9.47, 6.00
0.97,1.66,12.46, 8.24
1.30,1.84,16.44, 8.75
1.63,2.09,16.50, 12.49
1.85,2.35,11.08, 13.25
1.98,2.65,6.57, 15.24
2.09,2.99,5.52, 16.74
2.16,3.33,3.53, 16.75
2.19,3.63,1.53, 15.50
2.19,3.63,1.53, 15.50
2.22,3.89,1.50, 12.76
2.19,4.12,0.00, 11.75
2.18,4.36,0.00, 12.00
2.22,4.59,1.97, 11.25
2.23,4.85,0.52, 12.99
2.23,5.07,0.01, 10.76
2.23,5.23,0.00, 8.26
2.23,5.39,0.00, 7.75
2.23,5.39,0.00, 7.75
2.23,5.51,0.00, 6.01
2.23,5.51,0.00, 6.01
2.23,5.60,0.00, 4.75
2.23,5.70,0.00, 5.00
2.23,5.80,0.00, 4.75
2.25,5.87,0.99, 3.75
2.23,5.91,0.00, 1.76
2.23,5.89,0.00, 0.00
2.23,5.89,0.00, 0.00
2.23,5.89,0.00, 0.00
2.23,5.88,0.00, 0.00
2.23,5.91,0.00, 1.99
2.23,5.81,0.00, 0.00
2.23,5.80,0.00, 0.00
2.23,5.80,0.00, 0.00
2.23,5.84,0.00, 1.74
2.23,5.90,0.00, 3.49
2.23,5.95,0.00, 2.50
2.23,5.99,0.00, 2.00
2.23,6.03,0.00, 2.00
2.23,6.04,0.00, 0.26
2.23,6.04,0.00, 0.26
2.23,6.06,0.00, 0.75
2.23,6.10,0.00, 2.24
2.23,6.16,0.00, 3.25
2.23,6.23,0.00, 3.25
2.23,6.27,0.00, 1.76
2.23,6.30,0.00, 1.50
2.23,6.34,0.00, 2.25
2.23,6.38,0.00, 1.75
2.23,6.38,0.00, 1.75
2.23,6.39,0.00, 0.50
2.23,6.39,0.00, 0.00
2.23,6.36,0.00, 0.00
2.23,6.32,0.00, 0.00
2.23,6.29,0.00, 0.00
2.23,6.29,0.00, 0.00
2.23,6.29,0.00, 0.00
2.23,6.26,0.00, 0.00
2.23,6.20,0.00, 0.00
2.23,6.14,0.00, 0.00
2.23,6.03,0.00, 0.00
2.23,5.90,0.00, 0.00
2.23,5.78,0.00, 0.00
2.23,5.65,0.00, 0.00
2.23,5.57,0.00, 0.00
2.23,5.57,0.00, 0.00
2.23,5.44,0.00, 0.00
2.23,5.35,0.00, 0.00
2.23,5.28,0.00, 0.00
2.23,5.20,0.00, 0.00
2.23,5.12,0.00, 0.00
2.23,5.04,0.00, 0.00
2.23,5.04,0.00, 0.00
2.23,4.94,0.00, 0.00
2.23,4.84,0.00, 0.00
2.23,4.74,0.00, 0.00
2.23,4.65,0.00, 0.00
2.23,4.54,0.00, 0.00
2.23,4.45,0.00, 0.00
2.23,4.39,0.00, 0.00
2.23,4.32,0.00, 0.00
2.23,4.32,0.00, 0.00
2.23,4.26,0.00, 0.00
2.23,4.24,0.00, 0.00
2.23,4.17,0.00, 0.00
2.23,4.14,0.00, 0.00
2.23,4.11,0.00, 0.00
2.23,4.06,0.00, 0.00
2.23,4.06,0.00, 0.00
2.23,4.02,0.00, 0.00
2.23,3.96,0.00, 0.00
2.23,3.92,0.00, 0.00
2.23,3.88,0.00, 0.00
2.23,3.84,0.00, 0.00
2.23,3.80,0.00, 0.00
2.23,3.76,0.00, 0.00
2.23,3.70,0.00, 0.00
2.23,3.70,0.00, 0.00
2.23,3.62,0.00, 0.00
2.23,3.53,0.00, 0.00
2.23,3.42,0.00, 0.00
2.23,3.42,0.00, 0.00
2.23,3.30,0.00, 0.00
2.23,3.18,0.00, 0.00
0.56,3.07,0.00, 0.00
0.00,2.93,0.00, 0.00
0.00,2.93,0.00, 0.00
0.34,2.78,16.75, 0.00
1.41,2.63,52.96, 0.00
1.83,2.47,21.47, 0.00
1.80,2.31,0.00, 0.00
1.19,2.14,0.00, 0.00
0.55,1.99,0.00, 0.00
0.59,1.85,1.97, 0.00
0.97,1.71,18.75, 0.00
1.09,1.59,6.19, 0.00
1.09,1.47,0.09, 0.00
0.94,1.35,0.00, 0.00
0.36,1.23,0.00, 0.00
0.00,1.11,0.00, 0.00
0.11,0.99,5.42, 0.00
0.11,0.99,5.42, 0.00
0.46,0.88,17.32, 0.00
0.35,0.81,0.00, 0.00
0.00,0.71,0.00, 0.00
0.00,0.65,0.00, 0.00
0.00,0.59,0.00, 0.00
0.00,0.56,0.00, 0.00
0.00,0.50,0.00, 0.00
0.00,0.50,0.00, 0.00
0.00,0.47,0.00, 0.00
0.00,0.44,0.00, 0.00
0.00,0.43,0.00, 0.00
0.00,0.43,0.00, 0.00
0.05,0.42,2.46, 0.00
0.08,0.41,1.51, 0.00
0.02,0.41,0.00, 0.00
0.00,0.39,0.00, 0.00
0.00,0.40,0.00, 0.50
0.00,0.39,0.00, 0.00
0.01,0.40,0.49, 0.50
0.00,0.40,0.00, 0.00
0.00,0.40,0.00, 0.00
0.00,0.41,0.00, 0.25
0.00,0.42,0.00, 0.50
0.00,0.42,0.00, 0.00
0.00,0.42,0.00, 0.00
0.00,0.42,0.00, 0.00
0.00,0.40,0.00, 0.00
0.00,0.41,0.00, 0.50
0.00,0.41,0.00, 0.00
0.00,0.41,0.00, 0.00
0.00,0.41,0.00, 0.00
0.00,0.40,0.00, 0.00
0.00,0.40,0.00, 0.00
0.00,0.41,0.00, 0.50
0.00,0.42,0.00, 0.25
0.00,0.41,0.00, 0.00
0.00,0.41,0.00, 0.00
0.00,0.42,0.00, 0.50
0.03,0.42,1.48, 0.00
0.00,0.41,0.00, 0.00
0.00,0.41,0.00, 0.00
0.00,0.42,0.00, 0.50
0.00,0.42,0.00, 0.00
0.00,0.42,0.00, 0.00
0.00,0.42,0.00, 0.00
0.00,0.42,0.00, 0.00
0.00,0.42,0.00, 0.00
0.00,0.43,0.00, 0.50
0.00,0.43,0.00, 0.00
0.00,0.43,0.00, 0.00
0.00,0.58,0.00, 7.47
0.00,0.58,0.00, 7.47
0.09,0.66,4.43, 4.26
0.28,0.75,9.43, 4.25
0.28,0.75,9.43, 4.25
0.43,0.89,7.53, 7.24
0.52,1.07,4.54, 8.99
0.56,1.30,2.04, 11.24
0.77,1.57,10.38, 13.49
1.07,1.90,14.93, 16.99
1.43,2.30,17.95, 19.74
1.81,2.75,18.98, 22.49
2.10,3.23,14.57, 24.24
2.10,3.23,14.57, 24.24
2.18,3.77,4.16, 26.74
2.24,4.26,3.02, 24.26
2.23,4.69,0.00, 21.76
2.23,5.15,0.00, 23.00
2.23,5.63,0.00, 24.00
2.23,6.16,0.00, 26.74
2.23,6.65,0.00, 24.26
2.23,7.11,0.00, 22.76
2.23,7.51,0.00, 20.51
2.23,7.88,0.00, 18.01
2.23,8.19,0.00, 16.01
2.23,8.45,0.00, 13.01
2.23,8.67,0.00, 10.76
2.21,8.83,0.00, 7.76
2.23,8.91,0.99, 4.26
2.23,8.95,0.01, 2.01
2.23,8.93,0.00, 0.00
2.23,8.84,0.00, 0.00
2.23,8.72,0.00, 0.00
2.23,8.54,0.00, 0.00
2.23,8.32,0.00, 0.00
2.23,8.32,0.00, 0.00
2.23,8.08,0.00, 0.00
2.23,7.81,0.00, 0.00
2.23,7.57,0.00, 0.00
2.23,7.57,0.00, 0.00
2.23,7.32,0.00, 0.00
2.23,7.13,0.00, 0.00
2.23,6.95,0.00, 0.00
2.23,6.76,0.00, 0.00
2.23,6.58,0.00, 0.00
2.23,6.37,0.00, 0.00
2.23,6.17,0.00, 0.00
2.23,5.99,0.00, 0.00
2.23,5.82,0.00, 0.00
2.23,5.64,0.00, 0.00
2.23,5.47,0.00, 0.00
2.23,5.30,0.00, 0.00
2.23,5.19,0.00, 0.00
2.23,4.98,0.00, 0.00
2.23,4.85,0.00, 0.00
2.23,4.72,0.00, 0.00
2.23,4.72,0.00, 0.00
2.23,4.72,0.00, 0.00
2.21,4.57,0.00, 0.00
2.23,4.45,0.99, 0.00
2.23,4.29,0.01, 0.00
2.23,4.14,0.00, 0.00
2.23,3.99,0.00, 0.00
2.23,3.82,0.00, 0.00
2.23,3.66,0.00, 0.00
2.23,3.51,0.00, 0.00
2.23,3.36,0.00, 0.00
2.23,3.22,0.00, 0.00
2.23,3.13,0.00, 0.00
2.23,3.05,0.00, 0.00
2.23,2.97,0.00, 0.00
2.23,2.87,0.00, 0.00
2.23,2.77,0.00, 0.00
2.23,2.66,0.00, 0.00
2.23,2.57,0.00, 0.00
2.23,2.45,0.00, 0.00
2.23,2.33,0.00, 0.00
2.23,2.33,0.00, 0.00
2.23,2.19,0.00, 0.00
2.23,2.04,0.00, 0.00
2.23,1.89,0.00, 0.00
0.00,1.71,0.00, 0.00
0.00,1.58,0.00, 0.00
0.00,1.37,0.00, 0.00
0.00,1.37,0.00, 0.00
0.17,1.19,8.37, 0.00
1.47,1.04,64.17, 0.00
1.36,0.90,0.00, 0.00
0.10,0.76,0.00, 0.00
0.00,0.67,0.00, 0.00
0.00,0.57,0.00, 0.00
0.00,0.50,0.00, 0.00
0.14,0.43,6.90, 0.00
0.14,0.43,6.90, 0.00
0.10,0.40,0.00, 0.00
0.15,0.41,2.46, 0.50
0.00,0.41,0.00, 0.00
0.00,0.41,0.00, 0.00
0.00,0.41,0.00, 0.00
0.49,0.39,24.14, 0.00
0.49,0.39,24.14, 0.00
0.64,0.40,7.74, 0.50
0.00,0.41,0.00, 0.50
0.00,0.42,0.00, 0.25
0.00,0.42,0.00, 0.25
0.00,0.42,0.00, 0.00
0.16,0.42,7.88, 0.00
0.53,0.42,18.34, 0.00
0.22,0.41,0.00, 0.00
0.00,0.42,0.00, 0.50
0.00,0.41,0.00, 0.00
0.00,0.39,0.00, 0.00
0.38,0.41,18.72, 0.75
0.32,0.41,0.00, 0.00
0.00,0.41,0.00, 0.00
0.00,0.41,0.00, 0.00
0.00,0.39,0.00, 0.00
0.10,0.41,4.93, 1.00
0.22,0.41,5.98, 0.00
0.02,0.42,0.00, 0.25
0.02,0.42,0.00, 0.25
0.00,0.42,0.00, 0.00
0.00,0.42,0.00, 0.00
0.00,0.42,0.00, 0.00
0.00,0.42,0.00, 0.00
0.07,0.40,3.45, 0.00
0.04,0.40,0.00, 0.00
0.04,0.40,0.00, 0.00
0.00,0.41,0.00, 0.50
0.00,0.42,0.00, 0.25
0.00,0.43,0.00, 0.50
0.00,0.42,0.00, 0.00
0.06,0.43,2.96, 0.25
0.08,0.43,1.03, 0.00
0.02,0.48,0.00, 2.74
0.03,0.62,0.49, 6.74
0.07,0.73,1.98, 5.50
0.34,0.90,13.33, 8.74
0.63,1.13,14.48, 11.74
0.91,1.43,14.01, 14.74
1.16,1.75,12.52, 16.00
1.41,2.12,12.50, 18.74
1.61,2.49,10.04, 18.50
1.61,2.49,10.04, 18.50
1.80,2.89,9.51, 19.99
1.80,2.89,9.51, 19.99
2.06,3.33,12.95, 21.74
2.22,3.73,8.07, 20.01
2.23,4.09,0.61, 18.26
2.23,4.49,0.01, 19.74
2.23,4.95,0.00, 22.99
2.23,5.43,0.00, 23.75
2.23,5.43,0.00, 23.75
2.23,5.94,0.00, 25.74
2.23,6.44,0.00, 25.00
2.23,6.91,0.00, 23.75
2.23,7.33,0.00, 20.76
2.19,7.72,0.00, 19.26
2.22,8.01,1.48, 14.77
2.23,8.28,0.51, 13.75
2.23,8.53,0.01, 12.50
2.23,8.53,0.01, 12.50
2.23,8.73,0.00, 10.01
2.23,8.91,0.00, 8.51
2.23,9.06,0.00, 7.75
2.23,9.21,0.00, 7.50
2.23,9.33,0.00, 6.01
2.23,9.44,0.00, 5.50
2.23,9.51,0.00, 3.76
2.23,9.57,0.00, 2.75
2.23,9.57,0.00, 2.75
2.23,9.59,0.00, 1.26
2.23,9.58,0.00, 0.00
2.23,9.51,0.00, 0.00
2.23,9.41,0.00, 0.00
2.23,9.32,0.00, 0.00
2.23,9.20,0.00, 0.00
2.23,9.10,0.00, 0.00
2.23,8.99,0.00, 0.00
2.23,8.99,0.00, 0.00
2.23,8.86,0.00, 0.00
2.23,8.72,0.00, 0.00
2.23,8.55,0.00, 0.00
2.23,8.35,0.00, 0.00
2.23,8.13,0.00, 0.00
2.23,7.89,0.00, 0.00
2.23,7.62,0.00, 0.00
2.23,7.34,0.00, 0.00
2.23,7.02,0.00, 0.00
2.23,6.66,0.00, 0.00
2.23,6.66,0.00, 0.00
2.23,6.29,0.00, 0.00
2.23,5.89,0.00, 0.00
2.23,5.49,0.00, 0.00
2.23,5.11,0.00, 0.00
2.23,4.74,0.00, 0.00
2.23,4.40,0.00, 0.00
2.23,4.12,0.00, 0.00
2.23,3.87,0.00, 0.00
2.23,3.87,0.00, 0.00
2.23,3.65,0.00, 0.00
2.23,3.45,0.00, 0.00
2.23,3.28,0.00, 0.00
2.23,3.09,0.00, 0.00
2.23,2.90,0.00, 0.00
2.23,2.73,0.00, 0.00
2.23,2.55,0.00, 0.00
2.23,2.37,0.00, 0.00
2.23,2.18,0.00, 0.00
2.23,2.01,0.00, 0.00
2.23,2.01,0.00, 0.00
2.23,1.83,0.00, 0.00
2.23,1.66,0.00, 0.00
2.23,1.50,0.00, 0.00
0.00,1.28,0.00, 0.00
0.00,1.04,0.00, 0.00
0.00,0.96,0.00, 0.00
1.20,0.87,59.12, 0.00
1.57,0.76,19.10, 0.00
0.97,0.65,0.00, 0.00
0.00,0.56,0.00, 0.00
0.00,0.47,0.00, 0.00
0.00,0.43,0.00, 0.00
0.20,0.42,9.85, 0.00
0.28,0.41,4.09, 0.00
0.28,0.41,4.09, 0.00
0.28,0.41,4.09, 0.00
0.43,0.43,7.45, 1.00
0.26,0.43,0.00, 0.25
0.00,0.43,0.00, 0.00
0.00,0.42,0.00, 0.00
0.05,0.42,2.46, 0.00
0.88,0.42,40.93, 0.00
0.50,0.41,0.00, 0.00
0.00,0.40,0.00, 0.00
0.00,0.40,0.00, 0.00
0.00,0.41,0.00, 0.50
0.00,0.41,0.00, 0.00
0.44,0.41,21.68, 0.00
0.70,0.41,13.13, 0.00
0.01,0.41,0.00, 0.00
0.00,0.41,0.00, 0.00
0.00,0.39,0.00, 0.00
0.00,0.39,0.00, 0.00
0.00,0.39,0.00, 0.00
0.27,0.40,13.30, 0.50
0.51,0.40,12.02, 0.00
0.11,0.42,0.00, 0.75
0.00,0.42,0.00, 0.00
0.00,0.41,0.00, 0.00
0.00,0.40,0.00, 0.00
0.22,0.41,10.84, 0.50
0.18,0.40,0.00, 0.00
0.00,0.42,0.00, 0.75
0.00,0.42,0.00, 0.00
0.00,0.42,0.00, 0.00
0.00,0.43,0.00, 0.50
0.00,0.44,0.00, 0.75
0.00,0.42,0.00, 0.00
0.00,0.43,0.00, 0.25
0.00,0.43,0.00, 0.00
0.00,0.46,0.00, 1.74
0.00,0.46,0.00, 1.74
0.00,0.66,0.00, 9.97
0.35,0.78,17.24, 6.01
0.61,0.95,13.06, 8.49
0.84,1.14,11.52, 9.75
1.10,1.40,12.98, 12.74
1.46,1.67,17.93, 13.75
1.86,1.96,19.97, 14.25
2.11,2.27,12.61, 15.50
2.11,2.27,12.61, 15.50
2.21,2.64,5.11, 18.49
2.23,3.03,1.06, 19.25
2.23,3.45,0.02, 21.49
2.23,3.86,0.00, 20.50
2.23,4.31,0.00, 22.24
2.23,4.73,0.00, 20.76
2.23,5.10,0.00, 18.76
2.23,5.43,0.00, 16.76
2.23,5.43,0.00, 16.76
2.23,5.71,0.00, 13.76
2.23,5.97,0.00, 13.00
2.23,6.20,0.00, 11.51
2.23,6.43,0.00, 11.50
2.23,6.61,0.00, 9.26
2.21,6.76,0.00, 7.51
2.23,6.87,0.99, 5.26
2.23,6.92,0.01, 2.51
2.23,6.92,0.01, 2.51
2.23,6.93,0.00, 0.51
2.23,6.92,0.00, 0.00
2.23,6.89,0.00, 0.00
2.23,6.80,0.00, 0.00
2.23,6.68,0.00, 0.00
2.23,6.52,0.00, 0.00
2.23,6.39,0.00, 0.00
2.23,6.11,0.00, 0.00
2.23,5.87,0.00, 0.00
2.23,5.62,0.00, 0.00
2.23,5.62,0.00, 0.00
2.23,5.42,0.00, 0.00
2.23,5.42,0.00, 0.00
2.23,5.22,0.00, 0.00
2.25,5.04,0.99, 0.00
2.23,4.84,0.00, 0.00
2.23,4.69,0.00, 0.00
2.23,4.58,0.00, 0.00
2.23,4.36,0.00, 0.00
2.23,4.19,0.00, 0.00
2.23,4.05,0.00, 0.00
2.23,3.87,0.00, 0.00
2.23,3.74,0.00, 0.00
2.23,3.61,0.00, 0.00
2.23,3.47,0.00, 0.00
2.23,3.37,0.00, 0.00
2.23,3.24,0.00, 0.00
2.23,3.18,0.00, 0.00
2.23,3.05,0.00, 0.00
2.23,2.92,0.00, 0.00
2.23,2.92,0.00, 0.00
2.23,2.82,0.00, 0.00
2.23,2.71,0.00, 0.00
2.23,2.59,0.00, 0.00
2.23,2.45,0.00, 0.00
2.23,2.33,0.00, 0.00
2.23,2.21,0.00, 0.00
2.23,2.05,0.00, 0.00
2.23,1.90,0.00, 0.00
2.23,1.73,0.00, 0.00
2.23,1.57,0.00, 0.00
2.23,1.41,0.00, 0.00
2.23,1.41,0.00, 0.00
2.23,1.24,0.00, 0.00
2.23,1.10,0.00, 0.00
2.23,0.91,0.00, 0.00
2.23,0.74,0.00, 0.00
2.21,0.59,0.00, 0.00
0.00,0.53,0.00, 0.00
0.00,0.42,0.00, 0.00
0.12,0.41,5.91, 0.00
0.12,0.41,5.91, 0.00
1.87,0.39,86.30, 0.00
2.22,0.41,18.51, 1.00
0.84,0.41,0.00, 0.00
0.00,0.38,0.00, 0.00
0.00,0.38,0.00, 0.00
0.00,0.38,0.00, 0.50
0.93,0.40,45.82, 0.50
0.69,0.41,0.00, 0.75
0.69,0.41,0.00, 0.75
0.49,0.44,0.00, 1.25
0.00,0.42,0.00, 0.00
0.00,0.43,0.00, 0.50
0.00,0.41,0.00, 0.00
0.63,0.41,31.04, 0.00
1.39,0.42,37.90, 0.50
0.54,0.38,0.00, 0.00
0.00,0.40,0.00, 1.25
0.00,0.40,0.00, 1.25
0.00,0.40,0.00, 0.00
0.00,0.40,0.00, 0.00
0.90,0.42,44.34, 0.75
1.07,0.40,9.03, 0.00
0.00,0.40,0.00, 0.00
0.00,0.41,0.00, 0.50
0.00,0.41,0.00, 0.50
0.00,0.40,0.00, 0.00
0.42,0.42,20.69, 0.75
0.69,0.42,13.61, 0.00
0.10,0.41,0.00, 0.00
0.00,0.39,0.00, 0.00
0.00,0.40,0.00, 0.25
0.00,0.42,0.00, 0.75
0.30,0.42,14.78, 0.00
0.28,0.41,0.00, 0.00
0.00,0.42,0.00, 0.50
0.00,0.42,0.00, 0.50
0.00,0.41,0.00, 0.00
0.00,0.41,0.00, 0.00
0.03,0.41,1.48, 0.00
0.12,0.41,4.46, 0.00
0.07,0.41,0.00, 0.00
0.07,0.41,0.00, 0.00
0.00,0.42,0.00, 0.50
0.00,0.41,0.00, 0.00
0.00,0.41,0.00, 0.00
0.00,0.42,0.00, 0.50
0.00,0.42,0.00, 0.00
0.06,0.40,2.96, 0.00
0.00,0.41,0.00, 0.50
0.00,0.42,0.00, 0.50
0.00,0.42,0.00, 0.00
0.00,0.42,0.00, 0.00
0.00,0.42,0.00, 0.00
0.00,0.42,0.00, 0.00
0.01,0.42,0.49, 0.00
0.00,0.41,0.00, 0.00
0.00,0.41,0.00, 0.00
0.00,0.59,0.00, 9.22
0.04,0.74,1.97, 7.26
0.38,0.91,16.78, 8.74
0.38,0.91,16.78, 8.74
0.66,1.12,14.04, 10.24
0.81,1.35,7.60, 11.74
1.10,1.62,14.40, 13.49
1.57,1.90,23.37, 14.25
2.01,2.23,22.02, 16.49
2.21,2.55,10.18, 15.75
2.23,2.82,1.13, 13.26
2.23,3.03,0.02, 10.76
2.23,3.22,0.00, 9.75
2.23,3.37,0.00, 7.26
2.23,3.49,0.00, 5.76
2.23,3.58,0.00, 4.50
2.23,3.69,0.00, 5.75
2.23,3.76,0.00, 3.51
2.23,3.84,0.00, 4.00
2.23,3.88,0.00, 2.26
2.23,3.93,0.00, 2.25
2.23,3.93,0.00, 2.25
2.23,3.93,0.00, 0.01
2.23,3.91,0.00, 0.00
2.23,3.89,0.00, 0.00
2.23,3.88,0.00, 0.00
2.23,3.83,0.00, 0.00
2.23,3.79,0.00, 0.00
2.23,3.79,0.00, 0.00
2.23,3.72,0.00, 0.00
2.23,3.64,0.00, 0.00
2.21,3.59,0.00, 0.00
2.23,3.51,0.99, 0.00
2.23,3.43,0.01, 0.00
2.23,3.33,0.00, 0.00
2.23,3.23,0.00, 0.00
2.23,3.23,0.00, 0.00
2.23,3.14,0.00, 0.00
2.23,3.06,0.00, 0.00
2.23,3.06,0.00, 0.00
2.23,2.99,0.00, 0.00
2.23,2.93,0.00, 0.00
2.23,2.91,0.00, 0.00
2.23,2.87,0.00, 0.00
2.23,2.82,0.00, 0.00
2.23,2.76,0.00, 0.00
2.23,2.71,0.00, 0.00
2.23,2.63,0.00, 0.00
2.23,2.63,0.00, 0.00
2.23,2.55,0.00, 0.00
2.23,2.45,0.00, 0.00
2.23,2.35,0.00, 0.00
2.23,2.21,0.00, 0.00
2.23,2.09,0.00, 0.00
2.23,1.90,0.00, 0.00
2.23,1.90,0.00, 0.00
2.23,1.72,0.00, 0.00
2.23,1.52,0.00, 0.00
2.23,1.34,0.00, 0.00
2.23,1.14,0.00, 0.00
2.23,0.95,0.00, 0.00
2.23,0.75,0.00, 0.00
0.00,0.54,0.00, 0.00
0.00,0.45,0.00, 0.00
0.00,0.45,0.00, 0.00
0.00,0.44,0.00, 0.00
1.70,0.44,83.75, 0.00
2.04,0.42,17.98, 0.00
0.89,0.43,0.00, 0.25
0.00,0.43,0.00, 0.00
0.00,0.41,0.00, 0.00
0.00,0.35,0.00, 0.00
0.59,0.39,29.07, 1.99
0.47,0.42,0.00, 1.50
0.44,0.42,0.00, 0.00
0.44,0.42,0.00, 0.00
0.20,0.38,0.00, 0.00
0.00,0.37,0.00, 0.00
0.00,0.38,0.00, 0.75
0.13,0.38,6.40, 0.00
0.13,0.38,6.40, 0.00
1.13,0.40,49.36, 0.75
0.69,0.39,0.00, 0.00
0.00,0.40,0.00, 0.50
0.00,0.38,0.00, 0.00
0.00,0.38,0.00, 0.00
0.48,0.40,23.65, 1.00
0.92,0.39,22.02, 0.00
0.21,0.40,0.00, 0.50
0.21,0.40,0.00, 0.50
0.00,0.41,0.00, 0.25
0.00,0.41,0.00, 0.00
0.17,0.41,8.37, 0.00
0.62,0.41,22.29, 0.00
0.17,0.42,0.00, 0.50
0.00,0.42,0.00, 0.00
0.00,0.40,0.00, 0.00
0.00,0.42,0.00, 1.00
0.21,0.43,10.35, 0.25
0.28,0.43,3.60, 0.25
0.00,0.41,0.00, 0.00
0.00,0.42,0.00, 0.75
0.00,0.43,0.00, 0.25
0.00,0.43,0.00, 0.25
0.00,0.42,0.00, 0.00
0.00,0.42,0.00, 0.00
0.00,0.42,0.00, 0.00
0.00,0.42,0.00, 0.00
0.00,0.41,0.00, 0.00
0.00,0.42,0.00, 0.50
0.00,0.39,0.00, 0.00
0.05,0.40,2.46, 0.25
0.08,0.47,1.51, 3.74
0.00,0.61,0.00, 6.49
0.00,0.61,0.00, 6.49
0.00,0.71,0.00, 5.25
0.00,0.85,0.00, 6.74
0.00,0.85,0.00, 6.74
0.00,0.85,0.00, 6.74
0.30,0.92,14.78, 3.76
0.84,1.11,26.82, 9.48
1.13,1.34,14.68, 11.49
1.23,1.58,5.14, 11.75
1.33,1.89,5.00, 15.98
1.66,2.19,16.33, 15.00
2.01,2.52,17.48, 16.25
2.21,2.79,10.11, 13.26
2.23,3.04,1.13, 12.50
2.23,3.23,0.02, 9.76
2.23,3.43,0.00, 10.00
2.23,3.43,0.00, 10.00
2.23,3.58,0.00, 7.26
2.23,3.69,0.00, 5.76
2.23,3.80,0.00, 5.75
2.23,3.89,0.00, 4.26
2.23,3.93,0.00, 2.26
2.23,3.98,0.00, 2.25
2.23,3.99,0.00, 0.51
2.23,3.98,0.00, 0.00
2.23,4.01,0.00, 1.00
2.23,3.97,0.00, 0.00
2.23,3.94,0.00, 0.00
2.23,3.90,0.00, 0.00
2.23,3.90,0.00, 0.00
2.23,3.88,0.00, 0.00
2.23,3.85,0.00, 0.00
2.23,3.83,0.00, 0.00
2.23,3.78,0.00, 0.00
2.23,3.71,0.00, 0.00
2.23,3.62,0.00, 0.00
2.23,3.58,0.00, 0.00
2.23,3.47,0.00, 0.00
2.23,3.42,0.00, 0.00
2.23,3.37,0.00, 0.00
2.23,3.31,0.00, 0.00
2.23,3.26,0.00, 0.00
2.23,3.16,0.00, 0.00
2.23,3.10,0.00, 0.00
2.23,3.03,0.00, 0.00
2.23,3.03,0.00, 0.00
2.23,2.95,0.00, 0.00
2.23,2.95,0.00, 0.00
2.21,2.88,0.00, 0.00
2.23,2.78,0.99, 0.00
2.23,2.67,0.01, 0.00
2.23,2.57,0.00, 0.00
2.23,2.45,0.00, 0.00
2.23,2.32,0.00, 0.00
2.23,2.15,0.00, 0.00
2.23,1.99,0.00, 0.00
2.23,1.99,0.00, 0.00
2.23,1.81,0.00, 0.00
2.23,1.62,0.00, 0.00
2.23,1.41,0.00, 0.00
2.23,1.21,0.00, 0.00
2.23,0.99,0.00, 0.00
2.19,0.82,0.00, 0.00
2.22,0.58,1.48, 0.00
2.21,0.47,0.00, 0.00
0.00,0.56,0.00, 3.99
0.00,0.43,0.00, 0.00
0.55,0.41,27.10, 0.00
1.98,0.43,70.85, 1.00
2.20,0.39,11.88, 0.00
2.16,0.44,0.00, 1.99
0.40,0.37,0.00, 0.00
0.40,0.37,0.00, 0.00
0.40,0.37,0.00, 0.00
0.40,0.37,0.00, 0.00
0.00,0.46,0.00, 4.73
0.00,0.31,0.00, 0.00
0.00,0.40,0.00, 4.48
1.06,0.34,52.22, 0.00
1.75,0.41,34.76, 2.99
0.73,0.42,0.00, 0.76
0.00,0.42,0.00, 0.00
0.00,0.37,0.00, 0.00
0.00,0.35,0.00, 0.00
1.57,0.37,77.35, 0.75
1.12,0.38,0.00, 0.75
0.00,0.43,0.00, 2.24
0.00,0.43,0.00, 0.01
0.00,0.42,0.00, 0.00
0.09,0.41,4.43, 0.00
0.09,0.41,4.43, 0.00
0.91,0.39,40.46, 0.00
0.60,0.40,0.00, 0.25
0.00,0.42,0.00, 0.75
0.00,0.42,0.00, 0.00
0.00,0.42,0.00, 0.00
0.34,0.42,16.75, 0.00
0.27,0.42,0.00, 0.00
0.16,0.42,0.00, 0.00
0.00,0.44,0.00, 1.00
0.00,0.46,0.00, 1.25
0.00,0.46,0.00, 1.25
0.00,0.50,0.00, 1.75