0.02,0.42,0.99, 20.67
0.02,0.42,0.01, 0.08
0.02,0.42,0.00, 0.00
0.00,0.41,0.00, 0.00
0.02,0.40,0.99, 0.00
0.02,0.38,0.01, 0.00
0.02,0.41,0.00, 1.25
0.02,0.41,0.00, 0.25
0.02,0.42,0.00, 0.25
0.00,0.42,0.00, 0.00
0.02,0.40,0.99, 0.00
0.02,0.40,0.01, 0.00
0.02,0.40,0.00, 0.00
0.02,0.42,0.00, 0.75
0.00,0.41,0.00, 0.00
0.00,0.39,0.00, 0.00
0.00,0.41,0.00, 1.00
0.00,0.40,0.00, 0.00
0.02,0.42,0.99, 0.75
0.02,0.42,0.01, 0.00
0.02,0.41,0.00, 0.00
0.00,0.40,0.00, 0.00
0.00,0.40,0.00, 0.00
0.02,0.41,0.99, 0.50
0.02,0.41,0.01, 0.00
0.02,0.43,0.00, 1.00
0.02,0.42,0.00, 0.00
0.00,0.42,0.00, 0.00
0.02,0.42,0.99, 0.00
0.00,0.41,0.00, 0.00
0.02,0.40,0.99, 0.00
0.02,0.42,0.01, 1.00
0.00,0.41,0.00, 0.00
0.00,0.42,0.00, 0.50
0.02,0.39,0.99, 0.00
0.02,0.41,0.01, 1.00
0.02,0.41,0.00, 0.00
0.00,0.41,0.00, 0.00
0.02,0.42,0.99, 0.50
0.02,0.41,0.01, 0.00
0.00,0.41,0.00, 0.00
0.02,0.41,0.99, 0.00
0.00,0.42,0.00, 0.50
0.02,0.42,0.99, 0.00
0.02,0.42,0.01, 0.00
0.00,0.41,0.00, 0.00
0.00,0.41,0.00, 0.00
0.00,0.42,0.00, 0.50
0.02,0.42,0.99, 0.00
0.02,0.39,0.01, 0.00
0.02,0.41,0.00, 1.00
0.02,0.41,0.00, 0.00
0.00,0.43,0.00, 0.75
0.02,0.42,0.99, 0.00
0.00,0.41,0.00, 0.00
0.00,0.41,0.00, 0.00
0.00,0.41,0.00, 0.00
0.00,0.41,0.00, 0.00
0.02,0.41,0.99, 0.00
0.00,0.41,0.00, 0.00
0.02,0.41,0.99, 0.00
0.00,0.42,0.00, 0.50
0.04,0.42,1.97, 0.00
0.03,0.41,0.00, 0.00
0.00,0.42,0.00, 0.50
0.00,0.41,0.00, 0.00
0.02,0.41,0.99, 0.00
0.00,0.42,0.00, 0.50
0.01,0.42,0.49, 0.00
0.02,0.42,0.50, 0.00
0.02,0.41,0.01, 0.00
0.00,0.41,0.00, 0.00
0.02,0.41,0.99, 0.00
0.02,0.42,0.01, 0.50
0.02,0.42,0.00, 0.00
0.02,0.41,0.00, 0.00
0.00,0.41,0.00, 0.00
0.00,0.42,0.00, 0.50
0.00,0.42,0.00, 0.00
0.02,0.41,0.99, 0.00
0.00,0.41,0.00, 0.00
0.02,0.42,0.99, 0.50
0.07,0.40,2.48, 0.00
0.03,0.40,0.00, 0.00
0.03,0.41,0.00, 0.50
0.03,0.42,0.00, 0.25
0.00,0.40,0.00, 0.00
0.00,0.40,0.00, 0.00
0.02,0.40,0.99, 0.00
0.02,0.42,0.01, 0.75
0.02,0.42,0.00, 0.00
0.00,0.39,0.00, 0.00
0.02,0.42,0.99, 1.00
0.02,0.42,0.01, 0.00
0.02,0.42,0.00, 0.00
0.02,0.42,0.00, 0.00
0.02,0.42,0.00, 0.00
0.02,0.41,0.00, 0.00
0.02,0.41,0.00, 0.00
0.00,0.42,0.00, 0.50
0.02,0.42,0.99, 0.00
0.02,0.39,0.01, 0.00
0.02,0.41,0.00, 1.00
0.00,0.41,0.00, 0.00
0.02,0.41,0.99, 0.00
0.02,0.39,0.01, 0.00
0.02,0.41,0.00, 1.00
0.02,0.41,0.00, 0.00
0.00,0.39,0.00, 0.00
0.00,0.41,0.00, 1.00
0.02,0.41,0.99, 0.00
0.00,0.41,0.00, 0.00
0.00,0.41,0.00, 0.00
0.00,0.41,0.00, 0.00
0.02,0.42,0.99, 0.50
0.02,0.39,0.01, 0.00
0.00,0.39,0.00, 0.00
0.00,0.41,0.00, 1.00
0.00,0.41,0.00, 0.00
0.02,0.42,0.99, 0.50
0.02,0.41,0.01, 0.00
0.02,0.42,0.00, 0.50
0.00,0.42,0.00, 0.00
0.04,0.42,1.97, 0.00
0.03,0.41,0.00, 0.00
0.03,0.42,0.00, 0.50
0.00,0.42,0.00, 0.00
0.00,0.41,0.00, 0.00
0.00,0.39,0.00, 0.00
0.02,0.40,0.99, 0.50
0.02,0.41,0.01, 0.50
0.00,0.41,0.00, 0.00
0.02,0.41,0.99, 0.00
0.02,0.42,0.01, 0.50
0.02,0.41,0.00, 0.00
0.00,0.42,0.00, 0.50
0.00,0.41,0.00, 0.00
0.04,0.41,1.97, 0.00
0.03,0.41,0.00, 0.00
0.00,0.41,0.00, 0.00
0.02,0.41,0.99, 0.00
0.02,0.42,0.01, 0.50
0.00,0.42,0.00, 0.00
0.06,0.41,2.96, 0.00
0.03,0.40,0.00, 0.00
0.00,0.41,0.00, 0.50
0.04,0.41,1.97, 0.00
0.03,0.41,0.00, 0.00
0.00,0.41,0.00, 0.00
0.02,0.41,0.99, 0.00
0.02,0.39,0.01, 0.00
0.00,0.40,0.00, 0.50
0.02,0.41,0.99, 0.50
0.02,0.41,0.01, 0.00
0.02,0.41,0.00, 0.00
0.00,0.42,0.00, 0.50
0.00,0.42,0.00, 0.00
0.02,0.41,0.99, 0.00
0.02,0.41,0.01, 0.00
0.02,0.42,0.00, 0.50
0.00,0.41,0.00, 0.00
0.02,0.41,0.99, 0.00
0.02,0.41,0.01, 0.00
0.02,0.40,0.00, 0.00
0.00,0.40,0.00, 0.00
0.02,0.40,0.99, 0.00
0.02,0.38,0.01, 0.00
0.00,0.40,0.00, 0.75
0.00,0.42,0.00, 0.75
0.02,0.41,0.99, 0.00
0.00,0.42,0.00, 0.50
0.02,0.41,0.99, 0.00
0.02,0.42,0.01, 0.50
0.02,0.42,0.00, 0.00
0.02,0.41,0.00, 0.00
0.00,0.41,0.00, 0.00
0.02,0.42,0.99, 0.50
0.02,0.43,0.01, 0.50
0.02,0.41,0.00, 0.00
0.02,0.42,0.00, 0.50
0.00,0.41,0.00, 0.00
0.02,0.41,0.99, 0.00
0.02,0.39,0.01, 0.00
0.02,0.41,0.00, 1.00
0.02,0.40,0.00, 0.00
0.02,0.42,0.00, 0.75
0.02,0.42,0.00, 0.00
0.00,0.41,0.00, 0.00
0.02,0.42,0.99, 0.50
0.02,0.40,0.01, 0.00
0.00,0.40,0.00, 0.00
0.02,0.41,0.99, 0.50
0.02,0.42,0.01, 0.25
0.02,0.41,0.00, 0.00
0.02,0.42,0.00, 0.50
0.02,0.41,0.00, 0.00
0.05,0.42,1.48, 0.50
0.03,0.40,0.00, 0.00
0.00,0.41,0.00, 0.50
0.00,0.40,0.00, 0.00
0.00,0.41,0.00, 0.25
0.02,0.42,0.99, 0.50
0.00,0.42,0.00, 0.00
0.00,0.41,0.00, 0.00
0.00,0.41,0.00, 0.00
0.02,0.41,0.99, 0.00
0.00,0.42,0.00, 0.50
0.00,0.41,0.00, 0.00
0.00,0.41,0.00, 0.00
0.00,0.41,0.00, 0.00
0.02,0.42,0.99, 0.50
0.02,0.42,0.01, 0.00
0.02,0.42,0.00, 0.00
0.00,0.41,0.00, 0.00
0.00,0.42,0.00, 0.50
0.02,0.41,0.99, 0.00
0.02,0.42,0.01, 0.50
0.02,0.42,0.00, 0.00
0.02,0.39,0.00, 0.00
0.00,0.39,0.00, 0.00
0.00,0.41,0.00, 0.75
0.02,0.41,0.99, 0.00
0.02,0.41,0.01, 0.00
0.02,0.42,0.00, 0.50
0.02,0.41,0.00, 0.00
0.00,0.41,0.00, 0.00
0.00,0.42,0.00, 0.50
0.00,0.42,0.00, 0.00
0.00,0.41,0.00, 0.00
0.02,0.41,0.99, 0.00
0.00,0.42,0.00, 0.50
0.00,0.42,0.00, 0.00
0.00,0.41,0.00, 0.00
0.02,0.41,0.99, 0.00
0.02,0.42,0.01, 0.50
0.02,0.42,0.00, 0.00
0.00,0.42,0.00, 0.00
0.02,0.41,0.99, 0.00
0.00,0.41,0.00, 0.00
0.02,0.39,0.99, 0.00
0.00,0.40,0.00, 0.50
0.00,0.40,0.00, 0.00
0.02,0.42,0.99, 0.75
0.02,0.41,0.01, 0.00
0.00,0.41,0.00, 0.00
0.00,0.42,0.00, 0.50
0.00,0.41,0.00, 0.00
0.00,0.41,0.00, 0.00
0.00,0.41,0.00, 0.00
0.02,0.42,0.99, 0.50
0.02,0.41,0.01, 0.00
0.02,0.41,0.00, 0.00
0.02,0.42,0.00, 0.50
0.02,0.42,0.00, 0.00
0.00,0.39,0.00, 0.00
0.00,0.41,0.00, 1.00
0.02,0.40,0.99, 0.00
0.00,0.42,0.00, 0.75
0.02,0.42,0.99, 0.00
0.00,0.42,0.00, 0.00
0.00,0.41,0.00, 0.00
0.02,0.41,0.99, 0.00
0.02,0.41,0.01, 0.00
0.02,0.42,0.00, 0.50
0.00,0.42,0.00, 0.00
0.02,0.42,0.99, 0.00
0.00,0.41,0.00, 0.00
0.02,0.42,0.99, 0.50
0.00,0.41,0.00, 0.00
0.00,0.42,0.00, 0.50
0.00,0.42,0.00, 0.00
0.02,0.41,0.99, 0.00
0.02,0.42,0.01, 0.50
0.00,0.42,0.00, 0.00
0.00,0.42,0.00, 0.00
0.02,0.42,0.99, 0.00
0.02,0.42,0.01, 0.00
0.00,0.42,0.00, 0.00
0.02,0.41,0.99, 0.00
0.02,0.40,0.01, 0.00
0.02,0.40,0.00, 0.00
0.00,0.41,0.00, 0.50
0.00,0.40,0.00, 0.00
0.00,0.41,0.00, 0.50
0.02,0.40,0.99, 0.00
0.02,0.39,0.01, 0.00
0.00,0.41,0.00, 1.00
0.02,0.42,0.99, 0.25
0.02,0.41,0.01, 0.00
0.02,0.42,0.00, 0.50
0.02,0.41,0.00, 0.00
0.02,0.42,0.00, 0.50
0.00,0.41,0.00, 0.00
0.02,0.42,0.99, 0.50
0.02,0.41,0.01, 0.00
0.00,0.41,0.00, 0.00
0.02,0.42,0.99, 0.50
0.00,0.41,0.00, 0.00
0.00,0.41,0.00, 0.00
0.00,0.42,0.00, 0.50
0.00,0.42,0.00, 0.00
0.00,0.41,0.00, 0.00
0.00,0.42,0.00, 0.50
0.02,0.41,0.99, 0.00
0.00,0.42,0.00, 0.50
0.00,0.41,0.00, 0.00
0.00,0.40,0.00, 0.00
0.00,0.40,0.00, 0.00
0.00,0.40,0.00, 0.00
0.02,0.40,0.99, 0.00
0.02,0.40,0.01, 0.00
0.00,0.40,0.00, 0.00
0.00,0.41,0.00, 0.25
0.00,0.41,0.00, 0.00
0.02,0.42,0.99, 0.50
0.00,0.39,0.00, 0.00
0.00,0.39,0.00, 0.00
0.00,0.41,0.00, 1.00
0.00,0.40,0.00, 0.00
0.02,0.42,0.99, 0.75
0.00,0.41,0.00, 0.00
0.00,0.42,0.00, 0.50
0.02,0.41,0.99, 0.00
0.00,0.41,0.00, 0.00
0.02,0.41,0.99, 0.00
0.02,0.41,0.01, 0.00
0.02,0.41,0.00, 0.00
0.00,0.39,0.00, 0.00
0.00,0.40,0.00, 0.25
0.02,0.42,0.99, 0.75
0.00,0.42,0.00, 0.00
0.02,0.41,0.99, 0.00
0.00,0.41,0.00, 0.00
0.00,0.42,0.00, 0.50
0.00,0.41,0.00, 0.00
0.02,0.42,0.99, 0.50
0.00,0.42,0.00, 0.00
0.02,0.42,0.99, 0.00
0.02,0.42,0.01, 0.00
0.02,0.42,0.00, 0.00
0.00,0.42,0.00, 0.00
0.02,0.41,0.99, 0.00
0.02,0.42,0.01, 0.50
0.02,0.42,0.00, 0.00
0.00,0.41,0.00, 0.00
0.00,0.39,0.00, 0.00
0.00,0.41,0.00, 1.00
0.02,0.41,0.99, 0.00
0.05,0.41,1.49, 0.00
0.03,0.41,0.00, 0.00
0.03,0.42,0.00, 0.50
0.00,0.42,0.00, 0.00
0.00,0.42,0.00, 0.00
0.00,0.42,0.00, 0.00
0.02,0.42,0.99, 0.00
0.02,0.41,0.01, 0.00
0.02,0.41,0.00, 0.00
0.02,0.41,0.00, 0.00
0.02,0.42,0.00, 0.50
0.02,0.42,0.00, 0.00
0.02,0.41,0.00, 0.00
0.02,0.42,0.00, 0.50
0.02,0.41,0.00, 0.00
0.02,0.42,0.00, 0.50
0.02,0.40,0.00, 0.00
0.05,0.39,1.48, 0.00
0.01,0.41,0.00, 1.00
0.02,0.41,0.49, 0.00
0.02,0.41,0.01, 0.00
0.02,0.42,0.00, 0.50
0.00,0.42,0.00, 0.00
0.00,0.42,0.00, 0.00
0.00,0.42,0.00, 0.00
0.00,0.43,0.00, 0.50
0.00,0.44,0.00, 0.50
0.00,0.48,0.00, 2.24
0.00,0.59,0.00, 5.24
0.00,0.65,0.00, 3.51
0.00,0.77,0.00, 5.74
0.00,0.88,0.00, 5.25
0.10,0.99,4.93, 5.75
0.19,1.12,4.51, 6.75
0.21,1.26,1.05, 7.00
0.17,1.44,0.00, 8.99
0.16,1.63,0.00, 9.25
0.25,1.81,4.43, 8.75
0.44,1.97,9.43, 8.25
0.59,2.13,7.53, 8.25
0.77,2.31,8.98, 8.75
0.96,2.49,9.49, 8.75
1.17,2.66,10.49, 8.75
1.38,2.88,10.50, 11.24
1.56,3.12,9.02, 11.50
1.64,3.34,4.07, 11.25
1.67,3.51,1.54, 8.76
1.66,3.68,0.00, 8.00
1.79,3.84,6.40, 8.00
1.94,3.99,7.48, 8.00
2.12,4.14,8.98, 7.00
2.25,4.28,6.54, 7.50
2.27,4.43,1.08, 7.50
2.28,4.63,0.51, 9.74
2.28,4.82,0.01, 9.50
2.28,4.97,0.00, 7.51
2.28,5.09,0.00, 5.76
2.28,5.19,0.00, 5.00
2.28,5.26,0.00, 3.51
2.28,5.34,0.00, 4.25
2.28,5.49,0.00, 7.74
2.28,5.68,0.00, 9.24
2.28,5.90,0.00, 11.24
2.28,6.10,0.00, 9.76
2.28,6.28,0.00, 9.00
2.28,6.41,0.00, 6.76
2.28,6.52,0.00, 5.01
2.28,6.61,0.00, 4.75
2.28,6.75,0.00, 6.99
2.28,6.91,0.00, 8.00
2.28,7.05,0.00, 6.75
2.28,7.14,0.00, 4.51
2.28,7.16,0.00, 1.26
2.28,7.14,0.00, 0.00
2.28,7.14,0.00, 0.00
2.28,7.16,0.00, 1.25
2.28,7.16,0.00, 0.00
2.28,7.18,0.00, 1.00
2.28,7.28,0.00, 4.74
2.28,7.36,0.00, 4.50
2.28,7.42,0.00, 2.76
2.28,7.45,0.00, 1.75
2.28,7.45,0.00, 0.01
2.28,7.43,0.00, 0.00
2.28,7.42,0.00, 0.00
2.28,7.40,0.00, 0.00
2.28,7.34,0.00, 0.00
2.28,7.27,0.00, 0.00
2.28,7.18,0.00, 0.00
2.28,7.08,0.00, 0.00
2.28,7.03,0.00, 0.00
2.28,6.97,0.00, 0.00
2.28,6.97,0.00, 0.00
2.28,6.86,0.00, 0.00
2.28,6.77,0.00, 0.00
2.28,6.69,0.00, 0.00
2.28,6.60,0.00, 0.00
2.28,6.49,0.00, 0.00
2.28,6.38,0.00, 0.00
2.28,6.27,0.00, 0.00
2.28,6.15,0.00, 0.00
2.28,6.02,0.00, 0.00
2.28,5.91,0.00, 0.00
2.28,5.81,0.00, 0.00
2.28,5.70,0.00, 0.00
2.28,5.59,0.00, 0.00
2.28,5.45,0.00, 0.00
2.28,5.33,0.00, 0.00
2.28,5.25,0.00, 0.00
2.28,5.17,0.00, 0.00
2.28,5.12,0.00, 0.00
2.28,5.08,0.00, 0.00
2.28,5.03,0.00, 0.00
2.28,4.98,0.00, 0.00
2.28,4.95,0.00, 0.00
2.28,4.90,0.00, 0.00
2.28,4.85,0.00, 0.00
2.28,4.78,0.00, 0.00
2.28,4.70,0.00, 0.00
2.28,4.64,0.00, 0.00
2.28,4.60,0.00, 0.00
2.28,4.57,0.00, 0.00
2.28,4.52,0.00, 0.00
2.28,4.49,0.00, 0.00
2.28,4.47,0.00, 0.00
2.28,4.47,0.00, 0.00
2.28,4.45,0.00, 0.00
2.28,4.41,0.00, 0.00
2.28,4.44,0.00, 1.00
2.28,4.36,0.00, 0.00
2.28,4.30,0.00, 0.00
2.28,4.24,0.00, 0.00
2.28,4.19,0.00, 0.00
2.28,4.16,0.00, 0.00
2.28,4.11,0.00, 0.00
2.28,4.06,0.00, 0.00
2.28,4.06,0.00, 0.00
2.28,4.00,0.00, 0.00
2.28,3.96,0.00, 0.00
2.28,3.95,0.00, 0.00
2.28,3.92,0.00, 0.00
2.28,3.91,0.00, 0.00
2.28,3.91,0.00, 0.00
2.28,3.89,0.00, 0.00
2.28,3.87,0.00, 0.00
2.28,3.86,0.00, 0.00
2.28,3.84,0.00, 0.00
2.28,3.80,0.00, 0.00
2.28,3.77,0.00, 0.00
2.28,3.74,0.00, 0.00
2.28,3.72,0.00, 0.00
2.28,3.68,0.00, 0.00
2.28,3.66,0.00, 0.00
2.28,3.64,0.00, 0.00
2.28,3.61,0.00, 0.00
2.28,3.59,0.00, 0.00
2.28,3.59,0.00, 0.00
2.28,3.57,0.00, 0.00
2.28,3.57,0.00, 0.50
2.28,3.55,0.00, 0.00
2.28,3.55,0.00, 0.00
2.28,3.53,0.00, 0.00
2.28,3.51,0.00, 0.00
2.28,3.47,0.00, 0.00
2.28,3.45,0.00, 0.00
2.28,3.41,0.00, 0.00
2.28,3.38,0.00, 0.00
2.28,3.36,0.00, 0.00
2.28,3.32,0.00, 0.00
2.28,3.28,0.00, 0.00
2.28,3.23,0.00, 0.00
2.28,3.19,0.00, 0.00
2.28,3.14,0.00, 0.00
2.28,3.12,0.00, 0.00
2.28,3.07,0.00, 0.00
2.28,3.04,0.00, 0.00
2.28,3.03,0.00, 0.00
2.28,2.99,0.00, 0.00
2.28,2.99,0.00, 0.00
2.28,2.94,0.00, 0.00
2.28,2.93,0.00, 0.00
2.28,2.91,0.00, 0.00
2.28,2.88,0.00, 0.00
2.28,2.92,0.00, 2.24
2.28,2.89,0.00, 0.00
2.28,2.91,0.00, 1.00
2.28,2.93,0.00, 1.00
0.48,2.93,0.00, 0.00
0.00,2.87,0.00, 0.00
0.51,2.85,25.12, 0.00
1.25,2.86,36.83, 0.50
1.55,2.87,15.32, 0.50
1.48,2.89,0.00, 1.25
0.91,2.86,0.00, 0.00
0.66,2.86,0.00, 0.00
0.91,2.81,12.32, 0.00
1.22,2.79,15.45, 0.00
1.35,2.77,6.63, 0.00
1.44,2.70,4.53, 0.00
1.33,2.63,0.00, 0.00
0.92,2.51,0.00, 0.00
0.49,2.40,0.00, 0.00
0.62,2.31,6.40, 0.00
0.90,2.21,13.89, 0.00
0.92,2.12,1.19, 0.00
0.73,2.04,0.00, 0.00
0.58,1.98,0.00, 0.00
0.53,1.93,0.00, 0.00
0.65,1.88,5.91, 0.00
0.74,1.82,4.52, 0.00
0.58,1.78,0.00, 0.00
0.27,1.69,0.00, 0.00
0.10,1.64,0.00, 0.00
0.15,1.62,2.46, 0.00
0.14,1.60,0.00, 0.00
0.03,1.59,0.00, 0.00
0.00,1.59,0.00, 0.00
0.00,1.59,0.00, 0.00
0.00,1.59,0.00, 0.00
0.00,1.59,0.00, 0.00
0.02,1.57,0.99, 0.00
0.04,1.57,1.00, 0.25
0.12,1.57,3.96, 0.00
0.28,1.61,7.94, 1.74
0.42,1.63,7.01, 1.50
0.50,1.66,4.04, 1.25
0.60,1.68,4.99, 1.25
0.81,1.74,10.42, 2.50
0.96,1.79,7.54, 2.75
1.04,1.84,4.05, 2.25
1.10,1.88,3.02, 2.50
1.11,1.94,0.54, 2.75
1.20,2.01,4.44, 3.25
1.32,2.07,5.98, 3.25
1.44,2.16,6.00, 4.74
1.48,2.23,2.06, 3.50
1.55,2.31,3.48, 3.50
1.68,2.38,6.46, 3.50
1.79,2.40,5.51, 1.26
1.88,2.42,4.51, 1.25
1.94,2.46,3.02, 2.00
2.02,2.45,3.99, 0.00
2.10,2.46,4.00, 0.25
2.16,2.44,3.01, 0.00
2.19,2.45,1.52, 0.50
2.22,2.47,1.50, 0.75
2.27,2.49,2.49, 1.00
2.28,2.53,0.53, 2.00
2.28,2.59,0.01, 3.00
2.28,2.65,0.00, 3.25
2.28,2.70,0.00, 2.25
2.28,2.74,0.00, 1.75
2.28,2.76,0.00, 1.25
2.28,2.78,0.00, 1.00
2.28,2.78,0.00, 0.00
2.28,2.77,0.00, 0.00
2.28,2.77,0.00, 0.00
2.28,2.76,0.00, 0.00
2.28,2.78,0.00, 1.00
2.28,2.78,0.00, 0.25
2.28,2.77,0.00, 0.00
2.28,2.78,0.00, 0.50
2.28,2.78,0.00, 0.25
2.28,2.78,0.00, 0.00
2.28,2.76,0.00, 0.00
2.28,2.74,0.00, 0.00
2.28,2.72,0.00, 0.00
2.28,2.70,0.00, 0.00
2.28,2.70,0.00, 0.25
2.28,2.70,0.00, 0.25
2.28,2.67,0.00, 0.00
2.28,2.65,0.00, 0.00
2.28,2.66,0.00, 0.50
2.28,2.64,0.00, 0.00
2.28,2.62,0.00, 0.00
2.28,2.60,0.00, 0.00
2.28,2.56,0.00, 0.00
2.28,2.55,0.00, 0.00
2.28,2.53,0.00, 0.00
2.28,2.51,0.00, 0.00
2.28,2.55,0.00, 1.74
2.28,2.59,0.00, 2.00
2.28,2.61,0.00, 1.00
2.28,2.63,0.00, 1.25
2.28,2.65,0.00, 1.25
2.28,2.68,0.00, 1.50
2.28,2.69,0.00, 0.25
2.28,2.66,0.00, 0.00
2.28,2.64,0.00, 0.00
2.28,2.62,0.00, 0.00
2.26,2.58,0.00, 0.00
0.65,2.58,0.00, 0.00
0.46,2.57,0.00, 0.00
1.30,2.53,41.38, 0.00
1.87,2.49,28.69, 0.00
2.00,2.45,6.83, 0.00
1.77,2.39,0.00, 0.00
1.27,2.34,0.00, 0.00
1.19,2.30,0.00, 0.00
1.52,2.26,16.26, 0.00
1.67,2.23,7.63, 0.00
1.68,2.22,0.60, 0.00
1.70,2.18,0.99, 0.00
1.54,2.14,0.00, 0.00
1.20,2.09,0.00, 0.00
1.19,2.05,0.00, 0.00
1.50,1.99,15.27, 0.00
1.64,1.94,7.12, 0.00
1.48,1.87,0.00, 0.00
1.19,1.77,0.00, 0.00
1.04,1.68,0.00, 0.00
1.08,1.59,1.97, 0.00
1.23,1.49,7.42, 0.00
1.22,1.39,0.00, 0.00
0.96,1.30,0.00, 0.00
0.71,1.20,0.00, 0.00
0.68,1.10,0.00, 0.00
0.72,0.99,1.97, 0.00
0.62,0.88,0.00, 0.00
0.43,0.78,0.00, 0.00
0.26,0.71,0.00, 0.00
0.20,0.62,0.00, 0.00
0.23,0.55,1.48, 0.00
0.28,0.50,2.48, 0.00
0.06,0.44,0.00, 0.00
0.00,0.42,0.00, 0.00
0.00,0.42,0.00, 0.00
0.02,0.40,0.99, 0.00
0.07,0.41,2.48, 0.50
0.08,0.43,0.53, 0.75
0.04,0.43,0.00, 0.00
0.01,0.41,0.00, 0.00
0.00,0.42,0.00, 0.25
0.00,0.41,0.00, 0.00
0.00,0.41,0.00, 0.00
0.04,0.38,1.97, 0.00
0.09,0.40,2.49, 0.75
0.00,0.39,0.00, 0.00
0.00,0.41,0.00, 1.00
0.00,0.41,0.00, 0.00
0.08,0.42,3.94, 0.25
0.10,0.41,1.04, 0.00
0.06,0.41,0.00, 0.00
0.00,0.42,0.00, 0.50
0.00,0.40,0.00, 0.00
0.04,0.41,1.97, 0.50
0.05,0.41,0.52, 0.00
0.03,0.41,0.00, 0.00
0.03,0.42,0.00, 0.50
0.00,0.41,0.00, 0.00
0.00,0.41,0.00, 0.00
0.00,0.41,0.00, 0.00
0.03,0.41,1.48, 0.00
0.05,0.42,1.01, 0.50
0.00,0.41,0.00, 0.00
0.00,0.42,0.00, 0.50
0.01,0.42,0.49, 0.00
0.04,0.40,1.49, 0.00
0.07,0.41,1.50, 0.50
0.03,0.41,0.00, 0.00
0.00,0.42,0.00, 0.25
0.00,0.41,0.00, 0.00
0.02,0.41,0.99, 0.00
0.05,0.39,1.49, 0.00
0.03,0.40,0.00, 0.50
0.03,0.40,0.00, 0.00
0.00,0.42,0.00, 0.75
0.00,0.39,0.00, 0.00
0.00,0.39,0.00, 0.00
0.01,0.41,0.49, 1.00
0.02,0.40,0.50, 0.00
0.02,0.41,0.01, 0.50
0.02,0.41,0.00, 0.00
0.02,0.43,0.00, 0.75
0.00,0.42,0.00, 0.00
0.04,0.42,1.97, 0.00
0.03,0.42,0.00, 0.00
0.00,0.41,0.00, 0.00
0.00,0.36,0.00, 0.00
0.02,0.41,0.99, 2.49
0.00,0.40,0.00, 0.00
0.04,0.40,1.97, 0.00
0.03,0.39,0.00, 0.00
0.00,0.41,0.00, 0.75
0.00,0.42,0.00, 0.25
0.04,0.42,1.97, 0.00
0.03,0.42,0.00, 0.00
0.03,0.40,0.00, 0.00
0.03,0.42,0.00, 1.00
0.03,0.42,0.00, 0.00
0.03,0.41,0.00, 0.00
0.00,0.42,0.00, 0.50
0.04,0.42,1.97, 0.00
0.03,0.41,0.00, 0.00
0.00,0.43,0.00, 1.00
0.00,0.42,0.00, 0.00
0.02,0.42,0.99, 0.00
0.02,0.42,0.01, 0.00
0.05,0.41,1.48, 0.00
0.03,0.39,0.00, 0.00
0.03,0.40,0.00, 0.50
0.00,0.40,0.00, 0.00
0.00,0.41,0.00, 0.25
0.02,0.41,0.99, 0.00
0.00,0.41,0.00, 0.00
0.00,0.42,0.00, 0.50
0.00,0.42,0.00, 0.00
0.00,0.41,0.00, 0.00
0.00,0.42,0.00, 0.50
0.06,0.42,2.96, 0.00
0.03,0.42,0.00, 0.00
0.00,0.42,0.00, 0.00
0.02,0.41,0.99, 0.00
0.02,0.39,0.01, 0.00
0.02,0.40,0.00, 0.50
0.00,0.40,0.00, 0.00
0.00,0.41,0.00, 0.25
0.00,0.41,0.00, 0.00
0.04,0.41,1.97, 0.00
0.03,0.41,0.00, 0.00
0.03,0.42,0.00, 0.50
0.03,0.42,0.00, 0.00
0.00,0.43,0.00, 0.50
0.02,0.43,0.99, 0.25
0.00,0.43,0.00, 0.00
0.00,0.41,0.00, 0.00
0.00,0.41,0.00, 0.00
0.00,0.41,0.00, 0.00
0.00,0.41,0.00, 0.00
0.00,0.41,0.00, 0.00
0.00,0.41,0.00, 0.00
0.00,0.41,0.00, 0.00
0.00,0.49,0.00, 3.74
0.02,0.57,0.99, 4.00
0.05,0.63,1.49, 3.25
0.00,0.70,0.00, 3.25
0.00,0.76,0.00, 3.25
0.00,0.87,0.00, 4.99
0.03,0.96,1.48, 5.00
0.13,1.07,4.95, 5.25
0.24,1.16,5.49, 4.75
0.35,1.26,5.50, 4.75
0.50,1.36,7.47, 4.75
0.64,1.46,7.01, 5.25
0.86,1.59,10.94, 6.50
1.08,1.78,11.00, 9.24
1.26,1.97,9.03, 10.00
1.38,2.20,6.04, 11.49
1.51,2.44,6.49, 12.00
1.65,2.68,6.99, 11.75
1.85,2.90,9.96, 11.25
2.02,3.11,8.52, 10.00
2.14,3.28,6.04, 9.00
2.19,3.47,2.55, 9.00
2.22,3.68,1.52, 10.49
2.25,3.88,1.50, 10.00
2.27,4.03,1.01, 7.76
2.28,4.20,0.51, 8.75
2.28,4.36,0.01, 7.50
2.28,4.51,0.00, 7.50
2.28,4.64,0.00, 6.50
2.28,4.78,0.00, 7.25
2.28,4.90,0.00, 6.25
2.28,5.02,0.00, 5.75
2.28,5.12,0.00, 5.00
2.28,5.14,0.00, 1.26
2.28,5.20,0.00, 2.50
2.28,5.20,0.00, 0.51
2.28,5.22,0.00, 0.50
2.28,5.23,0.00, 0.75
2.28,5.24,0.00, 0.25
2.28,5.27,0.00, 1.50
2.28,5.25,0.00, 0.00
2.28,5.24,0.00, 0.00
2.28,5.24,0.00, 0.00
2.28,5.26,0.00, 1.00
2.28,5.26,0.00, 0.25
2.28,5.27,0.00, 0.50
2.28,5.28,0.00, 0.75
2.28,5.33,0.00, 2.24
2.28,5.34,0.00, 0.51
2.28,5.36,0.00, 1.25
2.28,5.37,0.00, 0.25
2.28,5.41,0.00, 1.74
2.28,5.41,0.00, 0.26
2.28,5.43,0.00, 1.25
2.28,5.43,0.00, 0.00
2.28,5.44,0.00, 1.00
2.28,5.49,0.00, 2.00
2.28,5.49,0.00, 0.26
2.28,5.49,0.00, 0.00
2.28,5.48,0.00, 0.00
2.28,5.47,0.00, 0.00
2.28,5.47,0.00, 0.00
2.28,5.47,0.00, 0.00
2.28,5.47,0.00, 0.00
2.28,5.45,0.00, 0.00
2.28,5.42,0.00, 0.00
2.28,5.38,0.00, 0.00
2.28,5.35,0.00, 0.00
2.28,5.31,0.00, 0.00
2.28,5.26,0.00, 0.00
2.28,5.20,0.00, 0.00
2.28,5.18,0.00, 0.00
2.28,5.11,0.00, 0.00
2.28,5.07,0.00, 0.00
2.28,4.99,0.00, 0.00
2.28,4.93,0.00, 0.00
2.28,4.86,0.00, 0.00
2.28,4.82,0.00, 0.00
2.28,4.74,0.00, 0.00
2.28,4.68,0.00, 0.00
2.28,4.61,0.00, 0.00
2.28,4.52,0.00, 0.00
2.28,4.43,0.00, 0.00
2.28,4.36,0.00, 0.00
2.28,4.28,0.00, 0.00
2.28,4.19,0.00, 0.00
2.28,4.14,0.00, 0.00
2.28,4.05,0.00, 0.00
2.26,3.97,0.00, 0.00
2.28,3.91,0.99, 0.00
2.28,3.84,0.01, 0.00
2.28,3.77,0.00, 0.00
2.28,3.71,0.00, 0.00
2.28,3.66,0.00, 0.00
2.28,3.62,0.00, 0.00
2.28,3.58,0.00, 0.00
2.28,3.53,0.00, 0.00
2.28,3.47,0.00, 0.00
2.28,3.41,0.00, 0.00
2.28,3.38,0.00, 0.00
2.28,3.33,0.00, 0.00
2.26,3.30,0.00, 0.00
2.28,3.24,0.99, 0.00
2.28,3.21,0.01, 0.00
2.28,3.16,0.00, 0.00
2.28,3.10,0.00, 0.00
2.28,3.01,0.00, 0.00
2.28,2.92,0.00, 0.00
2.28,2.82,0.00, 0.00
2.28,2.78,0.00, 0.00
2.28,2.71,0.00, 0.00
2.28,2.65,0.00, 0.00
2.28,2.61,0.00, 0.00
2.28,2.56,0.00, 0.00
2.28,2.53,0.00, 0.00
2.28,2.51,0.00, 0.00
2.28,2.48,0.00, 0.00
2.28,2.43,0.00, 0.00
2.28,2.41,0.00, 0.00
2.28,2.37,0.00, 0.00
2.28,2.29,0.00, 0.00
2.28,2.24,0.00, 0.00
2.28,2.17,0.00, 0.00
2.26,2.09,0.00, 0.00
0.00,1.96,0.00, 0.00
0.00,1.85,0.00, 0.00
0.83,1.74,40.89, 0.00
1.58,1.63,37.55, 0.00
1.62,1.53,2.52, 0.00
1.15,1.41,0.00, 0.00
0.21,1.30,0.00, 0.00
0.21,1.19,0.00, 0.00
0.73,1.10,25.62, 0.00
0.97,1.00,12.20, 0.00
0.89,0.88,0.00, 0.00
0.87,0.76,0.00, 0.00
0.56,0.65,0.00, 0.00
0.09,0.57,0.00, 0.00
0.13,0.50,1.97, 0.00
0.57,0.43,21.71, 0.00
0.59,0.41,1.30, 0.00
0.12,0.39,0.00, 0.00
0.00,0.39,0.00, 0.00
0.00,0.40,0.00, 0.50
0.00,0.41,0.00, 0.25
0.38,0.41,18.72, 0.00
0.31,0.41,0.00, 0.50
0.00,0.41,0.00, 0.00
0.00,0.41,0.00, 0.00
0.00,0.42,0.00, 0.50
0.22,0.42,10.84, 0.00
0.33,0.40,5.58, 0.00
0.09,0.41,0.00, 0.50
0.00,0.42,0.00, 0.50
0.00,0.43,0.00, 0.50
0.00,0.42,0.00, 0.00
0.19,0.43,9.36, 0.25
0.12,0.42,0.00, 0.00
0.00,0.41,0.00, 0.00
0.00,0.43,0.00, 1.00
0.00,0.41,0.00, 0.00
0.04,0.41,1.97, 0.00
0.09,0.41,2.49, 0.00
0.06,0.41,0.00, 0.00
0.05,0.39,0.00, 0.00
0.00,0.39,0.00, 0.00
0.00,0.39,0.00, 0.00
0.00,0.40,0.00, 0.50
0.06,0.40,2.96, 0.00
0.05,0.41,0.00, 0.50
0.00,0.41,0.00, 0.00
0.00,0.42,0.00, 0.25
0.00,0.43,0.00, 0.50
0.06,0.43,2.96, 0.25
0.12,0.42,3.00, 0.00
0.04,0.42,0.00, 0.00
0.00,0.42,0.00, 0.00
0.00,0.42,0.00, 0.00
0.01,0.39,0.49, 0.00
0.02,0.39,0.50, 0.00
0.05,0.39,1.49, 0.00
0.03,0.38,0.00, 0.00
0.00,0.40,0.00, 0.75
0.01,0.39,0.49, 0.00
0.04,0.39,1.49, 0.00
0.03,0.40,0.00, 0.50
0.03,0.42,0.00, 0.75
0.00,0.41,0.00, 0.00
0.00,0.39,0.00, 0.00
0.00,0.39,0.00, 0.00
0.02,0.41,0.99, 1.00
0.02,0.41,0.01, 0.00
0.02,0.43,0.00, 0.75
0.00,0.42,0.00, 0.00
0.00,0.43,0.00, 0.25
0.02,0.41,0.99, 0.00
0.02,0.42,0.01, 0.75
0.02,0.42,0.00, 0.00
0.00,0.42,0.00, 0.00
0.00,0.42,0.00, 0.00
0.00,0.42,0.00, 0.00
0.04,0.41,1.97, 0.00
0.03,0.40,0.00, 0.00
0.03,0.40,0.00, 0.00
0.03,0.41,0.00, 0.25
0.03,0.41,0.00, 0.00
0.03,0.41,0.00, 0.00
0.02,0.41,0.00, 0.00
0.02,0.42,0.00, 0.50
0.00,0.41,0.00, 0.00
0.00,0.41,0.00, 0.00
0.04,0.42,1.97, 0.50
0.03,0.42,0.00, 0.00
0.03,0.42,0.00, 0.00
0.03,0.40,0.00, 0.00
0.03,0.41,0.00, 0.50
0.00,0.42,0.00, 0.50
0.02,0.41,0.99, 0.00
0.02,0.42,0.01, 0.25
0.00,0.41,0.00, 0.00
0.00,0.39,0.00, 0.00
0.02,0.40,0.99, 0.25
0.02,0.41,0.01, 0.25
0.02,0.39,0.00, 0.00
0.02,0.40,0.00, 0.50
0.00,0.40,0.00, 0.00
0.04,0.41,1.97, 0.25
0.01,0.42,0.00, 0.50
0.02,0.39,0.49, 0.00
0.02,0.41,0.01, 1.00
0.02,0.41,0.00, 0.00
0.02,0.40,0.00, 0.00
0.00,0.40,0.00, 0.00
0.02,0.41,0.99, 0.50
0.02,0.42,0.01, 0.50
0.00,0.42,0.00, 0.00
0.02,0.42,0.99, 0.00
0.00,0.42,0.00, 0.00
0.00,0.41,0.00, 0.00
0.00,0.44,0.00, 1.25
0.00,0.44,0.00, 0.50
0.00,0.48,0.00, 1.99
0.00,0.52,0.00, 1.75
0.00,0.59,0.00, 3.24
0.00,0.67,0.00, 4.25
0.00,0.77,0.00, 5.00
0.00,0.85,0.00, 4.00
0.00,0.95,0.00, 5.25
0.00,1.03,0.00, 4.00
0.00,1.11,0.00, 3.50
0.08,1.20,3.94, 4.75
0.27,1.31,9.42, 5.50
0.44,1.45,8.51, 7.24
0.69,1.61,12.44, 7.50
0.90,1.80,10.53, 9.99
1.11,2.01,10.50, 10.00
1.31,2.20,10.01, 9.75
1.48,2.41,8.52, 10.75
1.62,2.62,7.02, 10.25
1.82,2.82,9.96, 10.25
1.97,3.03,7.54, 10.00
2.09,3.22,6.02, 9.75
2.20,3.41,5.51, 9.50
2.26,3.57,3.04, 7.76
2.30,3.73,2.02, 8.25
2.28,3.86,0.00, 6.51
2.28,3.98,0.00, 6.00
2.28,4.07,0.00, 4.51
2.28,4.18,0.00, 5.25
2.28,4.27,0.00, 4.50
2.28,4.31,0.00, 2.26
2.28,4.39,0.00, 3.74
2.28,4.49,0.00, 5.24
2.28,4.55,0.00, 2.76
2.28,4.66,0.00, 5.74
2.28,4.81,0.00, 7.49
2.28,4.98,0.00, 8.50
2.28,5.12,0.00, 7.01
2.28,5.26,0.00, 7.00
2.28,5.34,0.00, 3.76
2.28,5.39,0.00, 2.50
2.28,5.41,0.00, 1.50
2.28,5.46,0.00, 2.25
2.28,5.43,0.00, 0.00
2.28,5.41,0.00, 0.00
2.28,5.40,0.00, 0.00
2.28,5.38,0.00, 0.00
2.28,5.31,0.00, 0.00
2.28,5.28,0.00, 0.00
2.28,5.25,0.00, 0.00
2.28,5.25,0.00, 0.00
2.28,5.20,0.00, 0.00
2.28,5.16,0.00, 0.00
2.28,5.11,0.00, 0.00
2.28,5.06,0.00, 0.00
2.28,4.99,0.00, 0.00
2.28,4.94,0.00, 0.00
2.28,4.86,0.00, 0.00
2.28,4.81,0.00, 0.00
2.28,4.78,0.00, 0.00
2.28,4.77,0.00, 0.00
2.28,4.76,0.00, 0.00
2.28,4.77,0.00, 0.50
2.28,4.75,0.00, 0.00
2.28,4.74,0.00, 0.00
2.28,4.71,0.00, 0.00
2.28,4.68,0.00, 0.00
2.28,4.65,0.00, 0.00
2.28,4.61,0.00, 0.00
2.28,4.62,0.00, 0.50
2.28,4.60,0.00, 0.00
2.28,4.57,0.00, 0.00
2.28,4.56,0.00, 0.00
2.28,4.53,0.00, 0.00
2.28,4.51,0.00, 0.00
2.28,4.45,0.00, 0.00
2.28,4.40,0.00, 0.00
2.28,4.36,0.00, 0.00
2.28,4.29,0.00, 0.00
2.28,4.25,0.00, 0.00
2.28,4.18,0.00, 0.00
2.28,4.15,0.00, 0.00
2.28,4.11,0.00, 0.00
2.26,4.05,0.00, 0.00
2.30,4.00,1.97, 0.00
2.28,3.94,0.00, 0.00
2.28,3.89,0.00, 0.00
2.28,3.84,0.00, 0.00
2.28,3.81,0.00, 0.00
2.28,3.77,0.00, 0.00
2.28,3.70,0.00, 0.00
2.28,3.66,0.00, 0.00
2.28,3.62,0.00, 0.00
2.28,3.56,0.00, 0.00
2.28,3.53,0.00, 0.00
2.28,3.49,0.00, 0.00
2.28,3.47,0.00, 0.00
2.28,3.43,0.00, 0.00
2.28,3.40,0.00, 0.00
2.28,3.37,0.00, 0.00
2.28,3.32,0.00, 0.00
2.28,3.30,0.00, 0.00
2.28,3.26,0.00, 0.00
2.28,3.24,0.00, 0.00
2.28,3.19,0.00, 0.00
2.28,3.14,0.00, 0.00
2.28,3.11,0.00, 0.00
2.28,3.06,0.00, 0.00
2.28,3.04,0.00, 0.00
2.28,3.01,0.00, 0.00
2.28,2.97,0.00, 0.00
2.28,2.95,0.00, 0.00
2.28,2.93,0.00, 0.00
2.28,2.87,0.00, 0.00
2.28,2.84,0.00, 0.00
2.28,2.80,0.00, 0.00
2.28,2.76,0.00, 0.00
2.28,2.70,0.00, 0.00
2.28,2.64,0.00, 0.00
2.28,2.58,0.00, 0.00
2.28,2.51,0.00, 0.00
2.28,2.42,0.00, 0.00
2.28,2.33,0.00, 0.00
1.35,2.24,0.00, 0.00
0.68,2.13,0.00, 0.00
0.92,1.98,11.82, 0.00
1.64,1.78,35.64, 0.00
1.80,1.58,8.41, 0.00
1.73,1.40,0.00, 0.00
1.09,1.24,0.00, 0.00
0.69,1.07,0.00, 0.00
0.77,0.90,3.94, 0.00
0.96,0.75,9.42, 0.00
0.89,0.61,0.00, 0.00
0.78,0.50,0.00, 0.00
0.63,0.45,0.00, 0.00
0.04,0.41,0.00, 0.00
0.00,0.43,0.00, 0.75
0.00,0.42,0.00, 0.00
0.18,0.41,8.87, 0.00
0.30,0.42,6.04, 0.50
0.10,0.42,0.00, 0.00
0.00,0.41,0.00, 0.00
0.00,0.39,0.00, 0.00
0.04,0.39,1.97, 0.00
0.27,0.40,11.36, 0.25
0.14,0.38,0.00, 0.00
0.00,0.40,0.00, 0.75
0.00,0.39,0.00, 0.00
0.00,0.41,0.00, 1.00
0.13,0.42,6.40, 0.25
0.13,0.43,0.09, 0.50
0.07,0.42,0.00, 0.00
0.00,0.41,0.00, 0.00
0.00,0.43,0.00, 1.00
0.01,0.42,0.49, 0.00
0.04,0.41,1.49, 0.00
0.05,0.42,0.51, 0.50
0.01,0.41,0.00, 0.00
0.00,0.39,0.00, 0.00
0.00,0.40,0.00, 0.25
0.00,0.42,0.00, 0.75
0.04,0.42,1.97, 0.00
0.05,0.41,0.52, 0.00
0.03,0.42,0.00, 0.50
0.00,0.41,0.00, 0.00
0.00,0.41,0.00, 0.00
0.04,0.41,1.97, 0.00
0.05,0.42,0.52, 0.50
0.01,0.42,0.00, 0.00
0.00,0.42,0.00, 0.00
0.00,0.41,0.00, 0.00
0.01,0.41,0.49, 0.00
0.07,0.42,2.96, 0.50
0.03,0.42,0.00, 0.00
0.00,0.42,0.00, 0.00
0.00,0.42,0.00, 0.00
0.00,0.42,0.00, 0.00
0.02,0.40,0.99, 0.00
0.02,0.40,0.01, 0.00
0.02,0.41,0.00, 0.50
0.02,0.42,0.00, 0.25
0.02,0.39,0.00, 0.00
0.00,0.40,0.00, 0.50
0.02,0.40,0.99, 0.00
0.02,0.41,0.01, 0.25
0.02,0.41,0.00, 0.00
0.02,0.39,0.00, 0.00
0.00,0.40,0.00, 0.50
0.00,0.39,0.00, 0.00
0.02,0.40,0.99, 0.50
0.00,0.41,0.00, 0.50
0.02,0.43,0.99, 0.75
0.02,0.41,0.01, 0.00
0.05,0.40,1.48, 0.00
0.03,0.41,0.00, 0.50
0.03,0.42,0.00, 0.25
0.00,0.42,0.00, 0.00
0.00,0.41,0.00, 0.00
0.00,0.41,0.00, 0.00
0.02,0.41,0.99, 0.00
0.05,0.42,1.49, 0.50
0.01,0.41,0.00, 0.00
0.02,0.41,0.49, 0.00
0.00,0.41,0.00, 0.00
0.02,0.41,0.99, 0.00
0.02,0.42,0.01, 0.50
0.02,0.41,0.00, 0.00
0.02,0.41,0.00, 0.00
0.00,0.41,0.00, 0.00
0.00,0.42,0.00, 0.50
0.02,0.42,0.99, 0.00
0.02,0.41,0.01, 0.00
0.00,0.42,0.00, 0.50
0.00,0.41,0.00, 0.00
0.00,0.42,0.00, 0.50
0.04,0.42,1.97, 0.00
0.03,0.42,0.00, 0.00
0.03,0.42,0.00, 0.00
0.03,0.42,0.00, 0.00
0.00,0.41,0.00, 0.00
0.02,0.41,0.99, 0.00
0.00,0.41,0.00, 0.00
0.02,0.42,0.99, 0.50
0.00,0.42,0.00, 0.00
0.00,0.41,0.00, 0.00
0.02,0.42,0.99, 0.50
0.02,0.42,0.01, 0.00
0.02,0.42,0.00, 0.00
0.02,0.41,0.00, 0.00
0.02,0.42,0.00, 0.50
0.00,0.41,0.00, 0.00
0.02,0.41,0.99, 0.00
0.02,0.41,0.01, 0.00
0.00,0.43,0.00, 1.00
0.04,0.42,1.97, 0.00
0.01,0.41,0.00, 0.00
0.00,0.41,0.00, 0.00
0.02,0.42,0.99, 0.50
0.00,0.39,0.00, 0.00
0.00,0.40,0.00, 0.25
0.00,0.41,0.00, 0.25
0.02,0.42,0.99, 0.50
0.02,0.41,0.01, 0.00
0.02,0.41,0.00, 0.00
0.02,0.42,0.00, 0.50
0.00,0.41,0.00, 0.00
0.00,0.43,0.00, 1.00
0.00,0.41,0.00, 0.00
0.02,0.41,0.99, 0.00
0.02,0.42,0.01, 0.50
0.02,0.42,0.00, 0.00
0.00,0.41,0.00, 0.00
0.00,0.42,0.00, 0.50
0.02,0.42,0.99, 0.00
0.02,0.42,0.01, 0.00
0.00,0.42,0.00, 0.00
0.00,0.42,0.00, 0.00
0.00,0.42,0.00, 0.00
0.00,0.40,0.00, 0.00
0.00,0.41,0.00, 0.50
0.00,0.39,0.00, 0.00
0.02,0.40,0.99, 0.50
0.02,0.40,0.01, 0.00
0.00,0.41,0.00, 0.25
0.00,0.42,0.00, 0.50
0.00,0.41,0.00, 0.00
0.00,0.41,0.00, 0.00
0.02,0.42,0.99, 0.50
0.02,0.41,0.01, 0.00
0.05,0.42,1.48, 0.00
0.03,0.40,0.00, 0.00
0.00,0.40,0.00, 0.00
0.00,0.41,0.00, 0.50
0.00,0.42,0.00, 0.50
0.00,0.42,0.00, 0.00
0.00,0.42,0.00, 0.00
0.00,0.43,0.00, 0.50
0.00,0.43,0.00, 0.25
0.00,0.44,0.00, 0.50
0.00,0.43,0.00, 0.00
0.00,0.45,0.00, 1.49
0.00,0.48,0.00, 1.25
0.00,0.52,0.00, 2.00
0.02,0.54,0.99, 1.25
0.05,0.59,1.49, 2.25
0.05,0.62,0.02, 1.25
0.12,0.67,3.45, 2.99
0.15,0.73,1.53, 2.75
0.20,0.84,2.49, 5.24
0.30,0.94,4.96, 5.25
0.38,1.03,4.01, 4.75
0.51,1.18,6.46, 6.99
0.66,1.38,7.48, 9.99
0.80,1.60,7.01, 11.00
0.98,1.87,8.97, 13.74
1.19,2.13,10.48, 13.00
1.41,2.40,10.99, 13.50
1.61,2.72,10.01, 16.24
1.78,3.06,8.52, 16.75
1.92,3.42,7.02, 18.00
2.03,3.77,5.52, 17.50
2.12,4.07,4.52, 15.26
2.18,4.35,3.02, 13.76
2.24,4.64,3.00, 14.25
2.27,4.91,1.52, 13.75
2.30,5.23,1.50, 16.24
2.28,5.59,0.00, 17.50
2.28,5.95,0.00, 18.25
2.28,6.24,0.00, 14.51
2.28,6.52,0.00, 14.00
2.28,6.71,0.00, 9.52
2.28,6.90,0.00, 9.50
2.28,7.07,0.00, 8.50
2.28,7.23,0.00, 7.75
2.28,7.35,0.00, 6.26
2.28,7.51,0.00, 7.99
2.28,7.62,0.00, 5.76
2.28,7.76,0.00, 6.75
2.28,7.97,0.00, 10.49
2.28,8.18,0.00, 10.75
2.28,8.40,0.00, 10.75
2.28,8.60,0.00, 10.00
2.28,8.77,0.00, 8.75
2.28,8.93,0.00, 7.50
2.28,9.06,0.00, 6.50
2.28,9.18,0.00, 6.00
2.28,9.32,0.00, 7.00
2.28,9.45,0.00, 6.75
2.28,9.59,0.00, 7.00
2.28,9.74,0.00, 7.50
2.28,9.92,0.00, 9.24
2.28,10.07,0.00, 7.26
2.28,10.23,0.00, 8.00
2.28,10.40,0.00, 8.25
2.28,10.55,0.00, 7.50
2.28,10.65,0.00, 5.26
2.28,10.74,0.00, 4.50
2.28,10.78,0.00, 2.26
2.28,10.83,0.00, 2.00
2.28,10.88,0.00, 2.50
2.28,10.90,0.00, 1.01
2.28,10.94,0.00, 2.00
2.28,10.98,0.00, 2.00
2.28,11.02,0.00, 2.00
2.28,11.08,0.00, 3.25
2.28,11.15,0.00, 3.25
2.28,11.21,0.00, 3.25
2.28,11.28,0.00, 3.50
2.28,11.35,0.00, 3.50
2.28,11.40,0.00, 2.50
2.28,11.41,0.00, 0.26
2.28,11.41,0.00, 0.00
2.28,11.43,0.00, 1.00
2.28,11.43,0.00, 0.50
2.28,11.48,0.00, 1.99
2.28,11.52,0.00, 2.25
2.28,11.58,0.00, 3.00
2.28,11.65,0.00, 3.50
2.28,11.67,0.00, 1.01
2.28,11.69,0.00, 1.00
2.28,11.65,0.00, 0.00
2.28,11.59,0.00, 0.00
2.28,11.52,0.00, 0.00
2.28,11.43,0.00, 0.00
2.28,11.33,0.00, 0.00
2.28,11.26,0.00, 0.00
2.28,11.16,0.00, 0.00
2.28,11.03,0.00, 0.00
2.28,10.87,0.00, 0.00
2.28,10.66,0.00, 0.00
2.28,10.39,0.00, 0.00
2.28,10.11,0.00, 0.00
2.28,9.83,0.00, 0.00
2.28,9.56,0.00, 0.00
2.28,9.24,0.00, 0.00
2.28,9.00,0.00, 0.00
2.28,8.76,0.00, 0.00
2.28,8.51,0.00, 0.00
2.28,8.13,0.00, 0.00
2.28,7.99,0.00, 0.00
2.28,7.77,0.00, 0.00
2.28,7.54,0.00, 0.00
2.28,7.33,0.00, 0.00
2.28,7.14,0.00, 0.00
2.28,6.93,0.00, 0.00
2.28,6.71,0.00, 0.00
2.28,6.49,0.00, 0.00
2.28,6.24,0.00, 0.00
2.28,6.02,0.00, 0.00
2.28,5.80,0.00, 0.00
2.28,5.62,0.00, 0.00
2.28,5.44,0.00, 0.00
2.28,5.28,0.00, 0.00
2.28,5.18,0.00, 0.00
2.28,4.98,0.00, 0.00
2.28,4.81,0.00, 0.00
2.28,4.68,0.00, 0.00
2.28,4.55,0.00, 0.00
2.28,4.41,0.00, 0.00
2.28,4.27,0.00, 0.00
2.26,4.12,0.00, 0.00
2.28,4.00,0.99, 0.00
2.28,3.85,0.01, 0.00
2.28,3.70,0.00, 0.00
2.28,3.52,0.00, 0.00
2.28,3.33,0.00, 0.00
0.98,3.15,0.00, 0.00
0.00,2.99,0.00, 0.00
0.34,2.76,16.75, 0.00
1.34,2.51,49.51, 0.00
1.87,2.32,26.84, 0.00
1.96,2.13,4.83, 0.00
1.24,1.95,0.00, 0.00
0.40,1.77,0.00, 0.00
0.51,1.58,5.42, 0.00
0.84,1.42,16.34, 0.00
0.86,1.28,1.23, 0.00
0.82,1.13,0.00, 0.00
0.75,1.00,0.00, 0.00
0.39,0.88,0.00, 0.00
0.08,0.75,0.00, 0.00
0.25,0.64,8.37, 0.00
0.59,0.55,16.87, 0.00
0.62,0.48,1.73, 0.00
0.10,0.43,0.00, 0.00
0.00,0.41,0.00, 0.00
0.00,0.39,0.00, 0.00
0.08,0.40,3.94, 0.50
0.40,0.40,15.82, 0.00
0.25,0.41,0.00, 0.25
0.00,0.41,0.00, 0.00
0.00,0.39,0.00, 0.00
0.00,0.40,0.00, 0.50
0.26,0.40,12.81, 0.00
0.20,0.42,0.00, 0.75
0.00,0.42,0.00, 0.00
0.00,0.42,0.00, 0.00
0.00,0.42,0.00, 0.00
0.08,0.42,3.94, 0.00
0.12,0.42,2.03, 0.00
0.04,0.42,0.00, 0.00
0.00,0.40,0.00, 0.00
0.00,0.38,0.00, 0.00
0.00,0.41,0.00, 1.49
0.04,0.40,1.97, 0.00
0.05,0.41,0.52, 0.25
0.03,0.41,0.00, 0.00
0.00,0.41,0.00, 0.00
0.00,0.39,0.00, 0.00
0.01,0.41,0.49, 1.00
0.07,0.40,2.96, 0.00
0.05,0.42,0.00, 0.75
0.01,0.41,0.00, 0.00
0.00,0.41,0.00, 0.00
0.00,0.39,0.00, 0.00
0.04,0.41,1.97, 1.00
0.07,0.40,1.51, 0.00
0.03,0.43,0.00, 1.25
0.00,0.41,0.00, 0.00
0.00,0.41,0.00, 0.25
0.01,0.41,0.49, 0.00
0.04,0.41,1.49, 0.00
0.03,0.41,0.00, 0.00
0.00,0.41,0.00, 0.00
0.00,0.41,0.00, 0.00
0.00,0.39,0.00, 0.00
0.04,0.40,1.97, 0.25
0.03,0.42,0.00, 0.75
0.00,0.42,0.00, 0.00
0.00,0.42,0.00, 0.00
0.02,0.41,0.99, 0.00
0.02,0.42,0.01, 0.50
0.05,0.42,1.48, 0.00
0.03,0.42,0.00, 0.00
0.03,0.42,0.00, 0.00
0.00,0.41,0.00, 0.00
0.00,0.41,0.00, 0.00
0.02,0.42,0.99, 0.50
0.05,0.41,1.49, 0.00
0.03,0.41,0.00, 0.00
0.00,0.41,0.00, 0.00
0.00,0.41,0.00, 0.00
0.00,0.41,0.00, 0.00
0.04,0.42,1.97, 0.50
0.05,0.42,0.52, 0.00
0.03,0.41,0.00, 0.00
0.00,0.42,0.00, 0.50
0.00,0.41,0.00, 0.00
0.04,0.41,1.97, 0.00
0.03,0.41,0.00, 0.00
0.03,0.41,0.00, 0.00
0.00,0.41,0.00, 0.00
0.00,0.42,0.00, 0.50
0.01,0.41,0.49, 0.00
0.02,0.42,0.50, 0.50
0.07,0.41,2.47, 0.00
0.01,0.42,0.00, 0.50
0.00,0.42,0.00, 0.00
0.00,0.42,0.00, 0.00
0.02,0.41,0.99, 0.00
0.02,0.41,0.01, 0.00
0.00,0.42,0.00, 0.50
0.00,0.41,0.00, 0.00
0.00,0.39,0.00, 0.00
0.02,0.41,0.99, 1.00
0.02,0.41,0.01, 0.00
0.02,0.42,0.00, 0.25
0.00,0.42,0.00, 0.00
0.02,0.41,0.99, 0.00
0.02,0.42,0.01, 0.50
0.00,0.42,0.00, 0.00
0.00,0.42,0.00, 0.00
0.02,0.42,0.99, 0.00
0.02,0.41,0.01, 0.00
0.00,0.39,0.00, 0.00
0.00,0.41,0.00, 1.00
0.02,0.41,0.99, 0.00
0.02,0.41,0.01, 0.00
0.07,0.42,2.46, 0.50
0.01,0.41,0.00, 0.00
0.00,0.39,0.00, 0.00
0.00,0.40,0.00, 0.25
0.02,0.42,0.99, 0.75
0.02,0.41,0.01, 0.00
0.02,0.41,0.00, 0.00
0.02,0.42,0.00, 0.50
0.00,0.42,0.00, 0.00
0.02,0.42,0.99, 0.00
0.00,0.41,0.00, 0.00
0.04,0.42,1.97, 0.50
0.03,0.39,0.00, 0.00
0.03,0.41,0.00, 1.00
0.00,0.40,0.00, 0.00
0.00,0.41,0.00, 0.25
0.00,0.42,0.00, 0.50
0.00,0.42,0.00, 0.00
0.00,0.43,0.00, 0.50
0.00,0.45,0.00, 1.25
0.00,0.47,0.00, 0.75
0.00,0.49,0.00, 1.00
0.00,0.51,0.00, 1.25
0.00,0.54,0.00, 1.75
0.00,0.57,0.00, 1.25
0.00,0.61,0.00, 1.75
0.00,0.62,0.00, 1.00
0.00,0.64,0.00, 1.00
0.00,0.65,0.00, 0.50
0.06,0.69,2.96, 1.99
0.10,0.71,2.01, 0.75
0.10,0.76,0.03, 2.49
0.13,0.81,1.48, 2.50
0.20,0.86,3.47, 2.50
0.25,0.94,2.51, 4.24
0.35,1.05,4.96, 5.25
0.46,1.19,5.49, 6.99
0.59,1.31,6.49, 6.00
0.70,1.45,5.51, 7.25
0.83,1.62,6.49, 8.00
0.97,1.81,6.99, 9.49
1.15,1.98,8.97, 9.00
1.31,2.20,8.01, 10.99
1.46,2.41,7.51, 10.50
1.55,2.62,4.54, 10.50
1.63,2.83,4.01, 10.25
1.72,3.05,4.49, 10.75
1.86,3.26,6.96, 10.50
2.02,3.48,7.98, 11.25
2.14,3.64,6.03, 8.26
2.23,3.87,4.52, 11.24
2.27,4.05,2.04, 9.26
2.28,4.27,0.52, 10.50
2.28,4.46,0.01, 9.75
2.28,4.68,0.00, 10.75
2.28,4.89,0.00, 10.75
2.28,5.07,0.00, 9.26
2.28,5.28,0.00, 10.25
2.28,5.46,0.00, 9.00
2.28,5.61,0.00, 7.26
2.28,5.73,0.00, 6.25
2.28,5.88,0.00, 7.50
2.28,6.02,0.00, 7.25
2.28,6.16,0.00, 7.00
2.28,6.29,0.00, 6.25
2.28,6.39,0.00, 5.00
2.28,6.50,0.00, 5.50
2.28,6.62,0.00, 6.00
2.28,6.72,0.00, 5.00
2.28,6.89,0.00, 8.24
2.28,7.05,0.00, 8.50
2.28,7.22,0.00, 8.25
2.28,7.38,0.00, 8.00
2.28,7.51,0.00, 6.75
2.28,7.67,0.00, 7.75
2.28,7.84,0.00, 8.25
2.28,7.97,0.00, 6.51
2.28,8.09,0.00, 6.50
2.28,8.24,0.00, 7.50
2.28,8.41,0.00, 8.50
2.28,8.59,0.00, 8.75
2.28,8.78,0.00, 9.50
2.28,8.84,0.00, 3.02
2.28,9.09,0.00, 12.47
2.28,9.24,0.00, 7.27
2.28,9.38,0.00, 7.00
2.28,9.49,0.00, 5.75
2.28,9.60,0.00, 5.50
2.28,9.69,0.00, 4.75
2.28,9.82,0.00, 6.00
2.28,9.92,0.00, 5.25
2.28,10.02,0.00, 5.25
2.28,10.19,0.00, 8.49
2.28,10.37,0.00, 8.75
2.28,10.55,0.00, 8.75
2.28,10.69,0.00, 7.50
2.28,10.81,0.00, 5.51
2.28,10.86,0.00, 2.76
2.28,10.89,0.00, 1.50
2.28,10.90,0.00, 0.50
2.28,10.89,0.00, 0.00
2.28,10.85,0.00, 0.00
2.28,10.84,0.00, 0.00
2.28,10.84,0.00, 0.00
2.28,10.84,0.00, 0.00
2.28,10.84,0.00, 0.00
2.28,10.81,0.00, 0.00
2.28,10.77,0.00, 0.00
2.28,10.71,0.00, 0.00
2.28,10.64,0.00, 0.00
2.28,10.54,0.00, 0.00
2.28,10.43,0.00, 0.00
2.28,10.32,0.00, 0.00
2.28,10.20,0.00, 0.00
2.28,10.10,0.00, 0.00
2.28,10.01,0.00, 0.00
2.28,9.92,0.00, 0.00
2.28,9.81,0.00, 0.00
2.28,9.71,0.00, 0.00
2.28,9.62,0.00, 0.00
2.28,9.51,0.00, 0.00
2.28,9.40,0.00, 0.00
2.28,9.28,0.00, 0.00
2.28,9.16,0.00, 0.00
2.28,9.04,0.00, 0.00
2.28,8.90,0.00, 0.00
2.28,8.73,0.00, 0.00
2.28,8.54,0.00, 0.00
2.28,8.32,0.00, 0.00
2.28,8.06,0.00, 0.00
2.28,7.78,0.00, 0.00
2.28,7.51,0.00, 0.00
2.28,7.28,0.00, 0.00
2.28,7.04,0.00, 0.00
2.28,6.85,0.00, 0.00
2.28,6.66,0.00, 0.00
2.28,6.52,0.00, 0.00
2.28,6.37,0.00, 0.00
2.28,6.24,0.00, 0.00
2.28,6.09,0.00, 0.00
2.28,5.96,0.00, 0.00
2.28,5.84,0.00, 0.00
2.28,5.67,0.00, 0.00
2.28,5.52,0.00, 0.00
2.28,5.35,0.00, 0.00
2.28,5.19,0.00, 0.00
2.28,5.03,0.00, 0.00
2.28,4.88,0.00, 0.00
2.28,4.74,0.00, 0.00
2.28,4.60,0.00, 0.00
2.28,4.47,0.00, 0.00
2.28,4.32,0.00, 0.00
2.28,4.20,0.00, 0.00
2.28,4.09,0.00, 0.00
2.28,4.00,0.00, 0.00
2.28,3.92,0.00, 0.00
2.28,3.85,0.00, 0.00
2.28,3.76,0.00, 0.00
2.28,3.68,0.00, 0.00
2.28,3.58,0.00, 0.00
2.28,3.51,0.00, 0.00
2.28,3.42,0.00, 0.00
2.28,3.37,0.00, 0.00
2.28,3.30,0.00, 0.00
2.28,3.21,0.00, 0.00
2.28,3.12,0.00, 0.00
2.28,3.06,0.00, 0.00
2.28,2.99,0.00, 0.00
2.28,2.89,0.00, 0.00
2.28,2.80,0.00, 0.00
2.15,2.74,0.00, 0.00
0.09,2.67,0.00, 0.00
0.60,2.55,25.12, 0.00
1.62,2.44,50.62, 0.00
1.97,2.33,17.99, 0.00
1.85,2.25,0.00, 0.00
1.39,2.14,0.00, 0.00
0.91,2.03,0.00, 0.00
1.03,1.91,5.91, 0.00
1.42,1.76,19.30, 0.00
1.46,1.61,2.25, 0.00
1.42,1.46,0.00, 0.00
1.46,1.31,1.97, 0.00
1.27,1.14,0.00, 0.00
0.95,1.00,0.00, 0.00
1.01,0.87,2.96, 0.00
1.31,0.75,14.82, 0.00
1.26,0.64,0.00, 0.00
0.88,0.56,0.00, 0.00
0.37,0.48,0.00, 0.00
0.00,0.44,0.00, 0.00
0.00,0.41,0.00, 0.00
0.04,0.42,1.97, 0.25
0.16,0.42,5.94, 0.00
0.05,0.41,0.00, 0.00
0.00,0.39,0.00, 0.00
0.00,0.40,0.00, 0.25
0.09,0.41,4.43, 0.25
0.04,0.41,0.00, 0.00
0.00,0.41,0.00, 0.00
0.00,0.39,0.00, 0.00
0.07,0.40,3.45, 0.25
0.12,0.41,2.51, 0.25
0.02,0.42,0.00, 0.50
0.00,0.42,0.00, 0.00
0.00,0.40,0.00, 0.00
0.08,0.40,3.94, 0.00
0.10,0.40,1.04, 0.00
0.02,0.40,0.00, 0.00
0.00,0.41,0.00, 0.50
0.00,0.41,0.00, 0.00
0.08,0.42,3.94, 0.50
0.08,0.42,0.06, 0.00
0.01,0.42,0.00, 0.00
0.00,0.42,0.00, 0.00
0.00,0.41,0.00, 0.00
0.04,0.41,1.97, 0.00
0.07,0.41,1.51, 0.00
0.01,0.39,0.00, 0.00
0.00,0.40,0.00, 0.50
0.00,0.40,0.00, 0.00
0.02,0.41,0.99, 0.25
0.05,0.41,1.49, 0.00
0.03,0.41,0.00, 0.00
0.00,0.42,0.00, 0.50
0.00,0.41,0.00, 0.00
0.02,0.42,0.99, 0.50
0.00,0.41,0.00, 0.00
0.00,0.41,0.00, 0.00
0.02,0.41,0.99, 0.00
0.02,0.42,0.01, 0.50
0.02,0.41,0.00, 0.00
0.00,0.41,0.00, 0.00
0.02,0.41,0.99, 0.00
0.02,0.42,0.01, 0.50
0.02,0.40,0.00, 0.00
0.02,0.41,0.00, 0.50
0.00,0.40,0.00, 0.00
0.00,0.42,0.00, 0.75
0.02,0.42,0.99, 0.00
0.02,0.41,0.01, 0.00
0.02,0.41,0.00, 0.00
0.02,0.42,0.00, 0.50
0.02,0.42,0.00, 0.00
0.05,0.40,1.48, 0.00
0.03,0.40,0.00, 0.00
0.03,0.40,0.00, 0.00
0.00,0.43,0.00, 1.25
0.00,0.41,0.00, 0.00
0.02,0.42,0.99, 0.50
0.02,0.41,0.01, 0.00
0.00,0.41,0.00, 0.00
0.02,0.41,0.99, 0.00
0.00,0.41,0.00, 0.00
0.02,0.42,0.99, 0.50
0.02,0.42,0.01, 0.00
0.02,0.43,0.00, 0.50
0.02,0.42,0.00, 0.00
0.02,0.41,0.00, 0.00
0.02,0.42,0.00, 0.50
0.02,0.42,0.00, 0.00
0.00,0.42,0.00, 0.00
0.02,0.43,0.99, 0.50
0.00,0.41,0.00, 0.00
0.00,0.42,0.00, 0.50
0.02,0.42,0.99, 0.00
0.02,0.42,0.01, 0.00
0.02,0.41,0.00, 0.00
0.02,0.41,0.00, 0.00
0.00,0.45,0.00, 2.49
0.00,0.52,0.00, 3.50
0.00,0.60,0.00, 3.50
0.00,0.67,0.00, 3.75
0.00,0.76,0.00, 4.50
0.00,0.86,0.00, 5.00
0.00,0.97,0.00, 5.25
0.00,1.09,0.00, 6.25
0.17,1.26,8.37, 8.49
0.36,1.46,9.48, 9.99
0.53,1.67,8.51, 10.75
0.75,1.94,10.96, 13.24
0.97,2.23,11.00, 14.50
1.19,2.55,11.00, 15.99
1.41,2.89,11.00, 17.25
1.63,3.24,11.00, 17.00
1.87,3.60,11.99, 18.25
2.07,3.96,10.03, 18.00
2.19,4.35,6.06, 19.25
2.26,4.74,3.54, 19.50
2.28,5.11,1.04, 18.50
2.30,5.44,1.00, 16.76
2.28,5.76,0.00, 15.75
2.28,6.05,0.00, 14.75
2.28,6.34,0.00, 14.50
2.28,6.60,0.00, 13.01
2.28,6.86,0.00, 13.00
2.28,7.04,0.00, 9.01
2.28,7.20,0.00, 8.00
2.28,7.32,0.00, 6.26
2.28,7.44,0.00, 5.75
2.28,7.52,0.00, 4.26
2.28,7.61,0.00, 4.25
2.28,7.72,0.00, 5.25
2.28,7.80,0.00, 4.00
2.28,7.89,0.00, 4.75
2.28,8.02,0.00, 6.49
2.28,8.04,0.00, 1.02
2.28,8.12,0.00, 4.24
2.28,8.20,0.00, 4.00
2.28,8.25,0.00, 2.51
2.28,8.27,0.00, 1.01
2.28,8.30,0.00, 1.25
2.28,8.32,0.00, 0.75
2.28,8.33,0.00, 0.75
2.28,8.31,0.00, 0.00
2.28,8.27,0.00, 0.00
2.28,8.22,0.00, 0.00
2.26,8.17,0.00, 0.00
2.28,8.09,0.99, 0.00
2.28,8.01,0.01, 0.00
2.28,7.93,0.00, 0.00
2.28,7.84,0.00, 0.00
2.28,7.74,0.00, 0.00
2.28,7.59,0.00, 0.00
2.28,7.47,0.00, 0.00
2.28,7.30,0.00, 0.00
2.28,7.20,0.00, 0.00
2.28,6.99,0.00, 0.00
2.28,6.85,0.00, 0.00
2.28,6.68,0.00, 0.00
2.28,6.54,0.00, 0.00
2.28,6.39,0.00, 0.00
2.28,6.30,0.00, 0.00
2.28,6.18,0.00, 0.00
2.28,6.02,0.00, 0.00
2.28,5.90,0.00, 0.00
2.28,5.78,0.00, 0.00
2.28,5.66,0.00, 0.00
2.28,5.55,0.00, 0.00
2.28,5.44,0.00, 0.00
2.28,5.32,0.00, 0.00
2.28,5.24,0.00, 0.00
2.28,5.15,0.00, 0.00
2.28,5.09,0.00, 0.00
2.28,5.03,0.00, 0.00
2.28,4.97,0.00, 0.00
2.28,4.93,0.00, 0.00
2.28,4.85,0.00, 0.00
2.28,4.81,0.00, 0.00
2.28,4.70,0.00, 0.00
2.28,4.62,0.00, 0.00
2.28,4.62,0.00, 0.00
2.28,4.57,0.00, 0.00
2.28,4.53,0.00, 0.00
2.28,4.48,0.00, 0.00
2.28,4.43,0.00, 0.00
2.28,4.42,0.00, 0.00
2.28,4.36,0.00, 0.00
2.28,4.29,0.00, 0.00
2.28,4.24,0.00, 0.00
2.28,4.18,0.00, 0.00
2.28,4.14,0.00, 0.00
2.28,4.02,0.00, 0.00
2.28,3.92,0.00, 0.00
2.28,3.84,0.00, 0.00
2.28,3.76,0.00, 0.00
2.28,3.68,0.00, 0.00
2.28,3.61,0.00, 0.00
2.28,3.51,0.00, 0.00
2.28,3.45,0.00, 0.00
2.28,3.38,0.00, 0.00
2.28,3.33,0.00, 0.00
2.28,3.26,0.00, 0.00
2.28,3.26,0.00, 0.00
2.28,3.20,0.00, 0.00
2.28,3.09,0.00, 0.00
2.28,3.06,0.00, 0.00
2.28,2.93,0.00, 0.00
2.28,2.85,0.00, 0.00
2.28,2.76,0.00, 0.00
2.28,2.76,0.00, 0.00
2.28,2.65,0.00, 0.00
2.28,2.65,0.00, 0.00
2.28,2.57,0.00, 0.00
2.28,2.44,0.00, 0.00
2.28,2.31,0.00, 0.00
1.13,2.22,0.00, 0.00
0.00,2.07,0.00, 0.00
0.51,1.88,25.12, 0.00
1.47,1.73,47.66, 0.00
1.77,1.57,15.48, 0.00
1.44,1.42,0.00, 0.00
0.61,1.28,0.00, 0.00
0.04,1.13,0.00, 0.00
0.33,1.00,14.29, 0.00
0.69,0.87,17.95, 0.00
0.57,0.75,0.00, 0.00
0.46,0.65,0.00, 0.00
0.42,0.55,0.00, 0.00
0.15,0.48,0.00, 0.00
0.15,0.48,0.00, 0.00
0.00,0.44,0.00, 0.00
0.08,0.42,3.94, 0.00
0.32,0.42,11.88, 0.00
0.17,0.39,0.00, 0.00
0.00,0.39,0.00, 0.00
0.00,0.40,0.00, 0.50
0.00,0.38,0.00, 0.00
0.24,0.40,11.82, 0.75
0.35,0.39,5.59, 0.00
0.09,0.41,0.00, 1.00
0.00,0.39,0.00, 0.00
0.00,0.40,0.00, 0.50
0.09,0.40,4.43, 0.00
0.30,0.43,10.41, 1.25
0.15,0.43,0.00, 0.25
0.00,0.42,0.00, 0.00
0.00,0.42,0.00, 0.00
0.00,0.43,0.00, 0.25
0.02,0.42,0.99, 0.00
0.13,0.42,5.43, 0.00
0.09,0.42,0.00, 0.00
0.00,0.39,0.00, 0.00
0.00,0.39,0.00, 0.00
0.02,0.40,0.99, 0.50
0.09,0.41,3.46, 0.25
0.09,0.41,3.46, 0.25
0.08,0.41,0.00, 0.00
0.08,0.41,0.00, 0.00
0.00,0.41,0.00, 0.00
0.00,0.41,0.00, 0.00
0.00,0.40,0.00, 0.00
0.06,0.40,2.96, 0.00
0.05,0.41,0.00, 0.50
0.07,0.42,0.99, 0.25
0.01,0.41,0.00, 0.00
0.00,0.41,0.00, 0.00
0.00,0.42,0.00, 0.50
0.01,0.39,0.49, 0.00
0.07,0.41,2.96, 1.00
0.05,0.39,0.00, 0.00
0.03,0.41,0.00, 1.00
0.00,0.39,0.00, 0.00
0.00,0.39,0.00, 0.00
0.00,0.39,0.00, 0.00
0.03,0.39,1.48, 0.25
0.09,0.40,2.98, 0.25
0.08,0.40,0.00, 0.00
0.00,0.41,0.00, 0.25
0.00,0.41,0.00, 0.00
0.00,0.41,0.00, 0.00
0.01,0.39,0.49, 0.00
0.07,0.40,2.96, 0.25
0.07,0.40,2.96, 0.25
0.07,0.40,2.96, 0.25
0.07,0.40,2.96, 0.25
0.03,0.41,0.00, 0.25
0.03,0.42,0.00, 0.50
0.00,0.42,0.00, 0.00
0.01,0.42,0.49, 0.00
0.04,0.42,1.49, 0.00
0.07,0.42,1.50, 0.00
0.03,0.42,0.00, 0.00
0.01,0.40,0.00, 0.00
0.00,0.40,0.00, 0.00
0.00,0.41,0.00, 0.50
0.02,0.42,0.99, 0.25
0.05,0.41,1.49, 0.00
0.01,0.41,0.00, 0.00
0.00,0.41,0.00, 0.00
0.00,0.41,0.00, 0.00
0.00,0.41,0.00, 0.00
0.00,0.41,0.00, 0.00
0.04,0.41,1.97, 0.00
0.05,0.42,0.52, 0.50
0.03,0.42,0.00, 0.00
0.00,0.41,0.00, 0.00
0.00,0.42,0.00, 0.50
0.00,0.41,0.00, 0.00
0.06,0.42,2.96, 0.50
0.03,0.39,0.00, 0.00
0.00,0.40,0.00, 0.50
0.00,0.41,0.00, 0.50
0.00,0.42,0.00, 0.25
0.02,0.42,0.99, 0.00
0.04,0.42,1.00, 0.00
0.05,0.42,0.51, 0.00
0.01,0.41,0.00, 0.00
0.01,0.41,0.00, 0.00
0.01,0.41,0.00, 0.00
0.00,0.41,0.00, 0.00
0.02,0.41,0.99, 0.00
0.00,0.41,0.00, 0.00
0.00,0.41,0.00, 0.00
0.02,0.41,0.99, 0.00
0.02,0.41,0.99, 0.00
0.02,0.41,0.99, 0.00
0.05,0.39,1.49, 0.00
0.00,0.39,0.00, 0.00
0.00,0.42,0.00, 1.25
0.02,0.42,0.99, 0.00
0.07,0.42,2.48, 0.00
0.03,0.42,0.00, 0.00
0.01,0.39,0.00, 0.00
0.00,0.41,0.00, 1.00
0.00,0.41,0.00, 0.00
0.02,0.41,0.99, 0.00
0.02,0.39,0.01, 0.00
0.02,0.40,0.00, 0.50
0.00,0.40,0.00, 0.00
0.00,0.42,0.00, 0.75
0.02,0.41,0.99, 0.00
0.02,0.41,0.99, 0.00
0.02,0.41,0.99, 0.00
0.02,0.41,0.01, 0.00
0.07,0.42,2.46, 0.50
0.01,0.42,0.00, 0.00
0.00,0.41,0.00, 0.00
0.00,0.40,0.00, 0.00
0.02,0.41,0.99, 0.50
0.00,0.41,0.00, 0.00
0.02,0.41,0.99, 0.00
0.02,0.42,0.01, 0.50
0.00,0.43,0.00, 0.50
0.00,0.41,0.00, 0.00
0.02,0.41,0.99, 0.00
0.02,0.41,0.01, 0.00
0.02,0.41,0.01, 0.00
0.02,0.42,0.00, 0.50
0.02,0.41,0.00, 0.00
0.00,0.41,0.00, 0.00
0.00,0.41,0.00, 0.00
0.02,0.41,0.99, 0.00
0.02,0.42,0.01, 0.50
0.00,0.42,0.00, 0.00
0.00,0.42,0.00, 0.00
0.00,0.42,0.00, 0.00
0.02,0.42,0.99, 0.00
0.02,0.42,0.01, 0.00
0.02,0.42,0.00, 0.00
0.02,0.38,0.00, 0.00
0.00,0.41,0.00, 1.49
0.00,0.39,0.00, 0.00
0.00,0.40,0.00, 0.50
0.00,0.40,0.00, 0.50
0.00,0.40,0.00, 0.50
0.02,0.41,0.99, 0.25
0.02,0.43,0.01, 1.00
0.02,0.39,0.00, 0.00
0.00,0.40,0.00, 0.25
0.00,0.42,0.00, 0.75
0.02,0.42,0.99, 0.00
0.02,0.42,0.01, 0.00
0.02,0.42,0.00, 0.00
0.02,0.41,0.00, 0.00
0.02,0.39,0.00, 0.00
0.00,0.40,0.00, 0.50
0.02,0.41,0.99, 0.50
0.02,0.42,0.01, 0.25
0.02,0.41,0.00, 0.00
0.02,0.42,0.00, 0.50
0.02,0.42,0.00, 0.50
0.00,0.42,0.00, 0.00
0.00,0.42,0.00, 0.00
0.02,0.41,0.99, 0.00
0.02,0.41,0.01, 0.00
0.02,0.42,0.00, 0.50
0.02,0.42,0.00, 0.00
0.00,0.42,0.00, 0.00
0.00,0.41,0.00, 0.00
0.00,0.42,0.00, 0.50
0.02,0.40,0.99, 0.00
0.00,0.40,0.00, 0.00
0.02,0.40,0.99, 0.00
0.00,0.42,0.00, 0.75
0.02,0.42,0.99, 0.00
0.02,0.42,0.99, 0.00
0.02,0.42,0.01, 0.00
0.02,0.42,0.00, 0.00
0.02,0.42,0.00, 0.00
0.00,0.39,0.00, 0.00
0.02,0.40,0.99, 0.50
0.00,0.40,0.00, 0.00
0.00,0.42,0.00, 0.75
0.00,0.42,0.00, 0.00
0.00,0.42,0.00, 0.00
0.00,0.41,0.00, 0.00
0.00,0.42,0.00, 0.50
0.02,0.41,0.99, 0.00
0.02,0.41,0.01, 0.00
0.02,0.39,0.00, 0.00
0.00,0.41,0.00, 1.00
0.00,0.40,0.00, 0.00
0.00,0.42,0.00, 0.75
0.00,0.42,0.00, 0.75
0.00,0.42,0.00, 0.75
0.00,0.42,0.00, 0.75
0.00,0.42,0.00, 0.00
0.04,0.41,1.97, 0.00
0.01,0.42,0.00, 0.50
0.00,0.41,0.00, 0.00
0.02,0.42,0.99, 0.50
0.02,0.41,0.01, 0.00
0.00,0.41,0.00, 0.00
0.02,0.42,0.99, 0.50
0.00,0.39,0.00, 0.00
0.00,0.40,0.00, 0.25
0.00,0.41,0.00, 0.25
0.00,0.42,0.00, 0.50
0.00,0.41,0.00, 0.00
0.02,0.42,0.99, 0.50
0.00,0.42,0.00, 0.00
0.02,0.42,0.99, 0.00
0.02,0.41,0.01, 0.00
0.02,0.41,0.01, 0.00
0.02,0.41,0.00, 0.00
0.02,0.41,0.00, 0.00
0.05,0.39,1.48, 0.00
0.03,0.40,0.00, 0.50
0.00,0.41,0.00, 0.50
0.00,0.42,0.00, 0.25
0.02,0.42,0.99, 0.00
0.02,0.42,0.01, 0.00
0.00,0.41,0.00, 0.00
0.00,0.42,0.00, 0.50
0.02,0.41,0.99, 0.00
0.00,0.42,0.00, 0.50
0.02,0.42,0.99, 0.00
0.02,0.42,0.01, 0.00
0.00,0.42,0.00, 0.00
0.00,0.41,0.00, 0.00
0.02,0.42,0.99, 0.50
0.02,0.42,0.01, 0.00
0.02,0.42,0.00, 0.00
0.02,0.42,0.00, 0.00
0.00,0.42,0.00, 0.00
0.00,0.41,0.00, 0.00
0.02,0.41,0.99, 0.00
0.02,0.39,0.01, 0.00
0.02,0.41,0.00, 0.75
0.00,0.42,0.00, 0.25
0.00,0.42,0.00, 0.00
0.00,0.42,0.00, 0.00
0.02,0.42,0.99, 0.00
0.00,0.40,0.00, 0.00
0.00,0.40,0.00, 0.00
0.02,0.41,0.99, 0.50
0.02,0.41,0.01, 0.00
0.02,0.42,0.00, 0.25
0.02,0.42,0.00, 0.25
0.02,0.42,0.00, 0.00
0.02,0.42,0.00, 0.00
0.02,0.42,0.00, 0.00
0.02,0.41,0.00, 0.00
0.02,0.41,0.00, 0.00
0.00,0.41,0.00, 0.50
0.00,0.41,0.00, 0.00
0.00,0.41,0.00, 0.00
0.02,0.42,0.99, 0.50
0.02,0.42,0.01, 0.00
0.02,0.41,0.00, 0.00
0.02,0.41,0.00, 0.00
0.02,0.42,0.00, 0.50
0.00,0.43,0.00, 0.50
0.00,0.42,0.00, 0.00
0.02,0.42,0.99, 0.00
0.00,0.41,0.00, 0.00
0.00,0.42,0.00, 0.50
0.00,0.42,0.00, 0.50
0.00,0.42,0.00, 0.50
0.02,0.41,0.99, 0.00
0.02,0.42,0.01, 0.50
0.02,0.42,0.00, 0.00
0.02,0.42,0.00, 0.00
0.02,0.42,0.00, 0.00
0.02,0.42,0.00, 0.00
0.00,0.42,0.00, 0.00
0.02,0.41,0.99, 0.00
0.02,0.41,0.01, 0.00
0.02,0.41,0.00, 0.50
0.02,0.42,0.00, 0.00
0.02,0.42,0.00, 0.00
0.00,0.41,0.00, 0.00
0.00,0.42,0.00, 0.50
0.00,0.42,0.00, 0.00
0.00,0.41,0.00, 0.00
0.00,0.42,0.00, 0.50
0.00,0.42,0.00, 0.00
0.00,0.42,0.00, 0.00
0.00,0.42,0.00, 0.00
0.00,0.43,0.00, 0.50
0.02,0.42,0.99, 0.00
0.00,0.42,0.00, 0.00
0.00,0.42,0.00, 0.00
0.00,0.41,0.00, 0.00
0.00,0.41,0.00, 0.00
0.00,0.41,0.00, 0.00
0.00,0.39,0.00, 0.00
0.00,0.39,0.00, 0.00
0.00,0.39,0.00, 0.00
0.00,0.39,0.00, 0.00
0.00,0.40,0.00, 0.50
0.00,0.39,0.00, 0.00
0.00,0.39,0.00, 0.00
0.00,0.41,0.00, 1.00
0.00,0.41,0.00, 0.00
0.00,0.41,0.00, 0.00
0.00,0.44,0.00, 1.49
0.00,0.44,0.00, 1.49
0.00,0.42,0.00, 0.00
0.00,0.42,0.00, 0.00
0.00,0.41,0.00, 0.00
0.00,0.39,0.00, 0.00
0.00,0.40,0.00, 0.50
0.00,0.40,0.00, 0.00
0.00,0.41,0.00, 0.25
0.00,0.41,0.00, 0.00
0.00,0.41,0.00, 0.00
0.00,0.41,0.00, 0.00
0.00,0.41,0.00, 0.00
0.00,0.41,0.00, 0.00
0.00,0.42,0.00, 0.50
0.00,0.42,0.00, 0.00
0.00,0.42,0.00, 0.00
0.00,0.41,0.00, 0.00
0.00,0.42,0.00, 0.50
0.00,0.41,0.00, 0.00
0.00,0.41,0.00, 0.00
0.00,0.42,0.00, 0.50
0.00,0.39,0.00, 0.00
0.00,0.40,0.00, 0.50
0.00,0.40,0.00, 0.00
0.00,0.41,0.00, 0.25
0.00,0.41,0.00, 0.00
0.00,0.41,0.00, 0.00
0.00,0.41,0.00, 0.00
0.00,0.41,0.00, 0.00
0.00,0.43,0.00, 1.00
0.00,0.41,0.00, 0.00
0.00,0.41,0.00, 0.25
0.00,0.40,0.00, 0.00
0.00,0.42,0.00, 0.75
0.00,0.42,0.00, 0.00
0.00,0.42,0.00, 0.00
0.00,0.42,0.00, 0.00
0.00,0.41,0.00, 0.00
0.00,0.41,0.00, 0.00
0.00,0.42,0.00, 0.50
0.00,0.41,0.00, 0.00
0.00,0.41,0.00, 0.00
0.00,0.41,0.00, 0.00
0.00,0.41,0.00, 0.00
0.00,0.39,0.00, 0.00
0.00,0.41,0.00, 1.00
0.00,0.41,0.00, 0.00
0.00,0.42,0.00, 0.25
0.00,0.42,0.00, 0.00
0.00,0.42,0.00, 0.00
0.00,0.42,0.00, 0.00
0.00,0.42,0.00, 0.00
0.00,0.42,0.00, 0.00
0.00,0.42,0.00, 0.00
0.00,0.41,0.00, 0.00
0.00,0.41,0.00, 0.00
0.00,0.41,0.00, 0.00
0.00,0.41,0.00, 0.00
0.00,0.39,0.00, 0.00
0.00,0.39,0.00, 0.00
0.00,0.40,0.00, 0.50
0.00,0.40,0.00, 0.00
0.00,0.41,0.00, 0.25
0.00,0.42,0.00, 0.50
0.00,0.41,0.00, 0.00
0.00,0.42,0.00, 0.50
0.00,0.42,0.00, 0.00
0.00,0.40,0.00, 0.00
0.00,0.40,0.00, 0.00
0.00,0.41,0.00, 0.50
0.00,0.41,0.00, 0.00
0.00,0.41,0.00, 0.00
0.00,0.42,0.00, 0.50
0.00,0.41,0.00, 0.00
0.00,0.39,0.00, 0.00
0.00,0.40,0.00, 0.50
0.00,0.40,0.00, 0.00
0.00,0.40,0.00, 0.00
0.00,0.41,0.00, 0.25
0.00,0.41,0.00, 0.00
0.00,0.41,0.00, 0.00
0.00,0.42,0.00, 0.50
0.00,0.42,0.00, 0.00
0.00,0.42,0.00, 0.00
0.00,0.42,0.00, 0.00
0.00,0.41,0.00, 0.00
0.00,0.41,0.00, 0.00
0.00,0.42,0.00, 0.50
0.00,0.41,0.00, 0.00
0.00,0.42,0.00, 0.50
0.00,0.40,0.00, 0.00
0.00,0.41,0.00, 0.50
0.00,0.41,0.00, 0.00
0.00,0.39,0.00, 0.00
0.00,0.42,0.00, 1.00
0.00,0.42,0.00, 1.00
0.00,0.41,0.00, 0.00
0.00,0.41,0.00, 0.00
0.00,0.42,0.00, 0.50
0.00,0.39,0.00, 0.00
0.00,0.40,0.00, 0.50
0.00,0.40,0.00, 0.00
0.00,0.42,0.00, 0.75
0.00,0.42,0.00, 0.00
0.00,0.42,0.00, 0.00
0.00,0.41,0.00, 0.00
0.00,0.40,0.00, 0.00
0.00,0.41,0.00, 0.50
0.00,0.41,0.00, 0.00
0.00,0.41,0.00, 0.00
0.00,0.39,0.00, 0.00
0.00,0.39,0.00, 0.00
0.00,0.40,0.00, 0.25
0.00,0.41,0.00, 0.25
0.00,0.41,0.00, 0.00
0.00,0.41,0.00, 0.00
0.00,0.42,0.00, 0.50
0.00,0.40,0.00, 0.00
0.00,0.39,0.00, 0.00
0.00,0.40,0.00, 0.50
0.00,0.40,0.00, 0.50
0.00,0.40,0.00, 0.00
0.00,0.42,0.00, 0.75
0.00,0.41,0.00, 0.00
0.00,0.39,0.00, 0.00
0.00,0.40,0.00, 0.50
0.00,0.40,0.00, 0.50
0.00,0.41,0.00, 0.50
0.00,0.42,0.00, 0.25
0.00,0.42,0.00, 0.00
0.00,0.42,0.00, 0.00
0.00,0.42,0.00, 0.00
0.00,0.41,0.00, 0.00
0.00,0.42,0.00, 0.50
0.00,0.41,0.00, 0.00
0.00,0.41,0.00, 0.00
0.00,0.42,0.00, 0.50
0.00,0.42,0.00, 0.00
0.00,0.42,0.00, 0.00
0.00,0.43,0.00, 0.50
0.00,0.41,0.00, 0.00
0.00,0.42,0.00, 0.50
0.00,0.41,0.00, 0.00
0.00,0.41,0.00, 0.00
0.00,0.41,0.00, 0.00
0.00,0.41,0.00, 0.00
0.00,0.41,0.00, 0.00
0.00,0.41,0.00, 0.00
0.00,0.42,0.00, 0.50
0.00,0.41,0.00, 0.00
0.00,0.39,0.00, 0.00
0.00,0.40,0.00, 0.50
0.00,0.41,0.00, 0.50
0.00,0.40,0.00, 0.00
0.00,0.40,0.00, 0.00
0.00,0.41,0.00, 0.50
0.00,0.40,0.00, 0.00
0.00,0.42,0.00, 0.75
0.00,0.41,0.00, 0.00
0.00,0.42,0.00, 0.50
0.00,0.42,0.00, 0.00
0.00,0.42,0.00, 0.00
0.00,0.42,0.00, 0.00
0.00,0.42,0.00, 0.00
0.00,0.42,0.00, 0.00
0.00,0.42,0.00, 0.00
0.00,0.42,0.00, 0.00
0.00,0.42,0.00, 0.00
0.00,0.42,0.00, 0.00
0.00,0.42,0.00, 0.00
0.00,0.42,0.00, 0.00
0.00,0.42,0.00, 0.00
0.00,0.41,0.00, 0.00
0.00,0.42,0.00, 0.50
0.00,0.42,0.00, 0.00
0.00,0.42,0.00, 0.00
0.00,0.42,0.00, 0.00
0.00,0.41,0.00, 0.00
0.00,0.39,0.00, 0.00
0.00,0.41,0.00, 1.00
0.00,0.41,0.00, 0.00
0.00,0.42,0.00, 0.25
0.00,0.41,0.00, 0.00
0.00,0.41,0.00, 0.00
0.00,0.41,0.00, 0.00
0.00,0.39,0.00, 0.00
0.00,0.40,0.00, 0.25
0.00,0.41,0.00, 0.25
0.00,0.41,0.00, 0.00
0.00,0.42,0.00, 0.50
0.00,0.42,0.00, 0.00
0.00,0.41,0.00, 0.00
0.00,0.42,0.00, 0.50
0.00,0.42,0.00, 0.00
0.00,0.42,0.00, 0.00
0.00,0.42,0.00, 0.00
0.00,0.42,0.00, 0.00
0.00,0.41,0.00, 0.00
0.00,0.41,0.00, 0.00
0.00,0.42,0.00, 0.50
0.00,0.42,0.00, 0.00
0.00,0.41,0.00, 0.00
0.00,0.41,0.00, 0.00
0.00,0.41,0.00, 0.00
0.00,0.41,0.00, 0.00
0.00,0.39,0.00, 0.00
0.00,0.40,0.00, 0.25
0.00,0.41,0.00, 0.25
0.00,0.41,0.00, 0.25
0.00,0.41,0.00, 0.50
0.00,0.42,0.00, 0.00
0.00,0.42,0.00, 0.00
0.00,0.42,0.00, 0.00
0.00,0.43,0.00, 0.50
0.00,0.41,0.00, 0.00
0.00,0.42,0.00, 0.25
0.00,0.38,0.00, 0.00
0.00,0.40,0.00, 0.75
0.00,0.40,0.00, 0.25
0.00,0.42,0.00, 0.75
0.00,0.42,0.00, 0.75
0.00,0.42,0.00, 0.00
0.00,0.42,0.00, 0.00
0.00,0.42,0.00, 0.00
0.00,0.43,0.00, 0.50
0.00,0.41,0.00, 0.00
0.00,0.42,0.00, 0.25
0.00,0.41,0.00, 0.00
0.00,0.41,0.00, 0.00
0.00,0.42,0.00, 0.50
0.00,0.42,0.00, 0.00
0.00,0.42,0.00, 0.00
0.00,0.42,0.00, 0.00
0.00,0.40,0.00, 0.00
0.00,0.40,0.00, 0.00
0.00,0.40,0.00, 0.00
0.00,0.41,0.00, 0.50
0.00,0.42,0.00, 0.25
0.00,0.39,0.00, 0.00
0.00,0.42,0.00, 1.49
0.00,0.42,0.00, 1.49
0.00,0.42,0.00, 0.00
0.00,0.41,0.00, 0.00
0.00,0.41,0.00, 0.00
0.00,0.41,0.00, 0.00
0.00,0.42,0.00, 0.50
0.00,0.42,0.00, 0.00
0.00,0.43,0.00, 0.50
0.00,0.42,0.00, 0.00
0.00,0.41,0.00, 0.00
0.00,0.39,0.00, 0.00
0.00,0.40,0.00, 0.25
0.00,0.42,0.00, 0.75
0.00,0.42,0.00, 0.00
0.00,0.42,0.00, 0.00
0.00,0.42,0.00, 0.00
0.00,0.39,0.00, 0.00
0.00,0.40,0.00, 0.50
0.00,0.40,0.00, 0.00
0.00,0.41,0.00, 0.25
0.00,0.41,0.00, 0.25
0.00,0.41,0.00, 0.00
0.00,0.42,0.00, 0.50
0.00,0.41,0.00, 0.00
0.00,0.42,0.00, 0.50
0.00,0.44,0.00, 1.50
0.00,0.48,0.00, 1.75
0.00,0.48,0.00, 1.75
0.00,0.53,0.00, 2.50
0.00,0.59,0.00, 2.75
0.00,0.63,0.00, 2.25
0.00,0.67,0.00, 2.00
0.00,0.72,0.00, 2.25
0.00,0.81,0.00, 4.49
0.00,0.93,0.00, 5.99
0.00,1.06,0.00, 6.50
0.00,1.06,0.00, 6.50
0.00,1.18,0.00, 6.50
0.00,1.32,0.00, 6.75
0.00,1.48,0.00, 7.75
0.05,1.66,2.46, 9.49
0.14,1.91,4.47, 12.49
0.27,2.24,6.47, 16.24
0.42,2.65,7.48, 20.48
0.63,3.09,10.46, 22.24
0.82,3.53,9.51, 21.75
1.10,4.00,13.93, 23.49
1.10,4.00,13.93, 23.49
1.31,4.41,10.55, 20.76
1.50,4.82,9.52, 20.00
1.65,5.14,7.53, 16.26
1.74,5.45,4.54, 15.75
1.79,5.74,2.53, 14.26
1.82,6.05,1.52, 15.25
1.91,6.34,4.46, 14.50
2.01,6.62,4.99, 14.25
2.10,6.84,4.51, 11.01
2.18,7.03,4.01, 9.75
2.18,7.03,4.01, 9.75
2.22,7.17,2.03, 6.76
2.25,7.28,1.51, 5.26
2.26,7.40,0.51, 6.50
2.24,7.51,0.00, 5.50
2.23,7.58,0.00, 3.26
2.23,7.63,0.00, 2.50
2.23,7.72,0.00, 4.24
2.23,7.82,0.00, 5.50
2.23,7.82,0.00, 5.50
2.23,7.93,0.00, 5.25
2.23,7.93,0.00, 5.25
2.23,8.01,0.00, 3.76
2.23,8.07,0.00, 3.50
2.23,8.09,0.00, 0.51
2.23,8.07,0.00, 0.00
2.23,8.04,0.00, 0.00
2.23,8.00,0.00, 0.00
2.23,8.00,0.00, 0.00
2.23,7.93,0.00, 0.00
2.23,7.86,0.00, 0.00
2.23,7.84,0.00, 0.00
2.23,7.82,0.00, 0.00
2.23,7.81,0.00, 0.00
2.23,7.78,0.00, 0.00
2.23,7.76,0.00, 0.00
2.23,7.71,0.00, 0.00
2.23,7.64,0.00, 0.00
2.23,7.56,0.00, 0.00
2.23,7.47,0.00, 0.00
2.23,7.39,0.00, 0.00
2.23,7.39,0.00, 0.00
2.23,7.30,0.00, 0.00
2.23,7.22,0.00, 0.00
2.23,7.09,0.00, 0.00
2.23,6.98,0.00, 0.00
2.23,6.98,0.00, 0.00
2.23,6.84,0.00, 0.00
2.23,6.72,0.00, 0.00
2.23,6.57,0.00, 0.00
2.23,6.44,0.00, 0.00
2.23,6.30,0.00, 0.00
2.23,6.14,0.00, 0.00
2.23,5.98,0.00, 0.00
2.23,5.82,0.00, 0.00
2.23,5.82,0.00, 0.00
2.23,5.64,0.00, 0.00
2.23,5.48,0.00, 0.00
2.23,5.35,0.00, 0.00
2.23,5.23,0.00, 0.00
2.23,5.11,0.00, 0.00
2.23,5.01,0.00, 0.00
2.23,5.01,0.00, 0.00
2.23,4.95,0.00, 0.00
2.23,4.82,0.00, 0.00
2.23,4.71,0.00, 0.00
2.23,4.62,0.00, 0.00
2.23,4.54,0.00, 0.00
2.23,4.44,0.00, 0.00
2.23,4.44,0.00, 0.00
2.23,4.40,0.00, 0.00
2.23,4.31,0.00, 0.00
2.23,4.24,0.00, 0.00
2.23,4.17,0.00, 0.00
2.23,4.11,0.00, 0.00
2.23,4.05,0.00, 0.00
2.23,3.99,0.00, 0.00
2.23,3.95,0.00, 0.00
2.23,3.88,0.00, 0.00
2.23,3.82,0.00, 0.00
2.23,3.78,0.00, 0.00
2.23,3.72,0.00, 0.00
2.23,3.68,0.00, 0.00
2.23,3.61,0.00, 0.00
2.23,3.55,0.00, 0.00
2.23,3.49,0.00, 0.00
2.23,3.41,0.00, 0.00
2.23,3.41,0.00, 0.00
2.23,3.34,0.00, 0.00
2.23,3.34,0.00, 0.00
2.23,3.26,0.00, 0.00
2.23,3.22,0.00, 0.00
2.23,3.16,0.00, 0.00
2.23,3.11,0.00, 0.00
2.23,3.08,0.00, 0.00
2.23,3.05,0.00, 0.00
2.23,2.99,0.00, 0.00
2.23,2.98,0.00, 0.00
2.23,2.95,0.00, 0.00
2.23,2.89,0.00, 0.00
2.23,2.89,0.00, 0.00
2.23,2.86,0.00, 0.00
2.23,2.84,0.00, 0.00
2.23,2.80,0.00, 0.00
2.23,2.78,0.00, 0.00
2.23,2.77,0.00, 0.00
2.23,2.77,0.00, 0.00
2.23,2.77,0.00, 0.00
2.23,2.76,0.00, 0.00
2.23,2.76,0.00, 0.00
2.23,2.74,0.00, 0.00
2.23,2.74,0.00, 0.00
2.23,2.72,0.00, 0.00
2.23,2.72,0.00, 0.00
2.23,2.70,0.00, 0.00
2.25,2.72,0.99, 0.50
2.23,2.72,0.00, 0.50
2.23,2.71,0.00, 0.00
1.56,2.73,0.00, 1.00
1.01,2.71,0.00, 0.00
1.22,2.68,10.35, 0.00
1.59,2.68,18.38, 0.25
1.88,2.72,14.56, 1.74
1.90,2.73,1.20, 0.50
1.71,2.74,0.00, 0.50
1.45,2.72,0.00, 0.00
1.47,2.74,0.99, 1.00
1.47,2.74,0.99, 1.00
1.62,2.74,7.40, 0.25
1.72,2.72,5.04, 0.00
1.78,2.67,3.03, 0.00
1.73,2.62,0.00, 0.00
1.56,2.55,0.00, 0.00
1.36,2.45,0.00, 0.00
1.38,2.34,0.99, 0.00
1.47,2.23,4.45, 0.00
1.47,2.23,4.45, 0.00
1.41,2.13,0.00, 0.00
1.28,2.02,0.00, 0.00
1.11,1.87,0.00, 0.00
1.11,1.87,0.00, 0.00
0.96,1.71,0.00, 0.00
0.89,1.54,0.00, 0.00
0.88,1.38,0.00, 0.00
0.74,1.23,0.00, 0.00
0.54,1.07,0.00, 0.00
0.41,0.93,0.00, 0.00
0.41,0.93,0.00, 0.00
0.39,0.81,0.00, 0.00
0.34,0.70,0.00, 0.00
0.24,0.60,0.00, 0.00
0.16,0.52,0.00, 0.00
0.10,0.47,0.00, 0.00
0.04,0.43,0.00, 0.00
0.04,0.43,0.00, 0.00
0.03,0.42,0.00, 0.00
0.00,0.42,0.00, 0.00
0.00,0.42,0.00, 0.00
0.00,0.42,0.00, 0.00
0.00,0.42,0.00, 0.00
0.00,0.41,0.00, 0.00
0.00,0.41,0.00, 0.00
0.00,0.41,0.00, 0.00
0.00,0.41,0.00, 0.00
0.00,0.41,0.00, 0.00
0.00,0.41,0.00, 0.00
0.00,0.41,0.00, 0.00
0.00,0.42,0.00, 0.50
0.00,0.42,0.00, 0.00
0.00,0.42,0.00, 0.00
0.00,0.42,0.00, 0.00
0.00,0.42,0.00, 0.00
0.00,0.42,0.00, 0.00
0.00,0.42,0.00, 0.00
0.00,0.42,0.00, 0.00
0.00,0.41,0.00, 0.00
0.00,0.41,0.00, 0.00
0.00,0.41,0.00, 0.00
0.00,0.42,0.00, 0.50
0.00,0.42,0.00, 0.50
0.00,0.39,0.00, 0.00
0.00,0.40,0.00, 0.50
0.00,0.40,0.00, 0.00
0.00,0.42,0.00, 0.75
0.00,0.42,0.00, 0.00
0.00,0.39,0.00, 0.00
0.00,0.38,0.00, 0.00
0.00,0.41,0.00, 1.25
0.00,0.41,0.00, 1.25
0.00,0.41,0.00, 0.00
0.00,0.41,0.00, 0.00
0.00,0.41,0.00, 0.00
0.00,0.42,0.00, 0.50
0.00,0.42,0.00, 0.00
0.00,0.41,0.00, 0.00
0.00,0.40,0.00, 0.00
0.00,0.41,0.00, 0.50
0.00,0.41,0.00, 0.00
0.00,0.41,0.00, 0.00
0.00,0.41,0.00, 0.00
0.00,0.42,0.00, 0.50
0.00,0.41,0.00, 0.00
0.00,0.42,0.00, 0.50
0.00,0.41,0.00, 0.00
0.00,0.41,0.00, 0.00
0.00,0.41,0.00, 0.00
0.00,0.42,0.00, 0.50
0.00,0.42,0.00, 0.00
0.00,0.42,0.00, 0.00
0.00,0.42,0.00, 0.00
0.00,0.42,0.00, 0.00
0.00,0.42,0.00, 0.00
0.00,0.42,0.00, 0.00
0.00,0.42,0.00, 0.00
0.00,0.42,0.00, 0.00
0.00,0.42,0.00, 0.00
0.00,0.41,0.00, 0.00
0.00,0.41,0.00, 0.00
0.00,0.42,0.00, 0.50
0.04,0.43,1.97, 0.50
0.03,0.42,0.00, 0.00
0.03,0.46,0.00, 2.24
0.00,0.56,0.00, 4.49
0.00,0.61,0.00, 2.76
0.00,0.69,0.00, 4.24
0.00,0.79,0.00, 4.75
0.00,0.90,0.00, 5.75
0.09,1.03,4.43, 6.25
0.30,1.19,10.41, 8.24
0.30,1.19,10.41, 8.24
0.56,1.40,12.96, 10.49
0.85,1.63,14.48, 11.50
1.15,1.88,14.99, 12.00
1.36,2.12,10.57, 12.25
1.53,2.41,8.53, 14.49
1.72,2.75,9.49, 16.99
1.95,3.12,11.47, 18.49
2.15,3.53,10.02, 20.74
2.24,3.91,4.58, 19.01
2.23,4.30,0.00, 19.00
2.23,4.64,0.00, 17.51
2.23,5.00,0.00, 17.75
2.23,5.33,0.00, 16.50
2.23,5.65,0.00, 16.00
2.23,5.65,0.00, 16.00
2.23,5.89,0.00, 11.77
2.23,6.15,0.00, 13.24
2.23,6.36,0.00, 10.76
2.23,6.61,0.00, 12.00
2.23,6.86,0.00, 13.00
2.23,7.12,0.00, 13.00
2.23,7.12,0.00, 13.00
2.23,7.36,0.00, 11.75
2.23,7.57,0.00, 10.75
2.23,7.76,0.00, 9.01
2.23,7.92,0.00, 8.25
2.23,8.12,0.00, 9.99
2.23,8.12,0.00, 9.99
2.23,8.19,0.00, 3.77
2.23,8.26,0.00, 3.25
2.23,8.26,0.00, 3.25
2.23,8.31,0.00, 2.50
2.23,8.35,0.00, 2.25
2.23,8.36,0.00, 0.26
2.23,8.35,0.00, 0.00
2.23,8.42,0.00, 3.49
2.25,8.32,0.99, 0.00
2.23,8.26,0.00, 0.00
2.23,8.19,0.00, 0.00
2.23,8.12,0.00, 0.00
2.23,8.04,0.00, 0.00
2.23,7.93,0.00, 0.00
2.23,7.86,0.00, 0.00
2.23,7.76,0.00, 0.00
2.23,7.69,0.00, 0.00
2.23,7.69,0.00, 0.00
2.23,7.69,0.00, 0.00
2.23,7.63,0.00, 0.00
2.23,7.55,0.00, 0.00
2.23,7.46,0.00, 0.00
2.23,7.38,0.00, 0.00
2.23,7.25,0.00, 0.00
2.23,7.12,0.00, 0.00
2.23,7.01,0.00, 0.00
2.23,6.88,0.00, 0.00
2.23,6.88,0.00, 0.00
2.23,6.78,0.00, 0.00
2.23,6.66,0.00, 0.00
2.23,6.56,0.00, 0.00
2.23,6.47,0.00, 0.00
2.23,6.36,0.00, 0.00
2.23,6.24,0.00, 0.00
2.23,6.13,0.00, 0.00
2.23,5.99,0.00, 0.00
2.23,5.82,0.00, 0.00
2.23,5.69,0.00, 0.00
2.23,5.54,0.00, 0.00
2.23,5.39,0.00, 0.00
2.23,5.24,0.00, 0.00
2.23,5.10,0.00, 0.00
2.23,4.95,0.00, 0.00
2.23,4.78,0.00, 0.00
2.23,4.78,0.00, 0.00
2.23,4.78,0.00, 0.00
2.23,4.61,0.00, 0.00
2.23,4.42,0.00, 0.00
2.21,4.27,0.00, 0.00
2.23,4.11,0.99, 0.00
2.23,3.90,0.01, 0.00
2.23,3.74,0.00, 0.00
2.23,3.56,0.00, 0.00
2.23,3.41,0.00, 0.00
2.23,3.41,0.00, 0.00
2.23,3.28,0.00, 0.00
2.23,3.15,0.00, 0.00
2.23,3.01,0.00, 0.00
2.23,2.87,0.00, 0.00
2.23,2.72,0.00, 0.00
2.21,2.55,0.00, 0.00
2.23,2.38,0.99, 0.00
2.23,2.22,0.01, 0.00
2.23,2.09,0.00, 0.00
2.23,1.92,0.00, 0.00
2.23,1.76,0.00, 0.00
2.23,1.63,0.00, 0.00
2.23,1.52,0.00, 0.00
2.21,1.42,0.00, 0.00
0.00,1.36,0.00, 0.00
0.00,1.22,0.00, 0.00
0.13,1.11,6.40, 0.00
0.13,1.11,6.40, 0.00
1.46,1.01,65.62, 0.00
2.01,0.91,28.06, 0.00
1.51,0.83,0.00, 0.00
0.00,0.75,0.00, 0.00
0.00,0.65,0.00, 0.00
0.20,0.57,9.85, 0.00
0.65,0.51,22.31, 0.00
0.72,0.47,3.78, 0.00
0.65,0.43,0.00, 0.00
0.00,0.42,0.00, 0.00
0.00,0.42,0.00, 0.00
0.00,0.42,0.00, 0.00
0.00,0.40,0.00, 0.00
0.24,0.41,11.82, 0.25
0.59,0.41,17.42, 0.00
0.59,0.41,17.42, 0.00
0.59,0.41,17.42, 0.00
0.59,0.41,17.42, 0.00
0.32,0.41,0.00, 0.00
0.00,0.39,0.00, 0.00
0.00,0.38,0.00, 0.00
0.00,0.42,0.00, 1.99
0.44,0.42,21.68, 0.00
0.42,0.41,0.00, 0.00
0.00,0.42,0.00, 0.50
0.00,0.39,0.00, 0.00
0.00,0.43,0.00, 1.49
0.24,0.42,11.82, 0.00
0.31,0.41,3.62, 0.00
0.00,0.41,0.00, 0.00
0.00,0.41,0.00, 0.00
0.00,0.41,0.00, 0.00
0.05,0.41,2.46, 0.00
0.23,0.41,8.90, 0.00
0.09,0.41,0.00, 0.00
0.00,0.41,0.00, 0.00
0.00,0.40,0.00, 0.00
0.00,0.40,0.00, 0.00
0.00,0.40,0.00, 0.00
0.07,0.41,3.45, 0.50
0.17,0.40,4.98, 0.00
0.01,0.42,0.00, 0.75
0.00,0.41,0.00, 0.00
0.00,0.42,0.00, 0.50
0.00,0.42,0.00, 0.50
0.00,0.39,0.00, 0.00
0.03,0.39,1.48, 0.00
0.09,0.41,2.98, 0.75
0.00,0.41,0.00, 0.00
0.00,0.42,0.00, 0.50
0.00,0.41,0.00, 0.00
0.00,0.43,0.00, 1.00
0.08,0.42,3.94, 0.00
0.06,0.42,0.00, 0.00
0.00,0.41,0.00, 0.00
0.00,0.42,0.00, 0.50
0.00,0.41,0.00, 0.00
0.00,0.41,0.00, 0.00
0.00,0.41,0.00, 0.00
0.04,0.41,1.97, 0.00
0.00,0.40,0.00, 0.00
0.00,0.40,0.00, 0.00
0.00,0.40,0.00, 0.00
0.00,0.41,0.00, 0.50
0.02,0.42,0.99, 0.25
0.05,0.42,1.49, 0.00
0.01,0.42,0.00, 0.00
0.00,0.42,0.00, 0.00
0.00,0.43,0.00, 0.50
0.00,0.44,0.00, 0.50
0.00,0.43,0.00, 0.00
0.00,0.44,0.00, 0.25
0.00,0.53,0.00, 4.98
0.00,0.65,0.00, 5.75
0.15,0.77,7.39, 6.25
0.25,0.95,5.04, 8.74
0.27,1.14,1.06, 9.50
0.40,1.34,6.42, 10.00
0.40,1.34,6.42, 10.00
0.58,1.58,8.96, 11.99
0.86,1.88,13.93, 14.74
1.19,2.24,16.46, 18.24
1.48,2.64,14.53, 19.99
1.71,3.03,11.54, 19.75
1.93,3.42,11.01, 19.25
1.93,3.42,11.01, 19.25
2.13,3.86,10.01, 21.74
2.23,4.28,5.07, 21.50
2.23,4.28,5.07, 21.50
2.23,4.28,5.07, 21.50
2.25,4.69,1.06, 20.25
2.23,5.10,0.00, 20.50
2.23,5.53,0.00, 21.50
2.23,5.96,0.00, 21.50
2.23,6.41,0.00, 22.75
2.23,6.87,0.00, 22.75
2.23,7.28,0.00, 20.76
2.23,7.66,0.00, 18.76
2.23,7.98,0.00, 15.76
2.23,8.27,0.00, 14.50
2.23,8.52,0.00, 13.01
2.23,8.76,0.00, 11.51
2.23,8.93,0.00, 8.76
2.23,8.93,0.00, 8.76
2.23,9.10,0.00, 8.50
2.23,9.27,0.00, 8.50
2.23,9.47,0.00, 9.99
2.23,9.62,0.00, 7.76
2.23,9.74,0.00, 6.01
2.23,9.86,0.00, 5.75
2.23,9.94,0.00, 4.01
2.23,9.99,0.00, 2.51
2.23,9.99,0.00, 0.01
2.23,9.98,0.00, 0.00
2.23,9.87,0.00, 0.00
2.23,9.77,0.00, 0.00
2.23,9.62,0.00, 0.00
2.23,9.45,0.00, 0.00
2.23,9.24,0.00, 0.00
2.23,9.03,0.00, 0.00
2.23,8.86,0.00, 0.00
2.23,8.86,0.00, 0.00
2.23,8.65,0.00, 0.00
2.23,8.43,0.00, 0.00
2.23,8.15,0.00, 0.00
2.23,7.89,0.00, 0.00
2.23,7.61,0.00, 0.00
2.23,7.32,0.00, 0.00
2.23,7.32,0.00, 0.00
2.23,7.05,0.00, 0.00
2.23,6.76,0.00, 0.00
2.23,6.47,0.00, 0.00
2.23,6.19,0.00, 0.00
2.23,5.95,0.00, 0.00
2.23,5.71,0.00, 0.00
2.23,5.49,0.00, 0.00
2.23,5.29,0.00, 0.00
2.23,5.29,0.00, 0.00
2.23,5.13,0.00, 0.00
2.23,4.99,0.00, 0.00
2.23,4.86,0.00, 0.00
2.23,4.76,0.00, 0.00
2.23,4.65,0.00, 0.00
2.23,4.55,0.00, 0.00
2.23,4.47,0.00, 0.00
2.23,4.36,0.00, 0.00
2.23,4.36,0.00, 0.00
2.23,4.22,0.00, 0.00
2.23,4.11,0.00, 0.00
2.23,4.00,0.00, 0.00
2.25,3.88,0.99, 0.00
2.23,3.77,0.00, 0.00
2.23,3.70,0.00, 0.00
2.23,3.70,0.00, 0.00
2.23,3.59,0.00, 0.00
2.23,3.59,0.00, 0.00
2.23,3.50,0.00, 0.00
2.23,3.37,0.00, 0.00
2.23,3.22,0.00, 0.00
2.23,3.09,0.00, 0.00
2.23,2.92,0.00, 0.00
2.23,2.76,0.00, 0.00
2.23,2.76,0.00, 0.00
2.23,2.58,0.00, 0.00
2.23,2.39,0.00, 0.00
2.23,2.20,0.00, 0.00
2.23,2.00,0.00, 0.00
2.23,1.78,0.00, 0.00
2.23,1.56,0.00, 0.00
2.19,1.35,0.00, 0.00
0.00,1.13,0.00, 0.00
0.00,1.13,0.00, 0.00
0.00,0.90,0.00, 0.00
0.00,0.75,0.00, 0.00
0.87,0.58,42.86, 0.00
1.48,0.44,30.68, 0.00
0.71,0.40,0.00, 0.00
0.00,0.41,0.00, 0.25
0.00,0.42,0.00, 0.50
0.00,0.43,0.00, 0.50
0.33,0.42,16.26, 0.00
0.44,0.42,5.66, 0.00
0.44,0.42,5.66, 0.00
0.39,0.41,0.00, 0.00
0.00,0.42,0.00, 0.50
0.00,0.42,0.00, 0.00
0.00,0.39,0.00, 0.00
0.00,0.39,0.00, 0.00
0.38,0.41,18.72, 1.00
0.60,0.40,11.11, 0.00
0.12,0.41,0.00, 0.25
0.00,0.39,0.00, 0.00
0.00,0.41,0.00, 0.75
0.00,0.42,0.00, 0.25
0.53,0.43,26.11, 0.50
0.39,0.42,0.00, 0.00
0.00,0.42,0.00, 0.00
0.00,0.42,0.00, 0.00
0.00,0.41,0.00, 0.00
0.24,0.41,11.82, 0.00
0.29,0.42,2.64, 0.50
0.00,0.39,0.00, 0.00
0.00,0.40,0.00, 0.50
0.00,0.41,0.00, 0.50
0.01,0.42,0.49, 0.25
0.20,0.42,9.37, 0.00
0.09,0.43,0.00, 0.50
0.09,0.43,0.00, 0.50
0.00,0.42,0.00, 0.00
0.00,0.42,0.00, 0.00
0.00,0.42,0.00, 0.00
0.05,0.41,2.46, 0.00
0.08,0.41,1.51, 0.00
0.00,0.41,0.00, 0.00
0.00,0.41,0.00, 0.00
0.00,0.41,0.00, 0.00
0.00,0.42,0.00, 0.50
0.00,0.42,0.00, 0.00
0.06,0.41,2.96, 0.00
0.03,0.40,0.00, 0.00
0.00,0.41,0.00, 0.50
0.00,0.40,0.00, 0.00
0.00,0.41,0.00, 0.50
0.00,0.41,0.00, 0.50
0.00,0.41,0.00, 0.00
0.00,0.42,0.00, 0.25
0.00,0.41,0.00, 0.00
0.00,0.41,0.00, 0.00
0.00,0.41,0.00, 0.00
0.00,0.39,0.00, 0.00
0.00,0.40,0.00, 0.25
0.00,0.41,0.00, 0.25
0.00,0.42,0.00, 0.50
0.00,0.42,0.00, 0.00
0.00,0.42,0.00, 0.00
0.00,0.44,0.00, 1.00
0.00,0.43,0.00, 0.00
0.02,0.43,0.99, 0.00
0.00,0.44,0.00, 0.50
0.00,0.44,0.00, 0.50
0.00,0.45,0.00, 0.75
0.07,0.68,3.45, 11.46
0.41,0.80,16.80, 5.77
0.41,0.80,16.80, 5.77
0.71,1.00,15.03, 9.98
0.71,1.21,0.22, 10.75
0.75,1.52,1.97, 15.48
0.89,1.88,6.93, 18.24
1.27,2.33,18.82, 22.24
1.71,2.81,21.95, 23.74
1.71,2.81,21.95, 23.74
1.95,3.37,12.15, 28.23
2.09,3.97,7.08, 30.24
2.20,4.60,5.52, 31.00
2.25,5.19,2.54, 29.75
2.23,5.78,0.00, 29.50
2.23,6.31,0.00, 26.26
2.23,6.31,0.00, 26.26
2.23,6.79,0.00, 24.26
2.23,7.25,0.00, 23.00
2.23,7.66,0.00, 20.76
2.23,8.10,0.00, 21.75
2.23,8.50,0.00, 20.01
2.23,8.85,0.00, 17.51
2.23,9.11,0.00, 13.27
2.23,9.32,0.00, 10.01
2.23,9.47,0.00, 7.76
2.23,9.65,0.00, 8.75
2.23,9.81,0.00, 8.25
2.23,9.94,0.00, 6.76
2.23,10.05,0.00, 5.01
2.23,10.10,0.00, 2.76
2.23,10.09,0.00, 0.00
2.23,10.01,0.00, 0.00
2.23,9.93,0.00, 0.00
2.23,9.93,0.00, 0.00
2.23,9.79,0.00, 0.00
2.23,9.60,0.00, 0.00
2.23,9.41,0.00, 0.00
2.23,9.17,0.00, 0.00
2.23,8.91,0.00, 0.00
2.23,8.62,0.00, 0.00
2.23,8.62,0.00, 0.00
2.23,8.33,0.00, 0.00
2.23,8.02,0.00, 0.00
2.23,7.77,0.00, 0.00
2.23,7.47,0.00, 0.00
2.23,7.20,0.00, 0.00
2.23,6.94,0.00, 0.00
2.23,6.67,0.00, 0.00
2.23,6.41,0.00, 0.00
2.23,6.41,0.00, 0.00
2.23,6.18,0.00, 0.00
2.23,5.99,0.00, 0.00
2.23,5.89,0.00, 0.00
2.23,5.74,0.00, 0.00
2.23,5.66,0.00, 0.00
2.23,5.60,0.00, 0.00
2.23,5.53,0.00, 0.00
2.23,5.47,0.00, 0.00
2.23,5.47,0.00, 0.00
2.23,5.36,0.00, 0.00
2.23,5.27,0.00, 0.00
2.23,5.18,0.00, 0.00
2.23,5.10,0.00, 0.00
2.23,5.03,0.00, 0.00
2.23,4.97,0.00, 0.00
2.23,4.97,0.00, 0.00
2.23,4.89,0.00, 0.00
2.23,4.78,0.00, 0.00
2.23,4.70,0.00, 0.00
2.23,4.59,0.00, 0.00
2.23,4.47,0.00, 0.00
2.23,4.37,0.00, 0.00
2.23,4.27,0.00, 0.00
2.23,4.16,0.00, 0.00
2.23,4.16,0.00, 0.00
2.23,4.09,0.00, 0.00
2.23,3.96,0.00, 0.00
2.23,3.89,0.00, 0.00
2.23,3.78,0.00, 0.00
2.23,3.66,0.00, 0.00
2.23,3.55,0.00, 0.00
2.23,3.41,0.00, 0.00
2.23,3.31,0.00, 0.00
2.23,3.31,0.00, 0.00
2.23,3.11,0.00, 0.00
2.23,3.07,0.00, 0.00
2.23,2.97,0.00, 0.00
2.23,2.97,0.00, 0.00
2.23,2.84,0.00, 0.00
2.23,2.72,0.00, 0.00
2.23,2.60,0.00, 0.00
2.23,2.46,0.00, 0.00
2.23,2.46,0.00, 0.00
2.23,2.30,0.00, 0.00
2.23,2.15,0.00, 0.00
2.23,2.00,0.00, 0.00
2.23,1.88,0.00, 0.00
2.23,1.75,0.00, 0.00
2.23,1.61,0.00, 0.00
2.19,1.45,0.00, 0.00
0.00,1.30,0.00, 0.00
0.00,1.30,0.00, 0.00
0.00,1.10,0.00, 0.00
0.43,0.97,21.18, 0.00
1.45,0.85,50.56, 0.00
1.81,0.74,18.48, 0.00
1.08,0.61,0.00, 0.00
0.00,0.53,0.00, 0.00
0.00,0.49,0.00, 0.00
0.31,0.45,15.27, 0.00
0.45,0.42,7.12, 0.00
0.46,0.41,0.60, 0.00
0.36,0.41,0.00, 0.00
0.00,0.39,0.00, 0.00
0.00,0.40,0.00, 0.25
0.00,0.39,0.00, 0.00
0.31,0.38,15.27, 0.00
0.56,0.41,12.54, 1.25
0.01,0.40,0.00, 0.00
0.01,0.40,0.00, 0.00
0.01,0.40,0.00, 0.00
0.01,0.40,0.00, 0.00
0.00,0.42,0.00, 1.00
0.00,0.44,0.00, 0.75
0.11,0.42,5.42, 0.00
0.52,0.42,20.28, 0.00
0.32,0.42,0.00, 0.00
0.00,0.43,0.00, 0.50
0.00,0.42,0.00, 0.00
0.00,0.42,0.00, 0.00
0.31,0.42,15.27, 0.00
0.22,0.41,0.00, 0.00
0.00,0.38,0.00, 0.00
0.00,0.40,0.00, 0.75
0.00,0.40,0.00, 0.25
0.06,0.41,2.96, 0.25
0.19,0.41,6.45, 0.00
0.08,0.39,0.00, 0.00
0.00,0.41,0.00, 0.75
0.00,0.38,0.00, 0.00
0.00,0.38,0.00, 0.00
0.00,0.38,0.00, 0.00
0.00,0.41,0.00, 1.25
0.03,0.41,1.48, 0.25
0.05,0.41,1.01, 0.00
0.01,0.42,0.00, 0.50
0.00,0.40,0.00, 0.00
0.00,0.41,0.00, 0.50
0.00,0.42,0.00, 0.50
0.06,0.43,2.96, 0.50
0.10,0.42,2.01, 0.00
0.00,0.42,0.00, 0.00
0.00,0.42,0.00, 0.00
0.00,0.42,0.00, 0.00
0.00,0.41,0.00, 0.00
0.02,0.42,0.99, 0.50
0.01,0.39,0.00, 0.00
0.00,0.39,0.00, 0.00
0.00,0.40,0.00, 0.50
0.00,0.39,0.00, 0.00
0.00,0.39,0.00, 0.00
0.00,0.39,0.00, 0.00
0.00,0.39,0.00, 0.00
0.04,0.40,1.97, 0.50
0.07,0.40,1.51, 0.00
0.00,0.41,0.00, 0.25
0.00,0.42,0.00, 0.50
0.00,0.43,0.00, 0.50
0.00,0.47,0.00, 2.24
0.00,0.63,0.00, 7.98
0.00,0.79,0.00, 8.25
0.00,1.01,0.00, 10.99
0.13,1.31,6.40, 14.74
0.29,1.67,7.98, 18.24
0.47,2.14,8.98, 23.48
0.79,2.74,15.90, 29.48
1.20,3.38,20.43, 32.49
1.65,4.03,22.47, 32.50
2.01,4.68,18.07, 32.50
2.18,5.32,8.64, 31.50
2.18,5.32,8.64, 31.50
2.24,5.90,3.08, 29.51
2.23,6.44,0.00, 27.01
2.23,7.03,0.00, 29.49
2.23,7.62,0.00, 29.25
2.23,8.16,0.00, 27.26
2.23,8.62,0.00, 22.77
2.23,8.84,0.00, 11.29
2.23,9.21,0.00, 18.22
2.23,9.21,0.00, 18.22
2.23,9.44,0.00, 11.52
2.23,9.61,0.00, 8.76
2.23,9.76,0.00, 7.26
2.23,9.85,0.00, 4.26
2.23,9.91,0.00, 3.50
2.23,9.98,0.00, 3.00
2.23,9.98,0.00, 3.00
2.23,10.09,0.00, 5.49
2.23,10.16,0.00, 3.76
2.23,10.22,0.00, 3.00
2.23,10.22,0.00, 0.00
2.23,10.18,0.00, 0.00
2.23,10.11,0.00, 0.00
2.23,10.00,0.00, 0.00
2.23,9.84,0.00, 0.00
2.23,9.84,0.00, 0.00
2.23,9.67,0.00, 0.00
2.23,9.44,0.00, 0.00
2.23,9.20,0.00, 0.00
2.23,8.93,0.00, 0.00
2.23,8.63,0.00, 0.00
2.23,8.36,0.00, 0.00
2.23,8.36,0.00, 0.00
2.23,8.06,0.00, 0.00
2.23,7.77,0.00, 0.00
2.23,7.48,0.00, 0.00
2.23,7.18,0.00, 0.00
2.23,6.88,0.00, 0.00
2.23,6.59,0.00, 0.00
2.23,6.32,0.00, 0.00
2.23,6.07,0.00, 0.00
2.23,6.07,0.00, 0.00
2.23,5.83,0.00, 0.00
2.23,5.61,0.00, 0.00
2.23,5.43,0.00, 0.00
2.23,5.28,0.00, 0.00
2.23,5.16,0.00, 0.00
2.23,4.95,0.00, 0.00
2.23,4.79,0.00, 0.00
2.23,4.65,0.00, 0.00
2.23,4.65,0.00, 0.00
2.23,4.53,0.00, 0.00
2.23,4.43,0.00, 0.00
2.23,4.34,0.00, 0.00
2.23,4.24,0.00, 0.00
2.23,4.12,0.00, 0.00
2.23,4.03,0.00, 0.00
2.23,3.92,0.00, 0.00
2.25,3.80,0.99, 0.00
2.23,3.70,0.00, 0.00
2.23,3.57,0.00, 0.00
2.23,3.46,0.00, 0.00
2.23,3.33,0.00, 0.00
2.23,3.20,0.00, 0.00
2.23,3.05,0.00, 0.00
2.23,2.93,0.00, 0.00
2.23,2.93,0.00, 0.00
2.23,2.78,0.00, 0.00
2.23,2.63,0.00, 0.00
2.23,2.48,0.00, 0.00
2.23,2.30,0.00, 0.00
2.23,2.30,0.00, 0.00
2.23,2.30,0.00, 0.00
2.23,2.11,0.00, 0.00
2.23,1.92,0.00, 0.00
2.23,1.75,0.00, 0.00
2.23,1.57,0.00, 0.00
2.23,1.41,0.00, 0.00
2.23,1.23,0.00, 0.00
2.23,1.06,0.00, 0.00
0.63,0.99,0.00, 0.00
0.00,0.86,0.00, 0.00
0.00,0.86,0.00, 0.00
0.00,0.66,0.00, 0.00
0.48,0.53,23.65, 0.00
1.05,0.44,28.43, 0.00
0.86,0.40,0.00, 0.00
0.00,0.38,0.00, 0.00
0.00,0.37,0.00, 0.00
0.00,0.43,0.00, 2.99
0.00,0.43,0.00, 2.99
0.00,0.43,0.00, 2.99
0.27,0.44,13.30, 0.76
0.40,0.42,6.60, 0.00
0.32,0.43,0.00, 0.50
0.26,0.41,0.00, 0.00
0.00,0.41,0.00, 0.25
0.00,0.42,0.00, 0.25
0.00,0.41,0.00, 0.00
0.65,0.42,32.02, 0.25
0.50,0.42,0.00, 0.00
0.00,0.42,0.00, 0.00
0.00,0.42,0.00, 0.00
0.00,0.41,0.00, 0.00
0.25,0.41,12.32, 0.00
0.55,0.42,14.96, 0.50
0.16,0.39,0.00, 0.00
0.16,0.39,0.00, 0.00
0.00,0.40,0.00, 0.25
0.00,0.39,0.00, 0.00
0.08,0.40,3.94, 0.50
0.39,0.40,15.33, 0.00
0.19,0.41,0.00, 0.25
0.00,0.39,0.00, 0.00
0.00,0.41,0.00, 0.75
0.00,0.42,0.00, 0.25
0.00,0.42,0.00, 0.25
0.15,0.42,7.39, 0.00
0.18,0.40,1.59, 0.00
0.00,0.41,0.00, 0.50
0.00,0.41,0.00, 0.00
0.00,0.42,0.00, 0.25
0.00,0.42,0.00, 0.00
0.00,0.42,0.00, 0.00
0.00,0.42,0.00, 0.00
0.00,0.42,0.00, 0.00
0.00,0.41,0.00, 0.00
0.00,0.39,0.00, 0.00
0.00,0.40,0.00, 0.50
0.00,0.40,0.00, 0.00
0.02,0.41,0.99, 0.25
0.00,0.42,0.00, 0.50
0.00,0.39,0.00, 0.00
0.00,0.40,0.00, 0.25
0.00,0.40,0.00, 0.25
0.00,0.42,0.00, 0.75
0.03,0.42,1.48, 0.00
0.07,0.42,1.99, 0.00
0.00,0.42,0.00, 0.00
0.00,0.42,0.00, 0.00
0.00,0.40,0.00, 0.00
0.00,0.40,0.00, 0.00
0.01,0.41,0.49, 0.50
0.02,0.39,0.50, 0.00
0.00,0.40,0.00, 0.50
0.00,0.41,0.00, 0.50
0.00,0.42,0.00, 0.25
0.00,0.42,0.00, 0.00
0.06,0.41,2.96, 0.00
0.14,0.51,3.98, 4.73
0.23,0.60,4.49, 4.50
0.33,0.75,4.99, 7.24
0.33,0.94,0.07, 9.49
0.39,1.20,2.96, 13.24
0.39,1.20,2.96, 13.24
0.58,1.50,9.40, 14.99
0.75,1.86,8.51, 17.99
0.91,2.24,8.01, 19.00
1.05,2.65,7.01, 20.74
1.28,3.09,11.43, 22.00
1.56,3.57,13.96, 23.99
1.92,4.16,17.94, 29.23
2.17,4.84,12.58, 33.73
2.24,5.55,3.63, 35.49
2.23,6.21,0.00, 33.26
2.23,6.21,0.00, 33.26
2.23,6.85,0.00, 32.00
2.23,7.47,0.00, 30.75
2.23,8.01,0.00, 27.01
2.23,8.47,0.00, 23.01
2.23,8.88,0.00, 20.51
2.23,9.22,0.00, 17.26
2.23,9.52,0.00, 15.01
2.23,9.74,0.00, 11.01
2.23,9.74,0.00, 11.01
2.23,9.94,0.00, 10.25
2.23,10.07,0.00, 6.51
2.23,10.14,0.00, 3.01
2.23,10.13,0.00, 0.00
2.23,10.06,0.00, 0.00
2.23,9.95,0.00, 0.00
2.23,9.82,0.00, 0.00
2.23,9.61,0.00, 0.00
2.23,9.39,0.00, 0.00
2.23,9.11,0.00, 0.00
2.23,8.82,0.00, 0.00
2.23,8.54,0.00, 0.00
2.23,8.26,0.00, 0.00
2.23,8.03,0.00, 0.00
2.23,7.82,0.00, 0.00
2.23,7.62,0.00, 0.00
2.23,7.44,0.00, 0.00
2.23,7.26,0.00, 0.00
2.23,7.01,0.00, 0.00
2.23,6.80,0.00, 0.00
2.23,6.57,0.00, 0.00
2.23,6.57,0.00, 0.00
2.23,6.34,0.00, 0.00
2.23,6.14,0.00, 0.00
2.23,5.97,0.00, 0.00
2.23,5.97,0.00, 0.00
2.23,5.81,0.00, 0.00
2.23,5.62,0.00, 0.00
2.23,5.43,0.00, 0.00
2.23,5.26,0.00, 0.00
2.23,5.08,0.00, 0.00
2.23,4.88,0.00, 0.00
2.23,4.72,0.00, 0.00
2.23,4.55,0.00, 0.00
2.23,4.55,0.00, 0.00
2.23,4.40,0.00, 0.00
2.23,4.28,0.00, 0.00
2.23,4.20,0.00, 0.00
2.23,4.12,0.00, 0.00
2.23,4.05,0.00, 0.00
2.23,3.99,0.00, 0.00
2.23,3.99,0.00, 0.00
2.23,3.90,0.00, 0.00
2.23,3.83,0.00, 0.00
2.23,3.73,0.00, 0.00
2.23,3.62,0.00, 0.00
2.23,3.51,0.00, 0.00
2.23,3.38,0.00, 0.00
2.23,3.24,0.00, 0.00
2.23,3.10,0.00, 0.00
2.23,2.93,0.00, 0.00
2.23,2.77,0.00, 0.00
2.23,2.77,0.00, 0.00
2.23,2.56,0.00, 0.00
2.23,2.37,0.00, 0.00
2.23,2.14,0.00, 0.00
2.21,1.91,0.00, 0.00
2.23,1.67,0.99, 0.00
2.23,1.43,0.01, 0.00
2.23,1.18,0.00, 0.00
0.11,0.86,0.00, 0.00
0.00,0.66,0.00, 0.00
0.00,0.52,0.00, 0.00
0.29,0.46,14.29, 0.00
1.01,0.43,35.68, 0.00
0.94,0.42,0.00, 0.00
0.94,0.42,0.00, 0.00
0.94,0.42,0.00, 0.00
0.00,0.43,0.00, 0.25
0.00,0.42,0.00, 0.00
0.00,0.42,0.00, 0.00
0.21,0.41,10.35, 0.00
0.35,0.41,7.05, 0.00
0.35,0.42,0.10, 0.50
0.14,0.41,0.00, 0.00
0.00,0.42,0.00, 0.50
0.00,0.42,0.00, 0.00
0.00,0.42,0.00, 0.00
0.60,0.41,29.56, 0.00
0.45,0.41,0.00, 0.00
0.00,0.41,0.00, 0.00
0.00,0.42,0.00, 0.50
0.00,0.42,0.00, 0.00
0.00,0.42,0.00, 0.00
0.21,0.42,10.35, 0.00
0.56,0.39,17.39, 0.00
0.56,0.39,17.39, 0.00
0.16,0.40,0.00, 0.50
0.00,0.39,0.00, 0.00
0.00,0.40,0.00, 0.50
0.05,0.42,2.46, 0.75
0.36,0.41,15.31, 0.00
0.18,0.41,0.00, 0.00
0.00,0.41,0.00, 0.00
0.00,0.42,0.00, 0.50
0.00,0.42,0.00, 0.50
0.00,0.41,0.00, 0.00
0.14,0.40,6.90, 0.00
0.18,0.41,2.07, 0.50
0.00,0.41,0.00, 0.00
0.00,0.42,0.00, 0.25
0.00,0.41,0.00, 0.00
0.00,0.41,0.00, 0.00
0.09,0.39,4.43, 0.00
0.06,0.38,0.00, 0.00
0.00,0.41,0.00, 1.25
0.00,0.41,0.00, 1.25
0.00,0.40,0.00, 0.00
0.00,0.42,0.00, 0.75
0.00,0.41,0.00, 0.00
0.04,0.41,1.97, 0.00
0.01,0.42,0.00, 0.50
0.00,0.41,0.00, 0.00
0.00,0.42,0.00, 0.50
0.00,0.42,0.00, 0.00
0.03,0.42,1.48, 0.00
0.03,0.42,1.48, 0.00
0.03,0.42,1.48, 0.00
0.05,0.41,1.01, 0.00
0.00,0.42,0.00, 0.50
0.00,0.42,0.00, 0.00
0.00,0.41,0.00, 0.00
0.00,0.41,0.00, 0.00
0.02,0.41,0.99, 0.00
0.00,0.42,0.00, 0.50
0.00,0.41,0.00, 0.00
0.00,0.42,0.00, 0.50
0.00,0.42,0.00, 0.00
0.01,0.41,0.49, 0.00
0.01,0.41,0.49, 0.00
0.00,0.42,0.00, 0.50
0.00,0.42,0.00, 0.00
0.00,0.42,0.00, 0.00
0.00,0.42,0.00, 0.00
0.00,0.41,0.00, 0.00
0.00,0.42,0.00, 0.50
0.00,0.42,0.00, 0.00
0.00,0.42,0.00, 0.00
0.00,0.42,0.00, 0.00
0.00,0.42,0.00, 0.00
0.00,0.41,0.00, 0.00
0.00,0.42,0.00, 0.50
0.00,0.41,0.00, 0.00
0.00,0.41,0.00, 0.00
0.00,0.41,0.00, 0.00
0.00,0.41,0.00, 0.00
0.00,0.41,0.00, 0.00
0.00,0.41,0.00, 0.00
0.00,0.42,0.00, 0.50
0.00,0.42,0.00, 0.00
0.00,0.42,0.00, 0.00
0.00,0.42,0.00, 0.00
0.00,0.42,0.00, 0.00
0.00,0.42,0.00, 0.00
0.00,0.42,0.00, 0.00
0.00,0.41,0.00, 0.00
0.00,0.41,0.00, 0.00
0.00,0.39,0.00, 0.00
0.00,0.41,0.00, 1.00
0.00,0.40,0.00, 0.00
0.00,0.41,0.00, 0.25
0.00,0.41,0.00, 0.50
0.00,0.42,0.00, 0.00
0.00,0.42,0.00, 0.00
0.00,0.41,0.00, 0.00
0.00,0.42,0.00, 0.50
0.00,0.41,0.00, 0.00
0.00,0.41,0.00, 0.00
0.00,0.42,0.00, 0.50
0.00,0.42,0.00, 0.00
0.00,0.42,0.00, 0.00
0.00,0.41,0.00, 0.00
0.00,0.42,0.00, 0.50
0.00,0.41,0.00, 0.00
0.00,0.42,0.00, 0.50
0.00,0.39,0.00, 0.00
0.00,0.39,0.00, 0.00
0.00,0.40,0.00, 0.50
0.00,0.40,0.00, 0.00
0.00,0.42,0.00, 0.75
0.00,0.41,0.00, 0.00
0.00,0.41,0.00, 0.00
0.00,0.41,0.00, 0.00
0.00,0.41,0.00, 0.00
0.00,0.41,0.00, 0.00
0.00,0.41,0.00, 0.00
0.00,0.42,0.00, 0.50
0.00,0.42,0.00, 0.00
0.00,0.42,0.00, 0.00
0.00,0.42,0.00, 0.00
0.00,0.42,0.00, 0.00
0.00,0.42,0.00, 0.00
0.00,0.40,0.00, 0.00
0.00,0.40,0.00, 0.00
0.00,0.40,0.00, 0.00
0.00,0.41,0.00, 0.50
0.00,0.42,0.00, 0.25
0.00,0.42,0.00, 0.00
0.00,0.41,0.00, 0.00
0.00,0.41,0.00, 0.00
0.00,0.41,0.00, 0.00
0.00,0.41,0.00, 0.00
0.00,0.41,0.00, 0.00
0.00,0.41,0.00, 0.00
0.00,0.42,0.00, 0.50
0.00,0.42,0.00, 0.00
0.00,0.41,0.00, 0.00
0.00,0.41,0.00, 0.00
0.00,0.41,0.00, 0.00
0.00,0.41,0.00, 0.00
0.00,0.42,0.00, 0.50
0.00,0.39,0.00, 0.00
0.00,0.41,0.00, 0.75
0.00,0.42,0.00, 0.25
0.00,0.42,0.00, 0.00
0.00,0.41,0.00, 0.00
0.00,0.41,0.00, 0.00
0.00,0.42,0.00, 0.50
0.00,0.42,0.00, 0.00
0.00,0.41,0.00, 0.00
0.00,0.42,0.00, 0.50
0.00,0.41,0.00, 0.00
0.00,0.39,0.00, 0.00
0.00,0.40,0.00, 0.50
0.00,0.40,0.00, 0.50
0.00,0.40,0.00, 0.50
0.00,0.40,0.00, 0.00
0.00,0.39,0.00, 0.00
0.00,0.41,0.00, 1.00
0.00,0.40,0.00, 0.00
0.00,0.42,0.00, 0.75
0.00,0.41,0.00, 0.00
0.00,0.42,0.00, 0.50
0.00,0.41,0.00, 0.00
0.00,0.41,0.00, 0.00
0.00,0.41,0.00, 0.00
0.00,0.41,0.00, 0.00
0.00,0.41,0.00, 0.00
0.00,0.41,0.00, 0.00
0.00,0.40,0.00, 0.00
0.00,0.40,0.00, 0.00
0.00,0.40,0.00, 