0.02,0.39,0.99, 19.43
0.00,0.39,0.00, 0.07
0.00,0.39,0.00, 0.07
0.05,0.40,2.46, 0.50
0.00,0.39,0.00, 0.00
0.00,0.39,0.00, 0.00
0.00,0.39,0.00, 0.00
0.02,0.39,0.99, 0.00
0.02,0.38,0.01, 0.00
0.02,0.38,0.01, 0.00
0.02,0.38,0.01, 0.00
0.02,0.38,0.01, 0.00
0.02,0.38,0.00, 0.00
0.02,0.38,0.00, 0.00
0.01,0.38,0.00, 0.00
0.01,0.38,0.00, 0.00
0.03,0.39,0.99, 0.25
0.03,0.39,0.99, 0.25
0.02,0.38,0.00, 0.00
0.02,0.38,0.00, 0.00
0.02,0.38,0.00, 0.00
0.02,0.38,0.00, 0.50
0.02,0.38,0.00, 0.00
0.02,0.38,0.00, 0.00
0.02,0.38,0.00, 0.00
0.02,0.38,0.00, 0.00
0.02,0.38,0.00, 0.00
0.02,0.38,0.00, 0.00
0.02,0.38,0.00, 0.00
0.02,0.39,0.00, 0.25
0.02,0.38,0.00, 0.00
0.02,0.38,0.00, 0.00
0.02,0.38,0.00, 0.00
0.02,0.38,0.00, 0.00
0.02,0.38,0.00, 0.00
0.02,0.38,0.00, 0.00
0.02,0.38,0.00, 0.50
0.02,0.38,0.00, 0.50
0.02,0.39,0.00, 0.25
0.02,0.39,0.00, 0.25
0.02,0.39,0.00, 0.25
0.02,0.39,0.00, 0.25
0.02,0.40,0.00, 0.25
0.02,0.40,0.00, 0.25
0.02,0.39,0.00, 0.00
0.04,0.39,0.99, 0.00
0.04,0.39,0.99, 0.00
0.04,0.39,0.99, 0.00
0.04,0.39,0.99, 0.00
0.04,0.39,0.01, 0.00
0.04,0.39,0.01, 0.00
0.02,0.39,0.00, 0.00
0.02,0.39,0.00, 0.00
0.02,0.39,0.00, 0.00
0.02,0.38,0.00, 0.00
0.00,0.38,0.00, 0.50
0.00,0.38,0.00, 0.50
0.06,0.39,2.96, 0.25
0.03,0.39,0.00, 0.00
0.03,0.39,0.00, 0.00
0.03,0.39,0.00, 0.00
0.00,0.38,0.00, 0.00
0.04,0.39,1.97, 0.50
0.04,0.39,1.97, 0.50
0.04,0.39,1.97, 0.50
0.04,0.39,1.97, 0.50
0.00,0.39,0.00, 0.00
0.00,0.39,0.00, 0.00
0.02,0.40,0.99, 0.50
0.00,0.39,0.00, 0.00
0.00,0.39,0.00, 0.00
0.02,0.39,0.99, 0.00
0.02,0.39,0.99, 0.00
0.02,0.39,0.99, 0.00
0.02,0.39,0.99, 0.00
0.02,0.39,0.01, 0.00
0.00,0.38,0.00, 0.00
0.01,0.38,0.49, 0.50
0.02,0.39,0.50, 0.25
0.02,0.39,0.50, 0.25
0.02,0.39,0.50, 0.25
0.04,0.38,0.99, 0.00
0.04,0.38,0.99, 0.00
0.04,0.38,0.99, 0.00
0.04,0.38,0.99, 0.00
0.04,0.38,0.99, 0.00
0.04,0.38,0.99, 0.00
0.02,0.39,0.00, 0.25
0.02,0.39,0.00, 0.00
0.02,0.39,0.00, 0.00
0.02,0.39,0.00, 0.00
0.00,0.40,0.00, 0.50
0.00,0.38,0.00, 0.00
0.01,0.38,0.49, 0.00
0.02,0.38,0.50, 0.00
0.02,0.38,0.50, 0.00
0.02,0.38,0.50, 0.00
0.02,0.39,0.01, 0.25
0.02,0.39,0.01, 0.25
0.01,0.39,0.00, 0.00
0.02,0.39,0.49, 0.00
0.00,0.40,0.00, 0.50
0.00,0.40,0.00, 0.50
0.01,0.39,0.49, 0.00
0.01,0.39,0.49, 0.00
0.01,0.39,0.49, 0.00
0.01,0.39,0.49, 0.00
0.00,0.39,0.00, 0.00
0.01,0.39,0.49, 0.00
0.01,0.39,0.49, 0.00
0.02,0.40,0.50, 0.50
0.02,0.39,0.01, 0.00
0.02,0.39,0.01, 0.00
0.02,0.39,0.01, 0.00
0.04,0.38,0.99, 0.00
0.02,0.38,0.00, 0.50
0.02,0.38,0.00, 0.50
0.02,0.38,0.00, 0.50
0.02,0.38,0.00, 0.00
0.02,0.38,0.00, 0.00
0.02,0.38,0.00, 0.00
0.02,0.38,0.00, 0.00
0.02,0.38,0.00, 0.00
0.02,0.39,0.00, 0.25
0.02,0.39,0.00, 0.25
0.02,0.39,0.00, 0.25
0.02,0.39,0.00, 0.25
0.02,0.39,0.00, 0.25
0.02,0.38,0.00, 0.00
0.02,0.38,0.00, 0.00
0.02,0.38,0.00, 0.00
0.02,0.38,0.00, 0.00
0.02,0.38,0.00, 0.00
0.02,0.38,0.00, 0.00
0.02,0.40,0.00, 0.50
0.02,0.40,0.00, 0.50
0.02,0.40,0.00, 0.50
0.02,0.40,0.00, 0.50
0.04,0.38,0.99, 0.00
0.04,0.38,0.99, 0.00
0.04,0.38,0.99, 0.00
0.04,0.38,0.99, 0.00
0.04,0.38,0.99, 0.00
0.04,0.38,0.99, 0.00
0.04,0.38,0.99, 0.00
0.04,0.38,0.99, 0.00
0.04,0.38,0.99, 0.00
0.04,0.38,0.99, 0.00
0.02,0.39,0.00, 0.75
0.02,0.39,0.00, 0.00
0.02,0.39,0.00, 0.00
0.02,0.39,0.00, 0.00
0.00,0.39,0.00, 0.00
0.00,0.39,0.00, 0.00
0.00,0.39,0.00, 0.00
0.00,0.39,0.00, 0.00
0.00,0.39,0.00, 0.00
0.02,0.38,0.99, 0.00
0.02,0.38,0.99, 0.00
0.02,0.38,0.99, 0.00
0.02,0.38,0.99, 0.00
0.02,0.38,0.99, 0.00
0.02,0.38,0.99, 0.00
0.02,0.39,0.01, 0.25
0.02,0.39,0.01, 0.25
0.02,0.39,0.01, 0.25
0.02,0.39,0.01, 0.25
0.02,0.38,0.00, 0.00
0.02,0.38,0.00, 0.00
0.02,0.38,0.00, 0.00
0.02,0.38,0.00, 0.00
0.02,0.38,0.00, 0.00
0.02,0.38,0.00, 0.00
0.02,0.40,0.00, 1.00
0.02,0.40,0.00, 1.00
0.02,0.40,0.00, 1.00
0.02,0.40,0.00, 1.00
0.02,0.38,0.00, 0.00
0.02,0.38,0.00, 0.00
0.02,0.38,0.00, 0.00
0.02,0.38,0.00, 0.00
0.02,0.38,0.00, 0.00
0.02,0.38,0.00, 0.00
0.02,0.38,0.00, 0.00
0.02,0.40,0.00, 0.75
0.02,0.40,0.00, 0.75
0.00,0.38,0.00, 0.00
0.00,0.38,0.00, 0.00
0.00,0.38,0.00, 0.00
0.01,0.38,0.49, 0.50
0.01,0.38,0.49, 0.50
0.04,0.38,1.49, 0.00
0.02,0.39,0.00, 0.25
0.02,0.38,0.00, 0.00
0.02,0.38,0.00, 0.00
0.04,0.38,0.99, 0.50
0.04,0.38,0.99, 0.50
0.04,0.38,0.99, 0.50
0.04,0.38,0.99, 0.50
0.04,0.38,0.99, 0.50
0.04,0.38,0.99, 0.50
0.04,0.38,0.99, 0.50
0.02,0.38,0.00, 0.00
0.02,0.38,0.00, 0.00
0.00,0.40,0.00, 1.00
0.00,0.40,0.00, 1.00
0.00,0.40,0.00, 1.00
0.02,0.38,0.99, 0.00
0.02,0.38,0.99, 0.00
0.02,0.38,0.99, 0.00
0.02,0.38,0.99, 0.00
0.02,0.39,0.01, 0.25
0.02,0.39,0.01, 0.25
0.02,0.39,0.01, 0.25
0.02,0.39,0.01, 0.25
0.02,0.39,0.01, 0.25
0.02,0.39,0.01, 0.25
0.02,0.39,0.00, 0.25
0.02,0.39,0.00, 0.25
0.02,0.39,0.00, 0.25
0.02,0.38,0.00, 0.00
0.02,0.38,0.00, 0.00
0.02,0.38,0.00, 0.00
0.02,0.38,0.00, 0.00
0.02,0.38,0.00, 0.00
0.02,0.38,0.00, 0.00
0.02,0.38,0.00, 0.00
0.02,0.38,0.00, 0.00
0.02,0.38,0.00, 0.00
0.02,0.38,0.00, 0.00
0.02,0.39,0.00, 0.50
0.02,0.39,0.00, 0.50
0.02,0.39,0.00, 0.50
0.02,0.39,0.00, 0.50
0.02,0.38,0.00, 0.00
0.02,0.38,0.00, 0.00
0.02,0.38,0.00, 0.00
0.02,0.38,0.00, 0.00
0.02,0.38,0.00, 0.00
0.02,0.38,0.00, 0.00
0.02,0.38,0.00, 0.00
0.02,0.38,0.00, 0.00
0.02,0.38,0.00, 0.00
0.02,0.38,0.00, 0.00
0.02,0.38,0.00, 0.00
0.02,0.38,0.00, 0.50
0.02,0.38,0.00, 0.50
0.02,0.38,0.00, 0.50
0.02,0.38,0.00, 0.00
0.02,0.38,0.00, 0.00
0.02,0.38,0.00, 0.00
0.02,0.38,0.00, 0.00
0.02,0.38,0.00, 0.00
0.02,0.38,0.00, 0.50
0.02,0.38,0.00, 0.50
0.02,0.38,0.00, 0.50
0.02,0.38,0.00, 0.50
0.02,0.38,0.00, 0.50
0.02,0.38,0.00, 0.50
0.02,0.38,0.00, 0.50
0.02,0.38,0.00, 0.00
0.02,0.38,0.00, 0.00
0.02,0.38,0.00, 0.00
0.02,0.39,0.00, 0.25
0.02,0.39,0.00, 0.25
0.02,0.39,0.00, 0.25
0.02,0.39,0.00, 0.25
0.02,0.39,0.00, 0.25
0.02,0.39,0.00, 0.25
0.02,0.39,0.00, 0.25
0.02,0.39,0.00, 0.00
0.02,0.39,0.00, 0.00
0.02,0.39,0.00, 0.00
0.02,0.38,0.00, 0.00
0.02,0.38,0.00, 0.00
0.02,0.38,0.00, 0.00
0.02,0.38,0.00, 0.00
0.02,0.38,0.00, 0.00
0.02,0.38,0.00, 0.00
0.02,0.38,0.00, 0.00
0.02,0.38,0.00, 0.00
0.02,0.39,0.00, 0.75
0.02,0.39,0.00, 0.75
0.02,0.39,0.00, 0.75
0.02,0.39,0.00, 0.75
0.02,0.39,0.00, 0.00
0.00,0.39,0.00, 0.00
0.00,0.39,0.00, 0.00
0.00,0.39,0.00, 0.00
0.02,0.38,0.99, 0.00
0.02,0.38,0.99, 0.00
0.02,0.38,0.99, 0.00
0.02,0.38,0.01, 0.00
0.02,0.38,0.01, 0.00
0.02,0.38,0.01, 0.00
0.02,0.38,0.01, 0.00
0.02,0.38,0.00, 0.50
0.02,0.39,0.00, 0.25
0.02,0.39,0.00, 0.25
0.02,0.38,0.00, 0.00
0.02,0.38,0.00, 0.00
0.02,0.38,0.00, 0.00
0.04,0.38,0.99, 0.00
0.04,0.38,0.99, 0.00
0.04,0.38,0.99, 0.00
0.04,0.38,0.99, 0.00
0.02,0.39,0.00, 0.25
0.00,0.39,0.00, 0.00
0.00,0.39,0.00, 0.00
0.02,0.39,0.99, 0.00
0.02,0.39,0.99, 0.00
0.02,0.39,0.99, 0.00
0.02,0.39,0.99, 0.00
0.02,0.39,0.01, 0.00
0.02,0.39,0.01, 0.00
0.02,0.39,0.01, 0.00
0.02,0.39,0.01, 0.00
0.02,0.39,0.00, 0.00
0.04,0.39,0.99, 0.00
0.04,0.39,0.99, 0.00
0.04,0.39,0.99, 0.00
0.02,0.38,0.00, 0.00
0.02,0.38,0.00, 0.00
0.02,0.38,0.00, 0.00
0.02,0.38,0.00, 0.00
0.02,0.38,0.00, 0.00
0.02,0.38,0.00, 0.00
0.02,0.38,0.00, 0.50
0.02,0.38,0.00, 0.00
0.02,0.38,0.00, 0.00
0.00,0.39,0.00, 0.25
0.00,0.39,0.00, 0.25
0.00,0.39,0.00, 0.25
0.00,0.39,0.00, 0.25
0.00,0.40,0.00, 0.50
0.00,0.40,0.00, 0.50
0.00,0.40,0.00, 0.50
0.00,0.43,0.00, 1.25
0.00,0.44,0.00, 0.50
0.00,0.44,0.00, 0.50
0.00,0.44,0.00, 0.25
0.00,0.44,0.00, 0.25
0.00,0.44,0.00, 0.25
0.00,0.44,0.00, 0.25
0.00,0.44,0.00, 0.25
0.00,0.44,0.00, 0.00
0.00,0.44,0.00, 0.00
0.00,0.44,0.00, 0.00
0.00,0.44,0.00, 0.00
0.00,0.44,0.00, 0.00
0.00,0.45,0.00, 0.50
0.00,0.45,0.00, 0.50
0.00,0.45,0.00, 0.50
0.00,0.45,0.00, 0.00
0.00,0.45,0.00, 0.00
0.00,0.45,0.00, 0.00
0.00,0.45,0.00, 0.00
0.00,0.45,0.00, 0.00
0.00,0.46,0.00, 0.50
0.00,0.46,0.00, 0.50
0.00,0.45,0.00, 0.00
0.00,0.45,0.00, 0.00
0.00,0.45,0.00, 0.00
0.00,0.43,0.00, 0.00
0.00,0.43,0.00, 0.00
0.00,0.43,0.00, 0.00
0.00,0.43,0.00, 0.00
0.00,0.43,0.00, 0.00
0.00,0.42,0.00, 0.00
0.00,0.42,0.00, 0.00
0.00,0.42,0.00, 0.00
0.00,0.39,0.00, 0.00
0.00,0.39,0.00, 0.00
0.00,0.39,0.00, 0.00
0.00,0.39,0.00, 0.00
0.00,0.39,0.00, 0.00
0.00,0.39,0.00, 0.00
0.00,0.39,0.00, 0.00
0.00,0.39,0.00, 0.00
0.05,0.38,2.46, 0.00
0.05,0.38,2.46, 0.00
0.05,0.38,2.46, 0.00
0.05,0.38,2.46, 0.00
0.00,0.39,0.00, 0.50
0.00,0.39,0.00, 0.50
0.00,0.39,0.00, 0.50
0.00,0.39,0.00, 0.50
0.00,0.39,0.00, 0.50
0.00,0.39,0.00, 0.50
0.00,0.38,0.00, 0.00
0.01,0.38,0.49, 0.50
0.01,0.38,0.49, 0.50
0.01,0.38,0.49, 0.50
0.02,0.40,0.50, 0.50
0.02,0.40,0.50, 0.50
0.02,0.40,0.50, 0.50
0.02,0.40,0.50, 0.50
0.03,0.39,0.50, 0.00
0.00,0.39,0.00, 0.00
0.00,0.39,0.00, 0.00
0.00,0.39,0.00, 0.00
0.00,0.38,0.00, 0.00
0.00,0.38,0.00, 0.00
0.00,0.38,0.00, 0.00
0.00,0.38,0.00, 0.00
0.00,0.38,0.00, 0.00
0.03,0.39,1.48, 0.50
0.03,0.39,1.48, 0.50
0.03,0.39,1.48, 0.50
0.01,0.38,0.00, 0.00
0.02,0.38,0.49, 0.50
0.02,0.38,0.49, 0.50
0.02,0.38,0.49, 0.50
0.02,0.38,0.01, 0.00
0.02,0.38,0.01, 0.00
0.02,0.38,0.01, 0.00
0.00,0.38,0.00, 0.00
0.00,0.38,0.00, 0.00
0.00,0.38,0.00, 0.00
0.00,0.38,0.00, 0.00
0.02,0.38,0.99, 0.00
0.00,0.38,0.00, 0.50
0.00,0.38,0.00, 0.50
0.00,0.42,0.00, 1.75
0.00,0.42,0.00, 1.75
0.00,0.42,0.00, 1.75
0.00,0.42,0.00, 1.75
0.00,0.42,0.00, 1.75
0.00,0.44,0.00, 1.00
0.00,0.44,0.00, 1.00
0.00,0.44,0.00, 1.00
0.00,0.44,0.00, 1.00
0.00,0.44,0.00, 0.00
0.00,0.44,0.00, 0.25
0.00,0.44,0.00, 0.25
0.00,0.45,0.00, 0.50
0.00,0.45,0.00, 0.50
0.00,0.45,0.00, 0.50
0.00,0.45,0.00, 0.00
0.00,0.45,0.00, 0.00
0.00,0.45,0.00, 0.00
0.00,0.45,0.00, 0.00
0.00,0.45,0.00, 0.00
0.00,0.45,0.00, 0.00
0.00,0.45,0.00, 0.00
0.00,0.45,0.00, 0.00
0.00,0.50,0.00, 2.74
0.00,0.50,0.00, 2.74
0.00,0.50,0.00, 2.74
0.00,0.50,0.00, 2.74
0.00,0.50,0.00, 2.74
0.00,0.50,0.00, 2.74
0.00,0.50,0.00, 2.74
0.00,0.50,0.00, 2.74
0.00,0.57,0.00, 3.50
0.00,0.57,0.00, 3.50
0.00,0.57,0.00, 3.50
0.06,0.64,2.96, 3.25
0.06,0.64,2.96, 3.25
0.06,0.64,2.96, 3.25
0.06,0.64,2.96, 3.25
0.06,0.64,2.96, 3.25
0.06,0.64,2.96, 3.25
0.06,0.64,2.96, 3.25
0.06,0.64,2.96, 3.25
0.15,0.72,4.48, 4.00
0.15,0.72,4.48, 4.00
0.15,0.72,4.48, 4.00
0.15,0.72,4.48, 4.00
0.15,0.72,4.48, 4.00
0.23,0.86,4.01, 6.74
0.23,0.86,4.01, 6.74
0.31,1.02,4.00, 8.49
0.34,1.08,1.54, 2.77
0.34,1.08,1.54, 2.77
0.39,1.18,2.49, 5.24
0.39,1.18,2.49, 5.24
0.39,1.18,2.49, 5.24
0.47,1.42,3.98, 11.98
0.52,1.56,2.52, 6.77
0.52,1.56,2.52, 6.77
0.68,1.83,7.92, 13.48
0.68,1.83,7.92, 13.48
0.68,1.83,7.92, 13.48
0.68,1.83,7.92, 13.48
0.74,1.95,3.07, 6.28
0.74,1.95,3.07, 6.28
0.74,1.95,3.07, 6.28
0.85,2.24,5.46, 14.22
0.92,2.37,3.53, 6.28
0.92,2.37,3.53, 6.28
0.92,2.37,3.53, 6.28
1.15,2.70,11.38, 16.46
1.15,2.70,11.38, 16.46
1.15,2.70,11.38, 16.46
1.33,2.88,9.04, 9.28
1.33,2.88,9.04, 9.28
1.63,3.20,14.91, 15.73
1.77,3.38,7.12, 9.02
1.93,3.74,7.99, 17.97
2.03,3.90,5.04, 8.29
2.03,3.90,5.04, 8.29
2.18,4.28,7.46, 18.96
2.23,4.47,2.57, 9.53
2.23,4.47,2.57, 9.53
2.23,4.47,2.57, 9.53
2.23,4.47,2.57, 9.53
2.29,4.83,2.99, 17.97
2.29,4.83,2.99, 17.97
2.30,4.98,0.54, 7.54
2.30,4.98,0.54, 7.54
2.30,4.98,0.54, 7.54
2.30,5.30,0.01, 16.22
2.30,5.45,0.00, 7.53
2.30,5.45,0.00, 7.53
2.30,5.45,0.00, 7.53
2.30,5.70,0.00, 12.48
2.30,5.70,0.00, 12.48
2.30,5.81,0.00, 5.03
2.30,5.81,0.00, 5.03
2.30,5.81,0.00, 5.03
2.30,5.98,0.00, 8.74
2.30,6.02,0.00, 1.78
2.30,6.02,0.00, 1.78
2.30,6.02,0.00, 1.78
2.30,6.12,0.00, 5.24
2.30,6.12,0.00, 5.24
2.30,6.12,0.00, 5.24
2.30,6.16,0.00, 2.01
2.30,6.16,0.00, 2.01
2.30,6.16,0.00, 2.01
2.30,6.16,0.00, 2.01
2.30,6.26,0.00, 4.74
2.30,6.29,0.00, 1.76
2.30,6.29,0.00, 1.76
2.30,6.31,0.00, 1.25
2.30,6.32,0.00, 0.25
2.30,6.32,0.00, 0.25
2.30,6.32,0.00, 0.25
2.30,6.32,0.00, 0.25
2.30,6.32,0.00, 0.25
2.30,6.32,0.00, 0.25
2.30,6.22,0.00, 0.00
2.30,6.22,0.00, 0.00
2.30,6.22,0.00, 0.00
2.30,5.98,0.00, 0.00
2.30,5.98,0.00, 0.00
2.30,5.98,0.00, 0.00
2.30,5.98,0.00, 0.00
2.30,5.98,0.00, 0.00
2.30,5.98,0.00, 0.00
2.30,5.77,0.00, 0.00
2.30,5.64,0.00, 0.00
2.30,5.64,0.00, 0.00
2.30,5.64,0.00, 0.00
2.30,5.64,0.00, 0.00
2.30,5.64,0.00, 0.00
2.30,5.64,0.00, 0.00
2.30,5.58,0.00, 0.00
2.30,5.58,0.00, 0.00
2.30,5.56,0.00, 0.00
2.30,5.57,0.00, 0.50
2.30,5.55,0.00, 0.00
2.30,5.55,0.00, 0.00
2.30,5.54,0.00, 0.00
2.30,5.54,0.00, 0.00
2.30,5.54,0.00, 0.00
2.30,5.56,0.00, 1.25
2.30,5.56,0.00, 1.25
2.30,5.56,0.00, 1.25
2.30,5.56,0.00, 1.25
2.30,5.56,0.00, 1.25
2.30,5.56,0.00, 1.25
2.30,5.56,0.00, 1.25
2.30,5.61,0.00, 2.25
2.30,5.61,0.00, 2.25
2.30,5.61,0.00, 2.25
2.30,5.61,0.00, 2.25
2.30,5.64,0.00, 1.25
2.30,5.65,0.00, 0.75
2.30,5.69,0.00, 2.00
2.30,5.72,0.00, 1.75
2.30,5.78,0.00, 3.00
2.30,5.85,0.00, 3.00
2.30,5.85,0.00, 3.00
2.30,5.86,0.00, 0.51
2.30,5.86,0.00, 0.50
2.30,5.86,0.00, 0.50
2.30,5.86,0.00, 0.00
2.30,5.86,0.00, 0.00
2.30,5.86,0.00, 0.00
2.30,5.86,0.00, 0.00
2.30,5.81,0.00, 0.00
2.30,5.81,0.00, 0.00
2.30,5.81,0.00, 0.00
2.30,5.72,0.00, 0.00
2.30,5.68,0.00, 0.00
2.30,5.68,0.00, 0.00
2.30,5.55,0.00, 0.00
2.30,5.55,0.00, 0.00
2.30,5.55,0.00, 0.00
2.30,5.55,0.00, 0.00
2.30,5.50,0.00, 0.00
2.30,5.41,0.00, 0.00
2.30,5.41,0.00, 0.00
2.30,5.38,0.00, 0.00
2.30,5.26,0.00, 0.00
2.30,5.26,0.00, 0.00
2.30,5.26,0.00, 0.00
2.30,5.26,0.00, 0.00
2.30,5.26,0.00, 0.00
2.30,5.26,0.00, 0.00
2.30,5.26,0.00, 0.00
2.30,5.24,0.00, 0.00
2.30,5.24,0.00, 0.00
2.30,5.24,0.00, 0.00
2.30,5.36,0.00, 5.98
2.30,5.36,0.00, 5.98
2.30,5.36,0.00, 5.98
2.30,5.36,0.00, 5.98
2.30,5.36,0.00, 5.98
2.30,5.36,0.00, 5.98
2.30,5.36,0.00, 5.98
2.30,5.48,0.00, 6.00
2.30,5.48,0.00, 6.00
2.30,5.48,0.00, 6.00
2.30,5.56,0.00, 3.76
2.30,5.56,0.00, 3.76
2.30,5.56,0.00, 3.76
2.30,5.56,0.00, 3.76
2.30,5.56,0.00, 3.76
2.30,5.56,0.00, 3.76
2.30,5.52,0.00, 0.00
2.30,5.52,0.00, 0.00
2.30,5.52,0.00, 0.00
2.30,5.52,0.00, 0.00
2.30,5.52,0.00, 0.00
2.30,5.51,0.00, 0.00
2.30,5.51,0.00, 0.00
2.30,5.51,0.00, 0.00
2.30,5.51,0.00, 0.00
2.30,5.51,0.00, 0.00
2.30,5.51,0.00, 0.00
2.30,5.51,0.00, 0.00
1.66,5.45,0.00, 0.00
1.66,5.45,0.00, 0.00
1.66,5.45,0.00, 0.00
1.66,5.45,0.00, 0.00
0.00,5.11,0.00, 0.00
0.00,5.11,0.00, 0.00
0.00,5.11,0.00, 0.00
0.00,5.11,0.00, 0.00
0.00,5.11,0.00, 0.00
0.00,5.11,0.00, 0.00
0.00,5.11,0.00, 0.00
0.00,5.11,0.00, 0.00
1.33,5.13,65.52, 0.75
1.33,5.13,65.52, 0.75
1.33,5.13,65.52, 0.75
1.47,4.90,7.86, 0.00
1.47,4.90,7.86, 0.00
1.47,4.90,7.86, 0.00
1.47,4.90,7.86, 0.00
1.47,4.90,7.86, 0.00
1.47,4.90,7.86, 0.00
1.33,4.69,0.00, 0.00
1.33,4.69,0.00, 0.00
1.33,4.69,0.00, 0.00
1.50,4.36,8.37, 0.00
1.50,4.36,8.37, 0.00
1.50,4.36,8.37, 0.00
1.50,4.36,8.37, 0.00
1.50,4.36,8.37, 0.00
1.50,4.36,8.37, 0.00
1.50,4.36,8.37, 0.00
1.50,4.36,8.37, 0.00
1.50,4.36,8.37, 0.00
1.17,3.91,0.00, 0.00
1.17,3.91,0.00, 0.00
1.17,3.91,0.00, 0.00
1.03,3.67,0.00, 0.00
1.02,3.56,0.00, 0.00
1.02,3.56,0.00, 0.00
1.02,3.56,0.00, 0.00
0.95,3.36,0.00, 0.00
0.95,3.36,0.00, 0.00
0.95,3.36,0.00, 0.00
0.95,3.36,0.00, 0.00
0.86,3.28,0.00, 0.00
0.86,3.28,0.00, 0.00
0.86,3.28,0.00, 0.00
0.75,3.12,0.00, 0.00
0.71,3.05,0.00, 0.00
0.71,3.05,0.00, 0.00
0.71,3.05,0.00, 0.00
0.45,2.82,0.00, 0.00
0.45,2.82,0.00, 0.00
0.45,2.82,0.00, 0.00
0.45,2.82,0.00, 0.00
0.32,2.72,0.00, 0.00
0.32,2.72,0.00, 0.00
0.32,2.72,0.00, 0.00
0.32,2.72,0.00, 0.00
0.20,2.47,0.00, 0.00
0.16,2.36,0.00, 0.00
0.16,2.36,0.00, 0.00
0.16,2.36,0.00, 0.00
0.08,2.12,0.00, 0.00
0.08,2.12,0.00, 0.00
0.08,2.12,0.00, 0.00
0.07,1.99,0.00, 0.00
0.07,1.99,0.00, 0.00
0.07,1.99,0.00, 0.00
0.07,1.99,0.00, 0.00
0.07,1.99,0.00, 0.00
0.08,1.81,0.49, 0.00
0.12,1.71,1.98, 0.00
0.12,1.71,1.98, 0.00
0.22,1.56,4.96, 0.00
0.22,1.56,4.96, 0.00
0.22,1.56,4.96, 0.00
0.22,1.56,4.96, 0.00
0.21,1.50,0.00, 0.00
0.21,1.50,0.00, 0.00
0.21,1.50,0.00, 0.00
0.26,1.38,2.46, 0.00
0.30,1.33,2.01, 0.00
0.30,1.33,2.01, 0.00
0.30,1.33,2.01, 0.00
0.29,1.25,0.00, 0.00
0.29,1.25,0.00, 0.00
0.29,1.25,0.00, 0.00
0.29,1.25,0.00, 0.00
0.33,1.22,1.97, 0.00
0.33,1.22,1.97, 0.00
0.33,1.22,1.97, 0.00
0.33,1.22,1.97, 0.00
0.32,1.13,0.00, 0.00
0.30,1.12,0.00, 0.00
0.30,1.12,0.00, 0.00
0.39,1.13,4.43, 0.50
0.39,1.13,4.43, 0.50
0.39,1.13,4.43, 0.50
0.39,1.13,4.43, 0.50
0.39,1.13,4.43, 0.50
0.42,1.15,1.54, 1.00
0.42,1.15,1.54, 1.00
0.42,1.15,1.54, 1.00
0.42,1.15,1.54, 1.00
0.50,1.21,3.96, 2.99
0.55,1.27,2.52, 3.25
0.55,1.27,2.52, 3.25
0.60,1.42,2.50, 7.48
0.60,1.42,2.50, 7.48
0.60,1.42,2.50, 7.48
0.60,1.42,2.50, 7.48
0.63,1.52,1.51, 5.01
0.63,1.52,1.51, 5.01
0.63,1.52,1.51, 5.01
0.63,1.52,1.51, 5.01
0.77,1.75,6.92, 11.23
0.84,1.88,3.55, 6.27
0.84,1.88,3.55, 6.27
0.84,1.88,3.55, 6.27
0.93,2.22,4.49, 16.96
0.93,2.22,4.49, 16.96
0.93,2.22,4.49, 16.96
0.93,2.22,4.49, 16.96
1.13,2.46,9.92, 12.27
1.13,2.46,9.92, 12.27
1.13,2.46,9.92, 12.27
1.13,2.46,9.92, 12.27
1.56,3.14,21.33, 33.92
1.74,3.54,9.18, 20.05
1.74,3.54,9.18, 20.05
2.07,4.31,16.39, 38.43
2.07,4.31,16.39, 38.43
2.19,4.62,6.15, 15.58
2.19,4.62,6.15, 15.58
2.19,4.62,6.15, 15.58
2.19,4.62,6.15, 15.58
2.29,5.07,5.02, 22.23
2.30,5.24,0.57, 8.80
2.30,5.24,0.57, 8.80
2.30,5.24,0.57, 8.80
2.30,5.60,0.01, 18.22
2.30,5.60,0.01, 18.22
2.30,5.60,0.01, 18.22
2.30,5.60,0.01, 18.22
2.30,5.60,0.01, 18.22
2.30,5.60,0.01, 18.22
2.30,5.60,0.01, 18.22
2.30,5.60,0.01, 18.22
2.30,6.15,0.00, 27.47
2.30,6.15,0.00, 27.47
2.30,6.15,0.00, 27.47
2.30,6.15,0.00, 27.47
2.30,6.57,0.00, 20.53
2.30,6.57,0.00, 20.53
2.30,6.57,0.00, 20.53
2.30,6.57,0.00, 20.53
2.30,6.77,0.00, 10.29
2.30,6.77,0.00, 10.29
2.30,6.77,0.00, 10.29
2.30,6.72,0.00, 0.00
2.30,6.72,0.00, 0.00
2.30,6.72,0.00, 0.00
2.30,6.45,0.00, 0.00
2.30,6.45,0.00, 0.00
2.30,6.45,0.00, 0.00
2.30,6.45,0.00, 0.00
2.30,6.45,0.00, 0.00
2.30,6.11,0.00, 0.00
2.30,6.11,0.00, 0.00
2.30,6.11,0.00, 0.00
2.30,6.11,0.00, 0.00
2.30,6.11,0.00, 0.00
2.30,6.11,0.00, 0.00
2.30,5.76,0.00, 0.00
2.30,5.76,0.00, 0.00
2.30,5.76,0.00, 0.00
2.30,5.76,0.00, 0.00
2.30,5.43,0.00, 0.00
2.30,5.43,0.00, 0.00
2.30,5.43,0.00, 0.00
2.30,5.43,0.00, 0.00
2.30,5.43,0.00, 0.00
2.30,5.43,0.00, 0.00
2.30,5.43,0.00, 0.00
2.30,5.28,0.00, 0.00
2.30,5.28,0.00, 0.00
2.30,5.28,0.00, 0.00
2.30,5.22,0.00, 0.00
2.30,5.22,0.00, 0.00
2.30,5.22,0.00, 0.00
2.30,5.22,0.00, 0.00
2.30,5.22,0.00, 0.00
2.30,5.22,0.00, 0.00
2.30,5.22,0.00, 0.00
2.30,5.14,0.00, 0.00
2.30,5.14,0.00, 0.00
2.30,5.14,0.00, 0.00
2.30,5.14,0.00, 0.00
2.30,5.05,0.00, 0.00
2.30,5.05,0.00, 0.00
2.30,5.05,0.00, 0.00
2.30,5.07,0.00, 1.00
2.30,5.07,0.00, 1.00
2.30,5.07,0.00, 1.00
2.30,5.07,0.00, 1.00
2.30,5.04,0.00, 0.00
2.30,5.04,0.00, 0.00
2.30,5.04,0.00, 0.00
2.30,5.04,0.00, 0.00
2.30,5.05,0.00, 0.50
2.30,5.05,0.00, 0.50
2.30,5.05,0.00, 0.50
2.30,5.04,0.00, 0.00
2.30,5.04,0.00, 0.00
2.30,5.04,0.00, 0.00
2.30,5.04,0.00, 0.00
2.30,5.04,0.00, 0.00
2.30,5.03,0.00, 0.00
2.30,5.03,0.00, 0.00
2.30,5.03,0.00, 0.00
2.30,5.05,0.00, 0.50
2.30,5.05,0.00, 0.25
2.30,5.05,0.00, 0.25
2.30,5.05,0.00, 0.25
2.30,5.04,0.00, 0.00
2.30,5.04,0.00, 0.00
2.30,5.04,0.00, 0.00
2.30,5.04,0.00, 0.00
2.30,5.04,0.00, 0.00
2.30,5.04,0.00, 0.00
2.30,5.04,0.00, 0.00
2.30,5.04,0.00, 0.00
2.30,5.04,0.00, 0.00
2.30,5.04,0.00, 0.00
2.30,5.04,0.00, 0.00
2.30,5.04,0.00, 0.00
2.30,5.03,0.00, 0.00
2.30,5.03,0.00, 0.00
2.30,5.03,0.00, 0.00
2.30,5.03,0.00, 0.00
2.30,5.01,0.00, 0.00
2.30,5.01,0.00, 0.00
2.30,5.01,0.00, 0.00
2.30,4.99,0.00, 0.00
2.30,4.95,0.00, 0.00
2.30,4.95,0.00, 0.00
2.30,4.95,0.00, 0.00
2.30,4.95,0.00, 0.00
2.30,4.85,0.00, 0.00
2.30,4.85,0.00, 0.00
2.30,4.85,0.00, 0.00
2.30,4.82,0.00, 0.00
2.30,4.82,0.00, 0.00
2.30,4.82,0.00, 0.00
2.30,4.82,0.00, 0.00
2.30,4.75,0.00, 0.00
2.30,4.74,0.00, 0.00
2.30,4.74,0.00, 0.00
2.30,4.74,0.00, 0.00
2.30,4.69,0.00, 0.00
2.30,4.69,0.00, 0.00
2.30,4.69,0.00, 0.00
2.30,4.67,0.00, 0.00
2.30,4.67,0.00, 0.00
2.30,4.67,0.00, 0.00
2.30,4.67,0.00, 0.00
2.30,4.62,0.00, 0.00
2.30,4.61,0.00, 0.00
2.30,4.61,0.00, 0.00
2.30,4.61,0.00, 0.00
2.30,4.61,0.00, 0.00
2.30,4.60,0.00, 0.00
2.30,4.60,0.00, 0.00
2.30,4.60,0.00, 0.00
2.30,4.60,0.00, 0.00
2.30,4.60,0.00, 0.00
2.30,4.60,0.00, 0.00
2.30,4.60,0.00, 0.00
2.30,4.61,0.00, 0.50
2.30,4.59,0.00, 0.00
2.30,4.59,0.00, 0.00
2.30,4.59,0.00, 0.00
2.30,4.60,0.00, 0.50
2.30,4.60,0.00, 0.50
2.30,4.60,0.00, 0.50
2.30,4.60,0.00, 0.50
2.30,4.62,0.00, 1.25
2.30,4.62,0.00, 1.25
2.30,4.62,0.00, 1.25
2.30,4.65,0.00, 1.50
2.30,4.67,0.00, 1.00
2.30,4.67,0.00, 1.00
2.30,4.67,0.00, 1.00
2.30,4.69,0.00, 1.00
2.30,4.69,0.00, 1.00
2.30,4.69,0.00, 1.00
2.30,4.68,0.00, 0.00
2.30,4.68,0.00, 0.00
2.30,4.66,0.00, 0.00
2.30,4.64,0.00, 0.00
2.30,4.64,0.00, 0.00
2.30,4.64,0.00, 0.00
2.30,4.59,0.00, 0.00
2.30,4.59,0.00, 0.00
2.30,4.59,0.00, 0.00
2.30,4.57,0.00, 0.00
2.30,4.57,0.00, 0.00
2.30,4.57,0.00, 0.00
2.30,4.57,0.00, 0.00
2.30,4.51,0.00, 0.00
2.30,4.51,0.00, 0.00
2.30,4.51,0.00, 0.00
0.94,4.42,0.00, 0.00
0.94,4.42,0.00, 0.00
0.94,4.42,0.00, 0.00
0.94,4.42,0.00, 0.00
0.94,4.42,0.00, 0.00
0.94,4.42,0.00, 0.00
0.94,4.42,0.00, 0.00
0.94,4.42,0.00, 0.00
2.14,4.14,59.12, 0.00
2.14,4.14,59.12, 0.00
2.14,4.14,59.12, 0.00
1.17,4.03,0.00, 0.00
1.17,4.03,0.00, 0.00
1.17,4.03,0.00, 0.00
1.72,4.00,27.10, 0.00
1.95,3.95,11.73, 0.00
1.95,3.95,11.73, 0.00
1.45,3.86,0.00, 0.00
1.45,3.86,0.00, 0.00
1.45,3.86,0.00, 0.00
1.45,3.86,0.00, 0.00
1.39,3.81,0.00, 0.00
1.39,3.81,0.00, 0.00
1.39,3.81,0.00, 0.00
1.39,3.81,0.00, 0.00
1.67,3.71,13.79, 0.00
1.50,3.64,0.00, 0.00
1.50,3.64,0.00, 0.00
1.50,3.64,0.00, 0.00
1.50,3.64,0.00, 0.00
1.50,3.64,0.00, 0.00
1.50,3.64,0.00, 0.00
1.50,3.64,0.00, 0.00
1.50,3.64,0.00, 0.00
1.50,3.64,0.00, 0.00
1.50,3.64,0.00, 0.00
1.50,3.64,0.00, 0.00
1.44,3.52,0.00, 0.00
1.44,3.52,0.00, 0.00
1.44,3.52,0.00, 0.00
1.44,3.52,0.00, 0.00
1.49,3.41,2.46, 0.00
1.49,3.41,2.46, 0.00
1.49,3.41,2.46, 0.00
1.49,3.41,2.46, 0.00
1.49,3.41,2.46, 0.00
1.49,3.41,2.46, 0.00
1.49,3.41,2.46, 0.00
1.49,3.34,0.04, 0.00
1.49,3.34,0.04, 0.00
1.49,3.34,0.04, 0.00
1.49,3.34,0.04, 0.00
1.51,3.22,0.99, 0.00
1.51,3.22,0.99, 0.00
1.51,3.22,0.99, 0.00
1.51,3.22,0.99, 0.00
1.51,3.22,0.99, 0.00
1.51,3.22,0.99, 0.00
1.51,3.22,0.99, 0.00
1.44,3.26,0.00, 1.74
1.44,3.26,0.00, 1.74
1.44,3.26,0.00, 1.74
1.44,3.26,0.00, 1.74
1.43,3.26,0.00, 0.01
1.43,3.26,0.00, 0.01
1.43,3.26,0.00, 0.01
1.43,3.26,0.00, 0.01
1.43,3.26,0.00, 0.01
1.35,3.26,0.00, 0.00
1.35,3.26,0.00, 0.00
1.35,3.26,0.00, 0.00
1.35,3.26,0.00, 0.00
1.30,3.26,0.00, 0.00
1.30,3.26,0.00, 0.00
1.30,3.26,0.00, 0.00
1.30,3.26,0.00, 0.00
1.30,3.26,0.00, 0.00
1.30,3.26,0.00, 0.00
1.27,3.24,0.00, 0.00
1.27,3.24,0.00, 0.00
1.27,3.24,0.00, 0.00
1.32,3.22,2.46, 0.00
1.32,3.22,2.46, 0.00
1.32,3.22,2.46, 0.00
1.32,3.22,2.46, 0.00
1.32,3.22,2.46, 0.00
1.32,3.22,2.46, 0.00
1.32,3.22,2.46, 0.00
1.32,3.22,2.46, 0.00
1.45,3.24,6.44, 0.75
1.45,3.24,6.44, 0.75
1.45,3.24,6.44, 0.75
1.45,3.24,6.44, 0.75
1.56,3.39,5.51, 7.97
1.56,3.39,5.51, 7.97
1.56,3.39,5.51, 7.97
1.56,3.39,5.51, 7.97
1.56,3.39,5.51, 7.97
1.56,3.39,5.51, 7.97
1.56,3.39,5.51, 7.97
1.79,3.60,11.41, 10.24
1.79,3.60,11.41, 10.24
1.79,3.60,11.41, 10.24
1.79,3.60,11.41, 10.24
2.09,3.84,14.95, 11.99
2.09,3.84,14.95, 11.99
2.09,3.84,14.95, 11.99
2.09,3.84,14.95, 11.99
2.09,3.84,14.95, 11.99
2.09,3.84,14.95, 11.99
2.33,4.35,12.04, 25.45
2.33,4.35,12.04, 25.45
2.33,4.35,12.04, 25.45
2.30,4.81,0.00, 23.01
2.30,4.81,0.00, 23.01
2.30,4.81,0.00, 23.01
2.30,4.81,0.00, 23.01
2.30,4.81,0.00, 23.01
2.30,4.81,0.00, 23.01
2.30,4.81,0.00, 23.01
2.30,5.05,0.00, 11.79
2.30,5.05,0.00, 11.79
2.30,5.05,0.00, 11.79
2.30,5.05,0.00, 11.79
2.30,5.22,0.00, 8.51
2.30,5.22,0.00, 8.51
2.30,5.22,0.00, 8.51
2.30,5.22,0.00, 8.51
2.30,5.22,0.00, 8.51
2.30,5.22,0.00, 8.51
2.30,5.22,0.00, 8.51
2.30,5.28,0.00, 3.02
2.30,5.28,0.00, 3.02
2.30,5.28,0.00, 3.02
2.30,5.28,0.00, 3.02
2.30,5.18,0.00, 0.00
2.30,5.18,0.00, 0.00
2.30,5.18,0.00, 0.00
2.30,5.18,0.00, 0.00
2.30,5.18,0.00, 0.00
2.30,5.18,0.00, 0.00
2.30,5.18,0.00, 0.00
2.30,5.05,0.00, 0.00
2.30,5.05,0.00, 0.00
2.30,5.05,0.00, 0.00
2.30,5.05,0.00, 0.00
2.30,4.93,0.00, 0.00
2.30,4.93,0.00, 0.00
2.30,4.93,0.00, 0.00
2.30,4.93,0.00, 0.00
2.30,4.93,0.00, 0.00
2.30,4.93,0.00, 0.00
2.30,4.93,0.00, 0.00
2.30,4.82,0.00, 0.00
2.30,4.70,0.00, 0.00
2.30,4.70,0.00, 0.00
2.30,4.70,0.00, 0.00
2.30,4.64,0.00, 0.00
2.30,4.64,0.00, 0.00
2.30,4.64,0.00, 0.00
2.30,4.64,0.00, 0.00
2.30,4.64,0.00, 0.00
2.30,4.62,0.00, 0.00
2.30,4.62,0.00, 0.00
2.30,4.59,0.00, 0.00
2.30,4.59,0.00, 0.00
2.30,4.59,0.00, 0.00
2.30,4.59,0.00, 0.00
2.30,4.57,0.00, 0.00
2.30,4.55,0.00, 0.00
2.30,4.55,0.00, 0.00
2.30,4.55,0.00, 0.00
2.30,4.52,0.00, 0.00
2.30,4.52,0.00, 0.00
2.30,4.47,0.00, 0.00
2.30,4.47,0.00, 0.00
2.30,4.47,0.00, 0.00
2.30,4.47,0.00, 0.00
2.30,4.46,0.00, 0.00
2.30,4.46,0.00, 0.00
2.30,4.44,0.00, 0.00
2.30,4.45,0.00, 0.25
2.30,4.45,0.00, 0.25
2.30,4.42,0.00, 0.00
2.30,4.42,0.00, 0.00
2.30,4.41,0.00, 0.00
2.30,4.41,0.00, 0.00
2.30,4.41,0.00, 0.00
2.30,4.40,0.00, 0.00
2.30,4.39,0.00, 0.00
2.30,4.39,0.00, 0.00
2.30,4.39,0.00, 0.00
2.30,4.37,0.00, 0.00
2.30,4.37,0.00, 0.00
2.30,4.35,0.00, 0.00
2.30,4.35,0.00, 0.00
2.30,4.35,0.00, 0.00
2.30,4.35,0.00, 0.00
2.30,4.34,0.00, 0.00
2.30,4.35,0.00, 0.50
2.30,4.35,0.00, 0.50
2.30,4.35,0.00, 0.00
2.30,4.35,0.00, 0.00
2.30,4.35,0.00, 0.00
2.30,4.35,0.00, 0.00
2.30,4.37,0.00, 1.00
2.30,4.36,0.00, 0.00
2.30,4.36,0.00, 0.00
2.30,4.36,0.00, 0.00
2.30,4.36,0.00, 0.25
2.30,4.36,0.00, 0.00
2.30,4.36,0.00, 0.00
2.30,4.36,0.00, 0.00
2.30,4.36,0.00, 0.00
2.30,4.34,0.00, 0.00
2.30,4.32,0.00, 0.00
2.30,4.32,0.00, 0.00
2.30,4.32,0.00, 0.00
2.30,4.31,0.00, 0.00
2.30,4.31,0.00, 0.00
2.30,4.31,0.00, 0.00
2.30,4.31,0.00, 0.00
2.30,4.26,0.00, 0.00
2.30,4.24,0.00, 0.00
2.30,4.24,0.00, 0.00
2.30,4.24,0.00, 0.00
2.30,4.22,0.00, 0.00
2.30,4.19,0.00, 0.00
2.30,4.19,0.00, 0.00
2.30,4.14,0.00, 0.00
2.30,4.14,0.00, 0.00
2.30,4.14,0.00, 0.00
2.30,4.14,0.00, 0.00
2.30,4.14,0.00, 0.00
2.30,4.09,0.00, 0.00
2.30,4.09,0.00, 0.00
2.30,4.09,0.00, 0.00
2.30,4.09,0.00, 0.00
2.30,4.01,0.00, 0.00
2.30,4.01,0.00, 0.00
2.30,4.01,0.00, 0.00
2.30,4.01,0.00, 0.00
2.30,4.01,0.00, 0.00
2.30,3.95,0.00, 0.00
2.30,3.95,0.00, 0.00
2.30,3.95,0.00, 0.00
2.30,3.95,0.00, 0.00
2.30,3.88,0.00, 0.00
2.30,3.88,0.00, 0.00
2.30,3.88,0.00, 0.00
0.20,3.81,0.00, 0.00
0.20,3.81,0.00, 0.00
0.20,3.81,0.00, 0.00
0.20,3.81,0.00, 0.00
2.18,3.68,97.54, 0.00
2.18,3.68,97.54, 0.00
2.18,3.68,97.54, 0.00
2.18,3.68,97.54, 0.00
2.18,3.68,97.54, 0.00
2.18,3.68,97.54, 0.00
1.54,3.66,0.00, 0.00
1.54,3.66,0.00, 0.00
1.54,3.66,0.00, 0.00
2.18,3.57,31.53, 0.00
2.18,3.57,31.53, 0.00
2.18,3.57,31.53, 0.00
2.18,3.57,31.53, 0.00
2.18,3.57,31.53, 0.00
2.18,3.57,31.53, 0.00
2.18,3.57,31.53, 0.00
1.65,3.49,0.00, 0.00
1.65,3.49,0.00, 0.00
1.65,3.49,0.00, 0.00
1.65,3.49,0.00, 0.00
1.79,3.39,6.90, 0.00
1.79,3.39,6.90, 0.00
1.79,3.39,6.90, 0.00
1.79,3.39,6.90, 0.00
1.79,3.39,6.90, 0.00
1.79,3.39,6.90, 0.00
1.79,3.39,6.90, 0.00
1.82,3.36,1.58, 0.00
1.82,3.36,1.58, 0.00
1.82,3.36,1.58, 0.00
1.87,3.34,2.49, 0.00
1.87,3.34,2.49, 0.00
1.87,3.34,2.49, 0.00
1.80,3.32,0.00, 0.00
1.80,3.32,0.00, 0.00
1.80,3.32,0.00, 0.00
1.80,3.32,0.00, 0.00
1.79,3.30,0.00, 0.00
1.79,3.30,0.00, 0.00
1.79,3.30,0.00, 0.00
1.78,3.29,0.00, 0.00
1.78,3.26,0.00, 0.00
1.78,3.26,0.00, 0.00
1.87,3.28,4.43, 0.50
1.87,3.28,4.43, 0.50
1.87,3.28,4.43, 0.50
1.87,3.26,0.07, 0.00
1.87,3.26,0.07, 0.00
1.87,3.26,0.07, 0.00
1.82,3.28,0.00, 0.50
1.81,3.26,0.00, 0.00
1.81,3.26,0.00, 0.00
1.81,3.24,0.00, 0.00
1.81,3.24,0.00, 0.00
1.81,3.24,0.00, 0.00
1.77,3.22,0.00, 0.00
1.77,3.22,0.00, 0.00
1.77,3.22,0.00, 0.00
1.77,3.22,0.00, 0.00
1.74,3.24,0.00, 0.50
1.71,3.24,0.00, 0.50
1.71,3.24,0.00, 0.50
1.71,3.24,0.00, 0.50
1.65,3.24,0.00, 0.00
1.65,3.24,0.00, 0.00
1.65,3.24,0.00, 0.00
1.67,3.22,0.99, 0.00
1.67,3.22,0.99, 0.00
1.67,3.22,0.99, 0.00
1.67,3.22,0.99, 0.00
1.68,3.21,0.51, 0.00
1.65,3.20,0.00, 0.00
1.65,3.20,0.00, 0.00
1.65,3.20,0.00, 0.00
1.58,3.17,0.00, 0.00
1.58,3.17,0.00, 0.00
1.58,3.17,0.00, 0.00
1.58,3.17,0.00, 0.00
1.57,3.16,0.00, 0.00
1.57,3.16,0.00, 0.00
1.57,3.16,0.00, 0.00
1.57,3.16,0.00, 0.00
1.52,3.14,0.00, 0.00
1.49,3.13,0.00, 0.00
1.49,3.13,0.00, 0.00
1.49,3.09,0.00, 0.00
1.49,3.09,0.00, 0.00
1.49,3.09,0.00, 0.00
1.49,3.09,0.00, 0.00
1.49,3.09,0.00, 0.00
1.49,3.09,0.00, 0.00
1.49,3.09,0.00, 0.00
1.53,3.06,1.97, 0.00
1.54,3.08,0.52, 1.00
1.54,3.08,0.52, 1.00
1.54,3.08,0.52, 1.00
1.59,3.11,2.47, 1.50
1.59,3.11,2.47, 1.50
1.59,3.11,2.47, 1.50
1.59,3.11,2.47, 1.50
1.59,3.12,0.04, 0.25
1.59,3.12,0.04, 0.25
1.59,3.12,0.04, 0.25
1.59,3.12,0.04, 0.25
1.67,3.16,3.94, 2.49
1.74,3.18,3.51, 1.01
1.74,3.18,3.51, 1.01
1.74,3.18,3.51, 1.01
1.97,3.36,11.38, 8.72
1.97,3.36,11.38, 8.72
1.97,3.36,11.38, 8.72
2.12,3.51,7.56, 7.26
2.12,3.51,7.56, 7.26
2.12,3.51,7.56, 7.26
2.30,3.81,8.98, 14.97
2.30,3.94,0.13, 6.78
2.30,3.94,0.13, 6.78
2.30,3.94,0.13, 6.78
2.30,3.94,0.13, 6.78
2.30,3.94,0.13, 6.78
2.30,3.94,0.13, 6.78
2.30,3.94,0.13, 6.78
2.30,3.94,0.13, 6.78
2.30,3.94,0.13, 6.78
2.30,3.94,0.13, 6.78
2.30,4.39,0.00, 22.44
2.30,4.39,0.00, 22.44
2.30,4.39,0.00, 22.44
2.30,4.39,0.00, 22.44
2.30,4.39,0.00, 22.44
2.30,4.39,0.00, 22.44
2.30,4.39,0.00, 22.44
2.30,4.53,0.00, 6.81
2.30,4.53,0.00, 6.81
2.30,4.53,0.00, 6.81
2.30,4.53,0.00, 6.81
2.30,4.62,0.00, 5.01
2.30,4.62,0.00, 5.01
2.30,4.62,0.00, 5.01
2.30,4.62,0.00, 5.01
2.30,4.62,0.00, 5.01
2.30,4.62,0.00, 5.01
2.30,4.62,0.00, 5.01
2.30,4.62,0.00, 0.02
2.30,4.62,0.00, 0.02
2.30,4.62,0.00, 0.02
2.30,4.55,0.00, 0.00
2.30,4.55,0.00, 0.00
2.30,4.55,0.00, 0.00
2.30,4.55,0.00, 0.00
2.30,4.55,0.00, 0.00
2.30,4.55,0.00, 0.00
2.30,4.55,0.00, 0.00
2.30,4.55,0.00, 0.00
2.30,4.55,0.00, 0.00
2.30,4.55,0.00, 0.00
2.30,4.55,0.00, 0.00
2.30,4.57,0.00, 1.49
2.30,4.57,0.00, 1.49
2.30,4.57,0.00, 1.49
2.30,4.57,0.00, 1.49
2.30,4.57,0.00, 1.49
2.30,4.57,0.00, 1.49
2.30,4.57,0.00, 1.49
2.30,4.57,0.00, 1.49
2.30,4.55,0.00, 0.00
2.30,4.55,0.00, 0.00
2.30,4.55,0.00, 0.00
2.30,4.57,0.00, 1.25
2.30,4.57,0.00, 1.25
2.30,4.57,0.00, 1.25
2.30,4.57,0.00, 0.25
2.30,4.59,0.00, 1.00
2.30,4.59,0.00, 1.00
2.30,4.61,0.00, 0.75
2.30,4.64,0.00, 1.25
2.30,4.64,0.00, 1.25
2.30,4.64,0.00, 1.25
2.30,4.64,0.00, 1.25
2.30,4.68,0.00, 2.00
2.30,4.68,0.00, 2.00
2.30,4.68,0.00, 2.00
2.30,4.68,0.00, 2.00
2.30,4.72,0.00, 2.00
2.30,4.72,0.00, 2.00
2.30,4.72,0.00, 2.00
2.30,4.78,0.00, 3.25
2.30,4.79,0.00, 0.51
2.30,4.79,0.00, 0.51
2.30,4.79,0.00, 0.51
2.30,4.81,0.00, 1.25
2.30,4.81,0.00, 1.25
2.30,4.81,0.00, 1.25
2.30,4.81,0.00, 0.00
2.30,4.82,0.00, 0.50
2.30,4.82,0.00, 0.50
2.30,4.82,0.00, 0.50
2.30,4.82,0.00, 0.50
2.30,4.85,0.00, 1.25
2.30,4.85,0.00, 1.25
2.30,4.85,0.00, 1.25
2.30,4.93,0.00, 3.74
2.30,4.93,0.00, 3.74
2.30,4.93,0.00, 3.74
2.30,4.93,0.00, 3.74
2.30,4.93,0.00, 3.74
2.30,4.93,0.00, 3.74
2.30,4.93,0.00, 3.74
2.30,4.93,0.00, 3.74
2.30,4.98,0.00, 2.75
2.30,4.98,0.00, 2.75
2.30,4.98,0.00, 2.75
2.30,5.06,0.00, 4.00
2.30,5.06,0.00, 4.00
2.30,5.06,0.00, 4.00
2.30,5.06,0.00, 4.00
2.30,5.06,0.00, 4.00
2.30,5.06,0.00, 4.00
2.30,5.06,0.00, 4.00
2.30,5.06,0.00, 4.00
2.30,5.08,0.00, 1.01
2.30,5.08,0.00, 1.01
2.30,5.08,0.00, 1.01
2.30,5.08,0.00, 1.01
2.30,5.06,0.00, 0.00
2.30,5.06,0.00, 0.00
2.30,5.06,0.00, 0.00
2.30,5.06,0.00, 0.00
2.30,5.06,0.00, 0.00
2.30,5.06,0.00, 0.00
2.30,5.06,0.00, 0.00
2.30,5.06,0.00, 0.00
2.30,5.06,0.00, 0.00
2.30,5.06,0.00, 0.00
2.30,5.06,0.00, 0.00
2.30,5.06,0.00, 0.25
2.30,5.06,0.00, 0.25
2.30,5.06,0.00, 0.25
2.30,5.06,0.00, 0.25
2.30,5.06,0.00, 0.25
2.30,5.06,0.00, 0.25
2.30,5.06,0.00, 0.25
2.30,5.07,0.00, 0.50
2.30,5.07,0.00, 0.50
2.30,5.07,0.00, 0.50
2.30,5.03,0.00, 0.00
2.30,5.03,0.00, 0.00
2.30,5.03,0.00, 0.00
2.30,5.03,0.00, 0.00
2.30,5.03,0.00, 0.00
2.30,5.03,0.00, 0.00
2.30,5.03,0.00, 0.00
2.30,5.07,0.00, 1.49
2.30,5.07,0.00, 1.49
2.30,5.07,0.00, 1.49
2.30,5.07,0.00, 1.49
2.30,5.10,0.00, 1.75
2.30,5.10,0.00, 1.75
2.30,5.10,0.00, 1.75
2.30,5.10,0.00, 1.75
2.30,5.10,0.00, 1.75
2.30,5.10,0.00, 1.75
2.30,5.10,0.00, 1.75
2.30,5.11,0.00, 0.26
2.30,5.11,0.00, 0.26
2.30,5.11,0.00, 0.26
2.30,5.11,0.00, 0.26
2.30,5.14,0.00, 1.74
2.30,5.14,0.00, 1.74
2.30,5.14,0.00, 1.74
2.30,5.14,0.00, 1.74
2.30,5.14,0.00, 1.74
2.30,5.14,0.00, 1.74
2.30,5.14,0.00, 1.74
2.30,5.16,0.00, 0.75
2.30,5.16,0.00, 0.75
2.30,5.16,0.00, 0.75
2.30,5.13,0.00, 0.00
2.30,5.13,0.00, 0.00
2.30,5.13,0.00, 0.00
2.30,5.13,0.00, 0.00
2.30,5.13,0.00, 0.00
2.30,5.13,0.00, 0.00
2.30,5.13,0.00, 0.00
2.30,5.05,0.00, 0.00
2.30,5.05,0.00, 0.00
2.30,5.05,0.00, 0.00
2.30,5.05,0.00, 0.00
2.30,4.95,0.00, 0.00
2.30,4.95,0.00, 0.00
2.30,4.95,0.00, 0.00
2.30,4.95,0.00, 0.00
2.30,4.95,0.00, 0.00
2.30,4.95,0.00, 0.00
2.30,4.95,0.00, 0.00
2.30,4.82,0.00, 0.00
2.30,4.82,0.00, 0.00
2.30,4.82,0.00, 0.00
2.30,4.82,0.00, 0.00
2.30,4.73,0.00, 0.00
2.30,4.73,0.00, 0.00
2.30,4.73,0.00, 0.00
2.30,4.73,0.00, 0.00
2.30,4.73,0.00, 0.00
2.30,4.73,0.00, 0.00
2.30,4.73,0.00, 0.00
2.30,4.64,0.00, 0.00
2.30,4.64,0.00, 0.00
2.30,4.64,0.00, 0.00
2.30,4.64,0.00, 0.00
2.30,4.61,0.00, 0.00
1.54,4.58,0.00, 0.00
1.54,4.58,0.00, 0.00
1.97,4.42,21.18, 0.00
1.97,4.42,21.18, 0.00
1.97,4.42,21.18, 0.00
1.97,4.42,21.18, 0.00
2.25,4.36,14.11, 0.00
2.25,4.36,14.11, 0.00
2.25,4.36,14.11, 0.00
1.70,4.34,0.00, 0.00
1.51,4.32,0.00, 0.00
1.51,4.32,0.00, 0.00
1.51,4.32,0.00, 0.00
1.97,4.27,22.66, 0.00
1.97,4.27,22.66, 0.00
1.97,4.27,22.66, 0.00
2.02,4.27,2.80, 0.00
2.02,4.27,2.80, 0.00
2.02,4.27,2.80, 0.00
2.02,4.27,2.80, 0.00
1.83,4.22,0.00, 0.00
1.84,4.18,0.49, 0.00
1.84,4.18,0.49, 0.00
1.88,4.11,1.98, 0.00
1.88,4.11,1.98, 0.00
1.88,4.11,1.98, 0.00
1.91,4.09,1.51, 0.00
1.91,4.09,1.51, 0.00
1.91,4.09,1.51, 0.00
1.91,4.09,1.51, 0.00
1.94,4.03,1.50, 0.00
1.92,4.01,0.00, 0.00
1.92,4.01,0.00, 0.00
1.92,3.94,0.00, 0.00
1.92,3.94,0.00, 0.00
1.92,3.94,0.00, 0.00
1.92,3.94,0.00, 0.00
1.90,3.94,0.00, 0.00
1.90,3.94,0.00, 0.00
1.90,3.94,0.00, 0.00
1.92,3.90,0.99, 0.00
1.92,3.88,0.01, 0.00
1.87,3.87,0.00, 0.00
1.87,3.87,0.00, 0.00
1.87,3.87,0.00, 0.00
1.87,3.87,0.00, 0.00
1.85,3.86,0.00, 0.00
1.85,3.86,0.00, 0.00
1.85,3.86,0.00, 0.00
1.85,3.86,0.00, 0.00
1.83,3.85,0.00, 0.00
1.86,3.87,1.48, 1.00
1.86,3.87,1.48, 1.00
1.86,3.87,1.48, 1.00
1.91,3.93,2.48, 3.24
1.91,3.93,2.48, 3.24
1.91,3.93,2.48, 3.24
1.94,3.96,1.51, 1.51
1.94,3.96,1.51, 1.51
1.94,3.96,1.51, 1.51
1.94,3.96,1.51, 1.51
2.02,4.08,3.96, 5.73
2.07,4.14,2.52, 2.76
2.07,4.14,2.52, 2.76
2.18,4.28,5.46, 7.23
2.18,4.28,5.46, 7.23
2.18,4.28,5.46, 7.23
2.23,4.36,2.54, 3.76
2.23,4.36,2.54, 3.76
2.23,4.36,2.54, 3.76
2.23,4.36,2.54, 3.76
2.30,4.61,3.49, 12.97
2.30,4.76,0.05, 7.02
2.30,4.76,0.05, 7.02
2.30,5.05,0.00, 14.72
2.30,5.05,0.00, 14.72
2.30,5.05,0.00, 14.72
2.30,5.05,0.00, 14.72
2.30,5.05,0.00, 14.72
2.30,5.05,0.00, 14.72
2.30,5.05,0.00, 14.72
2.30,5.44,0.00, 19.48
2.30,5.44,0.00, 19.48
2.30,5.44,0.00, 19.48
2.30,5.44,0.00, 19.48
2.30,5.73,0.00, 14.77
2.30,5.73,0.00, 14.77
2.30,5.73,0.00, 14.77
2.30,5.73,0.00, 14.77
2.30,5.73,0.00, 14.77
2.30,5.73,0.00, 14.77
2.30,5.73,0.00, 14.77
2.30,5.89,0.00, 7.53
2.30,5.89,0.00, 7.53
2.30,5.89,0.00, 7.53
2.30,5.91,0.00, 1.52
2.30,5.91,0.00, 1.52
2.30,5.91,0.00, 1.52
2.30,5.91,0.00, 1.52
2.30,5.91,0.00, 1.52
2.30,5.91,0.00, 1.52
2.30,5.91,0.00, 1.52
2.30,5.91,0.00, 1.52
2.30,5.83,0.00, 0.00
2.30,5.83,0.00, 0.00
2.30,5.83,0.00, 0.00
2.30,5.83,0.00, 0.00
2.30,5.74,0.00, 0.00
2.30,5.74,0.00, 0.00
2.30,5.74,0.00, 0.00
2.30,5.74,0.00, 0.00
2.30,5.74,0.00, 0.00
2.30,5.74,0.00, 0.00
2.30,5.74,0.00, 0.00
2.30,5.61,0.00, 0.00
2.30,5.61,0.00, 0.00
2.30,5.61,0.00, 0.00
2.30,5.61,0.00, 0.00
2.30,5.52,0.00, 0.00
2.30,5.52,0.00, 0.00
2.30,5.52,0.00, 0.00
2.30,5.52,0.00, 0.00
2.30,5.52,0.00, 0.00
2.30,5.52,0.00, 0.00
2.30,5.44,0.00, 0.00
2.30,5.44,0.00, 0.00
2.30,5.44,0.00, 0.00
2.30,5.44,0.00, 0.00
2.30,5.34,0.00, 0.00
2.30,5.34,0.00, 0.00
2.30,5.34,0.00, 0.00
2.30,5.34,0.00, 0.00
2.30,5.34,0.00, 0.00
2.30,5.34,0.00, 0.00
2.30,5.30,0.00, 0.00
2.30,5.30,0.00, 0.00
2.30,5.30,0.00, 0.00
2.30,5.30,0.00, 0.00
2.30,5.26,0.00, 0.00
2.30,5.26,0.00, 0.00
2.30,5.26,0.00, 0.00
2.30,5.26,0.00, 0.00
2.30,5.26,0.00, 0.00
2.30,5.26,0.00, 0.00
2.30,5.26,0.00, 0.00
2.30,5.26,0.00, 0.00
2.30,5.22,0.00, 0.00
2.30,5.22,0.00, 0.00
2.30,5.22,0.00, 0.00
2.30,5.22,0.00, 0.00
2.30,5.12,0.00, 0.00
2.30,5.12,0.00, 0.00
2.30,5.12,0.00, 0.00
2.30,5.12,0.00, 0.00
2.30,5.12,0.00, 0.00
2.30,5.12,0.00, 0.00
2.30,5.01,0.00, 0.00
2.30,5.01,0.00, 0.00
2.30,5.01,0.00, 0.00
2.30,5.01,0.00, 0.00
2.30,4.99,0.00, 0.00
2.30,5.01,0.00, 1.00
2.30,5.01,0.00, 1.00
2.30,5.07,0.00, 2.74
2.30,5.07,0.00, 2.74
2.30,5.07,0.00, 2.74
2.30,5.07,0.00, 2.74
2.30,5.07,0.00, 0.01
2.30,5.07,0.00, 0.01
2.30,5.07,0.00, 0.01
2.30,5.06,0.00, 0.00
2.30,5.06,0.00, 0.00
2.30,5.06,0.00, 0.00
2.30,5.06,0.00, 0.00
2.30,5.07,0.00, 0.75
2.30,5.07,0.00, 0.75
2.30,5.07,0.00, 0.75
2.30,5.07,0.00, 0.00
2.30,5.07,0.00, 0.00
2.30,5.07,0.00, 0.00
2.30,5.07,0.00, 0.00
2.30,5.08,0.00, 0.50
2.30,5.10,0.00, 0.75
2.30,5.11,0.00, 0.75
2.30,5.11,0.00, 0.75
2.30,5.11,0.00, 0.75
2.30,5.11,0.00, 0.75
2.30,5.09,0.00, 0.00
2.30,5.09,0.00, 0.00
2.30,5.09,0.00, 0.00
2.30,5.09,0.00, 0.00
2.30,5.07,0.00, 0.00
2.30,5.07,0.00, 0.00
2.30,5.07,0.00, 0.00
2.30,5.04,0.00, 0.00
2.30,5.04,0.00, 0.00
2.30,5.04,0.00, 0.00
2.30,5.04,0.00, 0.00
2.30,5.02,0.00, 0.00
2.30,5.02,0.00, 0.00
2.30,5.02,0.00, 0.00
2.30,5.02,0.00, 0.00
2.30,5.02,0.00, 0.00
2.30,5.03,0.00, 0.50
2.30,5.03,0.00, 0.50
2.30,5.03,0.00, 0.50
2.30,5.03,0.00, 0.00
2.30,5.03,0.00, 0.00
2.30,5.03,0.00, 0.00
2.30,5.03,0.00, 0.00
2.30,5.03,0.00, 0.00
2.30,5.03,0.00, 0.00
2.30,5.03,0.00, 0.00
2.30,5.03,0.00, 0.00
2.30,5.06,0.00, 1.49
2.30,5.07,0.00, 0.50
2.30,5.07,0.00, 0.50
2.30,5.07,0.00, 0.50
2.30,5.08,0.00, 0.50
2.30,5.08,0.00, 0.50
2.30,5.08,0.00, 0.50
2.30,5.08,0.00, 0.50
2.30,5.09,0.00, 0.25
2.30,5.09,0.00, 0.25
2.30,5.09,0.00, 0.25
2.30,5.09,0.00, 0.25
2.30,5.07,0.00, 0.00
2.30,5.10,0.00, 1.25
2.30,5.10,0.00, 1.25
2.30,5.11,0.00, 0.75
2.30,5.11,0.00, 0.75
2.30,5.11,0.00, 0.75
2.30,5.11,0.00, 0.75
2.30,5.12,0.00, 0.50
2.30,5.12,0.00, 0.50
2.30,5.12,0.00, 0.50
2.30,5.12,0.00, 0.50
2.30,5.10,0.00, 0.00
2.30,5.09,0.00, 0.00
2.30,5.09,0.00, 0.00
2.30,5.09,0.00, 0.00
2.30,5.06,0.00, 0.00
2.30,5.06,0.00, 0.00
2.30,5.06,0.00, 0.00
2.30,5.04,0.00, 0.00
2.30,5.04,0.00, 0.00
2.30,5.04,0.00, 0.00
2.30,5.04,0.00, 0.00
2.30,5.03,0.00, 0.00
2.30,5.02,0.00, 0.00
2.30,5.02,0.00, 0.00
2.30,5.02,0.00, 0.00
2.30,4.99,0.00, 0.00
2.30,4.99,0.00, 0.00
2.30,4.99,0.00, 0.00
2.30,4.99,0.00, 0.00
2.30,4.99,0.00, 0.00
2.30,4.99,0.00, 0.00
2.30,4.99,0.00, 0.00
2.30,4.95,0.00, 0.00
2.30,4.95,0.00, 0.00
2.30,4.95,0.00, 0.00
2.30,4.95,0.00, 0.00
2.30,4.90,0.00, 0.00
2.30,4.90,0.00, 0.00
2.30,4.90,0.00, 0.00
2.30,4.90,0.00, 0.00
2.30,4.90,0.00, 0.00
2.30,4.90,0.00, 0.00
2.30,4.90,0.00, 0.00
2.30,4.84,0.00, 0.00
2.30,4.84,0.00, 0.00
2.30,4.84,0.00, 0.00
2.30,4.84,0.00, 0.00
2.30,4.78,0.00, 0.00
2.30,4.78,0.00, 0.00
2.30,4.78,0.00, 0.00
2.30,4.78,0.00, 0.00
2.30,4.78,0.00, 0.00
2.30,4.78,0.00, 0.00
2.30,4.78,0.00, 0.00
2.30,4.78,0.00, 0.00
2.30,4.81,0.00, 1.49
2.30,4.81,0.00, 1.49
2.30,4.81,0.00, 1.49
2.30,4.81,0.00, 1.49
2.30,4.74,0.00, 0.00
2.30,4.72,0.00, 0.00
2.30,4.72,0.00, 0.00
2.30,4.69,0.00, 0.00
2.30,4.68,0.00, 0.00
2.30,4.68,0.00, 0.00
2.30,4.68,0.00, 0.00
2.30,4.65,0.00, 0.00
2.30,4.65,0.00, 0.00
2.30,4.65,0.00, 0.00
2.30,4.64,0.00, 0.00
2.30,4.61,0.00, 0.00
2.30,4.61,0.00, 0.00
2.30,4.61,0.00, 0.00
2.30,4.62,0.00, 0.25
2.30,4.62,0.00, 0.25
2.30,4.62,0.00, 0.25
2.30,4.62,0.00, 0.25
1.97,4.41,0.00, 0.00
1.97,4.41,0.00, 0.00
1.97,4.41,0.00, 0.00
1.97,4.41,0.00, 0.00
1.97,4.41,0.00, 0.00
1.97,4.41,0.00, 0.00
1.97,4.41,0.00, 0.00
1.97,4.41,0.00, 0.00
1.54,4.40,0.00, 0.00
1.54,4.40,0.00, 0.00
1.54,4.40,0.00, 0.00
1.54,4.40,0.00, 0.00
2.14,4.32,29.56, 0.00
2.14,4.32,29.56, 0.00
2.14,4.32,29.56, 0.00
2.14,4.32,29.56, 0.00
2.14,4.32,29.56, 0.00
2.14,4.32,29.56, 0.00
2.14,4.32,29.56, 0.00
2.14,4.32,29.56, 0.00
1.54,4.26,0.00, 0.00
1.54,4.26,0.00, 0.00
1.54,4.26,0.00, 0.00
1.83,4.11,14.29, 0.00
1.83,4.11,14.29, 0.00
1.83,4.11,14.29, 0.00
1.83,4.11,14.29, 0.00
1.83,4.11,14.29, 0.00
1.83,4.11,14.29, 0.00
1.83,4.11,14.29, 0.00
1.83,4.11,14.29, 0.00
1.67,4.00,0.00, 0.00
1.67,4.00,0.00, 0.00
1.67,4.00,0.00, 0.00
1.67,4.00,0.00, 0.00
1.58,3.89,0.00, 0.00
1.58,3.89,0.00, 0.00
1.58,3.89,0.00, 0.00
1.58,3.89,0.00, 0.00
1.58,3.89,0.00, 0.00
1.58,3.89,0.00, 0.00
1.58,3.89,0.00, 0.00
1.58,3.88,0.00, 0.00
1.58,3.88,0.00, 0.00
1.58,3.88,0.00, 0.00
1.58,3.88,0.00, 0.00
1.45,3.82,0.00, 0.00
1.45,3.82,0.00, 0.00
1.45,3.82,0.00, 0.00
1.45,3.82,0.00, 0.00
1.45,3.82,0.00, 0.00
1.45,3.82,0.00, 0.00
1.45,3.82,0.00, 0.00
1.45,3.82,0.00, 0.00
1.35,3.81,0.00, 0.00
1.35,3.81,0.00, 0.00
1.35,3.81,0.00, 0.00
1.35,3.81,0.00, 0.00
1.38,3.81,1.48, 0.00
1.38,3.81,1.48, 0.00
1.38,3.81,1.48, 0.00
1.38,3.81,1.48, 0.00
1.38,3.81,1.48, 0.00
1.38,3.81,1.48, 0.00
1.38,3.81,1.48, 0.00
1.46,3.79,3.96, 0.00
1.46,3.79,3.96, 0.00
1.46,3.79,3.96, 0.00
1.46,3.80,0.06, 0.50
1.46,3.80,0.06, 0.50
1.46,3.80,0.06, 0.50
1.46,3.80,0.06, 0.50
1.46,3.80,0.06, 0.50
1.46,3.80,0.06, 0.50
1.46,3.80,0.06, 0.50
1.46,3.80,0.06, 0.50
1.38,3.76,0.00, 0.00
1.38,3.76,0.00, 0.00
1.38,3.76,0.00, 0.00
1.38,3.76,0.00, 0.00
1.31,3.70,0.00, 0.00
1.31,3.70,0.00, 0.00
1.31,3.70,0.00, 0.00
1.31,3.70,0.00, 0.00
1.31,3.70,0.00, 0.00
1.31,3.70,0.00, 0.00
1.31,3.70,0.00, 0.00
1.29,3.64,0.00, 0.00
1.29,3.64,0.00, 0.00
1.29,3.64,0.00, 0.00
1.29,3.64,0.00, 0.00
1.29,3.65,0.00, 0.25
1.29,3.65,0.00, 0.25
1.29,3.65,0.00, 0.25
1.29,3.65,0.00, 0.25
1.29,3.65,0.00, 0.25
1.29,3.65,0.00, 0.25
1.29,3.65,0.00, 0.25
1.27,3.66,0.00, 0.25
1.27,3.66,0.00, 0.25
1.27,3.66,0.00, 0.25
1.27,3.66,0.00, 0.25
1.26,3.70,0.00, 2.49
1.26,3.70,0.00, 2.49
1.26,3.70,0.00, 2.49
1.26,3.70,0.00, 2.49
1.26,3.70,0.00, 2.49
1.26,3.70,0.00, 2.49
1.26,3.70,0.00, 2.49
1.26,3.70,0.00, 2.49
1.59,3.92,16.26, 10.97
1.59,3.92,16.26, 10.97
1.92,4.18,16.50, 12.74
1.92,4.18,16.50, 12.74
1.92,4.18,16.50, 12.74
1.92,4.18,16.50, 12.74
1.92,4.18,16.50, 12.74
1.92,4.18,16.50, 12.74
1.92,4.18,16.50, 12.74
1.92,4.18,16.50, 12.74
2.21,4.40,14.53, 11.01
2.21,4.40,14.53, 11.01
2.21,4.40,14.53, 11.01
2.21,4.40,14.53, 11.01
2.30,4.57,4.65, 8.51
2.30,4.64,0.07, 3.77
2.30,4.64,0.07, 3.77
2.30,4.64,0.07, 3.77
2.30,4.84,0.00, 9.73
2.30,4.84,0.00, 9.73
2.30,4.84,0.00, 9.73
2.30,4.90,0.00, 3.27
2.30,4.90,0.00, 3.27
2.30,4.90,0.00, 3.27
2.30,5.03,0.00, 6.24
2.30,5.11,0.00, 3.76
2.30,5.11,0.00, 3.76
2.30,5.11,0.00, 3.76
2.30,5.16,0.00, 2.75
2.30,5.16,0.00, 2.75
2.30,5.16,0.00, 2.75
2.30,5.16,0.00, 2.75
2.30,5.19,0.00, 1.75
2.30,5.19,0.00, 1.75
2.30,5.19,0.00, 1.75
2.30,5.19,0.00, 1.75
2.30,5.23,0.00, 1.75
2.30,5.26,0.00, 1.50
2.30,5.26,0.00, 1.50
2.30,5.26,0.00, 1.50
2.30,5.30,0.00, 2.00
2.30,5.30,0.00, 2.00
2.30,5.30,0.00, 2.00
2.30,5.30,0.00, 2.00
2.30,5.29,0.00, 0.00
2.30,5.29,0.00, 0.00
2.30,5.29,0.00, 0.00
2.30,5.29,0.00, 0.00
2.30,5.27,0.00, 0.00
2.30,5.27,0.00, 0.00
2.30,5.27,0.00, 0.00
2.30,5.19,0.00, 0.00
2.30,5.19,0.00, 0.00
2.30,5.19,0.00, 0.00
2.30,5.19,0.00, 0.00
2.30,5.16,0.00, 0.00
2.30,5.16,0.00, 0.00
2.30,5.16,0.00, 0.00
2.30,5.16,0.00, 0.00
2.30,5.10,0.00, 0.00
2.30,5.07,0.00, 0.00
2.30,5.07,0.00, 0.00
2.30,5.02,0.00, 0.00
2.30,5.02,0.00, 0.00
2.30,5.02,0.00, 0.00
2.30,5.02,0.00, 0.00
2.30,5.00,0.00, 0.00
2.30,5.00,0.00, 0.00
2.30,5.00,0.00, 0.00
2.30,5.00,0.00, 0.00
2.30,4.96,0.00, 0.00
2.30,4.94,0.00, 0.00
2.30,4.94,0.00, 0.00
2.30,4.94,0.00, 0.00
2.30,4.93,0.00, 0.00
2.30,4.93,0.00, 0.00
2.30,4.93,0.00, 0.00
2.30,4.93,0.00, 0.00
2.30,4.94,0.00, 0.25
2.30,4.93,0.00, 0.00
2.30,4.93,0.00, 0.00
2.30,4.93,0.00, 0.00
2.30,4.93,0.00, 0.00
2.30,4.93,0.00, 0.00
2.30,4.93,0.00, 0.00
2.30,4.94,0.00, 0.50
2.30,4.94,0.00, 0.50
2.30,4.94,0.00, 0.50
2.30,4.94,0.00, 0.50
2.30,4.94,0.00, 0.50
2.30,4.94,0.00, 0.50
2.30,4.94,0.00, 0.50
2.30,4.94,0.00, 0.50
2.30,4.96,0.00, 1.25
2.30,4.96,0.00, 1.25
2.30,4.96,0.00, 1.25
2.30,5.02,0.00, 2.99
2.30,5.02,0.00, 2.99
2.30,5.02,0.00, 2.99
2.30,5.02,0.00, 2.99
2.30,5.02,0.00, 2.99
2.30,5.02,0.00, 2.99
2.30,5.02,0.00, 2.99
2.30,5.02,0.00, 2.99
2.30,5.10,0.00, 3.75
2.30,5.10,0.00, 3.75
2.30,5.10,0.00, 3.75
2.30,5.10,0.00, 3.75
2.30,5.12,0.00, 1.51
2.30,5.12,0.00, 1.51
2.30,5.12,0.00, 1.51
2.30,5.12,0.00, 1.51
2.30,5.12,0.00, 1.51
2.30,5.12,0.00, 1.51
2.30,5.12,0.00, 1.51
2.30,5.12,0.00, 0.01
2.30,5.12,0.00, 0.01
2.30,5.12,0.00, 0.01
2.30,5.12,0.00, 0.01
2.32,5.07,0.99, 0.00
2.32,5.07,0.99, 0.00
2.32,5.07,0.99, 0.00
2.32,5.07,0.99, 0.00
2.32,5.07,0.99, 0.00
2.32,5.07,0.99, 0.00
2.32,5.07,0.99, 0.00
2.32,5.07,0.99, 0.00
2.32,4.99,0.01, 0.00
2.32,4.99,0.01, 0.00
2.32,4.99,0.01, 0.00
2.30,4.97,0.00, 0.00
2.30,4.97,0.00, 0.00
2.30,4.97,0.00, 0.00
2.30,4.97,0.00, 0.00
2.30,4.97,0.00, 0.00
2.30,4.97,0.00, 0.00
2.30,4.97,0.00, 0.00
2.30,4.97,0.00, 0.00
2.33,4.98,1.48, 0.50
2.33,4.98,1.48, 0.50
2.33,4.98,1.48, 0.50
2.32,5.03,0.00, 2.74
2.32,5.03,0.00, 2.74
2.32,5.03,0.00, 2.74
2.32,5.03,0.00, 2.74
2.32,5.03,0.00, 2.74
2.32,5.03,0.00, 2.74
2.32,5.03,0.00, 2.74
2.32,5.03,0.00, 2.74
2.30,5.07,0.00, 2.00
2.30,5.07,0.00, 2.00
2.30,5.07,0.00, 2.00
2.30,5.07,0.00, 2.00
2.32,5.11,0.99, 2.00
2.32,5.11,0.99, 2.00
2.32,5.11,0.99, 2.00
2.32,5.11,0.99, 2.00
2.32,5.11,0.99, 2.00
2.32,5.11,0.99, 2.00
2.32,5.11,0.99, 2.00
2.32,5.11,0.99, 2.00
2.30,5.11,0.00, 0.26
2.30,5.11,0.00, 0.26
2.30,5.11,0.00, 0.26
2.30,5.11,0.00, 0.00
2.30,5.11,0.00, 0.00
2.30,5.11,0.00, 0.00
2.30,5.11,0.00, 0.00
2.30,5.11,0.00, 0.00
2.30,5.11,0.00, 0.00
2.30,5.11,0.00, 0.00
2.30,5.10,0.00, 0.00
2.30,5.10,0.00, 0.00
2.30,5.10,0.00, 0.00
2.30,5.10,0.00, 0.00
2.30,5.05,0.00, 0.00
2.30,5.05,0.00, 0.00
2.30,5.05,0.00, 0.00
2.30,5.05,0.00, 0.00
2.30,5.05,0.00, 0.00
2.30,5.05,0.00, 0.00
2.30,5.05,0.00, 0.00
2.30,5.05,0.00, 0.00
2.30,5.02,0.00, 0.00
2.30,5.02,0.00, 0.00
2.30,5.02,0.00, 0.00
2.30,4.97,0.00, 0.00
2.30,4.97,0.00, 0.00
2.30,4.97,0.00, 0.00
2.30,4.97,0.00, 0.00
2.30,4.97,0.00, 0.00
2.30,4.97,0.00, 0.00
2.30,4.97,0.00, 0.00
2.30,4.97,0.00, 0.00
2.30,4.91,0.00, 0.00
2.30,4.91,0.00, 0.00
2.30,4.91,0.00, 0.00
2.30,4.91,0.00, 0.00
2.30,4.87,0.00, 0.00
2.30,4.86,0.00, 0.00
2.30,4.86,0.00, 0.00
2.30,4.82,0.00, 0.00
2.30,4.82,0.00, 0.00
2.30,4.82,0.00, 0.00
2.30,4.77,0.00, 0.00
2.30,4.77,0.00, 0.00
2.30,4.77,0.00, 0.00
2.30,4.77,0.00, 0.00
2.30,4.74,0.00, 0.00
2.30,4.72,0.00, 0.00
2.30,4.72,0.00, 0.00
2.30,4.68,0.00, 0.00
2.30,4.68,0.00, 0.00
2.30,4.68,0.00, 0.00
2.30,4.68,0.00, 0.00
2.30,4.65,0.00, 0.00
2.30,4.65,0.00, 0.00
2.30,4.65,0.00, 0.00
2.30,4.65,0.00, 0.00
2.30,4.62,0.00, 0.00
2.30,4.60,0.00, 0.00
2.30,4.60,0.00, 0.00
2.30,4.60,0.00, 0.00
2.30,4.57,0.00, 0.00
2.30,4.57,0.00, 0.00
2.30,4.57,0.00, 0.00
2.30,4.57,0.00, 0.00
2.30,4.57,0.00, 0.00
2.30,4.57,0.00, 0.00
2.30,4.57,0.00, 0.00
2.30,4.57,0.00, 0.00
2.30,4.57,0.00, 0.00
2.30,4.53,0.00, 0.00
2.30,4.53,0.00, 0.00
2.30,4.53,0.00, 0.00
2.30,4.51,0.00, 0.00
2.30,4.51,0.00, 0.00
2.30,4.51,0.00, 0.00
2.30,4.51,0.00, 0.00
2.30,4.51,0.00, 0.00
2.30,4.51,0.00, 0.00
2.30,4.45,0.00, 0.00
2.30,4.42,0.00, 0.00
2.30,4.42,0.00, 0.00
2.15,4.39,0.00, 0.00
2.15,4.39,0.00, 0.00
2.15,4.39,0.00, 0.00
2.15,4.39,0.00, 0.00
0.00,4.28,0.00, 0.00
0.00,4.28,0.00, 0.00
0.00,4.28,0.00, 0.00
0.00,4.28,0.00, 0.00
1.95,4.19,96.07, 0.00
2.23,4.22,15.21, 1.25
2.23,4.22,15.21, 1.25
1.75,4.23,0.00, 0.75
1.75,4.23,0.00, 0.75
1.75,4.23,0.00, 0.75
1.75,4.23,0.00, 0.75
1.21,4.20,0.00, 0.00
1.21,4.20,0.00, 0.00
1.21,4.20,0.00, 0.00
1.21,4.20,0.00, 0.00
2.14,4.17,45.82, 0.00
2.18,4.16,2.64, 0.00
2.18,4.16,2.64, 0.00
2.18,4.16,2.64, 0.00
1.55,4.14,0.00, 0.00
1.55,4.14,0.00, 0.00
1.55,4.14,0.00, 0.00
1.80,4.14,12.32, 0.00
1.80,4.14,12.32, 0.00
1.80,4.14,12.32, 0.00
1.80,4.14,12.32, 0.00
2.07,4.12,13.48, 0.00
2.07,4.12,13.48, 0.00
2.07,4.12,13.48, 0.00
1.95,4.06,0.00, 0.00
1.95,4.06,0.00, 0.00
1.95,4.06,0.00, 0.00
1.95,4.06,0.00, 0.00
1.95,4.06,0.00, 0.00
1.95,4.06,0.00, 0.00
1.95,4.06,0.00, 0.00
1.95,4.06,0.00, 0.00
2.06,4.05,5.42, 0.00
2.06,4.05,5.42, 0.00
2.16,4.04,5.01, 0.00
2.16,4.04,5.01, 0.00
2.16,4.04,5.01, 0.00
2.16,4.04,5.01, 0.00
2.16,4.04,5.01, 0.00
2.16,4.06,0.07, 1.00
2.12,4.06,0.00, 0.00
2.12,4.06,0.00, 0.00
2.12,4.06,0.00, 0.00
2.09,4.05,0.00, 0.00
2.09,4.05,0.00, 0.00
2.09,4.05,0.00, 0.00
2.09,4.05,0.00, 0.00
2.11,4.06,0.99, 0.50
2.11,4.06,0.99, 0.50
2.11,4.06,0.99, 0.50
2.11,4.06,0.99, 0.50
2.11,4.05,0.01, 0.00
2.09,4.05,0.00, 0.00
2.09,4.05,0.00, 0.00
2.08,4.03,0.00, 0.00
2.08,4.03,0.00, 0.00
2.08,4.03,0.00, 0.00
2.08,4.03,0.00, 0.00
2.08,4.03,0.00, 0.25
2.08,4.03,0.00, 0.25
2.08,4.03,0.00, 0.25
2.01,4.03,0.00, 0.00
1.96,4.01,0.00, 0.00
1.96,4.01,0.00, 0.00
1.96,4.01,0.00, 0.00
1.91,3.99,0.00, 0.00
1.96,3.98,2.46, 0.00
1.96,3.98,2.46, 0.00
1.96,3.98,2.46, 0.00
1.99,3.98,1.51, 0.00
1.99,3.98,1.51, 0.00
1.99,3.98,1.51, 0.00
2.00,3.99,0.51, 0.25
2.00,3.99,0.01, 0.00
2.00,3.99,0.01, 0.00
2.00,3.99,0.01, 0.00
2.00,3.99,0.01, 0.00
2.00,3.99,0.01, 0.00
2.00,3.99,0.01, 0.00
1.97,4.01,0.00, 1.00
1.97,4.01,0.00, 1.00
1.97,4.01,0.00, 1.00
1.97,4.01,0.00, 1.00
2.02,4.05,2.46, 2.25
2.07,4.06,2.50, 0.51
2.07,4.06,2.50, 0.51
2.10,4.12,1.51, 2.99
2.17,4.21,3.47, 4.49
2.17,4.21,3.47, 4.49
2.17,4.21,3.47, 4.49
2.23,4.26,3.01, 2.51
2.23,4.26,3.01, 2.51
2.23,4.26,3.01, 2.51
2.23,4.26,3.01, 2.51
2.29,4.35,3.00, 4.24
2.30,4.44,0.54, 4.75
2.30,4.44,0.54, 4.75
2.30,4.44,0.54, 4.75
2.30,4.44,0.54, 4.75
2.30,4.44,0.54, 4.75
2.30,4.44,0.54, 4.75
2.30,4.66,0.01, 10.98
2.30,4.66,0.01, 10.98
2.30,4.66,0.01, 10.98
2.30,4.88,0.00, 10.75
2.30,4.88,0.00, 10.75
2.30,4.88,0.00, 10.75
2.30,4.88,0.00, 10.75
2.30,4.97,0.00, 4.77
2.30,4.97,0.00, 4.77
2.30,4.97,0.00, 4.77
2.30,5.04,0.00, 3.50
2.30,5.09,0.00, 2.25
2.30,5.09,0.00, 2.25
2.30,5.09,0.00, 2.25
2.30,5.20,0.00, 5.74
2.30,5.20,0.00, 5.74
2.30,5.20,0.00, 5.74
2.30,5.23,0.00, 1.52
2.30,5.23,0.00, 1.52
2.30,5.23,0.00, 1.52
2.30,5.23,0.00, 1.52
2.30,5.24,0.00, 0.25
2.30,5.24,0.00, 0.50
2.30,5.24,0.00, 0.50
2.30,5.26,0.00, 0.75
2.30,5.26,0.00, 0.75
2.30,5.26,0.00, 0.75
2.30,5.26,0.00, 0.75
2.30,5.26,0.00, 0.75
2.30,5.26,0.00, 0.00
2.30,5.26,0.00, 0.00
2.30,5.26,0.00, 0.00
2.30,5.26,0.00, 0.00
2.30,5.26,0.00, 0.00
2.30,5.26,0.00, 0.00
2.30,5.26,0.00, 0.00
2.30,5.26,0.00, 0.00
2.30,5.25,0.00, 0.00
2.30,5.25,0.00, 0.00
2.30,5.25,0.00, 0.00
2.30,5.25,0.00, 0.00
2.30,5.24,0.00, 0.00
2.30,5.24,0.00, 0.00
2.30,5.24,0.00, 0.00
2.30,5.24,0.00, 0.00
2.30,5.24,0.00, 0.00
2.30,5.24,0.00, 0.00
2.30,5.24,0.00, 0.00
2.30,5.24,0.00, 0.00
2.30,5.18,0.00, 0.00
2.30,5.18,0.00, 0.00
2.30,5.18,0.00, 0.00
2.30,5.18,0.00, 0.00
2.30,5.12,0.00, 0.00
2.30,5.12,0.00, 0.00
2.30,5.12,0.00, 0.00
2.30,5.12,0.00, 0.00
2.30,5.12,0.00, 0.00
2.30,5.12,0.00, 0.00
2.30,5.12,0.00, 0.00
2.30,5.09,0.00, 0.00
2.30,5.09,0.00, 0.00
2.30,5.09,0.00, 0.00
2.30,5.07,0.00, 0.00
2.30,5.07,0.00, 0.00
2.30,5.07,0.00, 0.00
2.30,5.07,0.00, 0.00
2.30,5.07,0.00, 0.00
2.30,5.07,0.00, 0.00
2.30,5.07,0.00, 0.00
2.30,5.07,0.00, 0.00
2.30,5.05,0.00, 0.00
2.30,5.05,0.00, 0.00
2.30,5.05,0.00, 0.00
2.30,5.10,0.00, 1.99
2.30,5.10,0.00, 1.99
2.30,5.10,0.00, 1.99
2.30,5.10,0.00, 1.99
2.30,5.10,0.00, 1.99
2.30,5.10,0.00, 1.99
2.30,5.10,0.00, 1.99
2.30,5.10,0.00, 1.99
2.30,5.12,0.00, 1.25
2.30,5.12,0.00, 1.25
2.30,5.12,0.00, 1.25
2.30,5.12,0.00, 1.25
2.30,5.10,0.00, 0.00
2.30,5.10,0.00, 0.00
2.30,5.10,0.00, 0.00
2.30,5.10,0.00, 0.00
2.30,5.10,0.00, 0.00
2.30,5.10,0.00, 0.00
2.30,5.10,0.00, 0.00
2.30,5.07,0.00, 0.00
2.30,5.07,0.00, 0.00
2.30,5.07,0.00, 0.00
2.30,5.07,0.00, 0.00
2.30,5.05,0.00, 0.00
2.30,5.05,0.00, 0.00
2.30,5.05,0.00, 0.00
2.30,5.05,0.00, 0.00
2.30,5.05,0.00, 0.00
2.30,5.05,0.00, 0.00
2.30,5.05,0.00, 0.00
2.30,5.05,0.00, 0.00
2.30,5.00,0.00, 0.00
2.30,5.00,0.00, 0.00
2.30,5.00,0.00, 0.00
2.30,5.00,0.00, 0.00
2.30,4.91,0.00, 0.00
2.30,4.91,0.00, 0.00
2.30,4.91,0.00, 0.00
2.30,4.91,0.00, 0.00
2.30,4.91,0.00, 0.00
2.30,4.91,0.00, 0.00
2.30,4.91,0.00, 0.00
2.30,4.87,0.00, 0.00
2.30,4.87,0.00, 0.00
2.30,4.87,0.00, 0.00
2.30,4.87,0.00, 0.00
2.30,4.82,0.00, 0.00
2.30,4.82,0.00, 0.25
2.30,4.82,0.00, 0.25
2.30,4.82,0.00, 0.25
2.30,4.80,0.00, 0.00
2.30,4.80,0.00, 0.00
2.30,4.80,0.00, 0.00
2.30,4.80,0.00, 0.00
2.30,4.79,0.00, 0.00
2.30,4.79,0.00, 0.00
2.30,4.79,0.00, 0.00
2.30,4.75,0.00, 0.00
2.30,4.74,0.00, 0.00
2.30,4.74,0.00, 0.00
2.30,4.74,0.00, 0.00
2.30,4.74,0.00, 0.00
2.30,4.74,0.00, 0.00
2.30,4.74,0.00, 0.00
2.30,4.74,0.00, 0.00
2.30,4.72,0.00, 0.00
2.30,4.72,0.00, 0.00
2.30,4.72,0.00, 0.00
2.30,4.70,0.00, 0.00
2.30,4.70,0.00, 0.00
2.30,4.70,0.00, 0.00
2.30,4.70,0.00, 0.00
2.30,4.66,0.00, 0.00
2.30,4.66,0.00, 0.00
2.30,4.66,0.00, 0.00
2.30,4.65,0.00, 0.00
2.30,4.65,0.00, 0.00
2.30,4.65,0.00, 0.00
2.30,4.65,0.00, 0.00
2.30,4.61,0.00, 0.00
2.30,4.61,0.00, 0.00
2.30,4.61,0.00, 0.00
2.30,4.61,0.00, 0.00
2.30,4.60,0.00, 0.00
2.30,4.60,0.00, 0.00
2.30,4.60,0.00, 0.00
2.30,4.60,0.00, 0.00
2.30,4.58,0.00, 0.00
2.30,4.58,0.00, 0.00
2.30,4.58,0.00, 0.00
2.30,4.58,0.00, 0.00
2.30,4.56,0.00, 0.00
2.30,4.54,0.00, 0.00
2.30,4.54,0.00, 0.00
2.30,4.54,0.00, 0.00
2.30,4.49,0.00, 0.00
2.30,4.49,0.00, 0.00
2.30,4.49,0.00, 0.00
2.30,4.49,0.00, 0.00
2.30,4.49,0.00, 0.00
2.30,4.49,0.00, 0.00
2.30,4.49,0.00, 0.00
2.30,4.44,0.00, 0.00
2.30,4.41,0.00, 0.00
2.30,4.41,0.00, 0.00
2.30,4.41,0.00, 0.00
2.30,4.38,0.00, 0.00
2.30,4.38,0.00, 0.00
2.30,4.38,0.00, 0.00
2.30,4.38,0.00, 0.00
2.30,4.35,0.00, 0.00
2.30,4.35,0.00, 0.00
2.30,4.35,0.00, 0.00
2.30,4.35,0.00, 0.00
0.00,4.25,0.00, 0.00
0.90,4.13,44.34, 0.00
0.90,4.13,44.34, 0.00
0.90,4.13,44.34, 0.00
2.33,4.09,71.10, 0.00
2.33,4.09,71.10, 0.00
2.33,4.09,71.10, 0.00
2.33,4.10,1.05, 0.75
2.33,4.10,1.05, 0.75
2.33,4.10,1.05, 0.75
0.00,4.01,0.00, 0.00
0.00,4.01,0.00, 0.00
0.00,4.01,0.00, 0.00
0.00,4.01,0.00, 0.00
1.87,4.07,92.12, 2.49
1.87,4.07,92.12, 2.49
1.87,4.07,92.12, 2.49
1.87,4.07,92.12, 2.49
1.87,4.07,92.12, 2.49
1.87,4.07,92.12, 2.49
1.87,4.07,92.12, 2.49
1.84,4.02,0.00, 0.00
1.84,4.02,0.00, 0.00
1.84,4.02,0.00, 0.00
1.85,4.02,0.49, 0.00
1.85,4.02,0.49, 0.00
1.85,4.02,0.49, 0.00
1.85,4.02,0.49, 0.00
1.85,4.02,0.49, 0.00
1.85,4.02,0.49, 0.00
1.85,4.02,0.49, 0.00
1.85,4.02,0.49, 0.00
2.00,3.98,7.40, 0.00
2.00,3.98,7.40, 0.00
2.00,3.98,7.40, 0.00
2.00,3.98,7.40, 0.00
1.95,3.91,0.00, 0.00
1.95,3.91,0.00, 0.00
1.95,3.91,0.00, 0.00
1.95,3.91,0.00, 0.00
1.95,3.91,0.00, 0.00
1.95,3.91,0.00, 0.00
1.95,3.91,0.00, 0.00
1.97,3.89,0.99, 0.00
1.97,3.89,0.99, 0.00
1.97,3.89,0.99, 0.00
1.97,3.89,0.99, 0.00
1.93,3.87,0.00, 0.00
1.93,3.87,0.00, 0.00
1.93,3.87,0.00, 0.00
1.93,3.87,0.00, 0.00
1.93,3.87,0.00, 0.00
1.93,3.87,0.00, 0.00
1.93,3.87,0.00, 0.00
1.85,3.86,0.00, 0.00
1.85,3.86,0.00, 0.00
1.85,3.86,0.00, 0.00
1.85,3.86,0.00, 0.00
1.79,3.84,0.00, 0.00
1.79,3.84,0.00, 0.00
1.79,3.84,0.00, 0.00
1.79,3.84,0.00, 0.00
1.79,3.84,0.00, 0.00
1.79,3.84,0.00, 0.00
1.79,3.84,0.00, 0.00
1.79,3.84,0.00, 0.00
1.76,3.80,0.00, 0.00
1.76,3.80,0.00, 0.00
1.76,3.80,0.00, 0.00
1.76,3.80,0.00, 0.00
1.76,3.77,0.00, 0.00
1.76,3.77,0.00, 0.00
1.76,3.77,0.00, 0.00
1.76,3.77,0.00, 0.00
1.76,3.77,0.00, 0.00
1.76,3.77,0.00, 0.00
1.76,3.77,0.00, 0.00
1.73,3.78,0.00, 0.50
1.73,3.78,0.00, 0.50
1.73,3.78,0.00, 0.50
1.73,3.78,0.00, 0.50
1.73,3.74,0.00, 0.00
1.73,3.74,0.00, 0.00
1.73,3.74,0.00, 0.00
1.73,3.74,0.00, 0.00
1.73,3.74,0.00, 0.00
1.73,3.74,0.00, 0.00
1.73,3.74,0.00, 0.00
1.75,3.76,0.99, 0.75
1.75,3.76,0.99, 0.75
1.75,3.76,0.99, 0.75
1.75,3.76,0.99, 0.75
1.76,3.73,0.51, 0.00
1.76,3.73,0.51, 0.00
1.76,3.73,0.51, 0.00
1.76,3.73,0.51, 0.00
1.76,3.73,0.51, 0.00
1.76,3.73,0.51, 0.00
1.76,3.73,0.51, 0.00
1.76,3.73,0.51, 0.00
1.81,3.76,2.47, 1.49
1.81,3.76,2.47, 1.49
1.81,3.76,2.47, 1.49
1.83,3.79,1.02, 1.50
1.86,3.80,1.49, 0.50
1.86,3.80,1.49, 0.50
1.94,3.84,3.96, 1.99
1.94,3.84,3.96, 1.99
1.94,3.84,3.96, 1.99
1.97,3.86,1.54, 0.75
1.97,3.86,1.54, 0.75
1.97,3.86,1.54, 0.75
2.04,3.91,3.47, 2.49
2.10,3.93,3.01, 1.50
2.27,4.05,8.42, 5.73
2.27,4.05,8.42, 5.73
2.27,4.05,8.42, 5.73
2.27,4.05,8.42, 5.73
2.29,4.14,1.11, 4.50
2.29,4.14,1.11, 4.50
2.29,4.14,1.11, 4.50
2.30,4.30,0.51, 7.99
2.30,4.36,0.01, 3.27
2.30,4.36,0.01, 3.27
2.30,4.47,0.00, 4.99
2.30,4.47,0.00, 4.99
2.30,4.47,0.00, 4.99
2.30,4.51,0.00, 2.01
2.30,4.51,0.00, 2.01
2.30,4.51,0.00, 2.01
2.30,4.51,0.00, 2.01
2.30,4.57,0.00, 3.49
2.30,4.61,0.00, 1.51
2.30,4.61,0.00, 1.51
2.30,4.61,0.00, 1.51
2.30,4.64,0.00, 2.00
2.30,4.64,0.00, 2.00
2.30,4.64,0.00, 2.00
2.30,4.66,0.00, 0.75
2.30,4.66,0.00, 0.75
2.30,4.66,0.00, 0.75
2.30,4.66,0.00, 0.75
2.30,4.72,0.00, 3.24
2.30,4.74,0.00, 0.76
2.30,4.73,0.00, 0.00
2.30,4.73,0.00, 0.00
2.30,4.73,0.00, 0.00
2.30,4.73,0.00, 0.00
2.30,4.72,0.00, 0.00
2.30,4.72,0.00, 0.00
2.30,4.72,0.00, 0.00
2.30,4.72,0.00, 0.00
2.30,4.72,0.00, 0.00
2.30,4.70,0.00, 0.00
2.30,4.70,0.00, 0.00
2.30,4.70,0.00, 0.00
2.30,4.67,0.00, 0.00
2.30,4.67,0.00, 0.00
2.30,4.67,0.00, 0.00
2.30,4.67,0.00, 0.00
2.30,4.64,0.00, 0.00
2.30,4.64,0.00, 0.00
2.30,4.64,0.00, 0.00
2.30,4.59,0.00, 0.00
2.30,4.54,0.00, 0.00
2.30,4.54,0.00, 0.00
2.30,4.54,0.00, 0.00
2.30,4.51,0.00, 0.00
2.30,4.51,0.00, 0.00
2.30,4.51,0.00, 0.00
2.30,4.49,0.00, 0.00
2.30,4.49,0.00, 0.00
2.30,4.49,0.00, 0.00
2.30,4.43,0.00, 0.00
2.30,4.40,0.00, 0.00
2.30,4.40,0.00, 0.00
2.30,4.36,0.00, 0.00
2.30,4.36,0.00, 0.00
2.30,4.36,0.00, 0.00
2.30,4.34,0.00, 0.00
2.30,4.34,0.00, 0.00
2.30,4.34,0.00, 0.00
2.30,4.34,0.00, 0.00
2.30,4.32,0.00, 0.00
2.30,4.32,0.00, 0.00
2.30,4.32,0.00, 0.00
2.30,4.29,0.00, 0.00
2.30,4.29,0.00, 0.00
2.30,4.29,0.00, 0.00
2.30,4.29,0.00, 0.00
2.30,4.29,0.00, 0.00
2.30,4.35,0.00, 2.99
2.30,4.35,0.00, 2.99
2.30,4.35,0.00, 2.99
2.30,4.35,0.00, 2.99
2.30,4.39,0.00, 1.75
2.30,4.39,0.00, 1.75
2.30,4.39,0.00, 1.75
2.30,4.39,0.00, 1.75
2.30,4.39,0.00, 1.75
2.30,4.39,0.00, 1.75
2.30,4.39,0.00, 1.75
2.30,4.39,0.00, 1.75
2.30,4.40,0.00, 1.00
2.30,4.40,0.00, 1.00
2.30,4.40,0.00, 1.00
2.30,4.42,0.00, 0.75
2.30,4.42,0.00, 0.75
2.30,4.42,0.00, 0.75
2.30,4.42,0.00, 0.75
2.30,4.42,0.00, 0.75
2.30,4.42,0.00, 0.75
2.30,4.42,0.00, 0.75
2.30,4.42,0.00, 0.75
2.30,4.42,0.00, 0.75
2.30,4.42,0.00, 0.75
2.30,4.42,0.00, 0.75
2.30,4.40,0.00, 0.00
2.30,4.40,0.00, 0.00
2.30,4.40,0.00, 0.00
2.30,4.40,0.00, 0.00
2.30,4.40,0.00, 0.00
2.30,4.40,0.00, 0.00
2.30,4.40,0.00, 0.00
2.30,4.40,0.00, 0.00
2.30,4.40,0.00, 0.00
2.30,4.39,0.00, 0.00
2.30,4.39,0.00, 0.00
2.30,4.39,0.00, 0.00
2.30,4.40,0.00, 0.25
2.30,4.40,0.00, 0.25
2.30,4.40,0.00, 0.25
2.30,4.39,0.00, 0.00
2.30,4.41,0.00, 0.75
2.30,4.41,0.00, 0.75
2.30,4.41,0.00, 0.25
2.30,4.41,0.00, 0.25
2.30,4.41,0.00, 0.25
2.30,4.41,0.00, 0.25
2.30,4.43,0.00, 0.50
2.30,4.43,0.00, 0.50
2.30,4.43,0.00, 0.50
2.30,4.43,0.00, 0.50
2.30,4.47,0.00, 2.24
2.30,4.47,0.00, 2.24
2.30,4.47,0.00, 2.24
2.30,4.47,0.00, 2.24
2.30,4.48,0.00, 0.76
2.30,4.48,0.00, 0.76
2.30,4.48,0.00, 0.76
2.30,4.49,0.00, 0.50
2.30,4.49,0.00, 0.50
2.30,4.49,0.00, 0.50
2.30,4.49,0.00, 0.50
2.30,4.51,0.00, 0.50
2.30,4.51,0.00, 0.00
2.30,4.51,0.00, 0.00
2.30,4.51,0.00, 0.00
2.30,4.51,0.00, 0.00
2.30,4.51,0.00, 0.00
2.30,4.51,0.00, 0.00
2.30,4.51,0.00, 0.00
2.30,4.48,0.00, 0.00
2.32,4.50,0.99, 1.00
2.30,4.46,0.00, 0.00
2.30,4.47,0.00, 0.25
2.30,4.46,0.00, 0.00
2.30,4.46,0.00, 0.00
2.30,4.46,0.00, 0.00
2.30,4.44,0.00, 0.00
2.30,4.44,0.00, 0.00
2.30,4.44,0.00, 0.00
2.30,4.44,0.00, 0.00
2.30,4.39,0.00, 0.00
2.30,4.39,0.00, 0.00
2.30,4.39,0.00, 0.00
2.30,4.39,0.00, 0.00
2.30,4.38,0.00, 0.00
2.30,4.36,0.00, 0.00
2.30,4.36,0.00, 0.00
2.30,4.36,0.00, 0.00
2.30,4.36,0.00, 0.00
2.30,4.36,0.00, 0.00
2.30,4.36,0.00, 0.00
2.30,4.36,0.00, 0.00
2.30,4.36,0.00, 0.00
2.30,4.36,0.00, 0.00
2.30,4.36,0.00, 0.00
2.30,4.23,0.00, 0.00
2.30,4.23,0.00, 0.00
2.30,4.23,0.00, 0.00
2.30,4.23,0.00, 0.00
2.30,4.18,0.00, 0.00
2.30,4.18,0.00, 0.00
2.30,4.18,0.00, 0.00
2.30,4.18,0.00, 0.00
2.30,4.18,0.00, 0.00
2.30,4.18,0.00, 0.00
2.30,4.18,0.00, 0.00
2.30,4.18,0.00, 0.00
0.00,4.07,0.00, 0.00
0.00,4.07,0.00, 0.00
0.00,4.07,0.00, 0.00
2.39,3.96,117.74, 0.00
2.39,3.96,117.74, 0.00
2.39,3.96,117.74, 0.00
2.39,3.96,117.74, 0.00
2.39,3.96,117.74, 0.00
2.39,3.96,117.74, 0.00
2.39,3.96,117.74, 0.00
0.83,3.87,0.00, 0.00
0.83,3.87,0.00, 0.00
0.83,3.87,0.00, 0.00
1.60,3.86,37.93, 0.00
1.60,3.86,37.93, 0.00
1.60,3.86,37.93, 0.00
1.60,3.86,37.93, 0.00
1.60,3.86,37.93, 0.00
1.60,3.86,37.93, 0.00
1.60,3.86,37.93, 0.00
1.82,3.83,11.40, 0.00
1.82,3.83,11.40, 0.00
1.82,3.83,11.40, 0.00
1.82,3.83,11.40, 0.00
1.74,3.78,0.00, 0.00
1.74,3.78,0.00, 0.00
1.74,3.78,0.00, 0.00
1.74,3.78,0.00, 0.00
1.74,3.78,0.00, 0.00
1.74,3.78,0.00, 0.00
1.74,3.78,0.00, 0.00
1.74,3.78,0.00, 0.00
1.80,3.73,2.96, 0.00
1.80,3.73,2.96, 0.00
1.80,3.73,2.96, 0.00
1.80,3.73,2.96, 0.00
1.73,3.69,0.00, 0.00
1.73,3.69,0.00, 0.00
1.73,3.69,0.00, 0.00
1.73,3.69,0.00, 0.00
1.73,3.69,0.00, 0.00
1.73,3.69,0.00, 0.00
1.73,3.69,0.00, 0.00
1.78,3.66,2.46, 0.00
1.78,3.66,2.46, 0.00
1.78,3.66,2.46, 0.00
1.78,3.66,2.46, 0.00
1.68,3.62,0.00, 0.00
1.68,3.62,0.00, 0.00
1.68,3.62,0.00, 0.00
1.68,3.62,0.00, 0.00
1.68,3.62,0.00, 0.00
1.68,3.62,0.00, 0.00
1.68,3.62,0.00, 0.00
1.58,3.59,0.00, 0.00
1.58,3.59,0.00, 0.00
1.58,3.59,0.00, 0.00
1.58,3.59,0.00, 0.00
1.47,3.58,0.00, 0.00
1.47,3.58,0.00, 0.00
1.47,3.58,0.00, 0.00
1.36,3.57,0.00, 0.00
1.36,3.57,0.00, 0.00
1.36,3.57,0.00, 0.00
1.36,3.57,0.00, 0.00
1.37,3.53,0.49, 0.00
1.37,3.53,0.49, 0.00
1.37,3.53,0.49, 0.00
1.34,3.55,0.00, 0.75
1.26,3.53,0.00, 0.00
1.26,3.53,0.00, 0.00
1.19,3.55,0.00, 1.00
1.19,3.55,0.00, 1.00
1.19,3.55,0.00, 1.00
1.19,3.55,0.00, 1.00
1.25,3.57,2.96, 0.50
1.25,3.57,2.96, 0.50
1.25,3.57,2.96, 0.50
1.25,3.57,2.96, 0.50
1.27,3.57,1.03, 0.00
1.27,3.57,0.02, 0.00
1.27,3.57,0.02, 0.00
1.34,3.53,3.45, 0.00
1.34,3.53,3.45, 0.00
1.34,3.53,3.45, 0.00
1.34,3.53,3.45, 0.00
1.35,3.55,0.54, 0.50
1.35,3.55,0.54, 0.50
1.35,3.55,0.54, 0.50
1.33,3.51,0.00, 0.00
1.34,3.50,0.49, 0.00
1.34,3.50,0.49, 0.00
1.34,3.50,0.49, 0.00
1.37,3.51,1.49, 0.50
1.37,3.51,1.49, 0.50
1.37,3.51,1.49, 0.50
1.37,3.51,1.49, 0.50
1.40,3.51,1.50, 0.00
1.40,3.51,1.50, 0.00
1.40,3.51,1.50, 0.00
1.40,3.51,1.50, 0.00
1.50,3.53,4.95, 1.25
1.57,3.55,3.52, 1.00
1.57,3.55,3.52, 1.00
1.74,3.61,8.43, 2.74
1.74,3.61,8.43, 2.74
1.74,3.61,8.43, 2.74
1.74,3.61,8.43, 2.74
1.77,3.63,1.60, 1.01
1.77,3.63,1.60, 1.01
1.77,3.63,1.60, 1.01
1.95,3.70,8.89, 3.49
2.03,3.78,4.07, 3.75
2.03,3.78,4.07, 3.75
2.27,3.97,11.88, 9.73
2.27,3.97,11.88, 9.73
2.27,3.97,11.88, 9.73
2.29,4.08,1.16, 5.52
2.29,4.08,1.16, 5.52
2.29,4.08,1.16, 5.52
2.30,4.31,0.51, 11.48
2.30,4.39,0.01, 4.28
2.30,4.39,0.01, 4.28
2.30,4.39,0.01, 4.28
2.30,4.53,0.00, 6.74
2.30,4.53,0.00, 6.74
2.30,4.53,0.00, 6.74
2.30,4.57,0.00, 2.27
2.30,4.57,0.00, 2.27
2.30,4.57,0.00, 2.27
2.30,4.57,0.00, 2.27
2.30,4.62,0.00, 2.25
2.30,4.67,0.00, 2.50
2.30,4.67,0.00, 2.50
2.30,4.74,0.00, 3.50
2.30,4.74,0.00, 3.50
2.30,4.74,0.00, 3.50
2.30,4.76,0.00, 0.76
2.30,4.76,0.00, 0.76
2.30,4.76,0.00, 0.76
2.30,4.78,0.00, 1.00
2.30,4.78,0.00, 1.00
2.30,4.78,0.00, 1.00
2.30,4.78,0.00, 0.00
2.30,4.78,0.00, 0.00
2.30,4.78,0.00, 0.00
2.30,4.78,0.00, 0.00
2.30,4.78,0.00, 0.00
2.30,4.78,0.00, 0.00
2.30,4.78,0.00, 0.00
2.30,4.76,0.00, 0.00
2.30,4.76,0.00, 0.00
2.30,4.76,0.00, 0.00
2.30,4.76,0.00, 0.00
2.30,4.72,0.00, 0.00
2.30,4.72,0.00, 0.00
2.30,4.72,0.00, 0.00
2.30,4.72,0.00, 0.00
2.30,4.72,0.00, 0.00
2.30,4.72,0.00, 0.00
2.30,4.72,0.00, 0.00
2.30,4.70,0.00, 0.00
2.30,4.70,0.00, 0.00
2.30,4.70,0.00, 0.00
2.30,4.70,0.00, 0.00
2.30,4.65,0.00, 0.00
2.30,4.65,0.00, 0.00
2.30,4.65,0.00, 0.00
2.30,4.65,0.00, 0.00
2.30,4.65,0.00, 0.00
2.30,4.65,0.00, 0.00
2.30,4.65,0.00, 0.00
2.30,4.61,0.00, 0.00
2.30,4.61,0.00, 0.00
2.30,4.61,0.00, 0.00
2.30,4.61,0.00, 0.00
2.30,4.53,0.00, 0.00
2.30,4.53,0.00, 0.00
2.30,4.53,0.00, 0.00
2.30,4.53,0.00, 0.00
2.30,4.53,0.00, 0.00
2.30,4.53,0.00, 0.00
2.30,4.53,0.00, 0.00
2.30,4.53,0.00, 0.00
2.30,4.49,0.00, 0.00
2.30,4.49,0.00, 0.00
2.30,4.49,0.00, 0.00
2.30,4.46,0.00, 0.00
2.30,4.46,0.00, 0.00
2.30,4.46,0.00, 0.00
2.30,4.46,0.00, 0.00
2.30,4.46,0.00, 0.00
2.30,4.46,0.00, 0.00
2.30,4.45,0.00, 0.00
2.30,4.45,0.00, 0.00
2.30,4.45,0.00, 0.00
2.30,4.45,0.00, 0.00
2.30,4.40,0.00, 0.00
2.30,4.41,0.00, 0.50
2.30,4.41,0.00, 0.50
2.30,4.41,0.00, 0.50
2.30,4.41,0.00, 0.50
2.30,4.41,0.00, 0.50
2.30,4.41,0.00, 0.50
2.30,4.40,0.00, 0.00
2.30,4.40,0.00, 0.00
2.30,4.40,0.00, 0.00
2.30,4.40,0.00, 0.00
2.30,4.40,0.00, 0.00
2.30,4.42,0.00, 1.00
2.30,4.42,0.00, 1.00
2.30,4.42,0.00, 1.00
2.30,4.42,0.00, 1.00
2.30,4.42,0.00, 1.00
2.30,4.42,0.00, 1.00
2.30,4.42,0.00, 1.00
2.30,4.45,0.00, 1.50
2.30,4.45,0.00, 1.50
2.30,4.45,0.00, 1.50
2.30,4.45,0.00, 1.50
2.30,4.45,0.00, 0.25
2.30,4.45,0.00, 0.00
2.30,4.45,0.00, 0.00
2.30,4.45,0.00, 0.00
2.30,4.45,0.00, 0.00
2.30,4.45,0.00, 0.00
2.30,4.45,0.00, 0.00
2.30,4.43,0.00, 0.00
2.30,4.43,0.00, 0.00
2.30,4.43,0.00, 0.00
2.30,4.43,0.00, 0.00
2.30,4.39,0.00, 0.00
2.30,4.38,0.00, 0.00
2.30,4.38,0.00, 0.00
2.30,4.38,0.00, 0.00
2.30,4.39,0.00, 0.50
2.30,4.39,0.00, 0.50
2.30,4.39,0.00, 0.50
2.30,4.39,0.00, 0.50
2.30,4.39,0.00, 0.00
2.30,4.39,0.00, 0.00
2.30,4.39,0.00, 0.00
2.30,4.39,0.00, 0.00
2.30,4.38,0.00, 0.00
2.30,4.36,0.00, 0.00
2.30,4.36,0.00, 0.00
2.30,4.36,0.00, 0.00
2.30,4.36,0.00, 0.00
2.30,4.36,0.00, 0.00
2.30,4.36,0.00, 0.00
2.30,4.36,0.00, 0.00
2.30,4.36,0.00, 0.00
2.30,4.36,0.00, 0.00
2.30,4.36,0.00, 0.00
2.30,4.35,0.00, 0.00
2.30,4.36,0.00, 0.50
2.30,4.36,0.00, 0.50
2.30,4.36,0.00, 0.50
2.30,4.36,0.00, 0.00
2.30,4.36,0.00, 0.00
2.30,4.36,0.00, 0.00
2.30,4.36,0.00, 0.00
2.30,4.36,0.00, 0.00
2.30,4.36,0.00, 0.00
2.30,4.36,0.00, 0.00
2.30,4.36,0.00, 0.00
2.30,4.35,0.00, 0.00
2.30,4.35,0.00, 0.00
2.30,4.35,0.00, 0.00
2.30,4.33,0.00, 0.00
2.30,4.33,0.00, 0.00
2.30,4.33,0.00, 0.00
2.30,4.33,0.00, 0.00
2.30,4.32,0.00, 0.00
2.30,4.32,0.00, 0.00
2.30,4.32,0.00, 0.00
2.30,4.32,0.00, 0.00
2.30,4.27,0.00, 0.00
2.30,4.26,0.00, 0.00
2.30,4.26,0.00, 0.00
2.30,4.19,0.00, 0.00
2.30,4.19,0.00, 0.00
2.30,4.19,0.00, 0.00
2.30,4.19,0.00, 0.00
2.30,4.19,0.00, 0.00
2.30,4.19,0.00, 0.00
2.30,4.19,0.00, 0.00
2.30,4.16,0.00, 0.00
2.30,4.11,0.00, 0.00
2.30,4.11,0.00, 0.00
2.30,4.11,0.00, 0.00
2.30,4.07,0.00, 0.00
2.30,4.07,0.00, 0.00
2.30,4.07,0.00, 0.00
2.30,4.07,0.00, 0.00
2.30,4.03,0.00, 0.00
2.30,3.98,0.00, 0.00
2.30,3.98,0.00, 0.00
2.30,3.98,0.00, 0.00
2.30,3.95,0.00, 0.00
2.30,3.89,0.00, 0.00
2.30,3.89,0.00, 0.00
2.30,3.89,0.00, 0.00
2.30,3.82,0.00, 0.00
2.30,3.82,0.00, 0.00
2.30,3.82,0.00, 0.00
2.30,3.77,0.00, 0.00
2.30,3.77,0.00, 0.00
2.30,3.77,0.00, 0.00
2.30,3.77,0.00, 0.00
2.30,3.70,0.00, 0.00
2.30,3.66,0.00, 0.00
2.30,3.66,0.00, 0.00
2.30,3.66,0.00, 0.00
2.30,3.66,0.00, 0.00
0.00,3.53,0.00, 0.00
0.00,3.53,0.00, 0.00
0.00,3.53,0.00, 0.00
0.00,3.53,0.00, 0.00
0.00,3.53,0.00, 0.00
0.00,3.53,0.00, 0.00
0.00,3.53,0.00, 0.00
2.42,3.37,119.22, 0.00
2.42,3.37,119.22, 0.00
2.42,3.37,119.22, 0.00
2.42,3.37,119.22, 0.00
2.22,3.41,0.00, 1.99
0.00,3.30,0.00, 0.00
0.00,3.30,0.00, 0.00
0.00,3.30,0.00, 0.00
0.00,3.30,0.00, 0.00
0.00,3.30,0.00, 0.00
0.00,3.30,0.00, 0.00
1.77,3.43,87.20, 5.98
1.77,3.43,87.20, 5.98
1.77,3.43,87.20, 5.98
1.58,3.48,0.00, 2.76
1.58,3.48,0.00, 2.76
1.58,3.48,0.00, 2.76
1.58,3.48,0.00, 2.76
1.58,3.48,0.00, 2.76
1.58,3.48,0.00, 2.76
1.60,3.42,0.99, 0.00
1.60,3.42,0.99, 0.00
1.60,3.42,0.99, 0.00
1.60,3.42,0.99, 0.00
1.76,3.40,7.90, 0.00
1.76,3.40,7.90, 0.00
1.76,3.40,7.90, 0.00
1.76,3.40,7.90, 0.00
1.76,3.40,7.90, 0.00
1.76,3.40,7.90, 0.00
1.76,3.40,7.90, 0.00
1.82,3.38,3.07, 0.00
1.82,3.38,3.07, 0.00
1.82,3.38,3.07, 0.00
1.82,3.38,3.07, 0.00
1.89,3.38,3.49, 0.25
1.89,3.38,3.49, 0.25
1.89,3.38,3.49, 0.25
1.89,3.38,3.49, 0.25
1.89,3.38,3.49, 0.25
1.89,3.38,3.49, 0.25
1.89,3.38,3.49, 0.25
1.89,3.38,3.49, 0.25
1.84,3.31,0.00, 0.00
1.84,3.31,0.00, 0.00
1.84,3.31,0.00, 0.00
1.84,3.31,0.00, 0.00
1.91,3.28,3.45, 0.00
1.91,3.28,3.45, 0.00
1.91,3.28,3.45, 0.00
1.91,3.28,3.45, 0.00
1.91,3.28,3.45, 0.00
1.91,3.28,3.45, 0.00
1.91,3.28,3.45, 0.00
1.85,3.24,0.00, 0.00
1.85,3.24,0.00, 0.00
1.85,3.24,0.00, 0.00
1.69,3.24,0.00, 0.00
1.69,3.24,0.00, 0.00
1.69,3.24,0.00, 0.00
1.69,3.24,0.00, 0.00
1.69,3.24,0.00, 0.00
1.69,3.24,0.00, 0.00
1.69,3.24,0.00, 0.00
1.69,3.24,0.00, 0.00
1.66,3.24,0.00, 0.50
1.66,3.24,0.00, 0.50
1.66,3.24,0.00, 0.50
1.66,3.24,0.00, 0.50
1.64,3.29,0.00, 2.24
1.64,3.29,0.00, 2.24
1.64,3.29,0.00, 2.24
1.64,3.29,0.00, 2.24
1.67,3.30,1.48, 0.76
1.67,3.30,1.48, 0.76
1.67,3.30,1.48, 0.76
1.67,3.30,1.48, 0.76
1.74,3.32,3.47, 0.50
1.74,3.32,3.47, 0.50
1.74,3.32,3.47, 0.50
1.85,3.36,5.47, 2.49
1.91,3.36,3.04, 0.01
1.91,3.36,3.04, 0.01
1.94,3.38,1.52, 1.00
1.99,3.41,2.49, 1.00
1.99,3.41,2.49, 1.00
1.99,3.41,2.49, 1.00
1.99,3.41,2.49, 1.00
2.07,3.49,3.98, 3.99
2.07,3.49,3.98, 3.99
2.07,3.49,3.98, 3.99
2.15,3.55,4.00, 3.50
2.15,3.55,4.00, 3.50
2.15,3.55,4.00, 3.50
2.15,3.55,4.00, 3.50
2.29,3.63,6.96, 3.75
2.29,3.63,6.96, 3.75
2.29,3.63,6.96, 3.75
2.29,3.63,6.96, 3.75
2.30,3.74,0.59, 5.49
2.30,3.74,0.59, 5.49
2.30,3.74,0.59, 5.49
2.30,3.74,0.59, 5.49
2.30,3.74,0.59, 5.49
2.30,3.74,0.59, 5.49
2.30,3.74,0.59, 5.49
2.30,3.74,0.59, 5.49
2.30,3.94,0.01, 9.98
2.30,3.94,0.01, 9.98
2.30,3.94,0.01, 9.98
2.30,3.94,0.01, 9.98
2.30,4.11,0.00, 8.51
2.30,4.11,0.00, 8.51
2.30,4.11,0.00, 8.51
2.30,4.11,0.00, 8.51
2.30,4.11,0.00, 8.51
2.30,4.11,0.00, 8.51
2.30,4.11,0.00, 8.51
2.30,4.24,0.00, 6.51
2.30,4.24,0.00, 6.51
2.30,4.24,0.00, 6.51
2.30,4.28,0.00, 2.02
2.30,4.28,0.00, 2.02
2.30,4.28,0.00, 2.02
2.30,4.28,0.00, 2.02
2.30,4.28,0.00, 2.02
2.30,4.28,0.00, 2.02
2.30,4.28,0.00, 2.02
2.30,4.34,0.00, 3.00
2.30,4.34,0.00, 3.00
2.30,4.34,0.00, 3.00
2.30,4.34,0.00, 3.00
2.30,4.34,0.00, 3.00
2.30,4.41,0.00, 3.75
2.30,4.41,0.00, 3.75
2.30,4.41,0.00, 3.75
2.30,4.41,0.00, 3.75
2.30,4.41,0.00, 3.75
2.30,4.41,0.00, 3.75
2.30,4.41,0.00, 3.75
2.30,4.45,0.00, 2.01
2.30,4.45,0.00, 2.01
2.30,4.45,0.00, 2.01
2.30,4.45,0.00, 2.01
2.30,4.46,0.00, 0.26
2.30,4.46,0.00, 0.26
2.30,4.46,0.00, 0.26
2.30,4.46,0.00, 0.26
2.30,4.46,0.00, 0.26
2.30,4.46,0.00, 0.26
2.30,4.46,0.00, 0.26
2.30,4.45,0.00, 0.00
2.30,4.45,0.00, 0.00
2.30,4.45,0.00, 0.00
2.30,4.45,0.00, 0.00
2.30,4.47,0.00, 1.00
2.30,4.47,0.00, 1.00
2.30,4.47,0.00, 1.00
2.30,4.47,0.00, 1.00
2.30,4.47,0.00, 1.00
2.30,4.47,0.00, 1.00
2.30,4.47,0.00, 1.00
2.30,4.44,0.00, 0.00
2.30,4.44,0.00, 0.00
2.30,4.44,0.00, 0.00
2.30,4.44,0.00, 0.00
2.30,4.43,0.00, 0.00
2.30,4.43,0.00, 0.00
2.30,4.43,0.00, 0.00
2.30,4.43,0.00, 0.00
2.30,4.43,0.00, 0.00
2.30,4.43,0.00, 0.00
2.30,4.43,0.00, 0.00
2.30,4.40,0.00, 0.00
2.30,4.40,0.00, 0.00
2.30,4.40,0.00, 0.00
2.30,4.40,0.00, 0.00
2.30,4.43,0.00, 1.25
2.30,4.43,0.00, 1.25
2.30,4.43,0.00, 1.25
2.30,4.45,0.00, 0.75
2.30,4.45,0.00, 0.75
2.30,4.45,0.00, 0.75
2.30,4.45,0.00, 0.75
2.30,4.42,0.00, 0.00
2.30,4.42,0.00, 0.00
2.30,4.42,0.00, 0.00
2.30,4.42,0.00, 0.00
2.30,4.41,0.00, 0.00
2.30,4.41,0.00, 0.00
2.30,4.41,0.00, 0.00
2.30,4.41,0.00, 0.00
2.30,4.38,0.00, 0.00
2.30,4.38,0.00, 0.00
2.30,4.38,0.00, 0.00
2.30,4.38,0.00, 0.00
2.30,4.36,0.00, 0.00
2.30,4.36,0.00, 0.00
2.30,4.36,0.00, 0.00
2.30,4.36,0.00, 0.00
2.30,4.32,0.00, 0.00
2.30,4.31,0.00, 0.00
2.30,4.31,0.00, 0.00
2.30,4.31,0.00, 0.00
2.30,4.26,0.00, 0.00
2.30,4.26,0.00, 0.00
2.30,4.26,0.00, 0.00
2.30,4.26,0.00, 0.00
2.30,4.23,0.00, 0.00
2.30,4.23,0.00, 0.00
2.30,4.23,0.00, 0.00
2.30,4.18,0.00, 0.00
2.30,4.16,0.00, 0.00
2.30,4.16,0.00, 0.00
2.30,4.16,0.00, 0.00
2.30,4.14,0.00, 0.00
2.30,4.14,0.00, 0.00
2.30,4.14,0.00, 0.00
2.30,4.14,0.00, 0.00
2.30,4.12,0.00, 0.00
2.30,4.12,0.00, 0.00
2.30,4.12,0.00, 0.00
2.30,4.12,0.00, 0.00
2.30,4.08,0.00, 0.00
2.30,4.07,0.00, 0.00
2.30,4.07,0.00, 0.00
2.30,4.04,0.00, 0.00
2.30,4.04,0.00, 0.00
2.30,4.04,0.00, 0.00
2.30,4.04,0.00, 0.00
2.30,4.03,0.00, 0.00
2.30,4.03,0.00, 0.00
2.30,4.03,0.00, 0.00
2.30,4.03,0.00, 0.00
2.30,4.03,0.00, 0.25
2.30,4.01,0.00, 0.00
2.30,4.01,0.00, 0.00
2.30,4.01,0.00, 0.00
2.30,4.01,0.00, 0.00
2.30,4.01,0.00, 0.00
2.30,4.01,0.00, 0.00
2.30,4.01,0.00, 0.00
2.30,4.01,0.00, 0.25
2.30,4.01,0.00, 0.25
2.30,4.01,0.00, 0.25
2.30,4.01,0.00, 0.25
2.30,3.99,0.00, 0.00
2.30,4.00,0.00, 0.25
2.30,4.00,0.00, 0.25
2.30,4.00,0.00, 0.25
2.30,4.00,0.00, 0.25
2.30,4.00,0.00, 0.25
2.30,4.00,0.00, 0.25
2.30,4.02,0.00, 1.00
2.30,4.02,0.00, 1.00
2.30,4.02,0.00, 1.00
2.30,4.02,0.00, 1.00
2.30,4.01,0.00, 0.00
2.30,4.01,0.00, 0.00
2.30,4.01,0.00, 0.00
2.30,4.01,0.00, 0.00
2.30,4.01,0.00, 0.25
2.30,4.01,0.00, 0.25
2.30,4.01,0.00, 0.25
2.30,4.01,0.00, 0.25
2.30,4.01,0.00, 0.25
2.30,4.01,0.00, 0.25
2.30,4.01,0.00, 0.25
2.30,3.98,0.00, 0.00
2.30,3.98,0.00, 0.00
2.30,3.98,0.00, 0.00
2.30,3.98,0.00, 0.00
2.30,4.01,0.00, 1.25
2.30,4.01,0.00, 1.25
2.30,4.01,0.00, 1.25
2.30,4.01,0.00, 1.25
2.30,4.01,0.00, 1.25
2.30,4.01,0.00, 1.25
2.30,4.01,0.00, 1.25
2.30,4.01,0.00, 1.25
2.30,3.99,0.00, 0.00
2.30,3.99,0.00, 0.00
2.30,3.99,0.00, 0.00
2.30,3.99,0.00, 0.00
2.30,3.92,0.00, 0.00
2.30,3.92,0.00, 0.00
2.30,3.92,0.00, 0.00
2.30,3.92,0.00, 0.00
2.30,3.92,0.00, 0.00
2.30,3.92,0.00, 0.00
2.30,3.92,0.00, 0.00
2.30,3.89,0.00, 0.00
2.30,3.89,0.00, 0.00
2.30,3.89,0.00, 0.00
2.30,3.89,0.00, 0.00
2.30,3.84,0.00, 0.00
2.30,3.84,0.00, 0.00
2.30,3.84,0.00, 0.00
2.30,3.84,0.00, 0.00
2.30,3.84,0.00, 0.00
2.30,3.84,0.00, 0.00
2.30,3.84,0.00, 0.00
2.30,3.84,0.00, 0.00
2.30,3.80,0.00, 0.00
2.30,3.80,0.00, 0.00
2.30,3.80,0.00, 0.00
2.30,3.80,0.00, 0.00
2.30,3.78,0.00, 0.00
2.30,3.78,0.00, 0.00
2.30,3.78,0.00, 0.00
2.30,3.78,0.00, 0.00
2.30,3.78,0.00, 0.00
2.30,3.78,0.00, 0.00
2.30,3.78,0.00, 0.00
2.30,3.75,0.00, 0.00
2.30,3.75,0.00, 0.00
2.30,3.75,0.00, 0.00
2.30,3.75,0.00, 0.00
2.30,3.74,0.00, 0.00
2.30,3.74,0.00, 0.00
2.30,3.74,0.00, 0.00
2.30,3.74,0.00, 0.00
2.30,3.74,0.00, 0.00
2.30,3.74,0.00, 0.00
2.30,3.74,0.00, 0.00
2.30,3.74,0.00, 0.00
2.30,3.69,0.00, 0.00
2.30,3.69,0.00, 0.00
2.30,3.69,0.00, 0.00
2.30,3.69,0.00, 0.00
2.30,3.68,0.00, 0.00
2.30,3.68,0.00, 0.00
2.30,3.68,0.00, 0.00
2.30,3.68,0.00, 0.00
2.30,3.68,0.00, 0.00
2.30,3.68,0.00, 0.00
2.30,3.68,0.00, 0.00
2.26,3.50,0.00, 0.00
2.26,3.50,0.00, 0.00
2.26,3.50,0.00, 0.00
2.26,3.50,0.00, 0.00
2.00,3.54,0.00, 1.99
2.00,3.54,0.00, 1.99
2.00,3.54,0.00, 1.99
2.00,3.54,0.00, 1.99
2.00,3.54,0.00, 1.99
2.00,3.54,0.00, 1.99
2.00,3.54,0.00, 1.99
2.04,3.50,1.97, 0.00
2.04,3.50,1.97, 0.00
2.04,3.50,1.97, 0.00
1.70,3.43,0.00, 0.00
1.59,3.39,0.00, 0.00
1.59,3.39,0.00, 0.00
1.59,3.39,0.00, 0.00
1.59,3.39,0.00, 0.00
1.75,3.35,7.88, 0.00
1.75,3.35,7.88, 0.00
1.75,3.35,7.88, 0.00
1.78,3.34,1.59, 0.00
1.78,3.34,1.59, 0.00
1.78,3.34,1.59, 0.00
1.78,3.34,1.59, 0.00
1.82,3.34,1.99, 0.00
1.88,3.32,2.99, 0.00
1.88,3.32,2.99, 0.00
1.88,3.32,2.99, 0.00
1.96,3.30,3.99, 0.00
1.96,3.30,3.99, 0.00
1.96,3.30,3.99, 0.00
1.96,3.30,3.99, 0.00
1.93,3.30,0.00, 0.00
1.93,3.30,0.00, 0.00
1.93,3.30,0.00, 0.00
1.93,3.30,0.00, 0.00
1.83,3.23,0.00, 0.00
1.81,3.21,0.00, 0.00
1.81,3.21,0.00, 0.00
1.81,3.21,0.00, 0.00
1.66,3.13,0.00, 0.00
1.66,3.13,0.00, 0.00
1.66,3.13,0.00, 0.00
1.66,3.13,0.00, 0.00
1.59,3.09,0.00, 0.00
1.59,3.09,0.00, 0.00
1.59,3.09,0.00, 0.00
1.52,3.08,0.00, 0.00
1.54,3.05,0.99, 0.00
1.54,3.05,0.99, 0.00
1.54,3.05,0.99, 0.00
1.49,3.05,0.00, 0.00
1.49,3.05,0.00, 0.00
1.49,3.05,0.00, 0.00
1.49,3.05,0.00, 0.00
1.53,3.02,1.97, 0.00
1.53,3.02,1.97, 0.00
1.53,3.02,1.97, 0.00
1.53,3.02,1.97, 0.00
1.56,3.02,1.51, 0.00
1.57,3.02,0.51, 0.00
1.57,3.02,0.51, 0.00
1.64,3.01,3.46, 0.00
1.64,3.01,3.46, 0.00
1.64,3.01,3.46, 0.00
1.64,3.01,3.46, 0.00
1.64,3.01,3.46, 0.00
1.62,2.99,0.00, 0.00
1.62,2.99,0.00, 0.00
1.62,2.99,0.00, 0.00
1.62,2.98,0.00, 0.00
1.64,2.99,0.99, 0.25
1.64,2.99,0.99, 0.25
1.64,2.99,0.99, 0.25
1.65,3.01,0.51, 1.50
1.65,3.01,0.51, 1.50
1.65,3.01,0.51, 1.50
1.65,3.01,0.51, 1.50
1.65,3.03,0.01, 0.50
1.65,3.03,0.01, 0.50
1.65,3.03,0.01, 0.50
1.65,3.05,0.00, 1.50
1.67,3.03,0.99, 0.00
1.67,3.03,0.99, 0.00
1.67,3.03,0.99, 0.00
1.77,3.08,4.94, 2.24
1.77,3.08,4.94, 2.24
1.77,3.08,4.94, 2.24
1.77,3.08,4.94, 2.24
1.87,3.12,5.00, 1.75
1.87,3.12,5.00, 1.75
1.87,3.12,5.00, 1.75
2.11,3.27,11.90, 7.73
2.11,3.27,11.90, 7.73
2.11,3.27,11.90, 7.73
2.21,3.45,5.10, 9.24
2.21,3.45,5.10, 9.24
2.21,3.45,5.10, 9.24
2.21,3.45,5.10, 9.24
2.21,3.45,5.10, 9.24
2.21,3.45,5.10, 9.24
2.21,3.45,5.10, 9.24
2.21,3.45,5.10, 9.24
2.21,3.45,5.10, 9.24
2.30,3.59,4.51, 6.76
2.30,3.59,4.51, 6.76
2.30,3.59,4.51, 6.76
2.30,3.76,0.07, 8.24
2.30,3.76,0.07, 8.24
2.30,3.76,0.07, 8.24
2.30,3.76,0.07, 8.24
2.30,3.76,0.07, 8.24
2.30,3.76,0.07, 8.24
2.30,3.76,0.07, 8.24
2.30,3.76,0.07, 8.24
2.30,3.92,0.00, 8.50
2.30,3.92,0.00, 8.50
2.30,3.92,0.00, 8.50
2.30,3.92,0.00, 8.50
2.30,4.12,0.00, 9.75
2.30,4.12,0.00, 9.75
2.30,4.12,0.00, 9.75
2.30,4.12,0.00, 9.75
2.30,4.12,0.00, 9.75
2.30,4.12,0.00, 9.75
2.30,4.12,0.00, 9.75
2.30,4.24,0.00, 6.26
2.30,4.24,0.00, 6.26
2.30,4.24,0.00, 6.26
2.30,4.24,0.00, 6.26
2.30,4.37,0.00, 6.25
2.30,4.37,0.00, 6.25
2.30,4.37,0.00, 6.25
2.30,4.37,0.00, 6.25
2.30,4.35,0.00, 0.00
2.30,4.35,0.00, 0.00
2.30,4.35,0.00, 0.00
2.30,4.35,0.00, 0.00
2.30,4.35,0.00, 0.00
2.30,4.35,0.00, 0.00
2.30,4.35,0.00, 0.00
2.30,4.35,0.00, 0.00
2.30,4.38,0.00, 1.25
2.30,4.38,0.00, 0.25
2.30,4.38,0.00, 0.25
2.30,4.38,0.00, 0.25
2.30,4.43,0.00, 2.49
2.30,4.43,0.00, 2.49
2.30,4.43,0.00, 2.49
2.30,4.43,0.00, 2.49
2.30,4.43,0.00, 0.01
2.30,4.41,0.00, 0.00
2.30,4.41,0.00, 0.00
2.30,4.41,0.00, 0.00
2.30,4.41,0.00, 0.00
2.30,4.41,0.00, 0.00
2.30,4.41,0.00, 0.00
2.30,4.41,0.00, 0.00
2.30,4.41,0.00, 0.00
2.30,4.41,0.00, 0.00
2.30,4.36,0.00, 0.00
2.30,4.36,0.00, 0.00
2.30,4.36,0.00, 0.00
2.30,4.36,0.00, 0.00
2.30,4.36,0.00, 0.00
2.30,4.36,0.00, 0.00
2.30,4.36,0.00, 0.00
2.30,4.30,0.00, 0.00
2.30,4.30,0.00, 0.00
2.30,4.30,0.00, 0.00
2.30,4.30,0.00, 0.00
2.30,4.24,0.00, 0.00
2.30,4.24,0.00, 0.00
2.30,4.24,0.00, 0.00
2.30,4.24,0.00, 0.00
2.30,4.24,0.00, 0.00
2.30,4.24,0.00, 0.00
2.30,4.24,0.00, 0.00
2.30,4.24,0.00, 0.00
2.30,4.15,0.00, 0.00
2.30,4.15,0.00, 0.00
2.30,4.15,0.00, 0.00
2.30,4.15,0.00, 0.00
2.30,4.14,0.00, 0.00
2.30,4.14,0.00, 0.00
2.30,4.14,0.00, 0.00
2.30,4.14,0.00, 0.00
2.30,4.14,0.00, 0.00
2.30,4.14,0.00, 0.00
2.30,4.14,0.00, 0.00
2.30,4.14,0.00, 0.00
2.30,4.06,0.00, 0.00
2.30,4.06,0.00, 0.00
2.30,4.06,0.00, 0.00
2.30,4.06,0.00, 0.00
2.30,4.01,0.00, 0.00
2.30,4.01,0.00, 0.00
2.30,4.01,0.00, 0.00
2.30,4.01,0.00, 0.00
2.30,4.01,0.00, 0.00
2.30,4.01,0.00, 0.00
2.30,3.97,0.00, 0.00
2.30,3.97,0.00, 0.00
2.30,3.97,0.00, 0.00
2.30,3.97,0.00, 0.00
2.30,3.94,0.00, 0.00
2.30,3.94,0.00, 0.00
2.30,3.94,0.00, 0.00
2.30,3.94,0.00, 0.00
2.30,3.94,0.00, 0.00
2.30,3.94,0.00, 0.00
2.30,3.94,0.00, 0.00
2.30,3.94,0.00, 0.00
2.30,3.94,0.00, 0.00
2.30,3.94,0.00, 0.00
2.30,3.94,0.00, 0.00
2.32,3.95,0.99, 0.75
2.32,3.95,0.99, 0.75
2.32,3.95,0.99, 0.75
2.32,3.95,0.99, 0.75
2.32,3.95,0.99, 0.75
2.32,3.95,0.99, 0.75
2.32,3.95,0.99, 0.75
2.32,3.95,0.99, 0.75
2.30,3.96,0.00, 0.50
2.30,3.96,0.00, 0.50
2.30,3.96,0.00, 0.50
2.30,3.96,0.00, 0.50
2.30,3.99,0.00, 1.50
2.30,3.99,0.00, 1.50
2.30,3.99,0.00, 1.50
2.30,3.99,0.00, 1.50
2.30,3.99,0.00, 1.50
2.30,3.99,0.00, 1.50
2.30,3.99,0.00, 1.50
2.30,3.99,0.00, 1.50
2.30,4.01,0.00, 0.75
2.30,4.01,0.00, 0.75
2.30,4.01,0.00, 0.75
2.30,4.01,0.00, 0.75
2.30,4.03,0.00, 1.00
2.30,4.03,0.00, 1.00
2.30,4.03,0.00, 1.00
2.30,4.03,0.00, 1.00
2.30,4.03,0.00, 1.00
2.30,4.03,0.00, 1.00
2.30,4.03,0.00, 1.00
2.30,4.09,0.00, 2.74
2.30,4.09,0.00, 2.74
2.30,4.09,0.00, 2.74
2.30,4.09,0.00, 2.74
2.30,4.15,0.00, 3.00
2.30,4.15,0.00, 3.00
2.30,4.15,0.00, 3.00
2.30,4.15,0.00, 3.00
2.30,4.15,0.00, 3.00
2.30,4.15,0.00, 3.00
2.30,4.15,0.00, 3.00
2.30,4.18,0.00, 1.51
2.30,4.18,0.00, 1.51
2.30,4.18,0.00, 1.51
2.30,4.18,0.00, 1.51
2.30,4.21,0.00, 1.75
2.30,4.21,0.00, 1.75
2.30,4.21,0.00, 1.75
2.30,4.21,0.00, 1.75
2.30,4.21,0.00, 1.75
2.30,4.21,0.00, 1.75
2.30,4.21,0.00, 1.75
2.30,4.21,0.00, 1.75
2.30,4.20,0.00, 0.00
2.30,4.20,0.00, 0.00
2.30,4.20,0.00, 0.00
2.30,4.15,0.00, 0.00
2.30,4.15,0.00, 0.00
2.30,4.15,0.00, 0.00
2.30,4.15,0.00, 0.00
2.30,4.15,0.00, 0.00
2.30,4.15,0.00, 0.00
2.30,4.15,0.00, 0.00
2.30,4.15,0.00, 0.00
2.30,4.09,0.00, 0.00
2.30,4.09,0.00, 0.00
2.30,4.09,0.00, 0.00
2.30,4.09,0.00, 0.00
2.30,4.03,0.00, 0.00
2.30,4.03,0.00, 0.00
2.30,4.03,0.00, 0.00
2.30,4.03,0.00, 0.00
2.30,3.99,0.00, 0.00
2.30,3.99,0.00, 0.00
2.30,3.99,0.00, 0.00
2.30,3.99,0.00, 0.00
2.30,3.99,0.00, 0.00
2.30,3.99,0.00, 0.00
2.30,3.99,0.00, 0.00
2.30,3.96,0.00, 0.00
2.30,3.95,0.00, 0.00
2.30,3.95,0.00, 0.00
2.30,3.95,0.00, 0.00
2.30,3.89,0.00, 0.00
2.30,3.89,0.00, 0.00
2.30,3.89,0.00, 0.00
2.30,3.89,0.00, 0.00
2.30,3.87,0.00, 0.00
2.30,3.87,0.00, 0.00
2.30,3.87,0.00, 0.00
2.30,3.87,0.00, 0.00
2.30,3.86,0.00, 0.00
2.30,3.84,0.00, 0.00
2.30,3.84,0.00, 0.00
2.30,3.83,0.00, 0.00
2.30,3.83,0.00, 0.00
2.30,3.83,0.00, 0.00
2.30,3.83,0.00, 0.00
2.30,3.80,0.00, 0.00
2.30,3.80,0.00, 0.00
2.30,3.80,0.00, 0.00
2.30,3.80,0.00, 0.00
2.13,3.83,0.00, 1.25
0.00,3.67,0.00, 0.00
0.00,3.67,0.00, 0.00
0.00,3.67,0.00, 0.00
1.60,3.72,78.82, 2.74
1.60,3.72,78.82, 2.74
1.60,3.72,78.82, 2.74
2.07,3.76,24.31, 1.50
2.07,3.76,24.31, 1.50
2.07,3.76,24.31, 1.50
2.07,3.76,24.31, 1.50
1.66,3.77,0.00, 0.75
0.98,3.71,0.00, 0.00
0.98,3.71,0.00, 0.00
2.00,3.71,50.25, 0.00
2.00,3.71,50.25, 0.00
2.00,3.71,50.25, 0.00
2.00,3.71,50.25, 0.00
1.94,3.72,0.00, 0.75
1.94,3.72,0.00, 0.75
1.94,3.72,0.00, 0.75
1.94,3.72,0.00, 0.75
1.85,3.70,0.00, 0.00
1.99,3.69,6.90, 0.00
1.99,3.69,6.90, 0.00
1.99,3.69,6.90, 0.00
2.00,3.69,0.59, 0.00
2.00,3.69,0.59, 0.00
2.00,3.69,0.59, 0.00
1.98,3.65,0.00, 0.00
1.98,3.65,0.00, 0.00
1.98,3.65,0.00, 0.00
1.98,3.65,0.00, 0.00
1.93,3.62,0.00, 0.00
1.96,3.63,1.48, 0.25
1.96,3.63,1.48, 0.25
1.96,3.63,1.48, 0.25
1.95,3.61,0.00, 0.00
1.95,3.61,0.00, 0.00
1.95,3.61,0.00, 0.00
1.95,3.61,0.00, 0.00
1.95,3.61,0.00, 0.00
1.95,3.61,0.00, 0.00
1.95,3.61,0.00, 0.00
1.95,3.61,0.00, 0.00
1.88,3.53,0.00, 0.00
1.88,3.53,0.00, 0.00
1.88,3.53,0.00, 0.00
1.88,3.53,0.00, 0.00
1.75,3.49,0.00, 0.00
1.75,3.49,0.00, 0.00
1.75,3.49,0.00, 0.00
1.75,3.49,0.00, 0.00
1.75,3.49,0.00, 0.00
1.75,3.49,0.00, 0.00
1.75,3.49,0.00, 0.00
1.75,3.49,0.00, 0.00
1.68,3.43,0.00, 0.00
1.68,3.43,0.00, 0.00
1.68,3.43,0.00, 0.00
1.57,3.38,0.00, 0.00
1.57,3.38,0.00, 0.00
1.57,3.38,0.00, 0.00
1.57,3.38,0.00, 0.00
1.57,3.38,0.00, 0.00
1.57,3.38,0.00, 0.00
1.57,3.38,0.00, 0.00
1.57,3.38,0.00, 0.00
1.57,3.37,0.00, 0.00
1.57,3.37,0.00, 0.00
1.57,3.37,0.00, 0.00
1.57,3.37,0.00, 0.00
1.74,3.38,8.37, 1.00
1.74,3.38,8.37, 1.00
1.74,3.38,8.37, 1.00
1.74,3.38,8.37, 1.00
1.74,3.38,8.37, 1.00
1.74,3.38,8.37, 1.00
1.74,3.38,8.37, 1.00
1.73,3.37,0.00, 0.00
1.73,3.37,0.00, 0.00
1.73,3.37,0.00, 0.00
1.73,3.37,0.00, 0.00
1.77,3.34,1.97, 0.00
1.77,3.34,1.97, 0.00
1.77,3.34,1.97, 0.00
1.77,3.34,1.97, 0.00
1.77,3.34,1.97, 0.00
1.77,3.34,1.97, 0.00
1.77,3.34,1.97, 0.00
1.77,3.34,1.97, 0.00
1.85,3.33,3.97, 0.00
1.85,3.33,3.97, 0.00
1.85,3.33,3.97, 0.00
1.85,3.33,3.97, 0.00
1.95,3.36,4.98, 1.25
2.06,3.39,5.49, 1.75
2.06,3.39,5.49, 1.75
2.15,3.47,4.51, 3.99
2.20,3.51,2.53, 2.26
2.20,3.51,2.53, 2.26
2.20,3.51,2.53, 2.26
2.20,3.51,2.53, 2.26
2.20,3.51,2.53, 2.26
2.20,3.51,2.53, 2.26
2.20,3.51,2.53, 2.26
2.30,3.66,4.96, 7.23
2.30,3.66,4.96, 7.23
2.30,3.66,4.96, 7.23
2.30,3.66,4.96, 7.23
2.30,3.76,0.07, 4.76
2.30,3.76,0.07, 4.76
2.30,3.76,0.07, 4.76
2.30,3.76,0.07, 4.76
2.30,3.81,0.00, 2.51
2.30,3.81,0.00, 2.51
2.30,3.81,0.00, 2.51
2.30,3.86,0.00, 2.50
2.30,3.86,0.00, 2.50
2.30,3.86,0.00, 2.50
2.30,3.86,0.00, 2.50
2.30,3.87,0.00, 0.76
2.30,3.87,0.00, 0.76
2.30,3.87,0.00, 0.76
2.30,3.88,0.00, 0.50
2.30,3.88,0.00, 0.50
2.30,3.88,0.00, 0.50
2.30,3.88,0.00, 0.50
2.30,3.88,0.00, 0.50
2.30,3.88,0.00, 0.00
2.30,3.88,0.00, 0.00
2.30,3.88,0.00, 0.00
2.32,3.88,0.99, 0.00
2.30,3.87,0.00, 0.00
2.30,3.87,0.00, 0.00
2.30,3.87,0.00, 0.00
2.30,3.86,0.00, 0.00
2.30,3.86,0.00, 0.00
2.30,3.86,0.00, 0.00
2.30,3.86,0.00, 0.00
2.30,3.79,0.00, 0.00
2.30,3.79,0.00, 0.00
2.30,3.79,0.00, 0.00
2.30,3.79,0.00, 0.00
2.30,3.72,0.00, 0.00
2.30,3.72,0.00, 0.00
2.30,3.72,0.00, 0.00
2.30,3.72,0.00, 0.00
2.30,3.69,0.00, 0.00
2.30,3.69,0.00, 0.00
2.30,3.69,0.00, 0.00
2.30,3.66,0.00, 0.00
2.30,3.62,0.00, 0.00
2.30,3.62,0.00, 0.00
2.30,3.62,0.00, 0.00
2.30,3.61,0.00, 0.00
2.30,3.61,0.00, 0.00
2.30,3.61,0.00, 0.00
2.30,3.61,0.00, 0.00
2.30,3.60,0.00, 0.00
2.30,3.60,0.00, 0.00
2.30,3.60,0.00, 0.00
2.30,3.60,0.00, 0.00
2.30,3.52,0.00, 0.00
2.30,3.52,0.00, 0.00
2.30,3.52,0.00, 0.00
2.30,3.52,0.00, 0.00
2.30,3.49,0.00, 0.00
2.30,3.49,0.00, 0.00
2.30,3.49,0.00, 0.00
2.30,3.49,0.00, 0.00
2.30,3.49,0.00, 0.00
2.30,3.49,0.00, 0.00
2.30,3.49,0.00, 0.00
2.30,3.49,0.00, 0.00
2.30,3.49,0.00, 0.00
2.30,3.49,0.00, 0.25
2.30,3.49,0.00, 0.25
2.30,3.50,0.00, 0.50
2.30,3.50,0.00, 0.50
2.30,3.50,0.00, 0.50
2.30,3.50,0.00, 0.50
2.30,3.50,0.00, 0.00
2.30,3.50,0.00, 0.00
2.30,3.50,0.00, 0.00
2.30,3.49,0.00, 0.00
2.30,3.49,0.00, 0.50
2.30,3.49,0.00, 0.50
2.30,3.49,0.00, 0.50
2.30,3.49,0.00, 0.50
2.30,3.49,0.00, 0.00
2.30,3.49,0.00, 0.00
2.30,3.49,0.00, 0.00
2.30,3.49,0.00, 0.00
2.30,3.49,0.00, 0.00
2.30,3.49,0.00, 0.00
2.30,3.49,0.00, 0.00
2.30,3.48,0.00, 0.00
2.30,3.47,0.00, 0.00
2.30,3.47,0.00, 0.00
2.30,3.47,0.00, 0.00
2.30,3.49,0.00, 1.25
2.30,3.49,0.00, 1.25
2.30,3.49,0.00, 1.25
2.30,3.49,0.00, 0.00
2.30,3.49,0.00, 0.00
2.30,3.49,0.00, 0.00
2.30,3.49,0.00, 0.00
2.30,3.48,0.00, 0.00
2.30,3.49,0.00, 0.50
2.30,3.49,0.00, 0.50
2.30,3.49,0.00, 0.50
2.30,3.49,0.00, 0.00
2.30,3.49,0.00, 0.00
2.30,3.49,0.00, 0.00
2.30,3.49,0.00, 0.00
2.30,3.51,0.00, 0.75
2.30,3.51,0.00, 0.75
2.30,3.51,0.00, 0.75
2.30,3.51,0.00, 0.75
2.30,3.51,0.00, 0.50
2.30,3.52,0.00, 0.25
2.30,3.52,0.00, 0.25
2.30,3.51,0.00, 0.00
2.30,3.51,0.00, 0.00
2.30,3.51,0.00, 0.00
2.30,3.51,0.00, 0.00
2.28,3.53,0.00, 1.25
2.28,3.53,0.00, 1.25
2.28,3.53,0.00, 1.25
2.28,3.53,0.00, 1.25
2.30,3.53,0.99, 0.00
2.30,3.53,0.99, 0.00
2.30,3.53,0.99, 0.00
2.30,3.55,0.01, 1.00
2.30,3.55,0.01, 1.00
2.30,3.55,0.01, 1.00
2.30,3.55,0.01, 1.00
2.30,3.55,0.01, 1.00
2.30,3.55,0.01, 1.00
2.30,3.55,0.01, 1.00
2.30,3.55,0.00, 0.00
2.30,3.55,0.00, 0.00
2.30,3.55,0.00, 0.00
2.30,3.54,0.00, 0.00
2.30,3.54,0.00, 0.00
2.30,3.54,0.00, 0.00
2.30,3.54,0.00, 0.00
2.30,3.56,0.00, 1.00
2.30,3.54,0.00, 0.00
2.30,3.54,0.00, 0.00
2.30,3.57,0.00, 1.25
2.30,3.57,0.00, 1.25
2.30,3.57,0.00, 1.25
2.30,3.57,0.00, 1.25
2.30,3.57,0.00, 0.50
2.30,3.57,0.00, 0.50
2.30,3.57,0.00, 0.50
2.30,3.57,0.00, 0.50
2.30,3.57,0.00, 0.00
2.30,3.59,0.00, 0.50
2.30,3.59,0.00, 0.50
2.30,3.59,0.00, 0.50
2.30,3.62,0.00, 1.50
2.30,3.62,0.00, 1.50
2.30,3.62,0.00, 1.50
2.30,3.62,0.00, 1.50
2.30,3.62,0.00, 1.50
2.30,3.62,0.00, 1.50
2.30,3.62,0.00, 1.50
2.30,3.62,0.00, 1.50
2.30,3.61,0.00, 0.00
2.30,3.61,0.00, 0.00
2.30,3.61,0.00, 0.00
2.30,3.60,0.00, 0.00
2.30,3.60,0.00, 0.00
2.30,3.60,0.00, 0.00
2.30,3.60,0.00, 0.00
2.30,3.60,0.00, 0.00
2.30,3.60,0.00, 0.00
2.30,3.60,0.00, 0.00
2.30,3.60,0.00, 0.00
2.30,3.62,0.00, 1.25
2.30,3.62,0.00, 1.25
2.30,3.62,0.00, 1.25
2.30,3.62,0.00, 1.25
2.30,3.63,0.00, 0.50
2.30,3.63,0.00, 0.50
2.30,3.63,0.00, 0.50
2.30,3.63,0.00, 0.50
2.30,3.63,0.00, 0.50
2.30,3.63,0.00, 0.50
2.30,3.63,0.00, 0.50
2.30,3.61,0.00, 0.00
2.30,3.61,0.00, 0.00
2.30,3.61,0.00, 0.00
2.30,3.61,0.00, 0.00
2.30,3.60,0.00, 0.00
2.30,3.60,0.00, 0.00
2.30,3.60,0.00, 0.00
2.30,3.60,0.00, 0.00
2.30,3.60,0.00, 0.00
2.30,3.60,0.00, 0.00
2.30,3.60,0.00, 0.00
2.30,3.60,0.00, 0.00
2.30,3.56,0.00, 0.00
2.30,3.56,0.00, 0.00
2.30,3.56,0.00, 0.00
2.30,3.56,0.00, 0.00
2.30,3.50,0.00, 0.00
2.30,3.50,0.00, 0.00
2.30,3.50,0.00, 0.00
2.30,3.50,0.00, 0.00
2.30,3.50,0.00, 0.00
2.30,3.50,0.00, 0.00
2.30,3.50,0.00, 0.00
2.30,3.48,0.00, 0.00
2.30,3.48,0.00, 0.00
0.00,3.32,0.00, 0.00
0.00,3.32,0.00, 0.00
0.00,3.32,0.00, 0.00
0.00,3.32,0.00, 0.00
0.00,3.32,0.00, 0.00
0.00,3.32,0.00, 0.00
0.00,3.32,0.00, 