5.31,0.00,0.00, 0.00
0.02,0.05,0.00, 2.24
0.02,0.05,0.00, 0.51
0.02,0.05,0.00, 0.00
0.02,0.05,0.00, 0.00
0.02,0.05,0.00, 0.00
0.02,0.05,0.00, 0.50
0.02,0.05,0.00, 0.00
0.02,0.05,0.00, 0.50
0.04,0.06,0.99, 0.25
0.02,0.05,0.00, 0.00
0.00,0.05,0.00, 0.00
0.00,0.05,0.00, 0.00
0.00,0.05,0.00, 0.50
0.00,0.05,0.00, 0.00
0.02,0.05,0.99, 0.00
0.04,0.05,1.00, 0.00
0.02,0.05,0.00, 0.00
0.02,0.05,0.00, 0.00
0.02,0.06,0.00, 0.75
0.02,0.05,0.00, 0.00
0.02,0.05,0.00, 0.50
0.02,0.06,0.00, 0.25
0.00,0.06,0.00, 0.00
0.02,0.06,0.99, 0.00
0.02,0.06,0.01, 0.00
0.00,0.05,0.00, 0.00
0.02,0.05,0.99, 0.00
0.02,0.05,0.01, 0.00
0.04,0.05,0.99, 0.50
0.02,0.05,0.00, 0.00
0.02,0.05,0.00, 0.00
0.02,0.05,0.00, 0.00
0.02,0.05,0.00, 0.00
0.02,0.05,0.00, 0.00
0.02,0.05,0.00, 0.00
0.00,0.05,0.00, 0.00
0.04,0.05,1.97, 0.00
0.02,0.05,0.00, 0.00
0.02,0.05,0.00, 0.50
0.04,0.06,0.99, 0.25
0.02,0.05,0.00, 0.00
0.02,0.05,0.00, 0.00
0.02,0.05,0.00, 0.50
0.02,0.05,0.00, 0.00
0.02,0.05,0.00, 0.00
0.02,0.05,0.00, 0.50
0.00,0.05,0.00, 0.00
0.02,0.05,0.99, 0.00
0.04,0.05,1.00, 0.50
0.02,0.06,0.00, 0.25
0.04,0.05,0.99, 0.00
0.04,0.05,0.01, 0.00
0.00,0.05,0.00, 0.00
0.02,0.05,0.99, 0.50
0.00,0.05,0.00, 0.00
0.00,0.05,0.00, 0.00
0.00,0.05,0.00, 0.50
0.00,0.06,0.00, 0.25
0.02,0.06,0.99, 0.00
0.02,0.06,0.01, 0.00
0.02,0.06,0.00, 0.00
0.04,0.05,0.99, 0.00
0.02,0.05,0.00, 0.50
0.02,0.06,0.00, 0.25
0.02,0.06,0.00, 0.00
0.02,0.05,0.00, 0.00
0.02,0.06,0.00, 0.75
0.02,0.05,0.00, 0.00
0.02,0.06,0.00, 0.25
0.02,0.06,0.00, 0.00
0.00,0.06,0.00, 0.00
0.02,0.05,0.99, 0.00
0.02,0.05,0.01, 0.00
0.02,0.05,0.00, 0.50
0.02,0.05,0.00, 0.00
0.04,0.05,0.99, 0.50
0.02,0.06,0.00, 0.25
0.02,0.06,0.00, 0.00
0.04,0.06,0.99, 0.00
0.04,0.05,0.01, 0.00
0.02,0.05,0.00, 0.50
0.02,0.06,0.00, 0.25
0.00,0.06,0.00, 0.00
0.00,0.06,0.00, 0.00
0.00,0.05,0.00, 0.00
0.00,0.05,0.00, 0.50
0.00,0.06,0.00, 0.25
0.04,0.06,1.97, 0.00
0.02,0.05,0.00, 0.00
0.04,0.05,0.99, 0.00
0.04,0.05,0.01, 0.50
0.04,0.06,0.00, 0.25
0.02,0.06,0.00, 0.00
0.00,0.06,0.00, 0.00
0.02,0.05,0.99, 0.00
0.00,0.05,0.00, 0.50
0.00,0.06,0.00, 0.25
0.00,0.06,0.00, 0.00
0.00,0.06,0.00, 0.00
0.02,0.06,0.99, 0.00
0.02,0.06,0.01, 0.00
0.04,0.06,0.99, 0.00
0.08,0.06,1.99, 0.00
0.06,0.05,0.00, 0.00
0.02,0.05,0.00, 0.50
0.00,0.05,0.00, 0.00
0.00,0.06,0.00, 0.25
0.02,0.06,0.99, 0.00
0.04,0.05,1.00, 0.00
0.08,0.05,1.99, 0.00
0.04,0.05,0.00, 0.50
0.00,0.05,0.00, 0.00
0.00,0.05,0.00, 0.50
0.00,0.05,0.00, 0.00
0.11,0.05,5.42, 0.00
0.08,0.05,0.00, 0.00
0.00,0.05,0.00, 0.00
0.00,0.05,0.00, 0.00
0.00,0.05,0.00, 0.00
0.00,0.05,0.00, 0.00
0.00,0.05,0.00, 0.00
0.00,0.06,0.00, 0.75
0.00,0.05,0.00, 0.00
0.06,0.05,2.96, 0.00
0.08,0.05,1.03, 0.00
0.11,0.05,1.49, 0.00
0.11,0.05,0.02, 0.50
0.08,0.05,0.00, 0.00
0.02,0.05,0.00, 0.50
0.00,0.05,0.00, 0.00
0.00,0.05,0.00, 0.00
0.00,0.05,0.00, 0.50
0.00,0.05,0.00, 0.00
0.00,0.05,0.00, 0.50
0.00,0.06,0.00, 0.25
0.04,0.05,1.97, 0.00
0.08,0.05,2.00, 0.00
0.11,0.05,1.51, 0.50
0.11,0.05,0.02, 0.00
0.11,0.05,0.00, 0.00
0.00,0.05,0.00, 0.50
0.00,0.05,0.00, 0.00
0.00,0.06,0.00, 0.25
0.00,0.06,0.00, 0.00
0.02,0.05,0.99, 0.00
0.02,0.06,0.01, 0.75
0.02,0.06,0.01, 0.75
0.02,0.06,0.01, 0.75
0.00,0.06,0.00, 0.00
0.00,0.06,0.00, 0.00
0.00,0.05,0.00, 0.00
0.00,0.05,0.00, 0.00
0.00,2.74,0.00, 134.51
0.00,4.28,0.00, 76.96
0.00,4.28,0.00, 76.96
0.00,4.28,0.00, 76.96
0.00,4.28,0.00, 76.96
0.00,4.28,0.00, 76.96
0.00,4.28,0.00, 76.96
0.00,4.28,0.00, 76.96
0.00,4.28,0.00, 76.96
0.00,5.11,0.00, 41.88
0.58,6.01,28.57, 44.49
1.86,6.86,63.48, 42.51
4.28,9.81,120.15, 147.36
4.28,9.81,120.15, 147.36
4.28,9.81,1.77, 0.54
4.28,9.81,0.03, 0.00
4.28,9.81,0.03, 0.00
4.28,9.81,0.03, 0.00
4.28,9.81,0.03, 0.00
4.28,9.81,0.03, 0.00
4.28,9.81,0.03, 0.00
4.28,9.81,0.03, 0.00
4.28,9.81,0.03, 0.00
4.28,9.81,0.03, 0.00
4.28,9.81,0.03, 0.00
4.28,9.81,0.03, 0.00
4.28,9.81,0.03, 0.00
4.28,9.81,0.03, 0.00
4.28,9.81,0.03, 0.00
4.28,9.81,0.03, 0.00
4.28,9.81,0.03, 0.00
4.28,9.81,0.03, 0.00
4.28,9.81,0.03, 0.00
4.28,9.81,0.03, 0.00
4.28,9.81,0.03, 0.00
4.28,9.81,0.03, 0.00
4.28,9.81,0.03, 0.00
4.28,9.81,0.03, 0.00
4.28,9.81,0.03, 0.00
4.28,9.81,0.03, 0.00
4.28,9.81,0.03, 0.00
4.28,9.81,0.03, 0.00
4.28,9.81,0.03, 0.00
4.28,9.81,0.03, 0.00
4.28,9.81,0.03, 0.00
4.28,9.81,0.03, 0.00
4.28,9.81,0.03, 0.00
4.28,9.81,0.03, 0.00
4.28,9.81,0.03, 0.00
4.28,9.81,0.03, 0.00
4.28,9.81,0.03, 0.00
4.28,9.81,0.03, 0.00
4.28,9.81,0.03, 0.00
4.28,9.81,0.03, 0.00
4.28,9.81,0.03, 0.00
4.28,9.81,0.03, 0.00
4.28,9.81,0.03, 0.00
4.28,9.81,0.03, 0.00
4.28,9.81,0.03, 0.00
4.28,9.81,0.03, 0.00
4.28,9.81,0.03, 0.00
4.28,9.81,0.03, 0.00
4.28,9.81,0.03, 0.00
4.28,9.81,0.03, 0.00
4.28,9.81,0.03, 0.00
4.28,9.81,0.03, 0.00
4.28,9.81,0.03, 0.00
4.28,9.81,0.03, 0.00
4.28,9.81,0.03, 0.00
4.28,9.81,0.03, 0.00
4.28,9.81,0.03, 0.00
4.28,9.81,0.03, 0.00
4.28,9.81,0.03, 0.00
4.28,9.81,0.03, 0.00
4.28,9.81,0.03, 0.00
4.28,9.81,0.03, 0.00
4.28,9.81,0.03, 0.00
4.28,9.81,0.03, 0.00
4.28,9.81,0.03, 0.00
4.28,9.81,0.03, 0.00
4.28,9.81,0.03, 0.00
4.28,9.81,0.03, 0.00
4.28,9.81,0.03, 0.00
4.28,9.81,0.03, 0.00
4.28,9.81,0.03, 0.00
4.28,9.81,0.03, 0.00
4.28,9.81,0.03, 0.00
4.28,9.81,0.03, 0.00
4.28,9.81,0.03, 0.00
4.28,9.81,0.03, 0.00
4.30,9.81,0.99, 0.00
4.30,9.81,0.99, 0.00
4.30,9.81,0.01, 0.00
4.30,9.81,0.00, 0.00
4.35,5.97,2.46, 0.00
4.35,5.97,2.46, 0.00
4.35,5.97,2.46, 0.00
4.35,5.97,2.46, 0.00
4.35,5.97,2.46, 0.00
4.35,5.97,2.46, 0.00
4.35,5.97,2.46, 0.00
4.35,5.97,2.46, 0.00
4.35,5.97,2.46, 0.00
4.35,5.97,2.46, 0.00
4.35,5.97,2.46, 0.00
4.35,5.97,2.46, 0.00
4.35,5.97,2.46, 0.00
4.35,5.97,2.46, 0.00
4.35,5.97,2.46, 0.00
4.35,5.97,2.46, 0.00
4.35,5.97,2.46, 0.00
4.35,5.97,2.46, 0.00
4.32,5.90,0.00, 0.00
4.35,5.80,1.48, 0.00
4.35,5.80,1.48, 0.00
4.35,5.80,1.48, 0.00
4.35,5.80,1.48, 0.00
4.35,5.80,1.48, 0.00
4.35,5.72,0.02, 0.00
4.35,5.72,0.02, 0.00
4.01,3.00,0.00, 0.00
2.48,2.75,0.00, 0.00
1.88,0.37,0.00, 0.00
1.56,0.12,0.00, 0.00
1.56,0.12,0.00, 0.00
1.63,0.06,3.45, 0.00
1.61,0.05,0.00, 0.00
1.45,0.05,0.00, 0.50
0.85,0.06,0.00, 0.25
0.00,0.06,0.00, 0.00
0.00,0.06,0.00, 0.00
0.00,0.07,0.00, 0.50
0.00,0.06,0.00, 0.00
0.00,0.05,0.00, 0.00
0.24,0.05,11.82, 0.00
0.24,0.05,11.82, 0.00
0.24,0.05,11.82, 0.00
0.24,0.05,11.82, 0.00
0.24,0.05,11.82, 0.00
0.24,0.05,11.82, 0.00
0.69,0.05,22.34, 0.00
0.62,0.05,0.00, 0.00
0.74,0.04,5.91, 0.00
0.00,0.05,0.00, 0.50
0.00,0.05,0.00, 0.50
0.00,0.06,0.00, 0.25
0.00,0.05,0.00, 0.00
0.00,0.05,0.00, 0.00
0.00,0.05,0.00, 0.00
0.00,0.05,0.00, 0.00
0.00,0.05,0.00, 0.00
0.00,0.05,0.00, 0.00
0.00,0.05,0.00, 0.00
0.00,0.05,0.00, 0.00
0.20,0.05,9.85, 0.50
0.35,0.06,7.53, 0.25
0.40,0.05,2.57, 0.00
0.00,0.05,0.00, 0.50
0.00,0.05,0.00, 0.00
0.00,0.05,0.00, 0.00
0.13,0.05,6.40, 0.00
0.13,0.05,6.40, 0.00
0.13,0.05,6.40, 0.00
0.24,0.05,5.51, 0.00
0.26,0.05,1.07, 0.00
0.22,0.05,0.00, 0.00
0.00,0.06,0.00, 0.75
0.00,0.06,0.00, 0.00
0.00,0.06,0.00, 0.00
0.00,0.06,0.00, 0.00
0.00,0.06,0.00, 0.00
0.00,0.06,0.00, 0.00
0.00,0.05,0.00, 0.00
0.00,0.05,0.00, 0.00
0.06,0.05,2.96, 0.00
0.15,0.05,4.48, 0.00
0.20,0.05,2.53, 0.00
0.20,0.05,0.04, 0.00
0.13,0.05,0.00, 0.00
0.04,0.05,0.00, 0.00
0.00,0.05,0.00, 0.00
0.00,0.05,0.00, 0.00
0.00,0.05,0.00, 0.50
0.00,0.06,0.00, 0.25
0.00,0.06,0.00, 0.25
0.00,0.06,0.00, 0.25
0.00,0.06,0.00, 0.25
0.00,0.06,0.00, 0.25
0.00,0.06,0.00, 0.25
0.00,0.06,0.00, 0.25
0.00,0.06,0.00, 0.25
0.00,0.06,0.00, 0.25
0.00,0.06,0.00, 0.00
0.00,0.05,0.00, 0.00
0.00,0.05,0.00, 0.50
0.02,0.05,0.99, 0.00
0.02,0.05,0.01, 0.50
0.04,0.05,0.99, 0.00
0.04,0.05,0.99, 0.00
0.04,0.05,0.99, 0.00
0.04,0.05,0.99, 0.00
0.04,0.05,0.99, 0.00
0.04,0.05,0.99, 0.00
0.06,0.05,1.00, 0.00
0.06,0.05,0.01, 0.50
0.02,0.05,0.00, 0.00
0.00,0.92,0.00, 43.59
0.00,0.92,0.00, 43.59
0.00,0.92,0.00, 43.59
0.00,0.92,0.00, 43.59
0.00,0.92,0.00, 43.59
0.00,0.92,0.00, 43.59
0.00,1.43,0.00, 25.57
0.49,2.04,24.14, 30.48
0.56,2.70,3.80, 32.74
2.15,6.26,78.39, 177.97
2.53,7.06,19.87, 40.26
2.53,7.06,19.87, 40.26
2.53,7.06,19.87, 40.26
2.53,7.06,19.87, 40.26
2.53,7.06,19.87, 40.26
3.02,7.87,24.43, 40.50
3.02,7.87,24.43, 40.50
3.02,7.87,24.43, 40.50
3.02,7.87,24.43, 40.50
3.02,7.87,24.43, 40.50
3.02,7.87,24.43, 40.50
3.02,7.87,24.43, 40.50
3.02,7.87,24.43, 40.50
3.02,7.87,24.43, 40.50
3.02,7.87,24.43, 40.50
3.02,7.87,24.43, 40.50
3.02,7.87,24.43, 40.50
3.02,7.87,24.43, 40.50
3.02,7.87,24.43, 40.50
3.02,7.87,24.43, 40.50
3.02,7.87,24.43, 40.50
3.02,7.87,24.43, 40.50
3.02,7.87,24.43, 40.50
3.02,7.87,24.43, 40.50
3.02,7.87,24.43, 40.50
3.02,7.87,24.43, 40.50
3.02,7.87,24.43, 40.50
3.02,7.87,24.43, 40.50
3.02,7.87,24.43, 40.50
3.02,7.87,24.43, 40.50
3.02,7.87,24.43, 40.50
3.02,7.87,24.43, 40.50
3.02,7.87,24.43, 40.50
3.02,7.87,24.43, 40.50
3.02,7.87,24.43, 40.50
3.02,7.87,24.43, 40.50
3.02,7.87,24.43, 40.50
3.02,7.87,24.43, 40.50
3.02,7.87,24.43, 40.50
3.02,7.87,24.43, 40.50
3.02,7.87,24.43, 40.50
3.36,8.61,17.11, 37.26
3.36,8.61,17.11, 37.26
3.36,8.61,17.11, 37.26
3.36,8.61,17.11, 37.26
3.36,8.61,17.11, 37.26
3.36,8.61,17.11, 37.26
3.36,8.61,17.11, 37.26
3.36,8.61,17.11, 37.26
3.36,8.61,17.11, 37.26
3.36,8.61,17.11, 37.26
3.36,8.61,17.11, 37.26
3.36,8.61,17.11, 37.26
3.36,8.61,17.11, 37.26
3.36,8.61,17.11, 37.26
3.36,8.61,17.11, 37.26
3.36,8.61,17.11, 37.26
3.36,8.61,17.11, 37.26
3.36,8.61,17.11, 37.26
3.36,8.61,17.11, 37.26
3.36,8.61,17.11, 37.26
3.36,8.61,17.11, 37.26
3.36,8.61,17.11, 37.26
3.36,8.61,17.11, 37.26
3.36,8.61,17.11, 37.26
3.36,8.61,17.11, 37.26
3.36,8.61,17.11, 37.26
3.36,8.61,17.11, 37.26
3.36,8.61,17.11, 37.26
3.36,8.61,17.11, 37.26
3.36,8.61,17.11, 37.26
3.36,8.61,17.11, 37.26
3.36,8.61,17.11, 37.26
3.36,8.61,17.11, 37.26
3.36,8.61,17.11, 37.26
3.36,8.61,17.11, 37.26
3.36,8.61,17.11, 37.26
3.36,8.61,17.11, 37.26
3.36,8.61,17.11, 37.26
3.36,8.61,17.11, 37.26
3.36,8.61,17.11, 37.26
3.36,8.61,17.11, 37.26
3.36,8.61,17.11, 37.26
3.36,8.61,17.11, 37.26
3.36,8.61,17.11, 37.26
3.36,8.61,17.11, 37.26
3.36,8.61,17.11, 37.26
3.36,8.61,17.11, 37.26
3.36,8.61,17.11, 37.26
3.36,8.61,17.11, 37.26
3.36,8.61,17.11, 37.26
3.36,8.61,17.11, 37.26
3.36,8.61,17.11, 37.26
3.36,8.61,17.11, 37.26
3.36,8.61,17.11, 37.26
3.36,8.61,17.11, 37.26
3.36,8.61,17.11, 37.26
3.36,8.61,17.11, 37.26
3.36,8.61,17.11, 37.26
3.36,8.61,17.11, 37.26
3.36,8.61,17.11, 37.26
3.36,8.61,17.11, 37.26
3.36,8.61,17.11, 37.26
3.78,9.26,20.94, 32.52
3.78,9.26,20.94, 32.52
3.78,9.26,20.94, 32.52
3.78,9.26,20.94, 32.52
3.78,9.26,20.94, 32.52
3.78,9.26,20.94, 32.52
3.78,9.26,20.94, 32.52
4.30,9.81,25.93, 27.27
4.30,9.81,25.93, 27.27
4.32,8.27,1.37, 0.00
3.65,3.76,0.00, 0.00
0.87,1.96,0.00, 0.00
1.86,1.56,48.77, 0.00
0.00,1.18,0.00, 0.00
0.22,0.81,10.84, 0.00
0.22,0.81,10.84, 0.00
0.22,0.81,10.84, 0.00
0.22,0.81,10.84, 0.00
1.23,0.48,49.92, 0.00
1.09,0.26,0.00, 0.00
1.09,0.26,0.00, 0.00
1.09,0.26,0.00, 0.00
1.09,0.26,0.00, 0.00
1.41,0.11,15.76, 0.00
1.41,0.11,15.76, 0.00
1.05,0.05,0.00, 0.00
1.05,0.05,0.00, 0.00
0.47,0.05,0.00, 0.00
0.00,0.07,0.00, 1.25
0.17,0.05,8.37, 0.00
1.00,0.05,41.01, 0.00
1.03,0.05,2.08, 0.00
0.94,0.04,0.00, 0.00
0.69,0.05,0.00, 0.50
0.69,0.05,0.00, 0.50
0.69,0.05,0.00, 0.50
0.69,0.05,0.00, 0.50
0.69,0.05,0.00, 0.50
0.69,0.05,0.00, 0.50
0.69,0.05,0.00, 0.50
0.69,0.05,0.00, 0.50
0.29,0.05,0.00, 0.00
0.29,0.05,0.00, 0.00
0.29,0.05,0.00, 0.00
0.29,0.05,0.00, 0.00
0.29,0.05,0.00, 0.00
0.29,0.05,0.00, 0.00
0.29,0.05,0.00, 0.00
0.29,0.05,0.00, 0.00
0.29,0.05,0.00, 0.00
0.29,0.05,0.00, 0.00
0.29,0.05,0.00, 0.00
0.29,0.05,0.00, 0.00
0.00,0.05,0.00, 0.00
0.00,0.05,0.00, 0.00
0.40,0.05,19.71, 0.00
0.40,0.05,19.71, 0.00
0.40,0.05,19.71, 0.00
0.40,0.05,19.71, 0.00
0.29,0.05,0.00, 0.00
0.40,0.05,5.42, 0.00
0.44,0.04,2.05, 0.00
0.13,0.05,0.00, 0.50
0.02,0.05,0.00, 0.00
0.02,0.05,0.00, 0.00
0.02,0.05,0.00, 0.00
0.02,0.05,0.00, 0.00
0.02,0.05,0.00, 0.00
0.02,0.05,0.00, 0.00
0.02,0.05,0.00, 0.00
0.02,0.05,0.00, 0.00
0.02,0.05,0.00, 0.00
0.02,0.05,0.00, 0.00
0.02,0.05,0.00, 0.00
0.02,0.05,0.00, 0.00
0.02,0.05,0.00, 0.00
0.02,0.05,0.00, 0.00
0.02,0.05,0.00, 0.00
0.02,0.05,0.00, 0.00
0.02,0.05,0.00, 0.00
0.02,0.05,0.00, 0.00
0.02,0.05,0.00, 0.00
0.02,0.05,0.00, 0.00
0.02,0.05,0.00, 0.00
0.02,0.05,0.00, 0.00
0.02,0.05,0.00, 0.00
0.02,0.05,0.00, 0.00
0.02,0.05,0.00, 0.00
0.02,0.05,0.00, 0.00
0.02,0.05,0.00, 0.00
0.02,0.05,0.00, 0.00
0.02,0.05,0.00, 0.00
0.02,0.05,0.00, 0.00
0.02,0.05,0.00, 0.00
0.00,0.05,0.00, 0.50
0.00,0.05,0.00, 0.00
0.00,0.05,0.00, 0.50
0.00,1.09,0.00, 51.56
0.00,1.49,0.00, 19.87
0.00,1.87,0.00, 19.00
0.00,1.87,0.00, 19.00
0.15,2.30,7.39, 21.74
0.15,2.30,7.39, 21.74
0.15,2.30,7.39, 21.74
0.15,2.30,7.39, 21.74
0.15,2.30,7.39, 21.74
0.15,2.30,7.39, 21.74
0.15,2.30,7.39, 21.74
0.15,2.30,7.39, 21.74
0.15,2.30,7.39, 21.74
0.15,2.30,7.39, 21.74
0.15,2.30,7.39, 21.74
0.15,2.30,7.39, 21.74
0.26,2.84,5.53, 27.23
0.26,2.84,5.53, 27.23
0.26,2.84,5.53, 27.23
0.26,2.84,5.53, 27.23
0.26,2.84,5.53, 27.23
0.26,2.84,5.53, 27.23
0.26,2.84,5.53, 27.23
0.26,2.84,5.53, 27.23
0.26,2.84,5.53, 27.23
0.26,2.84,5.53, 27.23
0.26,2.84,5.53, 27.23
0.26,2.84,5.53, 27.23
0.26,2.84,5.53, 27.23
0.26,2.84,5.53, 27.23
0.26,2.84,5.53, 27.23
0.26,2.84,5.53, 27.23
0.26,2.84,5.53, 27.23
0.26,2.84,5.53, 27.23
0.26,2.84,5.53, 27.23
0.26,2.84,5.53, 27.23
0.26,2.84,5.53, 27.23
0.26,2.84,5.53, 27.23
0.26,2.84,5.53, 27.23
0.26,2.84,5.53, 27.23
0.26,2.84,5.53, 27.23
0.26,2.84,5.53, 27.23
0.26,2.84,5.53, 27.23
0.26,2.84,5.53, 27.23
0.26,2.84,5.53, 27.23
0.26,2.84,5.53, 27.23
0.26,2.84,5.53, 27.23
0.26,2.84,5.53, 27.23
0.26,2.84,5.53, 27.23
0.26,2.84,5.53, 27.23
0.26,2.84,5.53, 27.23
0.26,2.84,5.53, 27.23
0.26,2.84,5.53, 27.23
0.26,2.84,5.53, 27.23
0.26,2.84,5.53, 27.23
0.26,2.84,5.53, 27.23
0.26,2.84,5.53, 27.23
0.26,2.84,5.53, 27.23
0.26,2.84,5.53, 27.23
0.26,2.84,5.53, 27.23
0.42,3.47,7.96, 31.24
0.42,3.47,7.96, 31.24
0.42,3.47,7.96, 31.24
0.42,3.47,7.96, 31.24
0.42,3.47,7.96, 31.24
0.42,3.47,7.96, 31.24
0.42,3.47,7.96, 31.24
0.42,3.47,7.96, 31.24
0.42,3.47,7.96, 31.24
0.42,3.47,7.96, 31.24
0.42,3.47,7.96, 31.24
0.42,3.47,7.96, 31.24
0.42,3.47,7.96, 31.24
0.42,3.47,7.96, 31.24
0.42,3.47,7.96, 31.24
0.42,3.47,7.96, 31.24
0.42,3.47,7.96, 31.24
0.42,3.47,7.96, 31.24
0.42,3.47,7.96, 31.24
0.42,3.47,7.96, 31.24
0.42,3.47,7.96, 31.24
0.42,3.47,7.96, 31.24
0.42,3.47,7.96, 31.24
0.76,4.06,16.87, 29.51
0.76,4.06,16.87, 29.51
0.76,4.06,16.87, 29.51
0.76,4.06,16.87, 29.51
0.76,4.06,16.87, 29.51
0.76,4.06,16.87, 29.51
0.76,4.06,16.87, 29.51
0.76,4.06,16.87, 29.51
0.76,4.06,16.87, 29.51
0.76,4.06,16.87, 29.51
0.76,4.06,16.87, 29.51
0.76,4.06,16.87, 29.51
0.76,4.06,16.87, 29.51
0.76,4.06,16.87, 29.51
0.76,4.06,16.87, 29.51
0.76,4.06,16.87, 29.51
0.76,4.06,16.87, 29.51
0.76,4.06,16.87, 29.51
0.76,4.06,16.87, 29.51
0.76,4.06,16.87, 29.51
0.76,4.06,16.87, 29.51
0.76,4.06,16.87, 29.51
0.76,4.06,16.87, 29.51
0.76,4.06,16.87, 29.51
0.76,4.06,16.87, 29.51
0.76,4.06,16.87, 29.51
0.76,4.06,16.87, 29.51
0.76,4.06,16.87, 29.51
0.76,4.06,16.87, 29.51
0.76,4.06,16.87, 29.51
0.76,4.06,16.87, 29.51
0.76,4.06,16.87, 29.51
0.76,4.06,16.87, 29.51
0.76,4.06,16.87, 29.51
0.76,4.06,16.87, 29.51
0.76,4.06,16.87, 29.51
0.76,4.06,16.87, 29.51
0.76,4.06,16.87, 29.51
0.76,4.06,16.87, 29.51
0.76,4.06,16.87, 29.51
0.76,4.06,16.87, 29.51
0.76,4.06,16.87, 29.51
0.76,4.06,16.87, 29.51
0.76,4.06,16.87, 29.51
4.28,8.26,173.66, 209.09
4.32,7.09,4.53, 0.00
4.35,4.26,1.54, 0.00
2.91,2.82,0.00, 0.00
3.81,2.67,44.34, 0.00
3.81,2.67,44.34, 0.00
3.81,2.67,44.34, 0.00
3.81,2.67,44.34, 0.00
3.81,2.67,44.34, 0.00
3.81,2.67,44.34, 0.00
3.81,2.67,44.34, 0.00
2.17,2.51,0.00, 0.00
0.87,2.32,0.00, 0.00
1.99,2.08,55.18, 0.00
1.41,0.07,0.00, 0.00
1.99,0.06,28.57, 0.00
1.70,0.05,0.00, 0.00
1.50,0.05,0.00, 0.00
1.50,0.05,0.00, 0.00
1.50,0.05,0.00, 0.00
1.50,0.05,0.00, 0.00
1.50,0.05,0.00, 0.00
1.50,0.05,0.00, 0.00
1.21,0.05,0.00, 0.00
0.26,0.05,0.00, 0.50
0.00,0.05,0.00, 0.00
0.00,0.05,0.00, 0.00
0.78,0.05,38.43, 0.50
0.78,0.05,38.43, 0.50
0.78,0.05,38.43, 0.50
0.78,0.05,38.43, 0.50
0.78,0.05,38.43, 0.50
0.94,0.05,8.45, 0.00
0.94,0.05,8.45, 0.00
1.05,0.05,5.54, 0.00
1.05,0.05,5.54, 0.00
1.00,0.05,0.00, 0.50
1.00,0.05,0.00, 0.50
1.00,0.05,0.00, 0.50
0.00,0.06,0.00, 0.25
0.00,0.06,0.00, 0.25
0.00,0.06,0.00, 0.25
0.00,0.06,0.00, 0.25
0.00,0.06,0.00, 0.25
0.00,0.06,0.00, 0.25
0.00,0.06,0.00, 0.25
0.00,0.06,0.00, 0.25
0.00,0.06,0.00, 0.25
0.00,0.06,0.00, 0.25
0.00,0.06,0.00, 0.25
0.00,0.06,0.00, 0.00
0.00,0.06,0.00, 0.00
0.00,0.06,0.00, 0.00
0.00,0.06,0.00, 0.00
0.58,0.05,28.57, 0.00
0.33,0.05,0.00, 0.50
0.33,0.05,0.00, 0.50
0.33,0.05,0.00, 0.50
0.33,0.05,0.00, 0.50
0.33,0.05,0.00, 0.50
0.33,0.05,0.00, 0.50
0.33,0.05,0.00, 0.50
0.47,0.05,6.90, 0.00
0.53,0.05,3.06, 0.00
0.47,0.05,0.00, 0.50
0.47,0.05,0.00, 0.50
0.47,0.05,0.00, 0.50
0.47,0.05,0.00, 0.50
0.47,0.05,0.00, 0.50
0.47,0.05,0.00, 0.50
0.47,0.05,0.00, 0.50
0.47,0.05,0.00, 0.50
0.47,0.05,0.00, 0.50
0.47,0.05,0.00, 0.50
0.47,0.05,0.00, 0.50
0.47,0.05,0.00, 0.50
0.47,0.05,0.00, 0.50
0.47,0.05,0.00, 0.50
0.47,0.05,0.00, 0.50
0.47,0.05,0.00, 0.50
0.47,0.05,0.00, 0.50
0.47,0.05,0.00, 0.50
0.47,0.05,0.00, 0.50
0.47,0.05,0.00, 0.50
0.47,0.05,0.00, 0.50
0.47,0.05,0.00, 0.50
0.47,0.05,0.00, 0.50
0.47,0.05,0.00, 0.50
0.47,0.05,0.00, 0.50
0.47,0.05,0.00, 0.50
0.47,0.05,0.00, 0.50
0.47,0.05,0.00, 0.50
0.47,0.05,0.00, 0.50
0.47,0.05,0.00, 0.50
0.47,0.05,0.00, 0.50
0.47,0.05,0.00, 0.50
0.47,0.05,0.00, 0.50
0.47,0.05,0.00, 0.50
0.47,0.05,0.00, 0.50
0.11,0.06,0.00, 0.25
0.22,0.05,5.42, 0.00
0.22,0.05,5.42, 0.00
0.22,0.05,5.42, 0.00
0.22,0.05,5.42, 0.00
0.33,0.05,5.50, 0.00
0.33,0.05,5.50, 0.00
0.00,0.74,0.00, 34.62
0.00,0.74,0.00, 34.62
0.00,0.74,0.00, 34.62
0.00,0.74,0.00, 34.62
0.00,0.74,0.00, 34.62
0.00,0.74,0.00, 34.62
0.00,0.74,0.00, 34.62
0.00,0.74,0.00, 34.62
0.00,0.74,0.00, 34.62
0.00,0.74,0.00, 34.62
0.00,0.74,0.00, 34.62
0.00,0.74,0.00, 34.62
0.00,0.74,0.00, 34.62
0.00,0.74,0.00, 34.62
0.00,1.15,0.00, 20.55
0.00,1.15,0.00, 20.55
0.00,3.10,0.00, 97.22
0.00,3.10,0.00, 97.22
0.00,3.10,0.00, 97.22
0.00,3.10,0.00, 97.22
0.00,3.10,0.00, 97.22
0.00,3.10,0.00, 97.22
0.00,3.10,0.00, 97.22
0.00,3.10,0.00, 97.22
0.00,3.10,0.00, 97.22
0.00,3.10,0.00, 97.22
0.00,3.10,0.00, 97.22
0.00,3.10,0.00, 97.22
0.00,3.10,0.00, 97.22
0.00,3.10,0.00, 97.22
0.00,3.10,0.00, 97.22
0.00,3.10,0.00, 97.22
0.00,3.10,0.00, 97.22
0.00,3.10,0.00, 97.22
0.00,3.10,0.00, 97.22
0.00,3.10,0.00, 97.22
0.00,3.10,0.00, 97.22
0.00,3.10,0.00, 97.22
0.00,3.10,0.00, 97.22
0.00,3.10,0.00, 97.22
0.00,3.10,0.00, 97.22
0.00,3.10,0.00, 97.22
0.00,3.10,0.00, 97.22
0.00,3.10,0.00, 97.22
0.00,3.10,0.00, 97.22
0.00,3.10,0.00, 97.22
0.00,3.10,0.00, 97.22
0.00,3.10,0.00, 97.22
0.00,3.10,0.00, 97.22
0.00,3.10,0.00, 97.22
0.00,3.10,0.00, 97.22
0.00,3.10,0.00, 97.22
0.00,3.10,0.00, 97.22
0.00,3.10,0.00, 97.22
0.00,3.10,0.00, 97.22
0.00,3.10,0.00, 97.22
0.00,3.10,0.00, 97.22
0.00,3.10,0.00, 97.22
0.00,3.10,0.00, 97.22
0.00,3.10,0.00, 97.22
0.00,3.10,0.00, 97.22
0.00,3.10,0.00, 97.22
0.00,3.10,0.00, 97.22
0.00,3.10,0.00, 97.22
0.00,3.10,0.00, 97.22
0.00,3.10,0.00, 97.22
0.00,3.10,0.00, 97.22
0.00,3.10,0.00, 97.22
0.00,3.10,0.00, 97.22
0.00,3.10,0.00, 97.22
0.00,3.10,0.00, 97.22
0.00,3.10,0.00, 97.22
0.00,3.10,0.00, 97.22
0.00,3.10,0.00, 97.22
0.00,3.10,0.00, 97.22
0.00,3.10,0.00, 97.22
0.17,3.55,8.37, 22.52
0.17,3.55,8.37, 22.52
0.17,3.55,8.37, 22.52
0.17,3.55,8.37, 22.52
0.17,3.55,8.37, 22.52
0.17,3.55,8.37, 22.52
0.17,3.55,8.37, 22.52
0.17,3.55,8.37, 22.52
0.17,3.55,8.37, 22.52
0.17,3.55,8.37, 22.52
0.17,3.55,8.37, 22.52
0.17,3.55,8.37, 22.52
0.17,3.55,8.37, 22.52
0.17,3.55,8.37, 22.52
0.17,3.55,8.37, 22.52
0.17,3.55,8.37, 22.52
0.17,3.55,8.37, 22.52
0.17,3.55,8.37, 22.52
0.17,3.55,8.37, 22.52
0.17,3.55,8.37, 22.52
0.17,3.55,8.37, 22.52
0.17,3.55,8.37, 22.52
0.17,3.55,8.37, 22.52
0.17,3.55,8.37, 22.52
0.17,3.55,8.37, 22.52
0.17,3.55,8.37, 22.52
0.17,3.55,8.37, 22.52
0.17,3.55,8.37, 22.52
0.17,3.55,8.37, 22.52
0.17,3.55,8.37, 22.52
0.17,3.55,8.37, 22.52
0.17,3.55,8.37, 22.52
0.17,3.55,8.37, 22.52
0.17,3.55,8.37, 22.52
0.17,3.55,8.37, 22.52
4.30,8.98,203.59, 270.84
4.30,9.42,2.99, 22.91
4.30,9.42,2.99, 22.91
4.30,9.42,2.99, 22.91
4.30,9.42,2.99, 22.91
4.30,9.42,2.99, 22.91
4.30,9.42,2.99, 22.91
4.30,9.42,2.99, 22.91
4.30,9.42,2.99, 22.91
4.35,5.66,2.51, 0.00
4.35,3.67,0.04, 0.00
4.35,3.69,0.00, 0.75
2.98,3.42,0.00, 0.00
2.98,3.42,0.00, 0.00
2.98,3.42,0.00, 0.00
2.98,3.42,0.00, 0.00
2.98,3.42,0.00, 0.00
2.98,3.42,0.00, 0.00
2.98,3.42,0.00, 0.00
2.98,3.42,0.00, 0.00
2.98,3.42,0.00, 0.00
2.98,3.42,0.00, 0.00
2.98,3.42,0.00, 0.00
2.98,3.42,0.00, 0.00
2.98,3.42,0.00, 0.00
2.98,3.42,0.00, 0.00
2.98,3.42,0.00, 0.00
2.98,3.42,0.00, 0.00
2.98,3.42,0.00, 0.00
2.98,3.42,0.00, 0.00
2.98,3.42,0.00, 0.00
2.98,3.42,0.00, 0.00
2.98,3.42,0.00, 0.00
2.98,3.42,0.00, 0.00
2.98,3.42,0.00, 0.00
0.51,3.31,0.00, 0.00
1.52,3.20,49.76, 0.00
2.87,3.09,67.24, 0.00
0.00,0.07,0.00, 0.00
0.00,0.06,0.00, 0.00
0.00,0.05,0.00, 0.00
0.78,0.05,38.43, 0.50
0.82,0.05,2.54, 0.00
0.74,0.05,0.00, 0.00
0.78,0.05,1.97, 0.00
0.51,0.05,0.00, 0.00
0.06,0.05,0.00, 0.50
0.00,0.05,0.00, 0.00
0.00,0.05,0.00, 0.50
0.00,0.05,0.00, 0.50
0.00,0.05,0.00, 0.50
0.00,0.06,0.00, 0.25
0.00,0.06,0.00, 0.00
0.00,0.05,0.00, 0.00
0.08,0.05,3.94, 0.50
0.40,0.05,15.82, 0.00
0.58,0.05,9.10, 0.00
0.58,0.05,9.10, 0.00
0.58,0.05,9.10, 0.00
0.58,0.05,9.10, 0.00
0.58,0.05,9.10, 0.00
0.58,0.05,9.10, 0.00
0.44,0.05,0.00, 0.00
0.44,0.05,0.00, 0.00
0.44,0.05,0.00, 0.00
0.44,0.05,0.00, 0.00
0.44,0.05,0.00, 0.00
0.44,0.05,0.00, 0.00
0.44,0.05,0.00, 0.00
0.44,0.05,0.00, 0.00
0.44,0.05,0.00, 0.00
0.44,0.05,0.00, 0.00
0.17,0.05,0.00, 0.00
0.17,0.05,0.00, 0.00
0.00,0.05,0.00, 0.00
0.00,0.05,0.00, 0.00
0.00,0.05,0.00, 0.50
0.00,0.05,0.00, 0.00
0.00,0.05,0.00, 0.50
0.00,0.06,0.00, 0.25
0.00,0.06,0.00, 0.25
0.00,0.06,0.00, 0.25
0.00,0.06,0.00, 0.25
0.00,0.06,0.00, 0.25
0.00,0.06,0.00, 0.25
0.00,0.06,0.00, 0.25
0.00,0.06,0.00, 0.00
0.00,0.06,0.00, 0.00
0.00,0.06,0.00, 0.00
0.00,0.06,0.00, 0.00
0.00,0.06,0.00, 0.00
0.00,0.06,0.00, 0.00
0.00,0.06,0.00, 0.00
0.00,0.06,0.00, 0.00
0.00,0.06,0.00, 0.00
0.00,0.05,0.00, 0.00
0.17,0.05,8.37, 0.50
0.00,0.05,0.00, 0.00
0.17,0.06,8.37, 0.75
0.17,0.05,0.12, 0.00
0.15,0.05,0.00, 0.50
0.08,0.05,0.00, 0.00
0.00,0.05,0.00, 0.50
0.00,0.05,0.00, 0.50
0.00,0.06,0.00, 0.25
0.00,0.05,0.00, 0.00
0.00,0.05,0.00, 0.00
0.06,0.05,2.96, 0.00
0.06,0.05,2.96, 0.00
0.11,0.05,2.51, 0.50
0.11,0.05,0.04, 0.00
0.08,0.05,0.00, 0.00
0.08,0.05,0.00, 0.00
0.08,0.05,0.00, 0.00
0.08,0.05,0.00, 0.00
0.08,0.05,0.00, 0.00
0.08,0.05,0.00, 0.00
0.08,0.05,0.00, 0.00
0.08,0.05,0.00, 0.00
0.08,0.05,0.00, 0.00
0.08,0.05,0.00, 0.00
0.08,0.05,0.00, 0.00
0.08,0.05,0.00, 0.00
0.06,0.05,0.00, 0.00
0.06,0.05,0.00, 0.00
0.00,0.05,0.00, 0.00
0.00,0.05,0.00, 0.00
0.00,0.05,0.00, 0.00
0.00,0.05,0.00, 0.00
0.00,0.05,0.00, 0.00
0.00,0.05,0.00, 0.00
0.00,0.05,0.00, 0.00
0.00,0.06,0.00, 1.00
0.00,0.06,0.00, 1.00
0.00,0.06,0.00, 1.00
0.00,0.06,0.00, 1.00
0.00,0.06,0.00, 1.00
0.00,0.06,0.00, 1.00
0.00,0.06,0.00, 1.00
0.00,0.06,0.00, 1.00
0.00,0.06,0.00, 1.00
0.00,0.06,0.00, 1.00
0.00,0.06,0.00, 1.00
0.00,0.06,0.00, 1.00
0.00,0.06,0.00, 1.00
0.00,0.06,0.00, 1.00
0.00,0.06,0.00, 1.00
0.00,0.06,0.00, 1.00
0.00,0.06,0.00, 1.00
0.00,0.06,0.00, 1.00
0.00,0.06,0.00, 1.00
0.00,0.06,0.00, 1.00
0.00,0.06,0.00, 1.00
0.00,0.06,0.00, 1.00
0.00,0.06,0.00, 1.00
0.00,0.06,0.00, 1.00
0.00,0.06,0.00, 1.00
0.00,0.06,0.00, 1.00
0.00,0.06,0.00, 1.00
0.00,0.06,0.00, 1.00
0.76,3.64,37.44, 178.10
0.76,3.64,37.44, 178.10
0.74,4.24,0.00, 30.54
3.72,7.35,146.81, 155.04
3.72,7.35,146.81, 155.04
3.72,7.35,146.81, 155.04
3.72,7.35,146.81, 155.04
3.72,7.35,146.81, 155.04
3.72,7.35,146.81, 155.04
3.72,7.35,146.81, 155.04
3.72,7.35,146.81, 155.04
4.35,8.19,33.20, 42.41
4.32,8.11,0.00, 0.00
4.32,8.11,0.00, 0.00
4.32,8.11,0.00, 0.00
4.32,8.11,0.00, 0.00
4.32,8.11,0.00, 0.00
4.32,8.11,0.00, 0.00
4.32,8.11,0.00, 0.00
4.32,8.11,0.00, 0.00
4.32,8.11,0.00, 0.00
4.35,8.02,1.48, 0.00
4.35,8.02,1.48, 0.00
4.35,8.02,1.48, 0.00
4.35,8.02,1.48, 0.00
4.35,8.02,1.48, 0.00
4.35,8.02,1.48, 0.00
4.35,8.02,1.48, 0.00
4.35,8.02,1.48, 0.00
4.35,8.02,1.48, 0.00
4.35,8.02,1.48, 0.00
4.35,8.02,1.48, 0.00
4.35,8.02,1.48, 0.00
4.35,8.02,1.48, 0.00
4.35,7.72,0.02, 0.00
4.32,7.69,0.00, 0.00
4.32,7.69,0.00, 0.00
4.35,7.31,1.48, 0.00
4.35,7.31,1.48, 0.00
4.35,7.31,1.48, 0.00
4.35,7.31,1.48, 0.00
4.35,7.31,1.48, 0.00
4.35,7.31,1.48, 0.00
4.35,7.31,1.48, 0.00
4.35,7.31,1.48, 0.00
4.35,7.31,1.48, 0.00
4.35,7.31,1.48, 0.00
4.35,7.31,1.48, 0.00
4.35,7.31,1.48, 0.00
4.35,7.31,1.48, 0.00
4.35,7.31,1.48, 0.00
4.35,7.31,1.48, 0.00
4.35,7.31,1.48, 0.00
4.35,7.31,1.48, 0.00
4.35,7.31,1.48, 0.00
4.35,7.31,1.48, 0.00
4.35,7.31,1.48, 0.00
4.35,7.31,1.48, 0.00
4.35,7.31,1.48, 0.00
4.35,7.31,1.48, 0.00
4.35,7.31,1.48, 0.00
4.35,7.31,1.48, 0.00
4.35,7.31,1.48, 0.00
4.35,7.31,1.48, 0.00
4.35,7.31,1.48, 0.00
4.35,7.31,1.48, 0.00
4.35,7.31,1.48, 0.00
4.35,7.31,1.48, 0.00
4.35,7.31,1.48, 0.00
4.35,7.31,1.48, 0.00
4.35,7.31,1.48, 0.00
4.35,7.31,1.48, 0.00
4.35,7.31,1.48, 0.00
4.35,7.31,1.48, 0.00
4.35,7.31,1.48, 0.00
4.35,7.31,1.48, 0.00
4.35,7.31,1.48, 0.00
4.35,7.31,1.48, 0.00
4.35,7.31,1.48, 0.00
4.35,7.31,1.48, 0.00
4.35,7.31,1.48, 0.00
4.35,7.31,1.48, 0.00
4.35,7.31,1.48, 0.00
4.35,7.31,1.48, 0.00
4.35,7.31,1.48, 0.00
4.35,7.31,1.48, 0.00
4.35,7.31,1.48, 0.00
4.35,7.31,1.48, 0.00
4.35,7.31,1.48, 0.00
4.35,7.31,1.48, 0.00
4.35,7.31,1.48, 0.00
4.35,7.31,1.48, 0.00
4.35,7.31,1.48, 0.00
4.35,7.31,1.48, 0.00
4.35,7.31,1.48, 0.00
4.35,7.31,1.48, 0.00
4.35,7.31,1.48, 0.00
4.35,7.31,1.48, 0.00
4.35,7.31,1.48, 0.00
4.35,7.31,1.48, 0.00
4.35,7.31,1.48, 0.00
4.35,6.98,0.02, 0.00
4.35,6.98,0.02, 0.00
4.35,6.98,0.02, 0.00
4.35,6.98,0.02, 0.00
4.35,6.98,0.02, 0.00
4.35,6.98,0.02, 0.00
4.35,6.98,0.02, 0.00
4.35,6.98,0.02, 0.00
4.35,6.98,0.02, 0.00
4.32,6.89,0.00, 0.00
4.35,6.71,1.48, 0.00
4.35,6.71,1.48, 0.00
4.35,6.71,1.48, 0.00
4.35,6.71,1.48, 0.00
4.35,6.71,1.48, 0.00
4.35,6.71,1.48, 0.00
4.32,2.87,0.00, 0.00
4.32,2.87,0.00, 0.00
4.32,2.87,0.00, 0.00
4.32,2.87,0.00, 0.00
4.32,2.87,0.00, 0.00
4.32,2.87,0.00, 0.00
4.32,2.87,0.00, 0.00
0.00,1.19,0.00, 0.00
0.00,1.19,0.00, 0.00
0.00,1.19,0.00, 0.00
0.00,1.19,0.00, 0.00
0.00,1.19,0.00, 0.00
0.00,1.19,0.00, 0.00
0.00,1.19,0.00, 0.00
0.00,1.19,0.00, 0.00
0.00,1.19,0.00, 0.00
0.00,1.19,0.00, 0.00
0.00,1.19,0.00, 0.00
0.00,1.19,0.00, 0.00
0.00,1.19,0.00, 0.00
0.00,1.19,0.00, 0.00
2.04,0.87,100.50, 0.00
2.04,0.87,100.50, 0.00
1.70,0.13,0.00, 0.00
0.00,0.05,0.00, 0.00
0.00,0.05,0.00, 0.00
0.00,0.05,0.00, 0.00
0.00,0.05,0.00, 0.00
0.00,0.05,0.00, 0.00
0.00,0.05,0.00, 0.00
0.00,0.05,0.00, 0.00
0.33,0.05,16.26, 0.50
0.58,0.05,12.56, 0.00
0.78,0.05,10.04, 0.50
0.78,0.05,10.04, 0.50
0.78,0.05,10.04, 0.50
0.78,0.05,10.04, 0.50
0.78,0.05,10.04, 0.50
0.78,0.05,10.04, 0.50
0.78,0.05,10.04, 0.50
0.78,0.05,10.04, 0.50
0.78,0.05,10.04, 0.50
0.78,0.05,10.04, 0.50
0.78,0.05,10.04, 0.50
0.67,0.05,0.00, 0.00
0.22,0.05,0.00, 0.50
0.00,0.06,0.00, 0.25
0.51,0.05,25.12, 0.00
0.51,0.05,25.12, 0.00
0.51,0.05,25.12, 0.00
0.51,0.05,25.12, 0.00
0.51,0.05,25.12, 0.00
0.51,0.05,25.12, 0.00
0.40,0.05,0.00, 0.00
0.40,0.05,0.00, 0.00
0.40,0.05,0.00, 0.00
0.40,0.05,0.00, 0.00
0.40,0.05,0.00, 0.00
0.40,0.05,0.00, 0.00
0.40,0.05,0.00, 0.00
0.24,0.05,0.00, 0.00
0.24,0.05,0.00, 0.00
0.24,0.05,0.00, 0.00
0.08,0.05,0.00, 0.00
0.29,0.05,10.35, 0.00
0.17,0.06,0.00, 0.75
0.11,0.06,0.00, 0.00
0.08,0.05,0.00, 0.00
0.08,0.05,0.00, 0.00
0.08,0.05,0.00, 0.00
0.08,0.05,0.00, 0.00
0.08,0.05,0.00, 0.00
0.08,0.05,0.00, 0.00
0.08,0.05,0.00, 0.00
0.15,0.05,3.45, 0.00
0.15,0.05,3.45, 0.00
0.15,0.05,3.45, 0.00
0.24,0.05,4.48, 0.50
0.20,0.05,0.00, 0.00
0.17,0.05,0.00, 0.00
0.15,0.05,0.00, 0.00
0.15,0.05,0.00, 0.50
0.22,0.05,3.45, 0.00
0.22,0.05,3.45, 0.00
0.26,0.05,2.02, 0.00
0.26,0.05,2.02, 0.00
0.26,0.05,2.02, 0.00
0.26,0.05,2.02, 0.00
0.26,0.05,2.02, 0.00
0.26,0.05,2.02, 0.00
0.26,0.05,2.02, 0.00
0.26,0.05,2.02, 0.00
0.26,0.05,2.02, 0.00
0.26,0.05,2.02, 0.00
0.26,0.05,2.02, 0.00
0.26,0.05,2.02, 0.00
0.26,0.05,2.02, 0.00
0.31,0.05,2.49, 0.00
0.35,0.05,2.01, 0.50
0.35,0.05,2.01, 0.50
0.33,0.06,0.00, 0.25
0.33,0.06,0.00, 0.25
0.38,0.06,2.46, 0.00
0.38,0.06,2.46, 0.00
0.38,0.06,2.46, 0.00
0.38,0.06,2.46, 0.00
0.38,0.06,2.46, 0.00
0.38,0.06,2.46, 0.00
0.38,0.06,2.46, 0.00
0.38,0.06,2.46, 0.00
0.38,0.06,2.46, 0.00
0.38,0.06,2.46, 0.00
0.38,0.06,2.46, 0.00
0.38,0.06,2.46, 0.00
0.35,0.06,0.00, 0.25
0.29,0.40,0.00, 16.94
1.97,4.74,82.76, 216.02
2.26,5.14,15.50, 20.47
2.26,5.14,15.50, 20.47
2.26,5.14,15.50, 20.47
2.26,5.14,15.50, 20.47
2.26,5.14,15.50, 20.47
2.26,5.14,15.50, 20.47
2.26,5.14,15.50, 20.47
2.26,5.14,15.50, 20.47
2.26,5.14,15.50, 20.47
2.26,5.14,15.50, 20.47
2.26,5.14,15.50, 20.47
2.26,5.14,15.50, 20.47
2.26,5.14,15.50, 20.47
2.26,5.14,15.50, 20.47
2.26,5.14,15.50, 20.47
2.26,5.14,15.50, 20.47
2.26,5.14,15.50, 20.47
2.26,5.14,15.50, 20.47
2.26,5.14,15.50, 20.47
2.26,5.14,15.50, 20.47
2.26,5.14,15.50, 20.47
2.26,5.14,15.50, 20.47
2.26,5.14,15.50, 20.47
2.26,5.14,15.50, 20.47
2.26,5.14,15.50, 20.47
2.26,5.14,15.50, 20.47
2.26,5.14,15.50, 20.47
2.26,5.14,15.50, 20.47
2.26,5.14,15.50, 20.47
2.26,5.14,15.50, 20.47
2.26,5.14,15.50, 20.47
2.26,5.14,15.50, 20.47
2.26,5.14,15.50, 20.47
2.26,5.14,15.50, 20.47
2.26,5.14,15.50, 20.47
2.26,5.14,15.50, 20.47
2.26,5.14,15.50, 20.47
2.26,5.14,15.50, 20.47
2.26,5.14,15.50, 20.47
2.26,5.14,15.50, 20.47
2.26,5.14,15.50, 20.47
2.26,5.14,15.50, 20.47
2.26,5.14,15.50, 20.47
2.75,5.52,24.37, 19.25
3.34,5.90,29.42, 19.00
3.74,6.24,20.14, 17.26
3.74,6.24,20.14, 17.26
3.74,6.24,20.14, 17.26
3.74,6.24,20.14, 17.26
3.74,6.24,20.14, 17.26
3.74,6.24,20.14, 17.26
3.74,6.24,20.14, 17.26
3.74,6.24,20.14, 17.26
3.74,6.24,20.14, 17.26
3.74,6.24,20.14, 17.26
3.74,6.24,20.14, 17.26
3.74,6.24,20.14, 17.26
3.74,6.24,20.14, 17.26
3.74,6.24,20.14, 17.26
3.74,6.24,20.14, 17.26
3.74,6.24,20.14, 17.26
3.74,6.24,20.14, 17.26
3.74,6.24,20.14, 17.26
3.74,6.24,20.14, 17.26
3.74,6.24,20.14, 17.26
3.74,6.24,20.14, 17.26
3.74,6.24,20.14, 17.26
3.74,6.24,20.14, 17.26
3.74,6.24,20.14, 17.26
3.74,6.24,20.14, 17.26
3.74,6.24,20.14, 17.26
3.74,6.24,20.14, 17.26
3.74,6.24,20.14, 17.26
3.74,6.24,20.14, 17.26
3.74,6.24,20.14, 17.26
3.74,6.24,20.14, 17.26
4.32,7.27,28.87, 51.13
4.32,7.27,28.87, 51.13
4.32,7.27,28.87, 51.13
4.32,7.27,28.87, 51.13
4.32,7.27,28.87, 51.13
4.32,7.27,28.87, 51.13
4.35,7.16,1.90, 0.00
4.35,7.16,1.90, 0.00
4.35,7.16,1.90, 0.00
4.35,7.16,1.90, 0.00
4.35,7.16,1.90, 0.00
4.35,7.16,1.90, 0.00
4.35,7.16,1.90, 0.00
4.35,7.01,0.03, 0.00
4.35,7.01,0.03, 0.00
4.35,7.01,0.03, 0.00
4.32,3.95,0.00, 0.00
4.32,3.95,0.00, 0.00
4.32,3.95,0.00, 0.00
4.32,3.95,0.00, 0.00
4.32,3.95,0.00, 0.00
4.32,3.95,0.00, 0.00
4.32,3.95,0.00, 0.00
4.35,3.57,1.48, 0.00
4.35,3.57,1.48, 0.00
4.35,3.53,0.02, 0.00
4.35,3.53,0.02, 0.00
4.35,3.53,0.02, 0.00
4.35,3.53,0.02, 0.00
4.35,3.53,0.02, 0.00
4.35,3.53,0.02, 0.00
4.35,3.53,0.02, 0.00
4.32,3.51,0.00, 0.00
4.35,3.67,1.48, 7.97
4.35,3.65,0.02, 0.00
4.35,3.65,0.02, 0.00
4.35,3.65,0.02, 0.00
0.00,2.42,0.00, 0.00
2.04,2.06,100.50, 0.00
2.04,2.06,100.50, 0.00
2.04,2.06,100.50, 0.00
2.04,2.06,100.50, 0.00
2.04,2.06,100.50, 0.00
2.04,2.06,100.50, 0.00
2.04,2.06,100.50, 0.00
2.04,2.06,100.50, 0.00
2.04,2.06,100.50, 0.00
2.04,2.06,100.50, 0.00
2.04,2.06,100.50, 0.00
2.04,2.06,100.50, 0.00
2.04,2.06,100.50, 0.00
2.64,1.88,31.04, 0.00
2.64,1.88,31.04, 0.00
1.03,1.62,0.00, 0.00
0.29,1.31,0.00, 0.00
0.00,0.05,0.00, 0.00
0.00,0.05,0.00, 0.50
0.00,0.05,0.00, 0.50
0.00,0.06,0.00, 0.25
0.00,0.05,0.00, 0.00
0.62,0.05,30.54, 0.00
0.94,0.04,16.21, 0.00
1.07,0.05,6.64, 0.50
1.14,0.05,3.55, 0.00
1.14,0.05,3.55, 0.00
1.12,0.05,0.00, 0.50
1.12,0.05,0.00, 0.50
1.00,0.05,0.00, 0.00
0.91,0.05,0.00, 0.00
0.62,0.04,0.00, 0.00
0.62,0.04,0.00, 0.00
0.62,0.04,0.00, 0.00
0.15,0.05,0.00, 0.50
0.00,0.05,0.00, 0.00
0.00,0.05,0.00, 0.00
0.20,0.05,9.85, 0.00
0.56,0.05,17.88, 0.50
0.76,0.05,10.12, 0.00
0.87,0.05,5.57, 0.00
0.85,0.05,0.00, 0.00
0.67,0.05,0.00, 0.00
0.47,0.05,0.00, 0.50
0.26,0.06,0.00, 0.25
0.04,0.05,0.00, 0.00
0.00,0.05,0.00, 0.00
0.02,0.05,0.99, 0.00
0.20,0.05,8.88, 0.50
0.35,0.05,7.52, 0.00
0.35,0.05,7.52, 0.00
0.35,0.05,7.52, 0.00
0.56,0.05,10.46, 0.00
0.69,0.05,6.56, 0.00
0.69,0.05,6.56, 0.00
0.69,0.05,6.56, 0.00
0.69,0.05,6.56, 0.00
0.74,0.05,2.56, 0.00
0.74,0.05,2.56, 0.00
0.69,0.05,0.00, 0.50
0.69,0.05,0.00, 0.50
0.56,0.05,0.00, 0.00
0.56,0.05,0.00, 0.00
0.56,0.05,0.00, 0.00
0.06,0.05,0.00, 0.00
0.06,0.05,0.00, 0.00
0.11,0.05,2.46, 0.50
0.40,0.05,14.32, 0.00
0.53,0.05,6.62, 0.50
0.65,0.05,6.01, 0.00
0.60,0.05,0.00, 0.00
0.51,0.05,0.00, 0.00
0.40,0.05,0.00, 0.00
0.26,0.05,0.00, 0.00
0.20,0.05,0.00, 0.50
0.15,0.06,0.00, 0.25
0.17,0.06,0.99, 0.00
0.26,0.05,4.45, 0.00
0.35,0.05,4.50, 0.00
0.35,0.05,4.50, 0.00
0.35,0.05,4.50, 0.00
0.35,0.05,4.50, 0.00
0.47,0.05,5.98, 0.50
0.47,0.05,5.98, 0.50
0.47,0.05,5.98, 0.50
0.51,0.06,2.06, 0.25
0.51,0.06,2.06, 0.25
0.51,0.06,2.06, 0.25
0.51,0.06,2.06, 0.25
0.51,0.06,2.06, 0.25
0.51,0.06,2.06, 0.25
0.51,0.06,2.06, 0.25
0.56,0.05,2.49, 0.00
0.00,0.16,0.00, 5.48
0.00,0.23,0.00, 4.01
0.00,1.62,0.00, 68.76
0.00,1.93,0.00, 15.94
0.00,1.93,0.00, 15.94
0.00,1.93,0.00, 15.94
0.00,1.93,0.00, 15.94
0.00,1.93,0.00, 15.94
0.00,1.93,0.00, 15.94
0.00,1.93,0.00, 15.94
0.00,1.93,0.00, 15.94
0.00,1.93,0.00, 15.94
0.00,1.93,0.00, 15.94
0.00,1.93,0.00, 15.94
0.00,1.93,0.00, 15.94
0.00,2.26,0.00, 16.25
0.00,2.26,0.00, 16.25
0.00,2.59,0.00, 16.50
0.00,2.92,0.00, 16.75
3.56,5.83,175.38, 145.03
4.03,5.98,25.73, 7.75
4.35,6.10,16.14, 6.01
4.32,6.18,0.00, 4.26
4.32,6.18,0.00, 4.26
4.32,6.18,0.00, 4.26
4.32,6.18,0.00, 4.26
4.32,6.18,0.00, 4.26
4.32,6.18,0.00, 4.26
4.32,6.18,0.00, 4.26
4.32,6.18,0.00, 4.26
4.32,6.18,0.00, 4.26
4.32,6.18,0.00, 4.26
4.32,6.18,0.00, 4.26
4.32,6.18,0.00, 4.26
4.32,6.18,0.00, 4.26
4.32,6.18,0.00, 4.26
4.32,6.18,0.00, 4.26
4.32,6.18,0.00, 4.26
4.32,6.18,0.00, 4.26
4.32,6.18,0.00, 4.26
4.32,6.18,0.00, 4.26
4.32,6.18,0.00, 4.26
4.32,6.18,0.00, 4.26
4.32,6.18,0.00, 4.26
4.32,6.18,0.00, 4.26
4.32,6.18,0.00, 4.26
4.32,6.18,0.00, 4.26
4.32,6.18,0.00, 4.26
4.32,6.18,0.00, 4.26
4.32,6.18,0.00, 4.26
4.32,6.18,0.00, 4.26
4.32,6.18,0.00, 4.26
4.32,6.18,0.00, 4.26
4.32,6.18,0.00, 4.26
4.32,6.18,0.00, 4.26
4.32,6.22,0.00, 2.01
4.32,6.22,0.00, 2.01
4.32,6.22,0.00, 2.01
4.32,6.22,0.00, 2.01
4.32,6.22,0.00, 2.01
4.32,6.22,0.00, 2.01
4.32,6.22,0.00, 2.01
4.32,6.22,0.00, 2.01
4.32,6.22,0.00, 2.01
4.32,6.22,0.00, 2.01
4.32,6.22,0.00, 2.01
4.32,6.22,0.00, 2.01
4.32,6.22,0.00, 2.01
4.32,6.22,0.00, 2.01
4.32,6.22,0.00, 2.01
4.32,6.22,0.00, 2.01
4.32,6.24,0.00, 1.25
4.32,6.25,0.00, 0.25
4.35,6.18,1.48, 0.00
4.35,6.18,1.48, 0.00
4.35,6.18,1.48, 0.00
4.35,6.18,1.48, 0.00
4.35,6.18,1.48, 0.00
4.35,6.18,1.48, 0.00
4.35,6.18,1.48, 0.00
4.35,6.18,1.48, 0.00
4.35,6.18,1.48, 0.00
4.35,6.18,1.48, 0.00
4.35,6.18,1.48, 0.00
4.35,6.18,1.48, 0.00
4.35,5.03,0.02, 0.00
4.35,5.03,0.02, 0.00
4.35,5.03,0.02, 0.00
4.35,5.03,0.02, 0.00
4.35,5.03,0.02, 0.00
4.35,5.03,0.02, 0.00
4.35,5.03,0.02, 0.00
4.35,5.03,0.02, 0.00
4.35,5.03,0.02, 0.00
4.35,5.03,0.02, 0.00
4.35,5.03,0.02, 0.00
4.35,5.03,0.02, 0.00
4.35,5.03,0.02, 0.00
4.35,5.03,0.02, 0.00
4.35,5.03,0.02, 0.00
4.35,5.03,0.02, 0.00
4.35,5.03,0.02, 0.00
4.35,5.03,0.02, 0.00
4.35,5.03,0.02, 0.00
4.35,5.03,0.02, 0.00
4.35,5.03,0.02, 0.00
4.35,5.03,0.02, 0.00
4.35,5.03,0.02, 0.00
4.35,5.03,0.02, 0.00
4.35,5.03,0.02, 0.00
4.35,5.03,0.02, 0.00
4.35,5.03,0.02, 0.00
4.35,5.03,0.02, 0.00
4.35,5.03,0.02, 0.00
4.35,5.03,0.02, 0.00
4.35,5.03,0.02, 0.00
4.35,5.03,0.02, 0.00
4.35,5.03,0.02, 0.00
4.35,5.03,0.02, 0.00
4.35,5.03,0.02, 0.00
4.35,4.97,0.00, 0.00
4.35,4.97,0.00, 0.00
4.35,4.97,0.00, 0.00
4.35,4.97,0.00, 0.00
4.35,4.97,0.00, 0.00
4.35,4.97,0.00, 0.00
4.35,4.97,0.00, 0.00
4.35,4.90,0.00, 0.00
4.32,4.12,0.00, 0.00
4.32,3.72,0.00, 0.00
4.32,3.76,0.00, 2.24
4.32,3.76,0.00, 0.01
4.32,3.78,0.00, 0.50
4.32,3.80,0.00, 1.25
4.32,3.81,0.00, 0.50
4.35,3.80,1.48, 0.00
4.35,3.80,1.48, 0.00
4.35,3.80,1.48, 0.00
4.32,3.76,0.00, 0.00
4.32,3.76,0.00, 0.00
4.32,3.76,0.00, 0.00
4.35,3.78,1.48, 0.50
4.35,3.74,0.02, 0.00
4.32,3.51,0.00, 0.00
4.35,3.39,1.48, 0.00
4.35,3.26,0.02, 0.00
4.32,3.09,0.00, 0.00
4.32,2.91,0.00, 0.00
4.32,2.74,0.00, 0.00
4.32,2.74,0.00, 0.00
4.32,2.74,0.00, 0.00
4.32,2.74,0.00, 0.00
4.32,2.74,0.00, 0.00
4.32,2.74,0.00, 0.00
4.32,2.74,0.00, 0.00
4.32,2.74,0.00, 0.00
4.32,2.74,0.00, 0.00
4.32,2.56,0.00, 0.00
3.90,2.33,0.00, 0.00
0.00,2.13,0.00, 0.00
2.28,0.60,112.32, 0.00
2.53,0.31,13.97, 0.00
1.32,0.09,0.00, 0.00
0.94,0.04,0.00, 0.00
2.13,0.05,58.62, 0.25
2.30,0.05,9.24, 0.00
1.48,0.05,0.00, 0.00
1.50,0.05,0.99, 0.50
1.50,0.05,0.99, 0.50
1.50,0.05,0.99, 0.50
1.50,0.05,0.99, 0.50
1.50,0.05,0.99, 0.50
1.50,0.05,0.99, 0.50
1.50,0.05,0.99, 0.50
1.50,0.05,0.99, 0.50
1.50,0.05,0.99, 0.50
1.50,0.05,0.99, 0.50
1.50,0.05,0.99, 0.50
1.74,0.05,11.84, 0.00
1.48,0.05,0.00, 0.50
1.03,0.06,0.00, 0.25
1.05,0.05,0.99, 0.00
1.12,0.04,3.46, 0.00
1.30,0.05,8.92, 0.50
1.34,0.05,2.10, 0.50
1.32,0.05,0.00, 0.00
1.32,0.05,0.00, 0.00
1.27,0.05,0.00, 0.00
1.14,0.05,0.00, 0.00
0.94,0.05,0.00, 0.00
0.85,0.05,0.00, 0.00
0.85,0.05,0.00, 0.00
0.47,0.05,0.00, 0.00
0.11,0.05,0.00, 0.50
0.00,0.06,0.00, 0.25
0.00,0.06,0.00, 0.00
0.04,0.06,1.97, 0.00
0.04,0.06,1.97, 0.00
0.04,0.06,1.97, 0.00
0.33,0.06,14.32, 0.00
0.67,0.06,16.96, 0.00
0.67,0.06,16.96, 0.00
0.67,0.06,16.96, 0.00
0.85,0.06,9.12, 0.00
0.96,0.05,5.55, 0.00
1.00,0.05,2.05, 0.50
1.00,0.05,2.05, 0.50
1.00,0.05,2.05, 0.50
0.62,0.05,0.00, 0.00
0.62,0.05,0.00, 0.00
0.47,0.05,0.00, 0.00
0.44,0.05,0.00, 0.00
0.65,0.05,10.35, 0.00
0.78,0.05,6.56, 0.00
0.85,0.05,3.54, 0.00
0.85,0.05,0.05, 0.00
0.71,0.05,0.00, 0.50
0.78,0.05,3.45, 0.00
0.69,0.05,0.00, 0.50
0.58,0.06,0.00, 0.25
0.44,0.06,0.00, 0.00
0.40,0.06,0.00, 0.00
0.42,0.05,0.99, 0.00
0.44,0.05,1.00, 0.50
0.51,0.06,3.46, 0.25
0.51,0.06,3.46, 0.25
0.62,0.06,5.47, 0.00
0.62,0.06,5.47, 0.00
0.71,0.05,4.51, 0.00
0.78,0.05,3.51, 0.00
0.85,0.05,3.50, 0.00
0.85,0.05,0.05, 0.00
0.80,0.05,0.00, 0.00
0.76,0.05,0.00, 0.00
0.71,0.05,0.00, 0.00
0.60,0.05,0.00, 0.00
0.60,0.05,0.00, 0.00
0.56,0.05,0.00, 0.00
0.56,0.05,0.00, 0.00
0.56,0.05,0.00, 0.00
0.56,0.05,0.00, 0.00
0.56,0.05,0.00, 0.50
0.60,0.05,1.97, 0.00
0.65,0.05,2.49, 0.00
0.65,0.05,2.49, 0.00
0.65,0.05,2.49, 0.00
0.65,0.05,2.49, 0.00
0.65,0.05,2.49, 0.00
0.65,0.05,2.49, 0.00
0.62,0.05,0.00, 0.50
0.65,0.05,1.48, 0.00
0.65,0.05,0.02, 0.00
0.65,0.05,0.00, 0.00
0.69,0.05,1.97, 0.00
0.74,0.08,2.49, 1.49
0.80,0.11,2.99, 2.00
0.82,0.16,1.03, 2.25
0.80,0.32,0.00, 7.98
0.67,0.56,0.00, 11.74
0.58,0.86,0.00, 15.24
0.58,0.86,0.00, 15.24
0.60,1.20,0.99, 16.99
0.71,1.58,5.43, 18.99
0.96,1.96,12.40, 19.00
1.18,2.40,11.02, 21.99
1.32,2.86,7.06, 23.00
1.48,3.36,7.99, 24.99
1.68,3.91,9.97, 27.49
1.68,3.91,9.97, 27.49
1.68,3.91,9.97, 27.49
1.68,3.91,9.97, 27.49
1.68,3.91,9.97, 27.49
1.68,3.91,9.97, 27.49
1.68,3.91,9.97, 27.49
1.68,3.91,9.97, 27.49
1.95,4.48,13.45, 28.75
2.39,5.03,21.87, 27.01
3.07,5.55,33.82, 26.00
4.30,7.19,61.09, 82.04
4.32,7.84,1.88, 32.43
4.32,7.84,1.88, 32.43
4.32,8.07,0.03, 11.83
4.32,8.27,0.00, 10.01
4.32,8.45,0.00, 9.25
4.32,8.45,0.00, 9.25
4.32,8.45,0.00, 9.25
4.32,8.45,0.00, 9.25
4.32,8.45,0.00, 9.25
4.32,8.45,0.00, 9.25
4.32,8.45,0.00, 9.25
4.32,8.45,0.00, 9.25
4.32,8.45,0.00, 9.25
4.32,8.45,0.00, 9.25
4.32,8.45,0.00, 9.25
4.32,8.45,0.00, 9.25
4.32,8.45,0.00, 9.25
4.32,8.45,0.00, 9.25
4.32,8.45,0.00, 9.25
4.32,8.45,0.00, 9.25
4.32,8.45,0.00, 9.25
4.32,8.45,0.00, 9.25
4.32,8.45,0.00, 9.25
4.32,8.45,0.00, 9.25
4.32,8.45,0.00, 9.25
4.32,8.45,0.00, 9.25
4.32,8.45,0.00, 9.25
4.32,8.45,0.00, 9.25
4.32,8.45,0.00, 9.25
4.32,8.45,0.00, 9.25
4.32,8.45,0.00, 9.25
4.32,8.45,0.00, 9.25
4.32,8.45,0.00, 9.25
4.32,8.45,0.00, 9.25
4.32,8.45,0.00, 9.25
4.32,8.45,0.00, 9.25
4.32,8.45,0.00, 9.25
4.32,8.45,0.00, 9.25
4.32,8.45,0.00, 9.25
4.32,8.45,0.00, 9.25
4.32,8.45,0.00, 9.25
4.32,8.45,0.00, 9.25
4.32,8.45,0.00, 9.25
4.32,8.45,0.00, 9.25
4.32,8.45,0.00, 9.25
4.32,8.45,0.00, 9.25
4.32,8.45,0.00, 9.25
4.32,8.45,0.00, 9.25
4.32,8.45,0.00, 9.25
4.32,8.45,0.00, 9.25
4.32,8.45,0.00, 9.25
4.32,8.45,0.00, 9.25
4.32,8.45,0.00, 9.25
4.32,8.45,0.00, 9.25
4.32,8.45,0.00, 9.25
4.32,8.45,0.00, 9.25
4.32,8.45,0.00, 9.25
4.32,8.45,0.00, 9.25
4.32,8.59,0.00, 6.76
4.32,8.65,0.00, 3.26
4.35,8.65,1.48, 0.00
4.35,4.73,0.02, 0.00
4.35,4.73,0.02, 0.00
4.35,4.73,0.02, 0.00
4.35,4.73,0.02, 0.00
4.35,4.73,0.02, 0.00
4.35,4.73,0.02, 0.00
4.35,4.73,0.02, 0.00
4.35,4.73,0.02, 0.00
4.35,4.73,0.02, 0.00
4.35,4.73,0.02, 0.00
4.35,4.73,0.02, 0.00
4.35,4.44,0.00, 0.00
4.32,4.31,0.00, 0.00
4.32,4.24,0.00, 0.00
4.32,4.24,0.00, 0.00
4.32,4.24,0.00, 0.00
4.32,4.24,0.00, 0.00
4.32,4.24,0.00, 0.00
4.32,4.24,0.00, 0.00
4.32,4.24,0.00, 0.00
4.32,4.24,0.00, 0.00
4.32,4.24,0.00, 0.00
4.32,4.24,0.00, 0.00
4.32,4.24,0.00, 0.00
4.32,4.24,0.00, 0.00
4.32,4.24,0.00, 0.00
4.32,4.24,0.00, 0.00
4.32,4.24,0.00, 0.00
4.32,3.68,0.00, 0.00
4.35,3.53,1.48, 0.00
4.32,3.47,0.00, 0.00
4.32,3.47,0.00, 0.00
4.32,3.47,0.00, 0.00
4.32,3.47,0.00, 0.00
4.32,3.47,0.00, 0.00
4.32,3.47,0.00, 0.00
4.32,3.47,0.00, 0.00
4.35,3.18,1.48, 0.00
4.35,3.19,0.02, 0.50
4.32,3.18,0.00, 0.00
4.32,3.11,0.00, 0.00
4.32,3.11,0.00, 0.00
4.32,3.10,0.00, 0.00
4.32,3.10,0.00, 0.00
4.32,3.10,0.00, 0.00
4.32,3.10,0.00, 0.00
4.32,3.10,0.00, 0.00
4.32,3.10,0.00, 0.00
4.32,3.10,0.00, 0.00
4.35,3.06,1.48, 0.00
4.35,3.06,1.48, 0.00
4.35,3.06,1.48, 0.00
4.35,3.06,1.48, 0.00
4.35,3.06,1.48, 0.00
4.35,3.06,1.48, 0.00
4.35,3.06,1.48, 0.00
4.35,3.06,1.48, 0.00
4.35,3.06,1.48, 0.00
4.35,2.99,0.02, 0.00
4.35,2.99,0.02, 0.00
4.35,2.99,0.02, 0.00
4.35,2.99,0.02, 0.00
4.35,2.99,0.02, 0.00
4.35,2.99,0.02, 0.00
4.35,2.99,0.02, 0.00
4.32,2.86,0.00, 0.00
2.04,2.80,0.00, 0.00
2.57,2.19,26.11, 0.00
2.22,0.70,0.00, 0.00
2.17,0.44,0.00, 0.00
2.19,0.22,0.99, 0.00
1.97,0.09,0.00, 0.00
1.97,0.05,0.00, 0.00
2.15,0.05,8.87, 0.00
1.88,0.05,0.00, 0.50
1.59,0.04,0.00, 0.00
1.48,0.05,0.00, 0.50
1.27,0.05,0.00, 0.50
1.27,0.05,0.00, 0.50
0.80,0.05,0.00, 0.00
0.38,0.05,0.00, 0.00
0.00,0.05,0.00, 0.50
0.00,0.05,0.00, 0.50
0.00,0.05,0.00, 0.50
0.00,0.05,0.00, 0.50
0.00,0.05,0.00, 0.50
0.00,0.06,0.00, 0.25
0.00,0.06,0.00, 0.25
0.00,0.06,0.00, 0.25
0.00,0.06,0.00, 0.25
0.00,0.06,0.00, 0.00
0.00,0.06,0.00, 0.00
1.21,0.05,59.61, 0.00
1.16,0.05,0.00, 0.50
1.16,0.06,0.00, 0.25
0.98,0.05,0.00, 0.00
0.78,0.05,0.00, 0.00
0.60,0.05,0.00, 0.00
0.60,0.05,0.00, 0.00
0.60,0.05,0.00, 0.00
0.60,0.05,0.00, 0.00
0.60,0.05,0.00, 0.00
0.60,0.05,0.00, 0.00
0.60,0.05,0.00, 0.00
0.31,0.05,0.00, 0.00
0.04,0.05,0.00, 0.00
0.00,0.05,0.00, 0.00
0.62,0.05,30.54, 0.50
0.62,0.05,30.54, 0.50
0.82,0.06,10.30, 0.25
0.96,0.05,7.05, 0.00
0.89,0.05,0.00, 0.50
0.60,0.05,0.00, 0.00
0.38,0.05,0.00, 0.50
0.17,0.06,0.00, 0.25
0.06,0.05,0.00, 0.00
0.11,0.05,2.46, 0.00
0.17,0.05,2.99, 0.00
0.38,0.04,10.39, 0.00
0.65,0.04,13.45, 0.00
0.69,0.05,2.17, 0.50
0.69,0.04,0.03, 0.00
0.69,0.04,0.03, 0.00
0.82,0.05,6.40, 0.50
0.87,0.05,2.56, 0.00
0.85,0.05,0.00, 0.00
0.82,0.05,0.00, 0.00
0.62,0.05,0.00, 0.00
0.35,0.05,0.00, 0.50
0.35,0.05,0.00, 0.50
0.20,0.05,0.00, 0.00
0.11,0.05,0.00, 0.50
0.08,0.06,0.00, 0.25
0.15,0.06,3.45, 0.00
0.33,0.05,8.92, 0.00
0.51,0.05,9.00, 0.00
0.51,0.05,9.00, 0.00
0.65,0.05,7.03, 0.00
0.78,0.05,6.51, 0.00
0.85,0.05,3.54, 0.00
0.85,0.05,3.54, 0.00
0.85,0.05,3.54, 0.00
0.85,0.05,3.54, 0.00
0.85,0.05,3.54, 0.00
0.85,0.05,3.54, 0.00
0.85,0.05,3.54, 0.00
0.78,0.05,0.00, 0.00
0.78,0.05,0.00, 0.00
0.69,0.05,0.00, 0.00
0.69,0.05,0.00, 0.00
0.69,0.05,0.00, 0.00
0.69,0.05,0.00, 0.00
0.69,0.05,0.00, 0.00
0.69,0.05,0.00, 0.00
0.69,0.05,0.00, 0.00
0.69,0.05,0.00, 0.00
0.65,0.05,0.00, 0.00
0.38,0.05,0.00, 0.50
0.49,0.09,5.42, 1.99
0.00,1.60,0.00, 74.73
0.15,2.08,7.39, 24.19
0.76,2.57,30.16, 24.75
1.27,3.03,25.57, 23.01
1.54,3.49,13.68, 23.25
1.72,3.96,9.07, 23.25
1.88,4.39,8.02, 21.51
2.17,4.89,14.40, 24.99
2.66,5.40,24.35, 25.50
3.25,5.90,29.42, 25.00
3.72,6.35,23.59, 22.26
4.32,6.72,29.91, 18.76
4.32,7.05,0.44, 16.26
4.32,7.32,0.01, 14.01
4.32,7.32,0.01, 14.01
4.32,7.57,0.00, 12.01
4.32,7.77,0.00, 10.26
4.32,7.89,0.00, 6.26
4.35,7.98,1.48, 4.01
4.35,7.98,1.48, 4.01
4.35,8.03,0.02, 3.00
4.32,8.02,0.00, 0.00
4.35,7.99,1.48, 0.00
4.35,7.99,1.48, 0.00
4.35,7.99,1.48, 0.00
4.35,7.99,1.48, 0.00
4.35,7.99,1.48, 0.00
4.35,7.99,1.48, 0.00
4.35,7.99,1.48, 0.00
4.35,7.99,1.48, 0.00
4.35,7.99,1.48, 0.00
4.35,7.89,0.02, 0.00
4.35,7.89,0.02, 0.00
4.35,7.89,0.02, 0.00
4.35,7.89,0.02, 0.00
4.35,7.89,0.02, 0.00
4.35,7.89,0.02, 0.00
4.35,7.89,0.02, 0.00
4.35,7.89,0.02, 0.00
4.35,7.89,0.02, 0.00
4.35,7.89,0.02, 0.00
4.35,7.89,0.02, 0.00
4.35,7.89,0.02, 0.00
4.35,7.89,0.02, 0.00
4.35,7.89,0.02, 0.00
4.35,7.89,0.02, 0.00
4.35,7.89,0.02, 0.00
4.35,7.89,0.02, 0.00
4.35,7.89,0.02, 0.00
4.35,7.89,0.02, 0.00
4.35,7.89,0.02, 0.00
4.35,7.89,0.02, 0.00
4.35,7.89,0.02, 0.00
4.35,7.89,0.02, 0.00
4.35,7.89,0.02, 0.00
4.35,7.77,0.00, 0.00
4.35,7.77,0.00, 0.00
4.35,7.68,0.00, 0.00
4.35,7.23,0.00, 0.00
4.35,7.05,0.00, 0.00
4.35,7.05,0.00, 0.00
4.35,7.05,0.00, 0.00
4.35,7.05,0.00, 0.00
4.35,7.05,0.00, 0.00
4.35,7.05,0.00, 0.00
4.35,7.05,0.00, 0.00
4.35,6.91,0.00, 0.00
4.35,6.91,0.00, 0.00
4.35,6.91,0.00, 0.00
4.35,6.91,0.00, 0.00
4.35,6.91,0.00, 0.00
4.35,6.91,0.00, 0.00
4.35,6.91,0.00, 0.00
4.35,6.91,0.00, 0.00
4.35,6.91,0.00, 0.00
4.35,6.91,0.00, 0.00
4.35,6.91,0.00, 0.00
4.35,6.91,0.00, 0.00
4.35,6.91,0.00, 0.00
4.35,6.91,0.00, 0.00
4.35,6.91,0.00, 0.00
4.35,6.91,0.00, 0.00
4.35,6.91,0.00, 0.00
4.35,6.82,0.00, 0.00
4.35,6.82,0.00, 0.00
4.35,6.82,0.00, 0.00
4.35,6.82,0.00, 0.00
4.35,6.82,0.00, 0.00
4.35,6.82,0.00, 0.00
4.35,6.82,0.00, 0.00
4.35,6.82,0.00, 0.00
4.35,6.82,0.00, 0.00
4.32,6.78,0.00, 0.00
4.32,6.78,0.00, 0.00
4.32,6.78,0.00, 0.00
4.32,6.78,0.00, 0.00
4.32,6.78,0.00, 0.00
4.32,6.78,0.00, 0.00
4.32,6.78,0.00, 0.00
4.32,6.78,0.00, 0.00
4.32,6.78,0.00, 0.00
4.32,6.78,0.00, 0.00
4.32,6.78,0.00, 0.00
4.32,6.78,0.00, 0.00
4.32,6.78,0.00, 0.00
4.32,6.78,0.00, 0.00
4.32,6.78,0.00, 0.00
4.32,6.78,0.00, 0.00
4.32,6.78,0.00, 0.00
4.32,6.78,0.00, 0.00
4.32,6.78,0.00, 0.00
4.32,6.13,0.00, 0.00
4.32,5.03,0.00, 0.00
4.32,4.27,0.00, 0.00
4.32,4.27,0.00, 0.00
4.32,4.27,0.00, 0.00
4.32,4.27,0.00, 0.00
4.32,4.27,0.00, 0.00
4.32,4.27,0.00, 0.00
4.32,4.27,0.00, 0.00
4.32,4.27,0.00, 0.00
4.32,4.27,0.00, 0.00
4.32,4.27,0.00, 0.00
4.32,4.27,0.00, 0.00
4.32,4.27,0.00, 0.00
4.32,4.27,0.00, 0.00
4.32,4.27,0.00, 0.00
4.32,3.56,0.00, 0.00
4.32,3.56,0.00, 0.00
4.35,3.55,1.48, 0.00
4.35,3.55,1.48, 0.00
4.35,3.55,1.48, 0.00
4.35,3.55,1.48, 0.00
4.35,3.55,1.48, 0.00
4.35,3.55,1.48, 0.00
4.35,3.55,1.48, 0.00
4.32,3.54,0.00, 0.00
4.35,3.49,1.48, 0.00
4.32,3.48,0.00, 0.00
4.32,3.17,0.00, 0.00
4.32,3.07,0.00, 0.00
4.32,2.93,0.00, 0.00
4.32,2.83,0.00, 0.00
4.32,2.75,0.00, 0.00
4.32,2.62,0.00, 0.00
3.52,2.50,0.00, 0.00
0.00,2.33,0.00, 0.00
0.00,2.14,0.00, 0.00
2.06,1.88,101.48, 0.00
2.06,1.88,101.48, 0.00
2.06,1.88,101.48, 0.00
2.06,1.88,101.48, 0.00
2.06,1.88,101.48, 0.00
2.06,1.88,101.48, 0.00
2.06,1.88,101.48, 0.00
3.47,1.66,70.96, 0.00
3.34,1.41,0.00, 0.00
2.39,1.16,0.00, 0.00
0.71,0.12,0.00, 0.00
1.45,0.07,36.46, 0.00
1.92,0.06,23.69, 0.00
1.59,0.05,0.00, 0.00
1.59,0.05,0.00, 0.00
1.56,0.05,0.00, 0.00
1.45,0.05,0.00, 0.50
1.34,0.06,0.00, 0.25
1.12,0.06,0.00, 0.00
1.12,0.06,0.00, 0.00
1.12,0.06,0.00, 0.00
0.65,0.06,0.00, 0.00
0.65,0.06,0.00, 0.00
0.00,0.06,0.00, 0.00
0.00,0.06,0.00, 0.00
0.00,0.05,0.00, 0.00
0.00,0.05,0.00, 0.00
0.00,0.05,0.00, 0.00
0.00,0.05,0.00, 0