4.06,0.00,0.00, 0.00
0.02,0.05,0.00, 2.24
0.00,0.06,0.00, 0.76
0.00,0.06,0.00, 0.00
0.02,0.06,0.99, 0.00
0.02,0.06,0.01, 0.00
0.02,0.06,0.00, 0.00
0.05,0.06,1.48, 0.00
0.02,0.06,0.00, 0.00
0.02,0.05,0.00, 0.00
0.00,0.05,0.00, 0.00
0.00,0.06,0.00, 0.75
0.02,0.06,0.99, 0.00
0.00,0.05,0.00, 0.00
0.02,0.05,0.99, 0.00
0.02,0.05,0.01, 0.00
0.00,0.05,0.00, 0.00
0.00,0.05,0.00, 0.00
0.00,0.05,0.00, 0.00
0.00,0.05,0.00, 0.00
0.00,0.05,0.00, 0.00
0.05,0.06,2.46, 0.75
0.02,0.05,0.00, 0.00
0.00,0.05,0.00, 0.50
0.00,0.05,0.00, 0.00
0.00,0.05,0.00, 0.00
0.00,0.05,0.00, 0.50
0.00,0.06,0.00, 0.25
0.02,0.05,0.99, 0.00
0.02,0.05,0.01, 0.00
0.02,0.05,0.00, 0.00
0.02,0.05,0.00, 0.50
0.02,0.05,0.00, 0.00
0.02,0.06,0.00, 0.75
0.00,0.06,0.00, 0.00
0.00,0.05,0.00, 0.00
0.02,0.05,0.99, 0.50
0.07,0.06,2.48, 0.25
0.02,0.04,0.00, 0.00
0.00,0.06,0.00, 1.25
0.00,0.06,0.00, 0.00
0.02,0.06,0.99, 0.00
0.00,0.05,0.00, 0.00
0.00,0.05,0.00, 0.00
0.00,0.05,0.00, 0.00
0.00,0.05,0.00, 0.50
0.00,0.05,0.00, 0.00
0.00,0.05,0.00, 0.00
0.00,0.05,0.00, 0.50
0.00,0.05,0.00, 0.00
0.05,0.05,2.46, 0.00
0.02,0.05,0.00, 0.50
0.07,0.05,2.46, 0.00
0.00,0.05,0.00, 0.00
0.02,0.05,0.99, 0.00
0.07,0.05,2.48, 0.50
0.00,0.06,0.00, 0.25
0.00,0.06,0.00, 0.00
0.00,0.05,0.00, 0.00
0.00,0.05,0.00, 0.50
0.00,0.05,0.00, 0.00
0.00,0.05,0.00, 0.50
0.00,0.05,0.00, 0.00
0.02,0.05,0.99, 0.50
0.02,0.06,0.01, 0.25
0.05,0.05,1.48, 0.00
0.02,0.05,0.00, 0.50
0.02,0.06,0.00, 0.25
0.00,0.05,0.00, 0.00
0.02,0.05,0.99, 0.50
0.07,0.06,2.48, 0.25
0.07,0.06,0.04, 0.00
0.05,0.06,0.00, 0.00
0.02,0.05,0.00, 0.00
0.14,0.05,5.91, 0.50
0.11,0.05,0.00, 0.00
0.18,0.06,3.45, 0.25
0.14,0.05,0.00, 0.00
0.00,0.05,0.00, 0.50
0.00,0.06,0.00, 0.25
0.11,0.05,5.42, 0.00
0.00,0.05,0.00, 0.00
0.14,0.06,6.90, 0.75
0.14,0.05,0.10, 0.00
0.16,0.05,0.99, 0.50
0.16,0.05,0.99, 0.50
0.16,0.05,0.99, 0.50
0.16,0.05,0.99, 0.50
0.16,0.05,0.99, 0.50
0.14,0.05,0.00, 0.00
0.09,0.05,0.00, 0.00
0.09,0.05,0.00, 0.00
0.09,0.05,0.00, 0.00
0.09,0.05,0.00, 0.00
0.09,0.05,0.00, 0.00
0.09,0.05,0.00, 0.00
0.07,0.05,0.00, 0.00
0.07,0.05,0.00, 0.00
0.05,0.06,0.00, 0.75
0.11,0.05,2.96, 0.00
0.00,0.08,0.00, 1.74
0.00,0.08,0.00, 1.74
0.00,0.11,0.00, 1.75
0.00,0.11,0.00, 1.75
0.00,0.11,0.00, 1.75
0.00,0.11,0.00, 1.75
0.00,0.11,0.00, 1.75
0.00,0.11,0.00, 1.75
0.00,0.11,0.00, 1.75
0.00,0.11,0.00, 1.75
0.00,0.11,0.00, 1.75
0.00,0.11,0.00, 1.75
0.00,0.11,0.00, 1.75
0.00,0.11,0.00, 1.75
0.00,0.16,0.00, 2.25
0.00,0.25,0.00, 4.74
0.00,0.25,0.00, 4.74
0.00,0.25,0.00, 4.74
0.00,0.25,0.00, 4.74
0.00,0.25,0.00, 4.74
0.00,0.25,0.00, 4.74
0.00,0.25,0.00, 4.74
0.00,0.25,0.00, 4.74
0.00,0.35,0.00, 4.75
0.00,0.35,0.00, 4.75
0.00,0.35,0.00, 4.75
0.00,0.35,0.00, 4.75
0.00,0.35,0.00, 4.75
0.00,0.35,0.00, 4.75
0.00,0.35,0.00, 4.75
0.00,0.35,0.00, 4.75
0.00,0.35,0.00, 4.75
0.00,0.35,0.00, 4.75
0.00,0.35,0.00, 4.75
0.00,0.35,0.00, 4.75
0.00,0.35,0.00, 4.75
0.00,0.35,0.00, 4.75
0.00,0.35,0.00, 4.75
0.00,0.35,0.00, 4.75
0.00,0.35,0.00, 4.75
0.00,0.35,0.00, 4.75
0.00,0.35,0.00, 4.75
0.00,0.35,0.00, 4.75
0.00,6.30,0.00, 296.43
0.00,6.95,0.00, 33.72
1.93,9.81,95.08, 142.35
1.93,9.81,95.08, 142.35
1.93,9.81,95.08, 142.35
1.93,9.81,95.08, 142.35
1.93,9.81,95.08, 142.35
1.93,9.81,95.08, 142.35
1.93,9.81,95.08, 142.35
1.93,9.81,95.08, 142.35
1.93,9.81,95.08, 142.35
1.93,9.81,95.08, 142.35
1.93,9.81,95.08, 142.35
1.93,9.81,95.08, 142.35
1.93,9.81,95.08, 142.35
1.93,9.81,95.08, 142.35
1.93,9.81,95.08, 142.35
1.93,9.81,95.08, 142.35
1.93,9.81,95.08, 142.35
1.93,9.81,95.08, 142.35
1.93,9.81,95.08, 142.35
3.05,9.81,56.57, 0.52
3.05,9.81,56.57, 0.52
3.05,9.81,0.83, 0.00
3.05,9.81,0.01, 0.00
3.05,9.81,0.00, 0.00
3.05,9.81,0.00, 0.00
3.05,9.81,0.00, 0.00
3.05,9.81,0.00, 0.00
3.05,9.81,0.00, 0.00
3.05,9.81,0.00, 0.00
3.05,9.81,0.00, 0.00
3.05,9.81,0.00, 0.00
3.05,9.81,0.00, 0.00
3.05,9.81,0.00, 0.00
3.05,9.81,0.00, 0.00
3.05,9.81,0.00, 0.00
3.05,9.81,0.00, 0.00
3.05,9.81,0.00, 0.00
3.05,9.81,0.00, 0.00
3.05,9.81,0.00, 0.00
3.05,9.81,0.00, 0.00
3.05,9.81,0.00, 0.00
3.05,9.81,0.00, 0.00
3.05,9.81,0.00, 0.00
3.05,9.81,0.00, 0.00
3.05,9.81,0.00, 0.00
3.05,9.81,0.00, 0.00
3.05,9.81,0.00, 0.00
3.05,9.81,0.00, 0.00
3.05,9.81,0.00, 0.00
3.05,9.81,0.00, 0.00
3.05,9.81,0.00, 0.00
3.05,9.81,0.00, 0.00
3.05,9.81,0.00, 0.00
3.05,9.81,0.00, 0.00
3.05,9.81,0.00, 0.00
3.05,9.81,0.00, 0.00
3.05,9.81,0.00, 0.00
3.05,9.81,0.00, 0.00
3.05,9.81,0.00, 0.00
3.05,9.81,0.00, 0.00
3.05,9.81,0.00, 0.00
3.07,9.81,0.99, 0.00
3.07,9.81,0.99, 0.00
3.07,9.81,0.99, 0.00
3.07,9.81,0.99, 0.00
3.07,9.81,0.99, 0.00
3.07,9.81,0.99, 0.00
3.07,9.81,0.99, 0.00
3.07,9.81,0.99, 0.00
3.05,9.81,0.00, 0.00
3.05,9.81,0.00, 0.00
3.05,9.81,0.00, 0.00
3.05,9.81,0.00, 0.00
3.05,9.81,0.00, 0.00
3.05,9.81,0.00, 0.00
3.05,9.81,0.00, 0.00
3.05,9.81,0.00, 0.00
3.05,9.81,0.00, 0.00
3.05,9.81,0.00, 0.00
3.05,9.81,0.00, 0.00
3.05,9.81,0.00, 0.00
3.05,9.81,0.00, 0.00
3.05,9.81,0.00, 0.00
3.05,9.81,0.00, 0.00
3.05,9.81,0.00, 0.00
3.05,9.81,0.00, 0.00
3.05,9.81,0.00, 0.00
3.05,9.81,0.00, 0.00
3.05,9.81,0.00, 0.00
3.05,9.81,0.00, 0.00
3.05,9.81,0.00, 0.00
3.05,9.81,0.00, 0.00
3.05,9.81,0.00, 0.00
3.05,9.81,0.00, 0.00
3.07,9.81,0.99, 0.00
3.07,9.81,0.99, 0.00
3.07,9.81,0.99, 0.00
3.07,9.81,0.99, 0.00
3.07,9.81,0.99, 0.00
3.07,9.81,0.99, 0.00
3.07,9.81,0.99, 0.00
3.07,9.81,0.99, 0.00
3.07,9.81,0.99, 0.00
3.07,9.81,0.99, 0.00
3.07,9.81,0.99, 0.00
3.07,9.81,0.99, 0.00
3.07,9.81,0.99, 0.00
3.07,9.81,0.99, 0.00
3.07,9.81,0.99, 0.00
3.07,9.81,0.99, 0.00
3.07,9.81,0.99, 0.00
3.07,9.81,0.99, 0.00
3.07,9.81,0.99, 0.00
3.07,9.81,0.99, 0.00
3.07,9.81,0.99, 0.00
3.07,9.81,0.99, 0.00
3.07,9.81,0.99, 0.00
3.07,9.81,0.99, 0.00
3.07,9.81,0.99, 0.00
3.07,7.47,0.01, 0.00
3.07,7.47,0.01, 0.00
3.07,6.97,0.00, 0.00
0.05,2.11,0.00, 0.00
0.31,0.06,12.81, 0.00
0.31,0.06,12.81, 0.00
0.31,0.06,12.81, 0.00
0.31,0.06,12.81, 0.00
0.31,0.06,12.81, 0.00
0.31,0.06,12.81, 0.00
0.31,0.06,12.81, 0.00
0.45,0.06,7.09, 0.00
0.45,0.06,7.09, 0.00
0.45,0.06,7.09, 0.00
0.45,0.06,7.09, 0.00
0.45,0.06,7.09, 0.00
0.45,0.06,7.09, 0.00
0.45,0.06,7.09, 0.00
0.45,0.06,7.09, 0.00
0.45,0.06,7.09, 0.00
0.38,0.06,0.00, 0.00
0.38,0.06,0.00, 0.00
0.36,0.06,0.00, 0.00
0.00,0.05,0.00, 0.00
0.00,0.05,0.00, 0.00
0.00,0.05,0.00, 0.00
0.00,0.05,0.00, 0.00
0.00,0.05,0.00, 0.00
0.00,0.05,0.00, 0.00
0.00,0.05,0.00, 0.00
0.00,0.05,0.00, 0.00
0.00,0.05,0.00, 0.00
0.00,0.05,0.00, 0.00
0.00,0.05,0.00, 0.00
0.00,0.05,0.00, 0.00
0.00,0.05,0.00, 0.00
0.00,0.05,0.00, 0.00
0.00,0.05,0.00, 0.00
0.00,0.05,0.00, 0.00
0.00,0.05,0.00, 0.00
0.00,0.05,0.00, 0.00
0.00,0.05,0.00, 0.00
0.07,0.05,3.45, 0.50
0.07,0.05,3.45, 0.50
0.07,0.05,3.45, 0.50
0.07,0.05,3.45, 0.50
0.07,0.05,3.45, 0.50
0.07,0.05,3.45, 0.50
0.07,0.05,3.45, 0.50
0.07,0.05,3.45, 0.50
0.07,0.05,3.45, 0.50
0.07,0.05,3.45, 0.50
0.07,0.05,3.45, 0.50
0.07,0.05,3.45, 0.50
0.07,0.05,3.45, 0.50
0.07,0.05,3.45, 0.50
0.07,0.05,3.45, 0.50
0.07,0.05,3.45, 0.50
0.07,0.05,3.45, 0.50
0.07,0.05,3.45, 0.50
0.07,0.05,3.45, 0.50
0.07,0.05,3.45, 0.50
0.07,0.05,3.45, 0.50
0.07,0.05,3.45, 0.50
0.07,0.05,3.45, 0.50
0.07,0.05,3.45, 0.50
0.07,0.05,3.45, 0.50
0.07,0.05,3.45, 0.50
0.07,0.05,3.45, 0.50
0.07,0.05,3.45, 0.50
0.07,0.05,3.45, 0.50
0.07,0.05,3.45, 0.50
0.07,0.05,3.45, 0.50
0.07,0.05,3.45, 0.50
0.07,0.05,3.45, 0.50
0.07,0.05,3.45, 0.50
0.07,0.05,3.45, 0.50
0.07,0.05,3.45, 0.50
0.07,0.05,3.45, 0.50
0.07,0.05,3.45, 0.50
0.07,0.05,3.45, 0.50
0.07,0.05,3.45, 0.50
0.07,0.05,3.45, 0.50
0.07,0.05,3.45, 0.50
0.07,0.05,3.45, 0.50
0.07,0.05,3.45, 0.50
0.07,0.05,3.45, 0.50
0.07,0.05,3.45, 0.50
0.07,0.05,3.45, 0.50
0.07,0.05,3.45, 0.50
0.07,0.05,3.45, 0.50
0.07,0.05,3.45, 0.50
0.00,0.06,0.00, 0.25
0.00,0.06,0.00, 0.25
0.00,0.06,0.00, 0.25
0.00,0.06,0.00, 0.25
0.00,0.06,0.00, 0.25
0.00,0.06,0.00, 0.25
0.00,0.06,0.00, 0.25
0.00,0.06,0.00, 0.25
0.00,0.06,0.00, 0.25
0.00,0.06,0.00, 0.25
0.00,0.06,0.00, 0.25
0.00,0.06,0.00, 0.25
0.00,0.06,0.00, 0.25
0.00,0.06,0.00, 0.25
0.00,0.06,0.00, 0.25
0.00,0.06,0.00, 0.25
0.00,0.06,0.00, 0.25
0.00,0.06,0.00, 0.25
0.00,0.06,0.00, 0.25
0.00,0.06,0.00, 0.25
0.00,0.06,0.00, 0.25
0.00,0.06,0.00, 0.25
0.00,0.06,0.00, 0.25
0.00,0.06,0.00, 0.25
0.00,0.06,0.00, 0.25
0.00,0.06,0.00, 0.25
0.00,0.06,0.00, 0.25
0.00,0.06,0.00, 0.25
0.00,0.06,0.00, 0.25
0.00,0.06,0.00, 0.25
0.00,0.06,0.00, 0.25
0.00,0.06,0.00, 0.25
0.00,0.06,0.00, 0.25
0.00,0.06,0.00, 0.25
0.00,0.06,0.00, 0.25
0.00,0.06,0.00, 0.25
0.00,0.06,0.00, 0.25
0.00,0.06,0.00, 0.25
0.00,0.06,0.00, 0.25
0.00,0.06,0.00, 0.25
0.00,0.06,0.00, 0.25
0.00,0.06,0.00, 0.25
0.00,0.06,0.00, 0.25
0.00,0.06,0.00, 0.25
0.00,0.06,0.00, 0.25
0.00,0.06,0.00, 0.25
0.00,0.06,0.00, 0.25
0.00,0.06,0.00, 0.25
0.00,0.06,0.00, 0.25
0.00,0.06,0.00, 0.25
0.00,0.06,0.00, 0.25
0.00,0.06,0.00, 0.25
0.00,0.06,0.00, 0.25
0.00,0.06,0.00, 0.25
0.00,0.06,0.00, 0.25
0.00,0.06,0.00, 0.25
0.00,0.06,0.00, 0.25
0.00,0.06,0.00, 0.25
0.00,0.06,0.00, 0.25
0.00,0.06,0.00, 0.25
0.00,0.06,0.00, 0.25
0.00,0.06,0.00, 0.25
0.00,0.06,0.00, 0.25
0.00,0.06,0.00, 0.25
0.00,0.06,0.00, 0.25
0.00,0.06,0.00, 0.25
0.00,0.06,0.00, 0.25
0.00,0.06,0.00, 0.25
0.00,0.06,0.00, 0.25
0.00,0.06,0.00, 0.25
0.00,0.06,0.00, 0.25
0.00,0.05,0.00, 0.00
0.00,0.05,0.00, 0.00
3.07,9.81,151.24, 486.46
3.07,3.66,2.22, 0.00
3.07,3.66,2.22, 0.00
3.07,3.66,2.22, 0.00
3.07,3.66,2.22, 0.00
3.07,3.66,2.22, 0.00
3.07,3.66,2.22, 0.00
3.07,3.66,2.22, 0.00
3.07,3.66,2.22, 0.00
3.07,3.66,2.22, 0.00
3.07,3.66,2.22, 0.00
3.07,3.66,2.22, 0.00
3.07,3.66,2.22, 0.00
3.07,3.66,2.22, 0.00
3.07,3.66,2.22, 0.00
3.07,3.66,2.22, 0.00
3.07,3.66,2.22, 0.00
3.07,3.66,2.22, 0.00
3.07,3.66,2.22, 0.00
3.07,3.66,2.22, 0.00
3.07,3.66,2.22, 0.00
3.05,3.60,0.00, 0.00
3.05,3.60,0.00, 0.00
3.07,3.50,0.99, 0.00
3.07,3.50,0.99, 0.00
3.05,3.41,0.00, 0.00
0.36,0.64,0.00, 0.00
0.36,0.64,0.00, 0.00
0.36,0.64,0.00, 0.00
0.36,0.64,0.00, 0.00
0.36,0.64,0.00, 0.00
0.36,0.64,0.00, 0.00
0.36,0.64,0.00, 0.00
0.36,0.64,0.00, 0.00
0.36,0.64,0.00, 0.00
0.36,0.64,0.00, 0.00
0.36,0.64,0.00, 0.00
0.36,0.64,0.00, 0.00
0.36,0.64,0.00, 0.00
0.27,0.37,0.00, 0.00
0.27,0.37,0.00, 0.00
0.92,0.07,32.02, 0.00
0.92,0.07,32.02, 0.00
0.92,0.07,32.02, 0.00
0.92,0.07,32.02, 0.00
0.92,0.07,32.02, 0.00
0.92,0.07,32.02, 0.00
0.92,0.07,32.02, 0.00
1.48,0.06,28.06, 0.00
1.48,0.06,28.06, 0.00
0.00,0.05,0.00, 0.00
0.00,0.05,0.00, 0.00
0.00,0.05,0.00, 0.00
0.00,0.05,0.00, 0.00
0.00,0.05,0.00, 0.00
0.00,0.05,0.00, 0.00
0.00,0.05,0.00, 0.00
0.00,0.05,0.00, 0.00
0.00,0.05,0.00, 0.00
0.00,0.05,0.00, 0.00
0.63,0.06,31.04, 0.75
0.63,0.06,31.04, 0.75
0.67,0.05,2.43, 0.00
0.72,0.05,2.50, 0.00
0.14,0.05,0.00, 0.00
0.14,0.05,0.00, 0.00
0.14,0.05,0.00, 0.00
0.14,0.05,0.00, 0.00
0.14,0.05,0.00, 0.00
0.14,0.05,0.00, 0.00
0.14,0.05,0.00, 0.00
0.00,0.05,0.00, 0.00
0.00,0.05,0.00, 0.00
0.00,0.05,0.00, 0.00
0.00,0.05,0.00, 0.00
0.00,0.05,0.00, 0.00
0.00,0.05,0.00, 0.00
0.00,0.05,0.00, 0.00
0.00,0.05,0.00, 0.00
0.00,0.05,0.00, 0.00
0.00,0.05,0.00, 0.00
0.00,0.05,0.00, 0.00
0.00,0.05,0.00, 0.00
0.00,0.05,0.00, 0.00
0.00,0.05,0.00, 0.00
0.00,0.05,0.00, 0.50
0.00,0.05,0.00, 0.50
0.00,0.05,0.00, 0.50
0.00,0.05,0.00, 0.50
0.00,0.05,0.00, 0.50
0.00,0.05,0.00, 0.50
0.00,0.05,0.00, 0.50
0.00,0.05,0.00, 0.50
0.00,0.05,0.00, 0.50
0.00,0.05,0.00, 0.50
0.00,0.05,0.00, 0.50
0.00,0.05,0.00, 0.50
0.00,0.05,0.00, 0.50
0.00,0.05,0.00, 0.50
0.00,0.06,0.00, 0.25
0.20,0.06,9.85, 0.00
0.14,0.05,0.00, 0.00
0.14,0.05,0.00, 0.00
0.14,0.05,0.00, 0.00
0.14,0.05,0.00, 0.00
0.14,0.05,0.00, 0.00
0.14,0.05,0.00, 0.00
0.14,0.05,0.00, 0.00
0.18,0.05,1.97, 0.00
0.18,0.05,1.97, 0.00
0.18,0.05,1.97, 0.00
0.18,0.05,1.97, 0.00
0.18,0.05,1.97, 0.00
0.18,0.05,1.97, 0.00
0.18,0.05,1.97, 0.00
0.18,0.07,0.03, 1.25
0.18,0.07,0.03, 1.25
0.18,0.07,0.03, 1.25
0.18,0.07,0.03, 1.25
0.18,0.07,0.03, 1.25
0.18,0.07,0.03, 1.25
0.18,0.07,0.03, 1.25
0.18,0.07,0.03, 1.25
0.18,0.07,0.03, 1.25
0.16,0.28,0.00, 10.47
0.16,0.28,0.00, 10.47
0.16,0.28,0.00, 10.47
0.16,0.28,0.00, 10.47
0.16,0.28,0.00, 10.47
0.16,0.28,0.00, 10.47
0.16,0.28,0.00, 10.47
0.16,0.28,0.00, 10.47
0.16,0.28,0.00, 10.47
0.16,0.28,0.00, 10.47
0.16,0.28,0.00, 10.47
0.16,0.28,0.00, 10.47
0.16,0.28,0.00, 10.47
0.16,0.28,0.00, 10.47
0.20,2.89,1.97, 130.06
0.20,2.89,1.97, 130.06
0.20,2.89,1.97, 130.06
0.20,2.89,1.97, 130.06
0.20,2.89,1.97, 130.06
0.20,2.89,1.97, 130.06
0.20,2.89,1.97, 130.06
0.20,2.89,1.97, 130.06
0.20,2.89,1.97, 130.06
0.20,2.89,1.97, 130.06
0.20,2.89,1.97, 130.06
0.20,2.89,1.97, 130.06
0.20,2.89,1.97, 130.06
0.20,2.89,1.97, 130.06
0.20,2.89,1.97, 130.06
0.20,2.89,1.97, 130.06
0.20,2.89,1.97, 130.06
0.20,2.89,1.97, 130.06
0.20,2.89,1.97, 130.06
0.20,2.89,1.97, 130.06
0.20,2.89,1.97, 130.06
2.22,6.97,99.54, 203.98
3.05,9.81,42.35, 141.98
3.05,9.81,42.35, 141.98
3.05,9.81,42.35, 141.98
3.05,9.81,42.35, 141.98
3.05,9.81,42.35, 141.98
3.07,9.81,1.61, 0.52
3.07,9.81,1.61, 0.52
3.07,9.81,1.61, 0.52
3.05,9.81,0.00, 0.00
3.05,9.81,0.00, 0.00
3.07,8.83,0.99, 0.00
3.07,8.67,0.01, 0.00
3.05,8.50,0.00, 0.00
3.05,8.35,0.00, 0.00
3.05,8.35,0.00, 0.00
3.05,8.19,0.00, 0.00
3.05,8.19,0.00, 0.00
3.05,8.19,0.00, 0.00
3.05,8.19,0.00, 0.00
3.05,8.19,0.00, 0.00
3.05,8.19,0.00, 0.00
3.05,8.19,0.00, 0.00
3.05,8.19,0.00, 0.00
3.05,8.19,0.00, 0.00
3.05,8.19,0.00, 0.00
3.05,8.19,0.00, 0.00
3.05,8.19,0.00, 0.00
3.05,8.19,0.00, 0.00
3.05,8.19,0.00, 0.00
3.05,8.19,0.00, 0.00
3.05,8.19,0.00, 0.00
3.05,8.19,0.00, 0.00
3.05,8.19,0.00, 0.00
3.05,8.19,0.00, 0.00
3.05,8.19,0.00, 0.00
3.07,7.99,0.99, 0.00
3.07,7.99,0.99, 0.00
3.07,7.99,0.99, 0.00
3.07,7.99,0.99, 0.00
3.07,7.99,0.99, 0.00
3.07,7.99,0.99, 0.00
3.07,7.99,0.99, 0.00
3.07,7.99,0.99, 0.00
3.07,7.99,0.99, 0.00
3.07,7.99,0.99, 0.00
3.07,7.99,0.99, 0.00
3.07,7.99,0.99, 0.00
3.07,7.99,0.99, 0.00
3.07,7.99,0.99, 0.00
3.07,7.99,0.99, 0.00
3.07,7.99,0.99, 0.00
3.07,7.99,0.99, 0.00
3.07,7.99,0.99, 0.00
3.07,7.99,0.99, 0.00
3.07,7.99,0.99, 0.00
3.07,7.99,0.99, 0.00
3.07,7.99,0.99, 0.00
3.07,7.99,0.99, 0.00
3.07,7.99,0.99, 0.00
3.07,7.99,0.99, 0.00
3.07,7.99,0.99, 0.00
3.07,7.99,0.99, 0.00
3.07,7.99,0.99, 0.00
3.07,7.99,0.99, 0.00
3.07,7.99,0.99, 0.00
3.07,7.99,0.99, 0.00
3.07,7.99,0.99, 0.00
3.07,7.99,0.99, 0.00
3.05,7.74,0.00, 0.00
3.05,7.74,0.00, 0.00
3.05,7.49,0.00, 0.00
3.05,7.49,0.00, 0.00
3.05,7.49,0.00, 0.00
3.05,7.49,0.00, 0.00
3.05,7.49,0.00, 0.00
3.05,7.49,0.00, 0.00
3.05,7.49,0.00, 0.00
3.05,7.49,0.00, 0.00
3.05,7.49,0.00, 0.00
3.05,7.49,0.00, 0.00
3.05,7.49,0.00, 0.00
3.05,7.49,0.00, 0.00
3.05,7.49,0.00, 0.00
3.05,7.49,0.00, 0.00
3.05,7.49,0.00, 0.00
3.05,7.49,0.00, 0.00
3.05,7.49,0.00, 0.00
3.05,7.49,0.00, 0.00
3.05,7.49,0.00, 0.00
3.05,7.49,0.00, 0.00
3.05,7.49,0.00, 0.00
3.05,7.49,0.00, 0.00
3.05,7.49,0.00, 0.00
3.05,7.49,0.00, 0.00
3.05,7.49,0.00, 0.00
3.05,7.49,0.00, 0.00
3.05,7.49,0.00, 0.00
3.05,7.49,0.00, 0.00
3.05,4.99,0.00, 0.00
0.83,3.13,0.00, 0.00
3.01,3.05,107.40, 0.00
3.01,3.05,107.40, 0.00
0.34,0.05,0.00, 0.00
0.00,0.04,0.00, 0.00
0.00,0.05,0.00, 0.50
0.00,0.05,0.00, 0.50
0.00,0.05,0.00, 0.50
0.00,0.05,0.00, 0.50
0.00,0.05,0.00, 0.50
0.00,0.05,0.00, 0.00
0.00,0.05,0.00, 0.00
0.00,0.05,0.00, 0.00
0.00,0.05,0.00, 0.00
0.00,0.05,0.00, 0.00
0.00,0.05,0.00, 0.00
0.00,0.05,0.00, 0.00
0.00,0.05,0.00, 0.00
0.00,0.05,0.00, 0.50
0.00,0.05,0.00, 0.50
0.00,0.05,0.00, 0.50
0.00,0.05,0.00, 0.50
0.00,0.05,0.00, 0.50
0.00,0.05,0.00, 0.50
0.00,0.05,0.00, 0.50
0.00,0.05,0.00, 0.50
0.00,0.05,0.00, 0.50
0.00,0.05,0.00, 0.50
0.00,0.05,0.00, 0.50
0.00,0.05,0.00, 0.50
0.00,0.05,0.00, 0.50
0.00,0.05,0.00, 0.50
0.00,0.05,0.00, 0.50
0.25,0.06,12.32, 0.25
0.00,0.05,0.00, 0.00
0.00,0.05,0.00, 0.00
0.00,0.05,0.00, 0.00
0.00,0.05,0.00, 0.00
0.00,0.05,0.00, 0.00
0.00,0.05,0.00, 0.00
0.00,0.05,0.00, 0.00
0.00,0.05,0.00, 0.00
0.00,0.05,0.00, 0.00
0.00,0.05,0.00, 0.00
0.00,0.05,0.00, 0.00
0.00,0.05,0.00, 0.00
0.00,0.05,0.00, 0.00
0.00,0.05,0.00, 0.00
0.00,0.05,0.00, 0.00
0.00,0.05,0.00, 0.00
0.00,0.05,0.00, 0.00
0.00,0.05,0.00, 0.00
0.00,0.05,0.00, 0.00
0.00,0.05,0.00, 0.00
0.00,0.05,0.00, 0.00
0.00,0.05,0.00, 0.00
0.00,0.05,0.00, 0.00
0.00,0.05,0.00, 0.00
0.00,0.05,0.00, 0.00
0.00,0.05,0.00, 0.00
0.00,0.05,0.00, 0.00
0.00,0.05,0.00, 0.00
0.00,0.05,0.00, 0.00
0.00,0.05,0.00, 0.00
0.00,0.05,0.00, 0.00
0.00,0.05,0.00, 0.00
0.00,0.05,0.00, 0.00
0.00,0.05,0.00, 0.00
0.00,0.05,0.00, 0.00
0.00,0.05,0.00, 0.00
0.00,0.05,0.00, 0.00
0.00,0.05,0.00, 0.00
0.00,0.05,0.00, 0.00
0.00,0.05,0.00, 0.00
0.00,0.05,0.00, 0.00
0.00,0.05,0.00, 0.00
0.00,0.05,0.00, 0.00
0.00,0.05,0.00, 0.00
0.00,0.05,0.00, 0.00
0.00,0.05,0.00, 0.00
0.00,0.05,0.00, 0.00
0.00,0.05,0.00, 0.00
0.00,0.05,0.00, 0.00
0.00,0.05,0.00, 0.00
0.00,0.05,0.00, 0.00
0.00,0.05,0.00, 0.00
0.00,0.05,0.00, 0.00
0.00,0.05,0.00, 0.00
0.00,0.05,0.00, 0.00
0.00,0.05,0.00, 0.00
0.00,0.05,0.00, 0.00
0.00,0.05,0.00, 0.00
0.00,0.05,0.00, 0.00
0.00,0.05,0.00, 0.00
0.00,0.05,0.00, 0.00
0.00,0.05,0.00, 0.00
0.00,0.05,0.00, 0.00
0.00,0.05,0.00, 0.00
0.00,0.05,0.00, 0.00
0.00,0.05,0.00, 0.00
0.00,0.05,0.00, 0.00
0.00,0.05,0.00, 0.00
0.00,0.05,0.00, 0.00
0.00,0.05,0.00, 0.00
0.00,0.05,0.00, 0.00
0.00,0.05,0.00, 0.00
0.00,0.05,0.00, 0.00
0.00,0.05,0.00, 0.00
0.00,0.05,0.00, 0.00
0.00,0.05,0.00, 0.00
0.00,0.05,0.00, 0.00
0.00,0.06,0.00, 0.75
0.00,0.06,0.00, 0.75
0.00,0.06,0.00, 0.75
0.00,0.06,0.00, 0.75
0.00,0.06,0.00, 0.75
0.00,0.06,0.00, 0.75
0.00,0.06,0.00, 0.75
0.00,0.06,0.00, 0.75
0.00,0.06,0.00, 0.75
0.00,0.06,0.00, 0.75
0.00,0.06,0.00, 0.75
0.00,0.06,0.00, 0.75
0.00,0.06,0.00, 0.75
0.00,0.06,0.00, 0.75
0.00,0.06,0.00, 0.00
0.00,0.06,0.00, 0.00
0.00,0.05,0.00, 0.00
3.05,6.78,150.26, 335.77
3.07,8.20,3.20, 71.97
3.07,8.23,0.05, 1.51
3.05,8.20,0.00, 0.00
3.05,8.20,0.00, 0.00
3.05,8.20,0.00, 0.00
3.05,8.20,0.00, 0.00
3.05,8.20,0.00, 0.00
3.05,8.20,0.00, 0.00
3.05,8.20,0.00, 0.00
3.05,8.20,0.00, 0.00
3.05,8.20,0.00, 0.00
3.05,8.20,0.00, 0.00
3.05,8.20,0.00, 0.00
3.05,8.20,0.00, 0.00
3.05,8.20,0.00, 0.00
3.05,8.20,0.00, 0.00
3.05,8.20,0.00, 0.00
3.05,8.22,0.00, 0.50
3.05,8.17,0.00, 0.00
3.05,8.17,0.00, 0.00
3.05,8.17,0.00, 0.00
3.05,8.17,0.00, 0.00
3.05,8.17,0.00, 0.00
3.05,8.17,0.00, 0.00
3.05,8.17,0.00, 0.00
3.05,8.17,0.00, 0.00
3.05,8.17,0.00, 0.00
3.05,8.17,0.00, 0.00
3.05,8.17,0.00, 0.00
3.05,8.17,0.00, 0.00
3.05,8.17,0.00, 0.00
3.05,8.17,0.00, 0.00
3.05,8.17,0.00, 0.00
3.05,8.17,0.00, 0.00
3.05,8.17,0.00, 0.00
3.05,8.17,0.00, 0.00
3.05,8.17,0.00, 0.00
3.05,8.17,0.00, 0.00
3.05,8.17,0.00, 0.00
3.05,8.17,0.00, 0.00
3.05,8.17,0.00, 0.00
3.05,8.17,0.00, 0.00
3.05,8.17,0.00, 0.00
3.05,8.17,0.00, 0.00
3.05,8.17,0.00, 0.00
3.05,8.17,0.00, 0.00
3.05,8.17,0.00, 0.00
3.05,8.17,0.00, 0.00
3.05,8.17,0.00, 0.00
3.05,8.17,0.00, 0.00
3.05,8.17,0.00, 0.00
3.05,8.17,0.00, 0.00
3.05,8.17,0.00, 0.00
3.05,8.17,0.00, 0.00
3.05,8.17,0.00, 0.00
3.05,8.17,0.00, 0.00
3.05,8.17,0.00, 0.00
3.05,8.17,0.00, 0.00
3.05,8.17,0.00, 0.00
3.05,8.17,0.00, 0.00
3.05,8.17,0.00, 0.00
3.05,8.17,0.00, 0.00
3.05,8.17,0.00, 0.00
3.05,8.17,0.00, 0.00
3.05,8.17,0.00, 0.00
3.05,8.17,0.00, 0.00
3.05,8.17,0.00, 0.00
3.05,8.17,0.00, 0.00
3.05,8.17,0.00, 0.00
3.05,8.17,0.00, 0.00
3.05,8.12,0.00, 0.00
3.05,8.12,0.00, 0.00
3.05,6.48,0.00, 0.00
3.05,6.48,0.00, 0.00
3.05,6.48,0.00, 0.00
3.05,6.48,0.00, 0.00
3.05,6.48,0.00, 0.00
3.05,6.48,0.00, 0.00
3.05,6.48,0.00, 0.00
3.07,6.35,0.99, 0.00
3.07,6.35,0.99, 0.00
3.07,6.35,0.99, 0.00
3.07,6.35,0.99, 0.00
3.07,6.35,0.99, 0.00
3.07,6.35,0.99, 0.00
3.07,6.35,0.99, 0.00
3.07,6.35,0.99, 0.00
3.07,6.35,0.99, 0.00
3.07,6.35,0.99, 0.00
3.07,6.35,0.99, 0.00
3.07,6.35,0.99, 0.00
3.07,6.35,0.99, 0.00
3.07,6.35,0.99, 0.00
3.05,3.15,0.00, 0.00
3.05,3.15,0.00, 0.00
3.05,3.15,0.00, 0.00
3.05,3.13,0.00, 0.00
3.05,3.13,0.00, 0.00
3.05,3.13,0.00, 0.00
3.05,3.13,0.00, 0.00
3.05,3.13,0.00, 0.00
3.05,3.13,0.00, 0.00
3.05,3.13,0.00, 0.00
3.05,2.89,0.00, 0.00
3.05,2.89,0.00, 0.00
3.05,2.89,0.00, 0.00
3.05,2.89,0.00, 0.00
3.05,2.89,0.00, 0.00
3.05,2.89,0.00, 0.00
3.05,2.89,0.00, 0.00
3.05,2.89,0.00, 0.00
3.05,2.89,0.00, 0.00
0.79,1.23,0.00, 0.00
0.27,0.68,0.00, 0.00
1.17,0.05,44.34, 0.00
0.65,0.06,0.00, 0.25
0.65,0.06,0.00, 0.25
0.65,0.06,0.00, 0.25
0.65,0.06,0.00, 0.25
0.65,0.06,0.00, 0.25
0.65,0.06,0.00, 0.25
0.65,0.06,0.00, 0.25
0.65,0.06,0.00, 0.25
0.65,0.06,0.00, 0.25
0.65,0.06,0.00, 0.25
0.65,0.06,0.00, 0.25
0.65,0.06,0.00, 0.25
0.65,0.06,0.00, 0.25
0.47,0.06,0.00, 0.00
0.47,0.06,0.00, 0.00
0.16,0.06,0.00, 0.00
0.00,0.05,0.00, 0.00
0.00,0.05,0.00, 0.00
0.00,0.05,0.00, 0.00
0.00,0.05,0.00, 0.00
0.00,0.05,0.00, 0.00
0.00,0.05,0.00, 0.00
0.00,0.05,0.00, 0.00
0.00,0.05,0.00, 0.00
0.00,0.05,0.00, 0.00
0.00,0.05,0.00, 0.00
0.00,0.05,0.00, 0.00
0.00,0.05,0.00, 0.00
0.00,0.05,0.00, 0.00
0.00,0.05,0.00, 0.00
0.00,0.05,0.00, 0.00
0.00,0.05,0.00, 0.00
0.00,0.05,0.00, 0.00
0.00,0.05,0.00, 0.00
0.00,0.05,0.00, 0.00
0.00,0.05,0.00, 0.00
1.10,0.06,54.19, 0.75
1.10,0.06,54.19, 0.75
1.10,0.06,54.19, 0.75
1.10,0.06,54.19, 0.75
1.10,0.06,54.19, 0.75
1.10,0.06,54.19, 0.75
1.10,0.06,54.19, 0.75
1.10,0.06,54.19, 0.75
1.10,0.06,54.19, 0.75
1.10,0.06,54.19, 0.75
1.10,0.06,54.19, 0.75
1.10,0.06,54.19, 0.75
1.10,0.06,54.19, 0.75
1.10,0.06,54.19, 0.75
1.19,0.05,5.23, 0.00
1.19,0.05,5.23, 0.00
1.23,0.05,2.05, 0.00
0.00,0.06,0.00, 0.75
0.00,0.06,0.00, 0.75
0.00,0.06,0.00, 0.75
0.00,0.06,0.00, 0.75
0.00,0.06,0.00, 0.75
0.00,0.06,0.00, 0.75
0.00,0.06,0.00, 0.75
0.00,0.06,0.00, 0.75
0.00,0.06,0.00, 0.75
0.00,0.06,0.00, 0.75
0.00,0.06,0.00, 0.75
0.00,0.06,0.00, 0.75
0.00,0.06,0.00, 0.75
0.54,0.05,26.60, 0.00
0.54,0.05,26.60, 0.00
0.61,0.05,3.84, 0.00
0.61,0.05,3.84, 0.00
0.61,0.05,3.84, 0.00
0.61,0.05,3.84, 0.00
0.61,0.05,3.84, 0.00
0.61,0.05,3.84, 0.00
0.61,0.05,3.84, 0.00
0.61,0.05,3.84, 0.00
0.61,0.05,3.84, 0.00
0.61,0.05,3.84, 0.00
0.61,0.05,3.84, 0.00
0.61,0.05,3.84, 0.00
0.61,0.05,3.84, 0.00
0.61,0.05,3.84, 0.00
0.61,0.05,0.06, 0.00
0.61,0.05,0.06, 0.00
0.00,0.85,0.00, 40.10
0.00,0.85,0.00, 40.10
0.00,0.85,0.00, 40.10
0.00,0.85,0.00, 40.10
0.00,0.85,0.00, 40.10
0.00,0.85,0.00, 40.10
0.00,0.85,0.00, 40.10
0.00,0.85,0.00, 40.10
0.00,0.85,0.00, 40.10
0.00,0.85,0.00, 40.10
0.00,0.85,0.00, 40.10
0.00,0.85,0.00, 40.10
0.00,0.85,0.00, 40.10
0.00,0.85,0.00, 40.10
0.00,0.85,0.00, 40.10
0.00,0.85,0.00, 40.10
0.00,0.85,0.00, 40.10
0.00,0.85,0.00, 40.10
0.00,0.85,0.00, 40.10
0.00,0.85,0.00, 40.10
0.00,0.85,0.00, 40.10
0.00,1.18,0.00, 16.59
3.07,6.77,151.24, 278.54
3.07,6.77,151.24, 278.54
3.07,6.77,151.24, 278.54
3.07,6.77,151.24, 278.54
3.07,6.77,151.24, 278.54
3.07,6.77,151.24, 278.54
3.07,6.77,151.24, 278.54
3.07,6.77,151.24, 278.54
3.07,6.77,151.24, 278.54
3.07,6.77,151.24, 278.54
3.07,6.77,151.24, 278.54
3.07,6.77,151.24, 278.54
3.07,6.77,151.24, 278.54
3.03,7.25,0.25, 24.93
3.03,7.25,0.25, 24.93
3.03,7.25,0.25, 24.93
3.03,7.25,0.25, 24.93
3.03,7.25,0.25, 24.93
3.03,7.25,0.25, 24.93
3.03,7.25,0.25, 24.93
3.03,7.25,0.25, 24.93
3.03,7.25,0.25, 24.93
3.03,7.25,0.25, 24.93
3.03,7.25,0.25, 24.93
3.03,7.25,0.25, 24.93
3.03,7.25,0.25, 24.93
3.03,7.25,0.25, 24.93
3.03,7.25,0.25, 24.93
3.03,7.25,0.25, 24.93
3.03,7.25,0.25, 24.93
3.03,7.25,0.25, 24.93
3.03,7.25,0.25, 24.93
3.03,7.25,0.25, 24.93
3.03,7.25,0.25, 24.93
3.03,7.25,0.25, 24.93
3.03,7.25,0.25, 24.93
3.03,7.25,0.25, 24.93
3.03,7.25,0.25, 24.93
3.03,7.25,0.25, 24.93
3.03,7.25,0.25, 24.93
3.03,7.25,0.25, 24.93
3.03,7.25,0.25, 24.93
3.03,7.25,0.25, 24.93
3.03,7.25,0.25, 24.93
3.03,7.25,0.25, 24.93
3.03,7.25,0.25, 24.93
3.03,7.25,0.25, 24.93
3.03,7.25,0.25, 24.93
3.05,7.91,0.99, 32.97
3.05,7.91,0.99, 32.97
3.07,7.87,1.00, 0.00
3.07,7.87,1.00, 0.00
3.07,7.87,1.00, 0.00
3.07,7.87,1.00, 0.00
3.07,7.87,1.00, 0.00
3.07,7.87,1.00, 0.00
3.07,7.87,1.00, 0.00
3.07,7.87,1.00, 0.00
3.07,7.87,1.00, 0.00
3.07,7.87,1.00, 0.00
3.07,7.87,1.00, 0.00
3.07,7.87,1.00, 0.00
3.07,7.87,1.00, 0.00
3.07,7.87,1.00, 0.00
3.05,7.57,0.00, 0.00
3.05,7.57,0.00, 0.00
3.05,7.57,0.00, 0.00
3.05,7.57,0.00, 0.00
3.05,7.57,0.00, 0.00
3.05,7.57,0.00, 0.00
3.05,7.57,0.00, 0.00
3.05,5.32,0.00, 0.00
3.05,5.32,0.00, 0.00
3.05,5.18,0.00, 0.00
3.05,3.99,0.00, 0.00
3.05,3.99,0.00, 0.00
3.05,3.99,0.00, 0.00
3.05,3.99,0.00, 0.00
3.05,3.99,0.00, 0.00
3.05,3.99,0.00, 0.00
3.05,3.99,0.00, 0.00
3.05,3.99,0.00, 0.00
3.05,3.99,0.00, 0.00
3.05,3.99,0.00, 0.00
3.05,3.99,0.00, 0.00
3.05,3.99,0.00, 0.00
3.05,3.99,0.00, 0.00
3.05,3.58,0.00, 0.00
3.05,3.58,0.00, 0.00
3.05,3.56,0.00, 0.00
3.05,3.61,0.00, 2.49
3.05,3.51,0.00, 0.00
3.05,3.51,0.00, 0.00
3.05,3.51,0.00, 0.00
3.05,3.51,0.00, 0.00
3.05,3.51,0.00, 0.00
3.05,3.51,0.00, 0.00
3.05,3.51,0.00, 0.00
3.05,3.46,0.00, 0.00
3.05,3.36,0.00, 0.00
3.05,3.36,0.00, 0.00
3.05,3.36,0.00, 0.00
3.05,3.36,0.00, 0.00
3.05,3.36,0.00, 0.00
3.05,3.36,0.00, 0.00
3.05,3.36,0.00, 0.00
3.05,3.36,0.00, 0.00
3.05,3.27,0.00, 0.00
0.00,2.20,0.00, 0.00
0.56,2.01,27.59, 0.00
0.56,2.01,27.59, 0.00
0.56,2.01,27.59, 0.00
0.56,2.01,27.59, 0.00
0.56,2.01,27.59, 0.00
0.56,2.01,27.59, 0.00
0.56,2.01,27.59, 0.00
0.00,1.23,0.00, 0.00
0.00,1.10,0.00, 0.00
0.00,1.10,0.00, 0.00
0.00,1.10,0.00, 0.00
0.00,1.10,0.00, 0.00
0.00,1.10,0.00, 0.00
0.00,1.10,0.00, 0.00
0.00,1.10,0.00, 0.00
0.00,1.10,0.00, 0.00
0.00,1.10,0.00, 0.00
0.00,1.10,0.00, 0.00
0.00,1.10,0.00, 0.00
0.00,1.10,0.00, 0.00
0.00,1.10,0.00, 0.00
0.00,0.98,0.00, 0.00
0.00,0.98,0.00, 0.00
0.00,0.98,0.00, 0.00
0.00,0.98,0.00, 0.00
0.00,0.98,0.00, 0.00
0.00,0.98,0.00, 0.00
0.00,0.98,0.00, 0.00
0.00,0.98,0.00, 0.00
0.00,0.98,0.00, 0.00
0.00,0.98,0.00, 0.00
0.00,0.98,0.00, 0.00
0.00,0.98,0.00, 0.00
0.00,0.98,0.00, 0.00
0.00,0.98,0.00, 0.00
0.94,0.06,46.31, 0.00
0.94,0.06,46.31, 0.00
0.79,0.05,0.00, 0.00
0.79,0.05,0.00, 0.00
0.79,0.05,0.00, 0.00
0.79,0.05,0.00, 0.00
0.79,0.05,0.00, 0.00
0.79,0.05,0.00, 0.00
0.79,0.05,0.00, 0.00
0.79,0.05,0.00, 0.00
0.79,0.05,0.00, 0.00
0.79,0.05,0.00, 0.00
0.79,0.05,0.00, 0.00
0.79,0.05,0.00, 0.00
0.79,0.05,0.00, 0.00
0.79,0.05,0.00, 0.00
0.79,0.05,0.00, 0.00
0.79,0.05,0.00, 0.00
0.79,0.05,0.00, 0.00
0.79,0.05,0.00, 0.00
0.79,0.05,0.00, 0.00
0.79,0.05,0.00, 0.00
0.79,0.05,0.00, 0.00
0.79,0.05,0.00, 0.00
0.79,0.05,0.00, 0.00
0.79,0.05,0.00, 0.00
0.79,0.05,0.00, 0.00
0.00,0.05,0.00, 0.00
0.00,0.05,0.00, 0.00
0.00,0.05,0.00, 0.00
0.00,0.05,0.00, 0.00
0.00,0.05,0.00, 0.00
0.00,0.05,0.00, 0.00
0.00,0.05,0.00, 0.00
0.00,0.05,0.00, 0.00
0.00,0.05,0.00, 0.00
0.38,0.05,18.72, 0.00
0.38,0.05,18.72, 0.00
0.38,0.05,18.72, 0.00
0.38,0.05,18.72, 0.00
0.38,0.05,18.72, 0.00
0.38,0.05,18.72, 0.00
0.38,0.05,18.72, 0.00
0.38,0.05,18.72, 0.00
0.38,0.05,18.72, 0.00
0.38,0.05,18.72, 0.00
0.38,0.05,18.72, 0.00
0.38,0.05,18.72, 0.00
0.38,0.05,18.72, 0.00
0.38,0.05,18.72, 0.00
0.38,0.05,18.72, 0.00
0.38,0.05,18.72, 0.00
0.38,0.05,18.72, 0.00
0.38,0.05,18.72, 0.00
0.38,0.05,18.72, 0.00
0.38,0.05,18.72, 0.00
0.38,0.05,18.72, 0.00
0.38,0.05,18.72, 0.00
0.38,0.05,18.72, 0.00
0.38,0.05,18.72, 0.00
0.38,0.05,18.72, 0.00
0.38,0.05,18.72, 0.00
0.38,0.05,18.72, 0.00
0.38,0.05,18.72, 0.00
0.38,0.05,18.72, 0.00
0.38,0.05,18.72, 0.00
0.38,0.05,18.72, 0.00
0.38,0.05,18.72, 0.00
0.38,0.05,18.72, 0.00
0.38,0.05,18.72, 0.00
0.38,0.05,18.72, 0.00
0.38,0.05,18.72, 0.00
0.38,0.05,18.72, 0.00
0.38,0.05,18.72, 0.00
0.38,0.05,18.72, 0.00
0.27,0.05,0.00, 0.00
0.20,0.05,0.00, 0.50
0.20,0.05,0.00, 0.50
0.20,0.05,0.00, 0.50
0.20,0.05,0.00, 0.50
0.20,0.05,0.00, 0.50
0.20,0.05,0.00, 0.50
0.20,0.05,0.00, 0.50
0.20,0.05,0.00, 0.50
0.20,0.05,0.00, 0.50
0.20,0.05,0.00, 0.50
0.20,0.05,0.00, 0.50
0.20,0.05,0.00, 0.50
0.20,0.05,0.00, 0.50
0.20,0.05,0.00, 0.50
0.20,0.05,0.00, 0.50
0.20,0.05,0.00, 0.50
0.20,0.05,0.00, 0.50
0.20,0.05,0.00, 0.50
0.20,0.05,0.00, 0.50
0.20,0.05,0.00, 0.50
0.20,0.05,0.00, 0.50
0.20,0.05,0.00, 0.50
0.20,0.05,0.00, 0.50
0.20,0.05,0.00, 0.50
0.20,0.05,0.00, 0.50
0.20,0.05,0.00, 0.50
0.20,0.05,0.00, 0.50
0.20,0.05,0.00, 0.50
0.20,0.05,0.00, 0.50
0.20,0.05,0.00, 0.50
0.20,0.05,0.00, 0.50
0.20,0.05,0.00, 0.50
0.20,0.05,0.00, 0.50
0.20,0.05,0.00, 0.50
0.20,0.05,0.00, 0.50
0.20,0.05,0.00, 0.50
0.20,0.05,0.00, 0.50
0.20,0.05,0.00, 0.50
0.00,0.05,0.00, 0.00
0.00,0.05,0.00, 0.00
0.00,0.05,0.00, 0.00
0.00,0.05,0.00, 0.00
0.00,0.05,0.00, 0.00
0.00,0.05,0.00, 0.00
0.00,0.05,0.00, 0.00
0.00,0.05,0.00, 0.00
0.00,0.05,0.00, 0.00
0.00,0.05,0.00, 0.00
0.00,0.05,0.00, 0.00
0.00,0.05,0.00, 0.00
0.00,0.05,0.00, 0.00
0.00,0.05,0.00, 0.00
0.00,0.05,0.00, 0.00
0.00,0.05,0.00, 0.00
0.00,0.05,0.00, 0.00
0.00,0.05,0.00, 0.00
0.00,0.05,0.00, 0.00
0.00,0.05,0.00, 0.00
0.00,0.05,0.00, 0.00
2.69,8.34,132.52, 412.98
3.14,8.94,24.12, 31.90
3.10,9.81,0.00, 43.21
3.07,6.40,0.00, 0.00
3.07,6.22,0.00, 0.00
3.07,6.02,0.00, 0.00
3.07,6.02,0.00, 0.00
3.07,5.82,0.00, 0.00
3.07,5.82,0.00, 0.00
3.07,5.82,0.00, 0.00
3.07,5.82,0.00, 0.00
3.07,5.82,0.00, 0.00
3.07,5.82,0.00, 0.00
3.07,5.82,0.00, 0.00
3.07,5.82,0.00, 0.00
3.07,5.82,0.00, 0.00
3.07,5.82,0.00, 0.00
3.07,5.82,0.00, 0.00
3.07,5.82,0.00, 0.00
3.07,5.82,0.00, 0.00
3.07,5.82,0.00, 0.00
3.07,5.82,0.00, 0.00
3.07,5.82,0.00, 0.00
3.07,5.82,0.00, 0.00
3.07,5.82,0.00, 0.00
3.07,5.82,0.00, 0.00
3.07,5.82,0.00, 0.00
3.07,5.82,0.00, 0.00
3.07,5.82,0.00, 0.00
3.07,5.82,0.00, 0.00
3.07,5.82,0.00, 0.00
3.07,5.82,0.00, 0.00
3.07,5.82,0.00, 0.00
3.07,5.82,0.00, 0.00
3.07,5.82,0.00, 0.00
3.07,5.82,0.00, 0.00
3.07,5.82,0.00, 0.00
3.07,5.82,0.00, 0.00
3.07,5.82,0.00, 0.00
3.07,5.82,0.00, 0.00
3.07,5.82,0.00, 0.00
3.07,5.82,0.00, 0.00
3.07,5.82,0.00, 0.00
3.07,5.82,0.00, 0.00
3.07,5.82,0.00, 0.00
3.07,5.82,0.00, 0.00
3.07,5.82,0.00, 0.00
3.07,5.82,0.00, 0.00
3.07,5.82,0.00, 0.00
3.07,5.82,0.00, 0.00
3.07,5.82,0.00, 0.00
3.07,5.82,0.00, 0.00
3.07,5.82,0.00, 0.00
3.07,5.82,0.00, 0.00
3.07,5.82,0.00, 0.00
3.07,5.82,0.00, 0.00
3.07,5.82,0.00, 0.00
3.07,5.82,0.00, 0.00
3.07,5.82,0.00, 0.00
3.07,5.82,0.00, 0.00
3.07,5.82,0.00, 0.00
3.07,5.82,0.00, 0.00
3.07,5.82,0.00, 0.00
3.07,5.82,0.00, 0.00
3.07,5.64,0.00, 0.00
3.07,5.64,0.00, 0.00
3.07,5.47,0.00, 0.00
3.07,5.47,0.00, 0.00
3.07,5.25,0.00, 0.00
1.93,2.15,0.00, 0.00
1.93,2.15,0.00, 0.00
1.93,2.15,0.00, 0.00
1.93,2.15,0.00, 0.00
1.93,2.15,0.00, 0.00
1.93,2.15,0.00, 0.00
1.93,2.15,0.00, 0.00
1.93,2.15,0.00, 0.00
1.93,2.15,0.00, 0.00
1.93,2.15,0.00, 0.00
1.93,2.15,0.00, 0.00
1.93,2.15,0.00, 0.00
1.93,2.15,0.00, 0.00
1.93,2.15,0.00, 0.00
1.93,2.15,0.00, 0.00
1.93,2.15,0.00, 0.00
1.93,2.15,0.00, 0.00
1.93,2.15,0.00, 0.00
1.93,2.15,0.00, 0.00
1.93,2.15,0.00, 0.00
1.93,2.15,0.00, 0.00
1.93,2.15,0.00, 0.00
1.93,2.15,0.00, 0.00
1.93,2.15,0.00, 0.00
1.93,2.15,0.00, 0.00
1.93,2.15,0.00, 0.00
1.93,2.15,0.00, 0.00
2.49,2.02,27.59, 0.00
2.49,2.02,27.59, 0.00
2.49,2.02,27.59, 0.00
2.49,2.02,27.59, 0.00
2.49,2.02,27.59, 0.00
2.49,2.02,27.59, 0.00
2.49,2.02,27.59, 0.00
2.49,2.02,27.59, 0.00
2.49,2.02,27.59, 0.00
2.49,2.02,27.59, 0.00
2.49,2.02,27.59, 0.00
2.49,2.02,27.59, 0.00
2.49,2.02,27.59, 0.00
2.49,2.02,27.59, 0.00
2.49,2.02,27.59, 0.00
2.49,2.02,27.59, 0.00
2.49,2.02,27.59, 0.00
2.49,2.02,27.59, 0.00
2.49,2.02,27.59, 0.00
2.49,2.02,27.59, 0.00
2.49,2.02,27.59, 0.00
2.49,2.02,27.59, 0.00
2.49,2.02,27.59, 0.00
2.49,2.02,27.59, 0.00
2.49,2.02,27.59, 0.00
2.49,2.02,27.59, 0.00
2.49,2.02,27.59, 0.00
2.49,2.02,27.59, 0.00
2.49,2.02,27.59, 0.00
2.49,2.02,27.59, 0.00
2.49,2.02,27.59, 0.00
2.49,2.02,27.59, 0.00
2.49,2.02,27.59, 0.00
2.49,2.02,27.59, 0.00
2.49,2.02,27.59, 0.00
2.49,2.02,27.59, 0.00
2.49,2.02,27.59, 0.00
2.49,2.02,27.59, 0.00
2.49,2.02,27.59, 0.00
2.49,2.02,27.59, 0.00
1.68,1.83,0.00, 0.00
1.68,1.83,0.00, 0.00
1.68,1.83,0.00, 0.00
1.68,1.83,0.00, 0.00
1.68,1.83,0.00, 0.00
1.68,1.83,0.00, 0.00
1.68,1.83,0.00, 0.00
1.68,1.83,0.00, 0.00
1.68,1.83,0.00, 0.00
1.68,1.83,0.00, 0.00
1.68,1.83,0.00, 0.00
1.68,1.83,0.00, 0.00
1.68,1.83,0.00, 0.00
1.68,1.83,0.00, 0.00
1.68,1.83,0.00, 0.00
1.68,1.83,0.00, 0.00
1.68,1.83,0.00, 0.00
1.68,1.83,0.00, 0.00
1.68,1.83,0.00, 0.00
1.68,1.83,0.00, 0.00
1.68,1.83,0.00, 0.00
1.68,1.83,0.00, 0.00
1.68,1.83,0.00, 0.00
1.68,1.83,0.00, 0.00
1.68,1.83,0.00, 0.00
1.68,1.83,0.00, 0.00
1.68,1.83,0.00, 0.00
1.68,1.83,0.00, 0.00
1.01,1.62,0.00, 0.00
1.01,1.62,0.00, 0.00
1.01,1.62,0.00, 0.00
1.01,1.62,0.00, 0.00
1.01,1.62,0.00, 0.00
1.01,1.62,0.00, 0.00
1.01,1.62,0.00, 0.00
1.01,1.62,0.00, 0.00
1.01,1.62,0.00, 0.00
1.01,1.62,0.00, 0.00
1.01,1.62,0.00, 0.00
1.01,1.62,0.00, 0.00
1.01,1.62,0.00, 0.00
1.01,1.62,0.00, 0.00
1.01,1.62,0.00, 0.00
1.01,1.62,0.00, 0.00
1.01,1.62,0.00, 0.00
1.01,1.62,0.00, 0.00
1.01,1.62,0.00, 0.00
1.01,1.62,0.00, 0.00
1.01,1.62,0.00, 0.00
1.01,1.62,0.00, 0.00
1.01,1.62,0.00, 0.00
1.01,1.62,0.00, 0.00
1.01,1.62,0.00, 0.00
1.01,1.62,0.00, 0.00
1.01,1.62,0.00, 0.00
1.01,1.62,0.00, 0.00
1.01,1.62,0.00, 0.00
1.01,1.62,0.00, 0.00
1.01,1.62,0.00, 0.00
1.01,1.62,0.00, 0.00
1.01,1.62,0.00, 0.00
1.01,1.62,0.00, 0.00
0.05,0.05,0.00, 0.00
0.00,0.05,0.00, 0.50
0.00,0.05,0.00, 0.50
0.00,0.05,0.00, 0.50
0.00,0.05,0.00, 0.50
0.00,0.05,0.00, 0.50
0.00,0.05,0.00, 0.50
0.00,2.84,0.00, 138.99
0.00,2.84,0.00, 138.99
0.00,2.84,0.00, 138.99
3.07,8.52,151.24, 283.47
3.07,8.62,2.22, 6.02
3.07,9.48,0.03, 42.62
3.07,9.48,0.03, 42.62
3.07,9.48,0.03, 42.62
3.07,9.48,0.03, 42.62
3.07,9.48,0.03, 42.62
3.07,9.48,0.03, 42.62
3.07,9.48,0.03, 42.62
3.07,9.68,0.00, 10.12
3.07,9.68,0.00, 10.12
3.07,9.68,0.00, 10.12
3.07,9.68,0.00, 10.12
3.07,9.68,0.00, 10.12
3.07,9.68,0.00, 10.12
3.07,9.68,0.00, 10.12
3.07,9.68,0.00, 10.12
3.07,9.68,0.00, 10.12
3.07,9.68,0.00, 10.12
3.07,9.68,0.00, 10.12
3.07,9.68,0.00, 10.12
3.07,9.79,0.00, 5.52
3.07,9.79,0.00, 5.52
3.07,9.79,0.00, 5.52
3.07,9.79,0.00, 5.52
3.07,9.81,0.00, 1.02
3.07,9.81,0.00, 0.00
3.07,9.81,0.00, 0.00
3.07,9.81,0.00, 0.00
3.07,9.81,0.00, 0.00
3.07,9.81,0.00, 0.00
3.07,9.81,0.00, 0.00
3.07,9.81,0.00, 0.00
3.07,9.81,0.00, 0.00
3.07,9.81,0.00, 0.00
3.07,9.81,0.00, 0.00
3.07,9.81,0.00, 0.00
3.07,9.81,0.00, 0.00
3.07,9.81,0.00, 0.00
3.07,9.00,0.00, 0.00
3.07,9.00,0.00, 0.00
3.07,9.00,0.00, 0.00
3.07,9.00,0.00, 0.00
3.07,9.00,0.00, 0.00
3.07,9.00,0.00, 0.00
3.07,9.00,0.00, 0.00
3.07,9.00,0.00, 0.00
3.07,9.00,0.00, 0.00
3.07,9.00,0.00, 0.00
3.07,9.00,0.00, 0.00
3.07,9.00,0.00, 0.00
3.07,9.00,0.00, 0.00
3.07,9.00,0.00, 0.00
3.07,9.00,0.00, 0.00
3.07,9.00,0.00, 0.00
3.07,9.00,0.00, 0.00
3.07,9.00,0.00, 0.00
3.07,9.00,0.00, 0.00
3.07,9.00,0.00, 0.00
3.07,9.00,0.00, 0.00
3.07,9.00,0.00, 0.00
3.07,9.00,0.00, 0.00
3.07,9.00,0.00, 0.00
3.07,9.00,0.00, 0.00
3.07,9.00,0.00, 0.00
3.07,9.00,0.00, 0.00
3.07,9.00,0.00, 0.00
3.07,9.00,0.00, 0.00
3.07,9.00,0.00, 0.00
3.07,9.00,0.00, 0.00
3.07,9.00,0.00, 0.00
3.07,9.00,0.00, 0.00
3.07,9.00,0.00, 0.00
3.07,9.00,0.00, 0.00
3.07,9.00,0.00, 0.00
3.07,9.00,0.00, 0.00
3.07,9.00,0.00, 0.00
3.07,9.00,0.00, 0.00
3.07,9.00,0.00, 0.00
3.07,9.00,0.00, 0.00
3.07,9.00,0.00, 0.00
3.07,9.00,0.00, 0.00
3.07,9.00,0.00, 0.00
3.07,9.00,0.00, 0.00
3.07,9.00,0.00, 0.00
3.07,9.00,0.00, 0.00
3.07,9.00,0.00, 0.00
3.07,9.00,0.00, 0.00
3.07,9.00,0.00, 0.00
3.07,9.00,0.00, 0.00
3.07,9.00,0.00, 0.00
3.07,9.00,0.00, 0.00
3.07,9.00,0.00, 0.00
3.07,9.00,0.00, 0.00
3.07,9.00,0.00, 0.00
3.07,9.00,0.00, 0.00
3.07,9.00,0.00, 0.00
3.07,9.00,0.00, 0.00
3.07,9.00,0.00, 0.00
3.07,9.00,0.00, 0.00
3.07,9.00,0.00, 0.00
3.07,9.00,0.00, 0.00
3.07,9.00,0.00, 0.00
3.07,9.00,0.00, 0.00
3.07,9.00,0.00, 0.00
3.07,9.00,0.00, 0.00
3.07,8.58,0.00, 0.00
3.07,8.58,0.00, 0.00
3.07,8.58,0.00, 0.00
3.07,8.58,0.00, 0.00
3.07,8.58,0.00, 0.00
3.07,8.58,0.00, 0.00
3.07,8.58,0.00, 0.00
3.07,8.58,0.00, 0.00
3.07,8.58,0.00, 0.00
3.07,8.58,0.00, 0.00
3.07,8.58,0.00, 0.00
3.07,8.58,0.00, 0.00
3.07,8.58,0.00, 0.00
3.07,8.58,0.00, 0.00
3.07,8.58,0.00, 0.00
3.07,8.58,0.00, 0.00
3.07,8.58,0.00, 0.00
3.07,8.58,0.00, 0.00
3.07,8.58,0.00, 0.00
3.07,8.58,0.00, 0.00
3.07,8.58,0.00, 0.00
3.07,8.58,0.00, 0.00
3.07,8.58,0.00, 0.00
3.07,8.58,0.00, 0.00
3.07,8.58,0.00, 0.00
3.07,8.58,0.00, 0.00
3.07,8.40,0.00, 0.00
3.07,8.40,0.00, 0.00
3.07,6.35,0.00, 0.00
3.07,6.35,0.00, 0.00
3.07,6.35,0.00, 0.00
0.29,1.31,0.00, 0.00
0.00,0.05,0.00, 0.00
0.16,0.05,7.88, 0.50
0.25,0.05,4.55, 0.00
0.27,0.05,1.05, 0.50
0.27,0.05,0.02, 0.00
0.27,0.05,0.02, 0.00
0.27,0.05,0.02, 0.00
0.27,0.05,0.02, 0.00
0.27,0.05,0.02, 0.00
0.27,0.05,0.02, 0.00
0.27,0.05,0.02, 0.00
0.27,0.05,0.02, 0.00
0.27,0.05,0.02, 0.00
0.27,0.05,0.02, 0.00
0.27,0.05,0.02, 0.00
0.27,0.05,0.02, 0.00
0.27,0.05,0.02, 0.00
0.27,0.05,0.00, 0.50
0.23,0.05,0.00, 0.00
0.18,0.05,0.00, 0.00
0.18,0.05,0.00, 0.00
0.18,0.05,0.00, 0.00
0.18,0.05,0.00, 0.00
0.18,0.05,0.00, 0.00
0.18,0.05,0.00, 0.00
0.18,0.05,0.00, 0.00
0.25,0.06,3.45, 0.75
0.25,0.06,3.45, 0.75
0.25,0.06,3.45, 0.75
0.25,0.06,3.45, 0.75
0.25,0.06,3.45, 0.75
0.25,0.06,3.45, 0.75
0.25,0.06,3.45, 0.75
0.25,0.06,3.45, 0.75
0.25,0.06,3.45, 0.75
0.25,0.06,3.45, 0.75
0.23,0.05,0.00, 0.00
0.11,0.05,0.00, 0.00
0.11,0.05,0.00, 0.50
0.14,0.05,1.48, 0.00
0.11,0.05,0.00, 0.00
0.11,0.05,0.00, 0.00
0.11,0.05,0.00, 0.00
0.11,0.05,0.00, 0.00
0.11,0.05,0.00, 0.00
0.11,0.05,0.00, 0.00
0.11,0.05,0.00, 0.00
0.07,0.04,0.00, 0.00
0.07,0.04,0.00, 0.00
0.07,0.04,0.00, 0.00
0.07,0.04,0.00, 0.00
0.07,0.04,0.00, 0.00
0.07,0.04,0.00, 0.00
0.07,0.04,0.00, 0.00
0.09,0.05,0.99, 0.50
0.09,0.05,0.99, 0.50
0.09,0.05,0.99, 0.50
0.14,0.05,2.48, 0.00
0.14,0.05,2.48, 0.00
0.14,0.05,2.48, 0.00
0.14,0.05,2.48, 0.00
0.14,0.05,2.48, 0.00
0.14,0.05,2.48, 0.00
0.14,0.05,2.48, 0.00
0.14,0.05,2.48, 0.00
0.14,0.05,2.48, 0.00
0.14,0.05,2.48, 0.00
0.14,0.05,2.48, 0.00
0.14,0.05,2.48, 0.00
0.14,0.05,2.48, 0.00
0.14,0.05,2.48, 0.00
0.25,0.05,5.46, 0.50
0.25,0.05,5.46, 0.50
0.25,0.05,5.46, 0.50
0.25,0.05,5.46, 0.50
0.25,0.05,5.46, 0.50
0.25,0.05,5.46, 0.50
0.25,0.05,5.46, 0.50
0.14,0.05,0.00, 0.00
0.14,0.05,0.00, 0.00
0.14,0.05,0.00, 0.00
0.14,0.05,0.00, 0.00
0.14,0.05,0.00, 0.00
0.14,0.05,0.00, 0.00
0.14,0.05,0.00, 0.00
0.14,0.05,0.00, 0.00
0.14,0.05,0.00, 0.00
0.14,0.05,0.00, 0.00
0.14,0.05,0.00, 0.00
0.14,0.05,0.00, 0.00
0.14,0.05,0.00, 0.00
0.14,0.05,0.00, 0.00
0.14,0.05,0.00, 0.00
0.14,0.05,0.00, 0.00
0.14,0.05,0.00, 0.00
0.14,0.05,0.00, 0.00
0.14,0.05,0.00, 0.00
0.14,0.05,0.00, 0.00
0.14,0.05,0.00, 0.00
0.14,0.05,0.00, 0.00
0.14,0.05,0.00, 0.00
0.14,0.05,0.00, 0.00
0.14,0.05,0.00, 0.00
0.14,0.05,0.00, 0.00
0.14,0.05,0.00, 0.00
0.14,0.05,0.00, 0.00
0.14,0.05,0.00, 0.00
0.14,0.05,0.00, 0.00
0.14,0.05,0.00, 0.00
0.14,0.05,0.00, 0.00
0.14,0.05,0.00, 0.00
0.14,0.05,0.00, 0.00
0.14,0.05,0.00, 0.00
0.14,0.05,0.00, 0.00
0.14,0.05,0.00, 0.00
0.14,0.05,0.00, 0.00
0.14,0.05,0.00, 0.00
0.11,0.05,0.00, 0.00
0.11,0.05,0.00, 0.00
0.31,3.20,9.85, 156.92
0.31,3.20,9.85, 156.92
0.31,3.20,9.85, 156.92
3.10,7.74,137.59, 226.99
3.10,7.74,137.59, 226.99
3.05,8.99,0.00, 63.10
3.05,8.80,0.00, 0.00
3.05,8.66,0.00, 0.00
3.05,8.55,0.00, 0.00
3.05,8.55,0.00, 0.00
3.07,8.37,0.99, 0.00
3.05,8.09,0.00, 0.00
3.05,7.95,0.00, 0.00
3.05,7.80,0.00, 0.00
3.05,7.65,0.00, 0.00
3.07,7.50,0.99, 0.00
3.05,7.35,0.00, 0.00
3.05,7.35,0.00, 0.00
3.05,7.35,0.00, 0.00
3.05,7.35,0.00, 0.00
3.05,7.35,0.00, 0.00
3.05,7.35,0.00, 0.00
3.05,7.35,0.00, 0.00
3.05,7.35,0.00, 0.00
3.05,7.35,0.00, 0.00
3.05,7.35,0.00, 0.00
3.05,7.35,0.00, 0.00
3.05,7.35,0.00, 0.00
3.05,7.35,0.00, 0.00
3.05,7.35,0.00, 0.00
3.05,7.35,0.00, 0.00
3.05,7.35,0.00, 0.00
3.05,7.35,0.00, 0.00
3.05,7.35,0.00, 0.00
3.05,7.35,0.00, 0.00
3.05,7.35,0.00, 0.00
3.05,7.35,0.00, 0.00
3.05,7.35,0.00, 0.00
3.05,7.35,0.00, 0.00
3.05,7.35,0.00, 0.00
3.05,7.35,0.00, 0.00
3.05,7.35,0.00, 0.00
3.05,7.35,0.00, 0.00
3.05,7.35,0.00, 0.00
3.05,7.35,0.00, 0.00
3.05,7.35,0.00, 0.00
3.05,7.35,0.00, 0.00
3.05,7.35,0.00, 0.00
3.05,7.35,0.00, 0.00
3.05,7.35,0.00, 0.00
3.05,7.35,0.00, 0.00
3.05,7.35,0.00, 0.00
3.05,7.35,0.00, 0.00
3.05,7.35,0.00, 0.00
3.05,7.35,0.00, 0.00
3.05,7.35,0.00, 0.00
3.05,7.35,0.00, 0.00
3.05,7.35,0.00, 0.00
3.05,7.35,0.00, 0.00
3.05,7.35,0.00, 0.00
3.05,7.35,0.00, 0.00
3.05,7.35,0.00, 0.00
3.05,7.35,0.00, 0.00
3.05,7.35,0.00, 0.00
3.05,7.35,0.00, 0.00
3.05,7.35,0.00, 0.00
3.05,7.35,0.00, 0.00
3.05,7.35,0.00, 0.00
3.05,7.35,0.00, 0.00
3.05,7.35,0.00, 0.00
3.05,7.35,0.00, 0.00
3.05,7.35,0.00, 0.00
3.05,7.35,0.00, 0.00
3.05,7.35,0.00, 0.00
3.05,7.35,0.00, 0.00
3.05,7.35,0.00, 0.00
3.05,7.35,0.00, 0.00
3.05,7.35,0.00, 0.00
3.05,7.35,0.00, 0.00
3.05,7.35,0.00, 0.00
3.05,7.35,0.00, 0.00
3.05,7.35,0.00, 0.00
3.05,7.19,0.00, 0.00
3.05,7.19,0.00, 0.00
3.05,7.05,0.00, 0.00
3.05,7.05,0.00, 0.00
3.05,7.05,0.00, 0.00
3.05,7.05,0.00, 0.00
3.05,7.05,0.00, 0.00
3.05,7.05,0.00, 0.00
3.05,7.05,0.00, 0.00
3.05,7.05,0.00, 0.00
3.05,7.05,0.00, 0.00
3.05,7.05,0.00, 0.00
3.05,7.05,0.00, 0.00
3.05,7.05,0.00, 0.00
3.05,7.05,0.00, 0.00
3.05,7.05,0.00, 0.00
3.05,7.05,0.00, 0.00
3.05,7.05,0.00, 0.00
3.05,7.05,0.00, 0.00
3.05,7.05,0.00, 0.00
3.05,7.05,0.00, 0.00
3.05,7.05,0.00, 0.00
3.05,7.05,0.00, 0.00
3.05,7.05,0.00, 0.00
3.05,7.05,0.00, 0.00
3.05,7.05,0.00, 0.00
3.05,7.05,0.00, 0.00
3.05,7.05,0.00, 0.00
3.05,7.05,0.00, 0.00
3.05,7.05,0.00, 0.00
3.05,6.89,0.00, 0.00
3.03,2.91,0.00, 0.00
3.03,2.91,0.00, 0.00
3.03,2.91,0.00, 0.00
3.03,2.91,0.00, 0.00
3.03,2.91,0.00, 0.00
3.03,2.91,0.00, 0.00
3.03,2.91,0.00, 0.00
3.03,2.91,0.00, 0.00
3.03,2.91,0.00, 0.00
3.03,2.91,0.00, 0.00
3.03,2.91,0.00, 0.00
3.03,2.91,0.00, 0.00
3.03,2.91,0.00, 0.00
3.03,2.91,0.00, 0.00
3.03,2.91,0.00, 0.00
0.00,2.76,0.00, 0.00
0.00,2.76,0.00, 0.00
0.00,2.76,0.00, 0.00
0.00,2.76,0.00, 0.00
0.00,2.76,0.00, 0.00
0.00,2.76,0.00, 0.00
0.00,2.76,0.00, 0.00
0.00,2.76,0.00, 0.00
0.00,2.76,0.00, 0.00
0.00,2.76,0.00, 0.00
0.00,2.76,0.00, 0.00
0.00,2.76,0.00, 0.00
0.00,2.76,0.00, 0.00
0.00,2.76,0.00, 0.00
0.00,2.76,0.00, 0.00
0.00,2.76,0.00, 0.00
0.00,2.76,0.00, 0.00
0.00,2.76,0.00, 0.00
0.00,2.76,0.00, 0.00
0.00,2.76,0.00, 0.00
0.00,2.76,0.00, 0.00
0.00,2.76,0.00, 0.00
0.00,2.76,0.00, 0.00
0.00,2.76,0.00, 0.00
0.00,2.76,0.00, 0.00
0.00,2.76,0.00, 0.00
0.00,2.76,0.00, 0.00
0.00,2.76,0.00, 0.00
0.00,2.76,0.00, 0.00
0.00,2.76,0.00, 0.00
0.00,2.76,0.00, 0.00
0.00,2.76,0.00, 0.00
0.00,2.76,0.00, 0.00
0.00,2.76,0.00, 0.00
0.00,2.76,0.00, 0.00
0.00,2.76,0.00, 0.00
0.00,2.76,0.00, 0.00
0.00,2.76,0.00, 0.00
0.00,2.76,0.00, 0.00
0.00,2.76,0.00, 0.00
0.00,2.76,0.00, 0.00
0.00,2.76,0.00, 0.00
0.00,2.76,0.00, 0.00
0.00,2.76,0.00, 0.00
0.00,2.76,0.00, 0.00
0.00,2.76,0.00, 0.00
0.00,2.76,0.00, 0.00
0.00,2.76,0.00, 0.00
0.00,2.76,0.00, 0.00
0.00,2.76,0.00, 0.00
0.00,2.76,0.00, 0.00
0.00,2.76,0.00, 0.00
0.00,2.76,0.00, 0.00
0.00,2.76,0.00, 0.00
0.00,2.76,0.00, 0.00
0.00,2.76,0.00, 0.00
0.00,2.76,0.00, 0.00
0.00,2.76,0.00, 0.00
0.00,2.76,0.00, 0.00
0.00,2.76,0.00, 0.00
0.00,2.76,0.00, 0.00
0.00,2.76,0.00, 0.00
0.00,2.76,0.00, 0.00
0.00,2.76,0.00, 0.00
0.00,2.76,0.00, 0.00
0.00,2.76,0.00, 0.00
0.00,2.76,0.00, 0.00
0.00,2.76,0.00, 0.00
0.14,0.05,6.90, 0.00
0.00,0.06,0.00, 0.75
0.00,0.06,0.00, 0.75
0.00,0.06,0.00, 0.75
0.00,0.06,0.00, 0.75
0.00,0.06,0.00, 0.75
0.00,0.06,0.00, 0.75
0.00,0.06,0.00, 0.75
0.00,0.06,0.00, 0.75
0.00,0.06,0.00, 0.75
0.00,0.06,0.00, 0.75
0.00,0.06,0.00, 0.75
0.00,0.06,0.00, 0.75
0.00,0.06,0.00, 0.75
0.00,0.06,0.00, 0.75
0.00,0.06,0.00, 0.75
0.00,0.06,0.00, 0.75
0.00,0.06,0.00, 0.75
0.00,0.06,0.00, 0.75
0.00,0.06,0.00, 0.75
0.00,0.06,0.00, 0.75
0.00,0.06,0.00, 0.75
0.00,0.06,0.00, 0.75
0.00,0.06,0.00, 0.75
0.00,0.06,0.00, 0.75
0.00,0.06,0.00, 0.75
0.00,0.06,0.00, 0.75
0.00,0.06,0.00, 0.75
0.00,0.06,0.00, 0.75
0.00,0.06,0.00, 0.75
0.00,0.06,0.00, 0.75
0.00,0.06,0.00, 0.75
0.00,0.06,0.00, 0.75
0.00,0.06,0.00, 0.75
0.00,0.06,0.00, 0.75
0.63,0.06,31.04, 0.00
0.63,0.06,31.04, 0.00
0.63,0.06,31.04, 0.00
0.63,0.06,31.04, 0.00
0.63,0.06,31.04, 0.00
0.63,0.06,31.04, 0.00
0.63,0.06,31.04, 0.00
0.63,0.06,31.04, 0.00
0.63,0.06,31.04, 0.00
0.63,0.06,31.04, 0.00
0.63,0.06,31.04, 0.00
0.63,0.06,31.04, 0.00
0.63,0.06,31.04, 0.00
0.63,0.06,31.04, 0.00
0.63,0.06,31.04, 0.00
0.63,0.06,31.04, 0.00
0.63,0.06,31.04, 0.00
0.63,0.06,31.04, 0.00
0.63,0.06,31.04, 0.00
0.63,0.06,31.04, 0.00
0.63,0.06,31.04, 0.00
0.63,0.06,31.04, 0.00
0.63,0.06,31.04, 0.00
0.63,0.06,31.04, 0.00
0.63,0.06,31.04, 0.00
0.63,0.06,31.04, 0.00
0.09,0.04,0.00, 0.00
0.05,0.05,0.00, 1.00
0.05,0.05,0.00, 1.00
3.05,9.57,147.79, 473.76
3.07,9.81,3.16, 13.94
3.07,9.77,0.05, 0.00
3.05,9.73,0.00, 0.00
3.07,9.65,0.99, 0.00
3.05,9.49,0.00, 0.00
3.05,9.33,0.00, 0.00
3.05,9.33,0.00, 0.00
3.05,9.33,0.00, 0.00
3.05,9.33,0.00, 0.00
3.05,9.33,0.00, 0.00
3.05,9.33,0.00, 0.00
3.05,9.33,0.00, 0.00
3.05,9.33,0.00, 0.00
3.05,9.33,0.00, 0.00
3.05,9.33,0.00, 0.00
3.05,9.33,0.00, 0.00
3.05,9.33,0.00, 0.00
3.05,9.33,0.00, 0.00
3.05,9.33,0.00, 0.00
3.05,9.33,0.00, 0.00
3.05,9.33,0.00, 0.00
3.05,9.33,0.00, 0.00
3.05,9.33,0.00, 0.00
3.07,9.18,0.99, 0.00
3.07,9.04,0.01, 0.00
3.07,9.04,0.01, 0.00
3.07,9.04,0.01, 0.00
3.07,9.04,0.01, 0.00
3.07,9.04,0.01, 0.00
3.07,9.04,0.01, 0.00
3.07,9.04,0.01, 0.00
3.07,9.04,0.01, 0.00
3.07,9.04,0.01, 0.00
3.07,9.04,0.01, 0.00
3.07,9.04,0.01, 0.00
3.07,9.04,0.01, 0.00
3.07,9.04,0.01, 0.00
3.07,9.04,0.01, 0.00
3.07,9.04,0.01, 0.00
3.07,9.04,0.01, 0.00
3.07,9.04,0.01, 0.00
3.07,9.04,0.01, 0.00
3.07,9.04,0.01, 0.00
3.07,9.04,0.01, 0.00
3.07,9.04,0.01, 0.00
3.07,9.04,0.01, 0.00
3.07,9.04,0.01, 0.00
3.07,9.04,0.01, 0.00
3.07,9.04,0.01, 0.00
3.07,9.04,0.01, 0.00
3.07,9.04,0.01, 0.00
3.07,9.04,0.01, 0.00
3.07,9.04,0.01, 0.00
3.07,9.04,0.01, 0.00
3.07,9.04,0.01, 0.00
3.07,9.04,0.01, 0.00
3.05,8.89,0.00, 0.00
3.05,8.89,0.00, 0.00
3.05,8.89,0.00, 0.00
3.05,8.89,0.00, 0.00
3.05,8.89,0.00, 0.00
3.05,8.89,0.00, 0.00
3.05,8.89,0.00, 0.00
3.05,8.89,0.00, 0.00
3.05,8.89,0.00, 0.00
3.05,6.53,0.00, 0.00
3.05,6.53,0.00, 0.00
3.05,6.53,0.00, 0.00
3.05,6.53,0.00, 0.00
3.05,6.53,0.00, 0.00
3.05,6.53,0.00, 0.00
3.05,6.53,0.00, 0.00
3.05,6.53,0.00, 0.00
3.05,6.53,0.00, 0.00
3.05,6.53,0.00, 0.00
3.05,6.53,0.00, 0.00
3.05,6.53,0.00, 0.00
3.05,6.53,0.00, 0.00
3.05,6.53,0.00, 0.00
3.05,6.53,0.00, 0.00
3.05,6.53,0.00, 0.00
3.05,6.53,0.00, 0.00
3.05,6.19,0.00, 0.00
3.05,6.19,0.00, 0.00
3.05,6.19,0.00, 0.00
3.05,6.19,0.00, 0.00
3.05,6.19,0.00, 0.00
3.05,6.19,0.00, 0.00
3.05,6.19,0.00, 0.00
3.05,3.97,0.00, 0.00
3.05,3.49,0.00, 0.00
3.05,3.08,0.00, 0.00
3.05,3.08,0.00, 0.00
3.05,3.08,0.00, 0.00
3.05,3.08,0.00, 0.00
3.05,3.08,0.00, 0.00
3.05,3.08,0.00, 0.00
3.05,3.08,0.00, 0.00
3.05,3.08,0.00, 0.00
3.05,3.08,0.00, 0.00
0.65,1.82,0.00, 0.00
0.00,1.57,0.00, 0.00
0.00,1.57,0.00, 0.00
0.29,1.31,14.29, 0.00
0.74,0.05,22.38, 0.00
0.67,0.05,0.00, 0.00
0.65,0.05,0.00, 0.50
0.65,0.05,0.00, 0.50
0.65,0.05,0.00, 0.50
0.65,0.05,0.00, 0.50
0.65,0.05,0.00, 0.50
0.65,0.05,0.00, 0.50
0.65,0.05,0.00, 0.50
0.65,0.05,0.00, 0.50
0.65,0.05,0.00, 0.50
0.65,0.05,0.00, 0.50
0.65,0.05,0.00, 0.50
0.65,0.05,0.00, 0.50
0.65,0.05,0.00, 0.50
0.65,0.05,0.00, 0.50
0.65,0.05,0.00, 0.50
0.58,0.06,0.00, 0.25
0.49,0.06,0.00, 0.00
0.49,0.06,0.00, 0.00
0.49,0.06,0.00, 0.00
0.49,0.06,0.00, 0.00
0.49,0.06,0.00, 0.00
0.49,0.06,0.00, 0.00
0.49,0.06,0.00, 0.00
0.49,0.06,0.00, 0.00
0.49,0.06,0.00, 0.00
0.49,0.06,0.00, 0.00
0.49,0.06,0.00, 0.00
0.49,0.06,0.00, 0.00
0.49,0.06,0.00, 0.00
0.49,0.06,0.00, 0.00
0.49,0.06,0.00, 0.00
0.34,0.06,0.00, 0.00
0.54,0.05,9.85, 0.00
0.54,0.05,9.85, 0.00
0.54,0.05,9.85, 0.00
0.54,0.05,9.85, 0.00
0.54,0.05,9.85, 0.00
0.54,0.05,9.85, 0.00
0.54,0.05,9.85, 0.00
0.54,0.05,9.85, 0.00
0.54,0.05,9.85, 0.00
0.54,0.05,9.85, 0.00
0.54,0.05,9.85, 0.00
0.54,0.05,9.85, 0.00
0.54,0.05,9.85, 0.00
0.54,0.05,9.85, 0.00
0.54,0.05,9.85, 0.00
0.54,0.05,9.85, 0.00
0.56,0.05,1.13, 0.50
0.00,0.05,0.00, 0.00
0.00,0.05,0.00, 0.00
0.00,0.05,0.00, 0.00
0.00,0.05,0.00, 0.00
0.00,0.05,0.00, 0.00
0.00,0.05,0.00, 0.00
0.00,0.05,0.00, 0.00
0.00,0.05,0.00, 0.00
0.00,0.05,0.00, 0.00
0.00,0.05,0.00, 0.00
0.00,0.05,0.00, 0.00
0.00,0.05,0.00, 0.00
0.00,0.05,0.00, 0.00
0.00,0.05,0.00, 0.00
0.00,0.05,0.00, 0.00