0.02,0.05,0.99, 2.74
0.02,0.06,0.01, 0.26
0.02,0.05,0.00, 0.00
0.04,0.05,0.99, 0.00
0.04,0.05,0.01, 0.00
0.04,0.05,0.00, 0.00
0.07,0.05,1.48, 0.00
0.02,0.05,0.00, 0.00
0.02,0.05,0.00, 0.00
0.00,0.05,0.00, 0.00
0.02,0.05,0.99, 0.00
0.02,0.05,0.01, 0.00
0.00,0.05,0.00, 0.50
0.00,0.06,0.00, 0.25
0.00,0.05,0.00, 0.00
0.04,0.05,1.97, 0.00
0.04,0.05,0.03, 0.00
0.02,0.05,0.00, 0.50
0.04,0.05,0.99, 0.00
0.04,0.05,0.01, 0.00
0.00,0.05,0.00, 0.00
0.04,0.05,1.97, 0.00
0.02,0.05,0.00, 0.00
0.00,0.05,0.00, 0.50
0.00,0.06,0.00, 0.25
0.02,0.05,0.99, 0.00
0.02,0.05,0.01, 0.50
0.04,0.06,0.99, 0.25
0.02,0.06,0.00, 0.00
0.02,0.05,0.00, 0.00
0.02,0.05,0.00, 0.00
0.02,0.05,0.00, 0.00
0.02,0.05,0.00, 0.00
0.00,0.05,0.00, 0.00
0.02,0.05,0.99, 0.50
0.02,0.05,0.01, 0.00
0.00,0.05,0.00, 0.50
0.02,0.06,0.99, 0.25
0.00,0.05,0.00, 0.00
0.00,0.05,0.00, 0.50
0.02,0.06,0.99, 0.25
0.02,0.06,0.01, 0.00
0.04,0.06,0.99, 0.00
0.04,0.06,0.01, 0.00
0.04,0.06,0.00, 0.00
0.02,0.05,0.00, 0.00
0.00,0.05,0.00, 0.50
0.00,0.05,0.00, 0.00
0.00,0.05,0.00, 0.00
0.00,0.05,0.00, 0.50
0.00,0.05,0.00, 0.00
0.02,0.05,0.99, 0.00
0.02,0.05,0.01, 0.50
0.04,0.05,0.99, 0.00
0.07,0.05,1.49, 0.00
0.04,0.05,0.00, 0.50
0.04,0.06,0.00, 0.25
0.04,0.06,0.00, 0.00
0.02,0.06,0.00, 0.00
0.00,0.05,0.00, 0.00
0.00,0.05,0.00, 0.50
0.00,0.05,0.00, 0.00
0.00,0.05,0.00, 0.00
0.02,0.05,0.99, 0.00
0.02,0.05,0.01, 0.50
0.04,0.06,0.99, 0.25
0.04,0.05,0.01, 0.00
0.04,0.05,0.00, 0.50
0.04,0.06,0.00, 0.25
0.04,0.05,0.00, 0.00
0.00,0.05,0.00, 0.00
0.02,0.05,0.99, 0.00
0.02,0.05,0.01, 0.00
0.00,0.05,0.00, 0.00
0.02,0.05,0.99, 0.00
0.02,0.05,0.01, 0.00
0.02,0.05,0.00, 0.00
0.02,0.05,0.00, 0.50
0.02,0.05,0.00, 0.00
0.02,0.05,0.00, 0.50
0.02,0.05,0.00, 0.00
0.02,0.05,0.00, 0.00
0.02,0.05,0.00, 0.00
0.02,0.05,0.00, 0.50
0.02,0.05,0.00, 0.00
0.02,0.05,0.00, 0.00
0.02,0.05,0.00, 0.50
0.04,0.05,0.99, 0.00
0.02,0.05,0.00, 0.00
0.02,0.05,0.00, 0.00
0.02,0.05,0.00, 0.50
0.00,0.05,0.00, 0.00
0.02,0.05,0.99, 0.50
0.02,0.05,0.01, 0.00
0.02,0.05,0.00, 0.50
0.02,0.05,0.00, 0.00
0.04,0.05,0.99, 0.00
0.02,0.05,0.00, 0.50
0.00,0.05,0.00, 0.00
0.02,0.05,0.99, 0.50
0.02,0.06,0.01, 0.25
0.00,0.06,0.00, 0.00
0.00,0.06,0.00, 0.00
0.02,0.06,0.99, 0.00
0.02,0.06,0.01, 0.00
0.02,0.06,0.00, 0.00
0.02,0.05,0.00, 0.00
0.02,0.05,0.00, 0.00
0.02,0.05,0.00, 0.00
0.00,0.05,0.00, 0.50
0.00,0.05,0.00, 0.00
0.02,0.05,0.99, 0.50
0.02,0.06,0.01, 0.25
0.02,0.07,0.00, 0.50
0.07,0.05,2.46, 0.00
0.04,0.07,0.00, 1.25
0.04,0.06,0.00, 0.00
0.02,0.05,0.00, 0.00
0.02,0.05,0.00, 0.50
0.00,0.06,0.00, 0.25
0.00,0.05,0.00, 0.00
0.00,0.05,0.00, 0.50
0.02,0.05,0.99, 0.00
0.04,0.05,1.00, 0.50
0.04,0.05,0.01, 0.00
0.04,0.05,0.00, 0.00
0.04,0.05,0.00, 0.00
0.02,0.05,0.00, 0.50
0.02,0.06,0.00, 0.25
0.00,0.05,0.00, 0.00
0.00,0.05,0.00, 0.00
0.00,0.05,0.00, 0.00
0.02,0.05,0.99, 0.00
0.04,0.05,1.00, 0.50
0.04,0.06,0.01, 0.25
0.07,0.06,1.48, 0.00
0.04,0.06,0.00, 0.00
0.04,0.06,0.00, 0.00
0.00,0.05,0.00, 0.00
0.00,0.05,0.00, 0.00
0.00,0.05,0.00, 0.50
0.00,0.05,0.00, 0.00
0.00,0.05,0.00, 0.00
0.02,0.05,0.99, 0.50
0.07,0.06,2.48, 0.25
0.09,0.06,1.02, 0.00
0.09,0.06,0.02, 0.00
0.04,0.06,0.00, 0.00
0.02,0.06,0.00, 0.00
0.00,0.06,0.00, 0.00
0.00,0.05,0.00, 0.00
0.00,0.05,0.00, 0.00
0.00,0.05,0.00, 0.50
0.00,0.05,0.00, 0.00
0.02,0.05,0.99, 0.00
0.07,0.05,2.48, 0.00
0.11,0.05,2.01, 0.50
0.13,0.06,1.01, 0.25
0.09,0.06,0.00, 0.00
0.07,0.06,0.00, 0.00
0.04,0.05,0.00, 0.00
0.00,0.05,0.00, 0.00
0.00,0.05,0.00, 0.00
0.00,0.05,0.00, 0.00
0.00,0.05,0.00, 0.50
0.00,0.06,0.00, 0.25
0.00,0.06,0.00, 0.00
0.02,0.06,0.99, 0.00
0.04,0.06,1.00, 0.00
0.04,0.06,0.01, 0.00
0.07,0.06,1.48, 0.00
0.07,0.06,0.02, 0.00
0.04,0.05,0.00, 0.00
0.07,0.05,1.48, 0.50
0.02,0.06,0.00, 0.25
0.00,0.06,0.00, 0.00
0.00,0.06,0.00, 0.00
0.00,0.05,0.00, 0.00
0.00,0.05,0.00, 0.50
0.00,0.06,0.00, 0.25
0.00,0.06,0.00, 0.00
0.04,0.06,1.97, 0.00
0.07,0.06,1.51, 0.00
0.09,0.06,1.01, 0.00
0.09,0.06,0.01, 0.00
0.07,0.05,0.00, 0.00
0.02,0.06,0.00, 0.25
0.02,0.06,0.00, 0.00
0.00,0.06,0.00, 0.00
0.00,0.06,0.00, 0.00
0.00,0.06,0.00, 0.00
0.00,0.05,0.00, 0.00
0.02,0.05,0.99, 0.50
0.04,0.06,1.00, 0.25
0.02,0.05,0.00, 0.00
0.00,0.05,0.00, 0.00
0.02,0.05,0.99, 0.50
0.00,0.06,0.00, 0.25
0.00,0.06,0.00, 0.00
0.00,0.06,0.00, 0.00
0.02,0.05,0.99, 0.00
0.00,0.05,0.00, 0.50
0.02,0.06,0.99, 0.25
0.04,0.06,1.00, 0.00
0.02,0.06,0.00, 0.00
0.04,0.05,0.99, 0.00
0.04,0.05,0.01, 0.50
0.04,0.05,0.00, 0.00
0.04,0.05,0.00, 0.50
0.02,0.05,0.00, 0.00
0.00,0.08,0.00, 1.74
0.00,0.09,0.00, 0.50
0.00,0.15,0.00, 2.99
0.00,0.22,0.00, 3.50
0.00,0.79,0.00, 28.66
0.00,1.10,0.00, 15.30
0.00,1.51,0.00, 20.48
0.00,2.01,0.00, 25.23
0.00,2.56,0.00, 27.24
0.00,3.14,0.00, 29.24
0.00,3.74,0.00, 29.75
0.00,4.35,0.00, 30.50
0.49,4.97,24.14, 31.00
1.10,5.61,30.41, 31.75
1.34,6.22,12.27, 30.50
1.57,6.88,11.51, 32.99
1.99,7.50,20.86, 31.26
2.44,8.15,22.48, 32.25
2.73,8.81,14.62, 33.25
2.91,9.40,9.08, 29.51
2.91,9.40,9.08, 29.51
2.91,9.40,9.08, 29.51
2.91,9.40,9.08, 29.51
2.91,9.40,9.08, 29.51
3.14,9.81,11.46, 20.28
3.14,9.81,11.46, 20.28
3.14,9.81,11.46, 20.28
3.14,9.81,11.46, 20.28
3.14,9.81,11.46, 20.28
3.14,9.81,11.46, 20.28
3.14,9.81,11.46, 20.28
3.14,9.81,11.46, 20.28
3.14,9.81,11.46, 20.28
3.14,9.81,11.46, 20.28
3.14,9.81,11.46, 20.28
3.14,9.81,11.46, 20.28
3.14,9.81,11.46, 20.28
3.41,9.81,13.47, 0.32
3.41,9.81,13.47, 0.32
3.41,9.81,13.47, 0.32
3.41,9.81,13.47, 0.32
3.41,9.81,13.47, 0.32
3.41,9.81,13.47, 0.32
3.41,9.81,13.47, 0.32
3.65,9.81,12.02, 0.00
3.65,9.81,12.02, 0.00
3.65,9.81,0.18, 0.00
3.65,9.81,0.00, 0.00
3.68,9.81,1.48, 0.00
3.68,9.81,0.02, 0.00
3.65,9.81,0.00, 0.00
3.68,9.81,1.48, 0.00
3.65,9.81,0.00, 0.00
3.65,9.81,0.00, 0.00
3.65,9.81,0.00, 0.00
3.68,9.81,1.48, 0.00
3.68,9.81,0.02, 0.00
3.68,9.81,0.02, 0.00
3.68,9.81,0.02, 0.00
3.68,9.81,0.02, 0.00
3.68,9.81,0.02, 0.00
3.68,9.81,0.02, 0.00
3.68,9.81,0.02, 0.00
3.68,9.81,0.00, 0.00
3.68,9.81,0.00, 0.00
3.68,9.81,0.00, 0.00
3.68,9.81,0.00, 0.00
3.68,9.81,0.00, 0.00
3.68,9.81,0.00, 0.00
3.68,9.81,0.00, 0.00
3.68,9.81,0.00, 0.00
3.68,9.81,0.00, 0.00
3.68,9.61,0.00, 0.00
3.68,9.51,0.00, 0.00
3.68,9.51,0.00, 0.00
3.68,9.51,0.00, 0.00
3.68,9.51,0.00, 0.00
3.68,9.51,0.00, 0.00
3.68,9.51,0.00, 0.00
3.68,9.51,0.00, 0.00
3.68,9.51,0.00, 0.00
3.68,9.51,0.00, 0.00
3.68,9.51,0.00, 0.00
3.68,9.51,0.00, 0.00
3.68,9.51,0.00, 0.00
3.68,9.51,0.00, 0.00
3.68,9.51,0.00, 0.00
3.68,9.51,0.00, 0.00
3.68,9.51,0.00, 0.00
3.68,9.51,0.00, 0.00
3.68,9.51,0.00, 0.00
3.68,9.51,0.00, 0.00
3.68,9.51,0.00, 0.00
3.68,9.51,0.00, 0.00
3.68,9.51,0.00, 0.00
3.68,9.51,0.00, 0.00
3.68,9.51,0.00, 0.00
3.68,9.51,0.00, 0.00
3.68,9.51,0.00, 0.00
3.68,9.51,0.00, 0.00
3.68,9.51,0.00, 0.00
3.68,9.51,0.00, 0.00
3.68,9.51,0.00, 0.00
3.68,9.51,0.00, 0.00
3.68,9.51,0.00, 0.00
3.68,9.51,0.00, 0.00
3.68,9.51,0.00, 0.00
3.68,9.51,0.00, 0.00
3.68,9.51,0.00, 0.00
3.68,9.51,0.00, 0.00
3.68,9.51,0.00, 0.00
3.68,9.51,0.00, 0.00
3.68,9.51,0.00, 0.00
3.68,9.51,0.00, 0.00
3.68,9.51,0.00, 0.00
3.68,9.51,0.00, 0.00
3.68,9.51,0.00, 0.00
3.68,9.51,0.00, 0.00
3.68,9.51,0.00, 0.00
3.68,9.51,0.00, 0.00
3.68,9.51,0.00, 0.00
3.68,9.51,0.00, 0.00
3.68,9.51,0.00, 0.00
3.68,9.51,0.00, 0.00
3.68,9.51,0.00, 0.00
3.68,9.51,0.00, 0.00
3.68,9.51,0.00, 0.00
3.68,9.51,0.00, 0.00
3.68,9.51,0.00, 0.00
3.68,9.44,0.00, 0.00
3.68,9.44,0.00, 0.00
3.68,9.44,0.00, 0.00
3.68,9.44,0.00, 0.00
3.68,9.44,0.00, 0.00
3.68,9.44,0.00, 0.00
3.68,9.44,0.00, 0.00
3.68,9.44,0.00, 0.00
3.68,9.44,0.00, 0.00
3.68,9.44,0.00, 0.00
3.68,9.44,0.00, 0.00
3.68,9.44,0.00, 0.00
3.68,9.44,0.00, 0.00
3.68,9.07,0.00, 0.00
3.68,8.99,0.00, 0.00
3.68,8.99,0.00, 0.00
3.68,8.99,0.00, 0.00
3.68,8.99,0.00, 0.00
3.68,8.99,0.00, 0.00
3.68,8.99,0.00, 0.00
3.68,8.99,0.00, 0.00
3.68,8.99,0.00, 0.00
0.00,2.67,0.00, 0.00
0.00,0.06,0.00, 0.00
0.24,0.06,11.82, 0.00
0.00,0.05,0.00, 0.00
0.00,0.05,0.00, 0.00
0.00,0.05,0.00, 0.00
0.00,0.05,0.00, 0.00
0.09,0.05,4.43, 0.00
0.24,0.05,7.45, 0.00
0.42,0.05,8.98, 0.00
0.40,0.05,0.00, 0.00
0.42,0.05,0.99, 0.00
0.24,0.05,0.00, 0.50
0.07,0.06,0.00, 0.25
0.00,0.05,0.00, 0.00
0.00,0.05,0.00, 0.00
0.00,0.05,0.00, 0.50
0.00,0.06,0.00, 0.25
0.00,0.06,0.00, 0.00
0.00,0.06,0.00, 0.00
0.07,0.05,3.45, 0.00
0.27,0.05,9.90, 0.00
0.42,0.05,7.54, 0.50
0.42,0.05,7.54, 0.50
0.42,0.05,7.54, 0.50
0.42,0.05,7.54, 0.50
0.42,0.05,7.54, 0.50
0.42,0.05,7.54, 0.50
0.47,0.05,2.57, 0.00
0.47,0.05,2.57, 0.00
0.47,0.05,2.57, 0.00
0.49,0.05,1.02, 0.00
0.42,0.05,0.00, 0.00
0.09,0.05,0.00, 0.00
0.09,0.05,0.00, 0.00
0.13,0.05,1.97, 0.50
0.20,0.06,3.48, 0.25
0.20,0.06,3.48, 0.25
0.18,0.06,0.00, 0.00
0.18,0.06,0.00, 0.00
0.18,0.06,0.00, 0.00
0.18,0.06,0.00, 0.00
0.18,0.06,0.00, 0.00
0.18,0.06,0.00, 0.00
0.13,0.06,0.00, 0.00
0.13,0.06,0.00, 0.00
0.13,0.06,0.00, 0.00
0.09,0.06,0.00, 0.00
0.04,0.05,0.00, 0.00
0.24,0.10,9.85, 2.74
0.29,0.13,2.61, 1.50
0.38,0.16,4.47, 1.75
0.51,0.28,6.47, 5.49
0.69,0.47,8.96, 9.98
0.89,0.74,9.98, 13.24
0.89,0.74,9.98, 13.24
0.89,1.06,0.15, 15.99
0.89,1.06,0.15, 15.99
0.94,1.40,2.47, 17.00
0.94,1.40,2.47, 17.00
1.12,1.77,8.90, 18.49
1.23,2.23,5.55, 22.98
0.76,3.39,0.00, 57.62
0.87,4.07,5.42, 34.09
1.55,5.53,33.58, 72.86
1.55,5.53,33.58, 72.86
1.55,5.53,33.58, 72.86
1.55,5.53,33.58, 72.86
1.55,5.53,33.58, 72.86
1.55,5.53,33.58, 72.86
1.55,5.53,33.58, 72.86
1.55,5.53,33.58, 72.86
1.55,5.53,33.58, 72.86
1.55,5.53,33.58, 72.86
1.55,5.53,33.58, 72.86
1.55,5.53,33.58, 72.86
1.55,5.53,33.58, 72.86
1.55,5.53,33.58, 72.86
1.55,5.53,33.58, 72.86
1.55,5.53,33.58, 72.86
1.55,5.53,33.58, 72.86
1.55,5.53,33.58, 72.86
1.55,5.53,33.58, 72.86
1.55,5.53,33.58, 72.86
1.55,5.53,33.58, 72.86
1.55,5.53,33.58, 72.86
1.55,5.53,33.58, 72.86
1.55,5.53,33.58, 72.86
1.55,5.53,33.58, 72.86
1.55,5.53,33.58, 72.86
1.55,5.53,33.58, 72.86
1.55,5.53,33.58, 72.86
1.55,5.53,33.58, 72.86
1.55,5.53,33.58, 72.86
1.55,5.53,33.58, 72.86
1.55,5.53,33.58, 72.86
1.55,5.53,33.58, 72.86
1.55,5.53,33.58, 72.86
1.55,5.53,33.58, 72.86
1.55,5.53,33.58, 72.86
1.55,5.53,33.58, 72.86
1.55,5.53,33.58, 72.86
1.55,5.53,33.58, 72.86
1.55,5.53,33.58, 72.86
1.55,5.53,33.58, 72.86
1.55,5.53,33.58, 72.86
1.55,5.53,33.58, 72.86
1.55,5.53,33.58, 72.86
1.55,5.53,33.58, 72.86
1.55,5.53,33.58, 72.86
1.55,5.53,33.58, 72.86
1.55,5.53,33.58, 72.86
1.55,5.53,33.58, 72.86
1.55,5.53,33.58, 72.86
1.55,5.53,33.58, 72.86
1.55,5.53,33.58, 72.86
1.55,5.53,33.58, 72.86
1.90,6.23,17.74, 35.64
1.90,6.23,17.74, 35.64
1.90,6.23,17.74, 35.64
1.90,6.23,17.74, 35.64
1.90,6.23,17.74, 35.64
1.90,6.23,17.74, 35.64
1.90,6.23,17.74, 35.64
1.90,6.23,17.74, 35.64
1.90,6.23,17.74, 35.64
1.90,6.23,17.74, 35.64
1.90,6.23,17.74, 35.64
1.90,6.23,17.74, 35.64
1.90,6.23,17.74, 35.64
1.90,6.23,17.74, 35.64
1.90,6.23,17.74, 35.64
1.90,6.23,17.74, 35.64
1.90,6.23,17.74, 35.64
1.90,6.23,17.74, 35.64
1.90,6.23,17.74, 35.64
1.90,6.23,17.74, 35.64
1.90,6.23,17.74, 35.64
1.90,6.23,17.74, 35.64
1.90,6.23,17.74, 35.64
1.90,6.23,17.74, 35.64
1.90,6.23,17.74, 35.64
1.90,6.23,17.74, 35.64
1.90,6.23,17.74, 35.64
1.90,6.23,17.74, 35.64
1.90,6.23,17.74, 35.64
1.90,6.23,17.74, 35.64
1.90,6.23,17.74, 35.64
1.90,6.23,17.74, 35.64
2.55,6.91,32.28, 34.01
2.55,6.91,32.28, 34.01
2.55,6.91,32.28, 34.01
2.55,6.91,32.28, 34.01
2.55,6.91,32.28, 34.01
2.55,6.91,32.28, 34.01
2.55,6.91,32.28, 34.01
2.55,6.91,32.28, 34.01
2.55,6.91,32.28, 34.01
2.55,6.91,32.28, 34.01
2.55,6.91,32.28, 34.01
2.55,6.91,32.28, 34.01
2.55,6.91,32.28, 34.01
2.55,6.91,32.28, 34.01
2.55,6.91,32.28, 34.01
2.55,6.91,32.28, 34.01
2.55,6.91,32.28, 34.01
2.55,6.91,32.28, 34.01
2.55,6.91,32.28, 34.01
2.55,6.91,32.28, 34.01
2.55,6.91,32.28, 34.01
2.55,6.91,32.28, 34.01
2.55,6.91,32.28, 34.01
2.55,6.91,32.28, 34.01
2.55,6.91,32.28, 34.01
2.55,6.91,32.28, 34.01
2.55,6.91,32.28, 34.01
2.55,6.91,32.28, 34.01
2.55,6.91,32.28, 34.01
2.55,6.91,32.28, 34.01
2.55,6.91,32.28, 34.01
2.55,6.91,32.28, 34.01
2.98,7.61,21.66, 35.00
2.98,7.61,21.66, 35.00
2.98,7.61,21.66, 35.00
3.68,7.24,34.80, 0.00
3.68,7.24,34.80, 0.00
3.68,7.24,34.80, 0.00
3.68,7.24,34.80, 0.00
3.68,7.24,34.80, 0.00
3.68,7.24,34.80, 0.00
3.68,5.68,0.51, 0.00
1.14,1.59,0.00, 0.00
1.14,1.59,0.00, 0.00
0.96,0.05,0.00, 0.00
0.58,0.05,0.00, 0.00
0.00,0.04,0.00, 0.00
0.00,0.04,0.00, 0.00
0.00,0.04,0.00, 0.00
0.00,0.04,0.00, 0.00
0.00,0.04,0.00, 0.00
0.00,0.05,0.00, 1.00
0.00,0.06,0.00, 0.25
0.00,0.06,0.00, 0.00
0.40,0.05,19.71, 0.00
0.63,0.05,11.62, 0.00
0.65,0.05,1.16, 0.50
0.47,0.05,0.00, 0.00
0.27,0.05,0.00, 0.50
0.00,0.06,0.00, 0.25
0.00,0.06,0.00, 0.00
0.00,0.06,0.00, 0.00
0.00,0.06,0.00, 0.00
0.00,0.05,0.00, 0.00
0.15,0.05,7.39, 0.00
0.15,0.05,7.39, 0.00
0.15,0.05,7.39, 0.00
0.15,0.05,7.39, 0.00
0.15,0.05,7.39, 0.00
0.15,0.05,7.39, 0.00
0.15,0.05,7.39, 0.00
0.33,0.05,8.98, 0.00
0.47,0.05,7.03, 0.00
0.45,0.05,0.00, 0.00
0.00,0.06,0.00, 0.75
0.00,0.06,0.00, 0.00
0.00,0.06,0.00, 0.00
0.00,0.06,0.00, 0.00
0.00,0.06,0.00, 0.00
0.00,0.06,0.00, 0.00
0.00,0.06,0.00, 0.00
0.00,0.06,0.00, 0.00
0.00,0.06,0.00, 0.00
0.07,0.06,3.45, 0.00
0.27,0.06,9.90, 0.00
0.33,0.06,3.10, 0.00
0.04,0.05,0.00, 0.00
0.00,0.05,0.00, 0.00
0.00,0.05,0.00, 0.00
0.00,0.05,0.00, 0.50
0.00,0.05,0.00, 0.50
0.00,0.05,0.00, 0.50
0.00,0.05,0.00, 0.50
0.00,0.05,0.00, 0.50
0.00,0.05,0.00, 0.50
0.00,0.05,0.00, 0.50
0.00,0.05,0.00, 0.00
0.11,0.05,5.42, 0.00
0.11,0.05,5.42, 0.00
0.20,0.05,4.51, 0.50
0.20,0.05,4.51, 0.50
0.04,0.05,0.00, 0.00
0.00,0.05,0.00, 0.50
0.00,0.05,0.00, 0.00
0.00,0.05,0.00, 0.00
0.00,0.05,0.00, 0.00
0.00,0.05,0.00, 0.00
0.00,0.05,0.00, 0.00
0.00,0.05,0.00, 0.00
0.00,0.05,0.00, 0.00
0.04,0.05,1.97, 0.00
0.04,0.05,1.97, 0.00
0.04,0.05,1.97, 0.00
0.13,0.05,4.46, 0.00
0.13,0.05,4.46, 0.00
0.13,0.05,4.46, 0.00
0.13,0.05,4.46, 0.00
0.13,0.05,4.46, 0.00
0.13,0.05,4.46, 0.00
0.13,0.05,4.46, 0.00
0.13,0.05,4.46, 0.00
0.13,0.05,4.46, 0.00
0.13,0.05,4.46, 0.00
0.13,0.05,4.46, 0.00
0.13,0.05,4.46, 0.00
0.13,0.05,4.46, 0.00
0.13,0.05,4.46, 0.00
0.13,0.05,4.46, 0.00
0.13,0.05,4.46, 0.00
0.13,0.05,4.46, 0.00
0.13,0.05,4.46, 0.00
0.13,0.05,4.46, 0.00
0.13,0.05,4.46, 0.00
0.13,0.05,4.46, 0.00
0.13,0.05,4.46, 0.00
0.13,0.05,4.46, 0.00
0.13,0.05,4.46, 0.00
0.13,0.05,4.46, 0.00
0.24,0.05,5.48, 0.50
0.24,0.05,5.48, 0.50
0.24,0.05,5.48, 0.50
0.24,0.05,5.48, 0.50
0.24,0.05,5.48, 0.50
0.24,0.05,5.48, 0.50
0.24,0.05,5.48, 0.50
0.24,0.05,5.48, 0.50
0.24,0.05,5.48, 0.50
0.24,0.05,5.48, 0.50
0.00,0.05,0.00, 0.00
0.00,0.05,0.00, 0.00
0.00,0.06,0.00, 1.00
3.68,9.81,181.29, 485.47
3.68,9.81,2.67, 1.78
3.68,9.81,2.67, 1.78
3.68,9.81,2.67, 1.78
3.68,9.81,2.67, 1.78
3.68,9.81,2.67, 1.78
3.68,9.81,2.67, 1.78
3.68,9.81,2.67, 1.78
3.68,9.81,2.67, 1.78
3.68,9.81,2.67, 1.78
3.68,9.81,2.67, 1.78
3.68,9.81,2.67, 1.78
3.68,9.81,2.67, 1.78
3.68,9.81,0.04, 0.01
3.68,9.81,0.04, 0.01
3.68,9.81,0.00, 0.00
3.68,9.81,0.00, 0.00
3.68,8.28,0.00, 0.00
3.68,8.21,0.00, 0.00
3.68,8.21,0.00, 0.00
3.68,8.10,0.00, 0.00
3.70,7.86,0.99, 0.00
3.70,7.86,0.99, 0.00
3.70,7.86,0.99, 0.00
3.70,7.86,0.99, 0.00
3.70,7.86,0.99, 0.00
3.70,7.86,0.99, 0.00
3.70,7.86,0.99, 0.00
3.70,7.86,0.99, 0.00
3.68,7.70,0.00, 0.00
3.68,7.38,0.00, 0.00
3.68,7.38,0.00, 0.00
3.68,7.38,0.00, 0.00
3.68,7.38,0.00, 0.00
3.68,7.38,0.00, 0.00
3.68,7.38,0.00, 0.00
3.68,7.32,0.00, 0.00
3.68,7.32,0.00, 0.00
3.68,6.94,0.00, 0.00
3.68,6.94,0.00, 0.00
3.68,6.85,0.00, 0.00
3.70,6.42,0.99, 0.00
3.70,6.42,0.99, 0.00
3.68,6.14,0.00, 0.00
3.68,6.14,0.00, 0.00
3.68,6.14,0.00, 0.00
3.68,6.14,0.00, 0.00
3.68,6.14,0.00, 0.00
3.68,6.14,0.00, 0.00
3.68,6.14,0.00, 0.00
3.68,6.14,0.00, 0.00
3.68,6.14,0.00, 0.00
3.68,6.14,0.00, 0.00
3.68,6.14,0.00, 0.00
3.68,6.14,0.00, 0.00
3.68,6.14,0.00, 0.00
3.68,6.14,0.00, 0.00
3.68,6.09,0.00, 0.00
3.68,6.09,0.00, 0.00
3.68,6.09,0.00, 0.00
3.68,6.09,0.00, 0.00
3.68,6.09,0.00, 0.00
3.68,6.09,0.00, 0.00
3.68,6.09,0.00, 0.00
3.68,6.09,0.00, 0.00
3.68,6.09,0.00, 0.00
3.68,6.09,0.00, 0.00
3.68,6.09,0.00, 0.00
3.68,6.09,0.00, 0.00
3.68,6.09,0.00, 0.00
3.68,6.09,0.00, 0.00
3.68,6.09,0.00, 0.00
3.68,6.09,0.00, 0.00
3.68,6.09,0.00, 0.00
3.68,6.09,0.00, 0.00
3.68,6.09,0.00, 0.00
3.68,6.09,0.00, 0.00
3.68,6.09,0.00, 0.00
3.68,6.09,0.00, 0.00
3.68,6.09,0.00, 0.00
3.70,6.06,0.99, 0.00
3.70,6.04,0.01, 0.00
3.70,6.04,0.01, 0.00
3.70,6.04,0.01, 0.00
3.70,6.04,0.01, 0.00
3.70,6.04,0.01, 0.00
3.70,6.04,0.01, 0.00
3.70,6.04,0.01, 0.00
3.70,6.04,0.01, 0.00
3.70,6.04,0.01, 0.00
3.70,6.04,0.01, 0.00
3.70,6.04,0.01, 0.00
3.70,6.04,0.01, 0.00
3.70,6.04,0.01, 0.00
3.70,6.04,0.01, 0.00
3.70,6.04,0.01, 0.00
3.70,6.04,0.01, 0.00
3.70,6.04,0.01, 0.00
3.70,6.04,0.01, 0.00
3.70,6.04,0.01, 0.00
3.70,6.04,0.01, 0.00
3.70,6.04,0.01, 0.00
3.70,6.04,0.01, 0.00
3.70,6.04,0.01, 0.00
3.70,6.04,0.01, 0.00
3.70,6.04,0.01, 0.00
3.70,6.04,0.01, 0.00
3.70,6.04,0.01, 0.00
3.70,5.61,0.00, 0.00
3.70,4.71,0.00, 0.00
3.65,4.30,0.00, 0.00
3.65,4.30,0.00, 0.00
3.65,4.30,0.00, 0.00
3.65,4.30,0.00, 0.00
3.65,4.30,0.00, 0.00
3.65,4.30,0.00, 0.00
3.65,4.30,0.00, 0.00
0.42,0.05,0.00, 0.00
0.42,0.05,0.00, 0.00
0.42,0.05,0.00, 0.00
0.33,0.05,0.00, 0.00
0.33,0.05,0.00, 0.00
0.31,0.05,0.00, 0.00
0.29,0.05,0.00, 0.00
0.29,0.05,0.00, 0.00
0.29,0.05,0.00, 0.00
0.29,0.05,0.00, 0.00
0.29,0.05,0.00, 0.00
0.29,0.05,0.00, 0.00
0.29,0.05,0.00, 0.00
0.29,0.05,0.00, 0.00
0.29,0.05,0.00, 0.50
0.22,0.06,0.00, 0.25
0.22,0.06,0.00, 0.25
0.22,0.06,0.00, 0.25
0.22,0.06,0.00, 0.25
0.22,0.06,0.00, 0.25
0.22,0.06,0.00, 0.25
0.22,0.06,0.00, 0.25
0.22,0.06,0.00, 0.25
0.13,0.06,0.00, 0.00
0.31,0.05,8.87, 0.00
0.36,0.05,2.59, 0.00
0.36,0.05,2.59, 0.00
0.36,0.05,2.59, 0.00
0.36,0.05,2.59, 0.00
0.36,0.05,2.59, 0.00
0.36,0.05,2.59, 0.00
0.36,0.05,2.59, 0.00
0.36,0.05,2.59, 0.00
0.36,0.05,2.59, 0.00
0.36,0.05,2.59, 0.00
0.36,0.05,2.59, 0.00
0.36,0.05,2.59, 0.00
0.36,0.05,2.59, 0.00
0.36,0.05,2.59, 0.00
0.36,0.05,2.59, 0.00
0.36,0.05,2.59, 0.00
0.36,0.05,2.59, 0.00
0.36,0.05,2.59, 0.00
0.36,0.05,2.59, 0.00
0.36,0.05,2.59, 0.00
0.36,0.05,2.59, 0.00
0.36,0.05,2.59, 0.00
0.36,0.05,2.59, 0.00
0.36,0.05,2.59, 0.00
0.36,0.05,2.59, 0.00
0.36,0.05,2.59, 0.00
0.36,0.05,2.59, 0.00
0.36,0.05,2.59, 0.00
0.15,0.05,0.00, 0.00
0.15,0.05,0.00, 0.00
0.15,0.05,0.00, 0.00
0.15,0.05,0.00, 0.00
0.15,0.05,0.00, 0.00
0.15,0.05,0.00, 0.00
0.15,0.05,0.00, 0.00
0.15,0.05,0.00, 0.50
0.15,0.05,0.00, 0.50
0.15,0.05,0.00, 0.50
0.15,0.05,0.00, 0.50
0.15,0.05,0.00, 0.50
0.15,0.05,0.00, 0.50
0.15,0.05,0.00, 0.50
0.15,0.05,0.00, 0.50
0.15,0.05,0.00, 0.50
0.15,0.05,0.00, 0.50
0.22,0.04,3.45, 0.00
0.27,0.05,2.51, 0.50
0.15,0.09,0.00, 2.49
0.13,1.92,0.00, 91.17
0.27,2.47,6.90, 27.73
0.27,2.47,6.90, 27.73
0.27,2.47,6.90, 27.73
0.27,2.47,6.90, 27.73
0.27,2.47,6.90, 27.73
0.27,2.47,6.90, 27.73
0.27,2.47,6.90, 27.73
0.27,2.47,6.90, 27.73
0.27,2.47,6.90, 27.73
0.27,2.47,6.90, 27.73
0.27,2.47,6.90, 27.73
0.27,2.47,6.90, 27.73
0.27,2.47,6.90, 27.73
0.27,2.47,6.90, 27.73
0.27,2.47,6.90, 27.73
0.27,2.47,6.90, 27.73
0.27,2.47,6.90, 27.73
0.27,2.47,6.90, 27.73
0.27,2.47,6.90, 27.73
0.27,2.47,6.90, 27.73
0.27,2.47,6.90, 27.73
0.27,2.47,6.90, 27.73
0.27,2.47,6.90, 27.73
0.27,2.47,6.90, 27.73
0.27,2.47,6.90, 27.73
0.27,2.47,6.90, 27.73
0.27,2.47,6.90, 27.73
0.27,2.47,6.90, 27.73
0.27,2.47,6.90, 27.73
0.27,2.47,6.90, 27.73
0.27,2.47,6.90, 27.73
0.27,2.47,6.90, 27.73
0.27,2.47,6.90, 27.73
0.27,2.47,6.90, 27.73
0.27,2.47,6.90, 27.73
0.27,2.47,6.90, 27.73
0.27,2.47,6.90, 27.73
0.27,2.47,6.90, 27.73
0.27,2.47,6.90, 27.73
0.27,2.47,6.90, 27.73
0.27,2.47,6.90, 27.73
0.27,2.47,6.90, 27.73
0.27,2.47,6.90, 27.73
0.29,3.06,1.09, 29.00
0.18,3.72,0.00, 33.23
0.18,3.72,0.00, 33.23
0.18,3.72,0.00, 33.23
0.18,3.72,0.00, 33.23
0.18,3.72,0.00, 33.23
0.18,3.72,0.00, 33.23
0.18,3.72,0.00, 33.23
0.18,3.72,0.00, 33.23
0.18,3.72,0.00, 33.23
0.18,3.72,0.00, 33.23
0.18,3.72,0.00, 33.23
0.18,3.72,0.00, 33.23
0.18,3.72,0.00, 33.23
0.18,3.72,0.00, 33.23
0.18,3.72,0.00, 33.23
0.18,3.72,0.00, 33.23
0.18,3.72,0.00, 33.23
0.18,3.72,0.00, 33.23
0.18,3.72,0.00, 33.23
0.18,3.72,0.00, 33.23
0.00,4.43,0.00, 35.49
0.00,4.43,0.00, 35.49
0.00,4.43,0.00, 35.49
0.00,4.43,0.00, 35.49
0.00,4.43,0.00, 35.49
0.00,4.43,0.00, 35.49
0.00,4.43,0.00, 35.49
0.00,4.43,0.00, 35.49
0.00,4.43,0.00, 35.49
3.68,9.81,181.29, 268.15
3.68,9.81,181.29, 268.15
3.68,9.81,181.29, 268.15
3.68,9.81,181.29, 268.15
3.68,9.81,181.29, 268.15
3.68,9.81,181.29, 268.15
3.68,9.81,181.29, 268.15
3.68,9.81,181.29, 268.15
3.68,9.81,181.29, 268.15
3.68,9.81,181.29, 268.15
3.68,9.81,181.29, 268.15
3.68,9.81,181.29, 268.15
3.68,9.81,181.29, 268.15
3.68,9.81,181.29, 268.15
3.68,9.81,181.29, 268.15
3.68,9.81,181.29, 268.15
3.68,9.81,181.29, 268.15
3.68,9.81,181.29, 268.15
3.68,9.81,181.29, 268.15
3.68,9.81,181.29, 268.15
3.68,9.81,181.29, 268.15
3.68,9.81,181.29, 268.15
3.68,9.81,181.29, 268.15
3.68,9.81,181.29, 268.15
3.68,9.81,181.29, 268.15
3.68,9.81,181.29, 268.15
3.68,9.81,181.29, 268.15
3.68,9.81,181.29, 268.15
3.68,9.81,181.29, 268.15
3.68,9.81,181.29, 268.15
3.68,9.81,181.29, 268.15
3.68,9.81,181.29, 268.15
3.68,9.81,181.29, 268.15
3.68,9.81,181.29, 268.15
3.68,9.81,181.29, 268.15
3.68,9.81,181.29, 268.15
3.68,9.81,181.29, 268.15
3.68,9.81,181.29, 268.15
3.68,9.81,181.29, 268.15
3.68,9.81,181.29, 268.15
3.68,9.81,181.29, 268.15
3.68,9.81,181.29, 268.15
3.68,9.81,181.29, 268.15
3.68,9.81,181.29, 268.15
3.68,9.81,181.29, 268.15
3.68,9.81,181.29, 268.15
3.68,9.81,181.29, 268.15
3.70,9.81,3.65, 0.98
3.70,9.81,3.65, 0.98
3.68,9.34,0.00, 0.00
3.68,9.34,0.00, 0.00
3.68,9.34,0.00, 0.00
3.68,9.34,0.00, 0.00
3.68,9.34,0.00, 0.00
3.68,9.34,0.00, 0.00
3.68,9.34,0.00, 0.00
3.70,8.47,0.99, 0.00
3.70,4.72,0.01, 0.00
3.70,4.72,0.01, 0.00
3.70,4.72,0.01, 0.00
3.70,4.72,0.01, 0.00
3.70,4.72,0.01, 0.00
3.70,4.72,0.01, 0.00
3.70,4.72,0.01, 0.00
3.70,4.72,0.01, 0.00
3.70,4.52,0.00, 0.00
0.24,3.73,0.00, 0.00
1.81,3.59,77.35, 0.00
1.21,2.53,0.00, 0.00
1.21,2.53,0.00, 0.00
0.92,2.24,0.00, 0.00
0.96,2.01,1.97, 0.00
0.83,1.73,0.00, 0.00
0.78,1.10,0.00, 0.00
0.78,1.10,0.00, 0.00
0.78,1.10,0.00, 0.00
0.78,1.10,0.00, 0.00
0.78,1.10,0.00, 0.00
0.78,1.10,0.00, 0.00
0.78,1.10,0.00, 0.00
0.78,1.10,0.00, 0.00
0.81,0.77,1.48, 0.00
0.81,0.77,1.48, 0.00
0.81,0.77,1.48, 0.00
0.85,0.46,1.99, 0.00
0.85,0.46,1.99, 0.00
0.85,0.46,1.99, 0.00
0.85,0.46,1.99, 0.00
0.85,0.46,1.99, 0.00
0.85,0.46,1.99, 0.00
0.85,0.46,1.99, 0.00
0.85,0.46,1.99, 0.00
0.85,0.46,1.99, 0.00
0.85,0.46,1.99, 0.00
0.85,0.46,1.99, 0.00
0.85,0.46,1.99, 0.00
0.85,0.46,1.99, 0.00
0.85,0.46,1.99, 0.00
0.85,0.46,1.99, 0.00
0.85,0.46,1.99, 0.00
0.85,0.46,1.99, 0.00
0.85,0.46,1.99, 0.00
0.85,0.46,1.99, 0.00
0.85,0.46,1.99, 0.00
0.85,0.46,1.99, 0.00
0.85,0.46,1.99, 0.00
0.85,0.46,1.99, 0.00
0.85,0.46,1.99, 0.00
0.85,0.46,1.99, 0.00
0.85,0.46,1.99, 0.00
0.85,0.46,1.99, 0.00
0.85,0.46,1.99, 0.00
1.01,0.22,7.91, 0.00
0.29,0.05,0.00, 0.00
0.29,0.05,0.00, 0.00
0.29,0.05,0.00, 0.00
0.29,0.05,0.00, 0.00
0.29,0.05,0.00, 0.00
0.29,0.05,0.00, 0.00
0.00,0.05,0.00, 0.00
0.00,0.05,0.00, 0.00
0.22,0.06,10.84, 0.75
0.22,0.06,0.16, 0.00
0.63,0.05,20.20, 0.00
0.63,0.05,20.20, 0.00
0.63,0.05,20.20, 0.00
0.63,0.06,0.30, 0.25
0.54,0.05,0.00, 0.00
0.45,0.05,0.00, 0.00
0.42,0.05,0.00, 0.00
0.42,0.05,0.00, 0.00
0.42,0.05,0.00, 0.00
0.42,0.05,0.00, 0.00
0.42,0.05,0.00, 0.00
0.45,0.05,1.48, 0.00
0.47,0.05,1.01, 0.50
0.49,0.05,1.00, 0.00
0.49,0.05,0.01, 0.00
0.45,0.05,0.00, 0.00
0.45,0.05,0.00, 0.00
0.45,0.05,0.00, 0.00
0.45,0.05,0.00, 0.00
0.45,0.05,0.00, 0.00
0.45,0.05,0.00, 0.00
0.45,0.05,0.00, 0.00
0.45,0.05,0.00, 0.00
0.45,0.05,0.00, 0.00
0.45,0.05,0.00, 0.00
0.45,0.05,0.00, 0.00
0.45,0.05,0.00, 0.00
0.45,0.05,0.00, 0.00
0.45,0.05,0.00, 0.50
0.45,0.05,0.00, 0.50
0.45,0.05,0.00, 0.50
0.42,0.05,0.00, 0.00
0.42,0.05,0.00, 0.00
0.42,0.05,0.00, 0.50
0.40,0.05,0.00, 0.00
0.40,0.05,0.00, 0.00
0.40,0.05,0.00, 0.00
0.40,0.05,0.00, 0.00
0.40,0.05,0.00, 0.00
0.40,0.05,0.00, 0.00
0.40,0.05,0.00, 0.00
0.40,0.05,0.00, 0.00
0.40,0.05,0.00, 0.00
0.40,0.05,0.00, 0.00
0.40,0.05,0.00, 0.00
0.40,0.05,0.00, 0.00
0.40,0.05,0.00, 0.00
0.40,0.05,0.00, 0.00
0.40,0.05,0.00, 0.00
0.40,0.05,0.00, 0.00
0.40,0.05,0.00, 0.00
0.40,0.05,0.00, 0.00
0.40,0.05,0.00, 0.00
0.40,0.05,0.00, 0.00
0.40,0.05,0.00, 0.00
0.40,0.05,0.00, 0.00
0.40,0.05,0.00, 0.00
0.40,0.05,0.00, 0.00
0.40,0.05,0.00, 0.00
0.40,0.05,0.00, 0.00
0.40,0.05,0.00, 0.00
0.40,0.05,0.00, 0.00
0.40,0.05,0.00, 0.00
0.40,0.05,0.00, 0.00
0.40,0.05,0.00, 0.00
0.40,0.05,0.00, 0.00
0.40,0.05,0.00, 0.00
0.40,0.05,0.00, 0.00
0.40,0.05,0.00, 0.00
0.40,0.05,0.00, 0.00
0.40,0.05,0.00, 0.00
0.40,0.05,0.00, 0.00
0.40,0.05,0.00, 0.00
0.40,0.05,0.00, 0.00
0.40,0.05,0.00, 0.00
0.40,0.05,0.00, 0.00
0.40,0.05,0.00, 0.00
0.40,0.05,0.00, 0.00
0.40,0.05,0.00, 0.00
0.40,0.05,0.00, 0.00
0.40,0.05,0.00, 0.00
0.40,0.05,0.00, 0.00
0.40,0.05,0.00, 0.00
0.40,0.05,0.00, 0.00
0.40,0.05,0.00, 0.00
0.40,0.05,0.00, 0.00
0.40,0.05,0.00, 0.00
0.40,0.05,0.00, 0.00
0.47,0.12,3.45, 2.99
0.69,0.34,10.89, 11.22
0.83,0.63,7.06, 14.49
3.68,9.81,140.51, 457.37
3.68,9.81,2.07, 1.67
3.68,9.81,0.03, 0.01
3.70,9.81,0.99, 0.00
3.68,9.81,0.00, 0.00
3.68,9.81,0.00, 0.00
3.68,9.81,0.00, 0.00
3.68,9.81,0.00, 0.00
3.68,9.81,0.00, 0.00
3.68,9.81,0.00, 0.00
3.68,9.81,0.00, 0.00
3.68,9.81,0.00, 0.00
3.68,9.81,0.00, 0.00
3.68,9.81,0.00, 0.00
3.68,9.81,0.00, 0.00
3.68,9.81,0.00, 0.00
3.68,9.81,0.00, 0.00
3.68,9.81,0.00, 0.00
3.68,9.81,0.00, 0.00
3.68,9.81,0.00, 0.00
3.68,9.81,0.00, 0.00
3.68,9.81,0.00, 0.00
3.68,9.81,0.00, 0.00
3.68,9.81,0.00, 0.00
3.68,9.81,0.00, 0.00
3.70,8.27,0.99, 0.00
3.68,7.81,0.00, 0.00
3.68,7.81,0.00, 0.00
3.68,7.60,0.00, 0.00
3.68,7.60,0.00, 0.00
3.68,7.60,0.00, 0.00
3.68,7.60,0.00, 0.00
3.68,7.60,0.00, 0.00
3.68,7.60,0.00, 0.00
3.68,7.60,0.00, 0.00
3.68,7.60,0.00, 0.00
3.68,7.60,0.00, 0.00
3.68,7.60,0.00, 0.00
3.68,7.60,0.00, 0.00
3.68,7.60,0.00, 0.00
3.68,7.60,0.00, 0.00
3.68,7.60,0.00, 0.00
3.68,7.60,0.00, 0.00
3.68,7.60,0.00, 0.00
3.68,7.60,0.00, 0.00
3.68,7.60,0.00, 0.00
3.68,7.60,0.00, 0.00
3.68,7.60,0.00, 0.00
3.68,7.60,0.00, 0.00
3.68,7.60,0.00, 0.00
3.68,7.60,0.00, 0.00
3.68,7.60,0.00, 0.00
3.68,7.60,0.00, 0.00
3.68,7.60,0.00, 0.00
3.68,7.60,0.00, 0.00
3.68,7.60,0.00, 0.00
3.68,7.60,0.00, 0.00
3.68,7.60,0.00, 0.00
3.68,7.60,0.00, 0.00
3.68,7.60,0.00, 0.00
3.68,7.60,0.00, 0.00
3.68,7.60,0.00, 0.00
3.68,7.60,0.00, 0.00
3.68,7.60,0.00, 0.00
3.68,7.60,0.00, 0.00
3.68,7.60,0.00, 0.00
3.68,7.60,0.00, 0.00
3.68,7.35,0.00, 0.00
3.68,7.35,0.00, 0.00
3.68,7.35,0.00, 0.00
3.68,6.85,0.00, 0.00
3.68,6.59,0.00, 0.00
3.68,3.89,0.00, 0.00
3.68,3.89,0.00, 0.00
3.70,3.81,0.99, 0.00
3.65,3.74,0.00, 0.00
3.03,3.65,0.00, 0.00
0.72,3.57,0.00, 0.00
0.72,3.57,0.00, 0.00
0.72,3.57,0.00, 0.00
0.72,3.57,0.00, 0.00
0.72,3.57,0.00, 0.00
0.72,3.57,0.00, 0.00
0.72,3.57,0.00, 0.00
1.48,3.54,37.44, 0.00
1.48,3.54,37.44, 0.00
3.32,3.51,91.20, 0.00
3.56,3.48,13.17, 0.00
3.56,3.48,13.17, 0.00
3.56,3.48,13.17, 0.00
3.56,3.48,13.17, 0.00
3.56,3.48,13.17, 0.00
3.56,3.48,13.17, 0.00
3.56,3.48,13.17, 0.00
3.56,3.48,13.17, 0.00
2.29,2.93,0.00, 0.00
1.93,2.88,0.00, 0.00
1.93,2.88,0.00, 0.00
1.63,2.80,0.00, 0.00
1.46,0.87,0.00, 0.00
1.32,0.42,0.00, 0.00
1.12,0.13,0.00, 0.00
1.05,0.05,0.00, 0.00
1.16,0.05,5.42, 0.50
1.21,0.06,2.54, 0.25
1.16,0.06,0.00, 0.00
0.94,0.06,0.00, 0.00
0.60,0.06,0.00, 0.00
0.60,0.06,0.00, 0.00
0.09,0.06,0.00, 0.00
0.00,0.07,0.00, 0.50
0.00,0.07,0.00, 0.50
0.00,0.06,0.00, 0.00
0.00,0.06,0.00, 0.00
0.00,0.06,0.00, 0.00
0.00,0.06,0.00, 0.00
0.00,0.06,0.00, 0.00
0.00,0.06,0.00, 0.00
0.18,0.05,8.87, 0.00
0.18,0.05,8.87, 0.00
0.18,0.05,8.87, 0.00
0.87,0.05,34.12, 0.00
0.87,0.05,0.50, 0.00
0.78,0.05,0.00, 0.50
0.74,0.05,0.00, 0.00
0.72,0.05,0.00, 0.00
0.72,0.05,0.00, 0.00
0.72,0.05,0.00, 0.00
0.72,0.05,0.00, 0.00
0.72,0.05,0.00, 0.00
0.74,0.05,0.99, 0.00
0.74,0.05,0.01, 0.00
0.67,0.05,0.00, 0.50
0.00,0.06,0.00, 0.25
0.00,0.06,0.00, 0.25
0.00,0.06,0.00, 0.25
0.00,0.06,0.00, 0.25
0.00,0.06,0.00, 0.25
0.00,0.06,0.00, 0.25
0.00,0.06,0.00, 0.25
0.00,0.06,0.00, 0.25
0.00,0.06,0.00, 0.25
0.00,0.06,0.00, 0.25
0.00,0.06,0.00, 0.25
0.00,0.06,0.00, 0.00
0.00,0.06,0.00, 0.00
0.00,0.06,0.00, 0.00
0.00,0.06,0.00, 0.00
0.00,0.06,0.00, 0.00
0.00,0.06,0.00, 0.00
0.00,0.06,0.00, 0.00
0.00,0.06,0.00, 0.00
0.00,0.06,0.00, 0.00
0.00,0.06,0.00, 0.00
0.00,0.06,0.00, 0.00
0.00,0.06,0.00, 0.00
0.00,0.06,0.00, 0.00
0.00,0.06,0.00, 0.00
0.00,0.06,0.00, 0.00
0.00,0.06,0.00, 0.00
0.00,0.06,0.00, 0.00
0.00,0.06,0.00, 0.00
0.00,0.06,0.00, 0.00
0.00,0.06,0.00, 0.00
0.00,0.06,0.00, 0.00
0.00,0.06,0.00, 0.00
0.00,0.06,0.00, 0.00
0.00,0.06,0.00, 0.00
0.00,0.06,0.00, 0.00
0.00,0.06,0.00, 0.00
0.13,0.06,6.40, 0.00
0.13,0.06,6.40, 0.00
0.31,0.06,8.96, 0.00
0.49,0.05,9.00, 0.00
0.47,0.05,0.00, 0.50
0.40,0.06,0.00, 0.25
0.40,0.06,0.00, 0.25
0.33,0.06,0.00, 0.00
0.33,0.06,0.00, 0.00
0.33,0.06,0.00, 0.00
0.33,0.06,0.00, 0.00
0.33,0.06,0.00, 0.00
0.33,0.06,0.00, 0.00
0.33,0.06,0.00, 0.00
0.33,0.06,0.00, 0.00
0.33,0.06,0.00, 0.00
0.33,0.06,0.00, 0.00
0.33,0.06,0.00, 0.00
0.33,0.06,0.00, 0.00
0.33,0.06,0.00, 0.00
0.33,0.06,0.00, 0.00
0.27,0.06,0.00, 0.00
0.27,0.06,0.00, 0.00
0.27,0.06,0.00, 0.00
0.27,0.06,0.00, 0.00
0.29,0.06,0.99, 0.00
0.20,1.55,0.00, 74.23
0.20,1.55,0.00, 74.23
0.22,2.34,0.99, 39.38
0.22,2.34,0.99, 39.38
0.22,2.34,0.99, 39.38
0.22,2.34,0.99, 39.38
0.22,2.34,0.99, 39.38
0.22,2.34,0.99, 39.38
0.22,2.34,0.99, 39.38
0.54,3.39,15.78, 52.70
0.54,3.39,15.78, 52.70
0.54,3.39,15.78, 52.70
0.54,3.39,15.78, 52.70
0.54,3.39,15.78, 52.70
0.54,3.39,15.78, 52.70
0.54,3.39,15.78, 52.70
0.54,3.39,15.78, 52.70
0.54,3.39,15.78, 52.70
0.54,3.39,15.78, 52.70
0.54,3.39,15.78, 52.70
0.54,3.39,15.78, 52.70
0.54,3.39,15.78, 52.70
0.54,3.39,15.78, 52.70
0.54,3.39,15.78, 52.70
0.54,3.39,15.78, 52.70
0.54,3.39,15.78, 52.70
0.54,3.39,15.78, 52.70
0.54,3.39,15.78, 52.70
0.54,3.39,15.78, 52.70
0.54,3.39,15.78, 52.70
0.54,3.39,15.78, 52.70
0.54,3.39,15.78, 52.70
0.54,3.39,15.78, 52.70
0.54,3.39,15.78, 52.70
0.54,3.39,15.78, 52.70
0.54,3.39,15.78, 52.70
0.54,3.39,15.78, 52.70
0.54,3.39,15.78, 52.70
0.54,3.39,15.78, 52.70
0.54,3.39,15.78, 52.70
0.54,3.39,15.78, 52.70
0.54,3.39,15.78, 52.70
0.54,3.39,15.78, 52.70
0.54,3.39,15.78, 52.70
0.54,3.39,15.78, 52.70
0.54,3.39,15.78, 52.70
0.54,3.39,15.78, 52.70
0.54,3.39,15.78, 52.70
0.54,3.39,15.78, 52.70
0.54,3.39,15.78, 52.70
0.54,3.39,15.78, 52.70
0.69,4.01,7.62, 31.08
0.69,4.01,7.62, 31.08
0.69,4.01,7.62, 31.08
0.69,4.01,7.62, 31.08
0.69,4.01,7.62, 31.08
0.69,4.01,7.62, 31.08
0.69,4.01,7.62, 31.08
0.69,4.01,7.62, 31.08
0.69,4.01,7.62, 31.08
0.69,4.01,7.62, 31.08
0.69,4.01,7.62, 31.08
0.69,4.01,7.62, 31.08
0.69,4.01,7.62, 31.08
0.69,4.01,7.62, 31.08
0.69,4.01,7.62, 31.08
0.69,4.01,7.62, 31.08
0.69,4.01,7.62, 31.08
0.69,4.01,7.62, 31.08
0.69,4.01,7.62, 31.08
0.69,4.01,7.62, 31.08
0.69,4.01,7.62, 31.08
0.69,4.01,7.62, 31.08
0.69,4.01,7.62, 31.08
0.69,4.01,7.62, 31.08
0.69,4.01,7.62, 31.08
0.69,4.01,7.62, 31.08
0.69,4.01,7.62, 31.08
0.69,4.01,7.62, 31.08
0.69,4.01,7.62, 31.08
0.69,4.01,7.62, 31.08
0.69,4.01,7.62, 31.08
0.69,4.01,7.62, 31.08
0.69,4.01,7.62, 31.08
0.69,4.01,7.62, 31.08
0.69,4.01,7.62, 31.08
0.69,4.01,7.62, 31.08
0.69,4.01,7.62, 31.08
0.69,4.01,7.62, 31.08
0.69,4.01,7.62, 31.08
0.69,4.01,7.62, 31.08
0.69,4.01,7.62, 31.08
0.69,4.01,7.62, 31.08
0.69,4.01,7.62, 31.08
0.69,4.01,7.62, 31.08
0.69,4.01,7.62, 31.08
0.69,4.01,7.62, 31.08
0.69,4.01,7.62, 31.08
0.69,4.01,7.62, 31.08
0.69,4.01,7.62, 31.08
0.69,4.01,7.62, 31.08
0.69,4.01,7.62, 31.08
0.69,4.01,7.62, 31.08
0.69,4.01,7.62, 31.08
0.69,4.01,7.62, 31.08
0.69,4.01,7.62, 31.08
0.69,4.01,7.62, 31.08
0.69,4.01,7.62, 31.08
0.69,4.01,7.62, 31.08
0.69,4.01,7.62, 31.08
0.69,4.01,7.62, 31.08
0.69,4.01,7.62, 31.08
0.69,4.01,7.62, 31.08
0.69,4.01,7.62, 31.08
0.69,4.01,7.62, 31.08
0.69,4.01,7.62, 31.08
0.69,4.01,7.62, 31.08
0.69,4.01,7.62, 31.08
0.69,4.01,7.62, 31.08
0.69,4.01,7.62, 31.08
0.69,4.01,7.62, 31.08
0.69,4.01,7.62, 31.08
0.69,4.01,7.62, 31.08
0.69,4.01,7.62, 31.08
0.81,4.57,6.02, 27.76
0.81,4.57,6.02, 27.76
0.81,4.57,6.02, 27.76
0.81,4.57,6.02, 27.76
0.81,4.57,6.02, 27.76
0.81,4.57,6.02, 27.76
0.81,4.57,6.02, 27.76
0.81,4.57,6.02, 27.76
0.81,4.57,6.02, 27.76
0.81,4.57,6.02, 27.76
0.81,4.57,6.02, 27.76
0.81,4.57,6.02, 27.76
0.81,4.57,6.02, 27.76
0.81,4.57,6.02, 27.76
2.73,7.51,94.68, 146.56
2.73,7.51,94.68, 146.56
2.73,7.51,94.68, 146.56
2.73,7.51,94.68, 146.56
2.73,7.51,94.68, 146.56
2.73,7.51,94.68, 146.56
2.73,7.51,94.68, 146.56
3.68,9.81,48.19, 115.36
3.68,4.86,0.71, 0.00
3.29,2.66,0.00, 0.00
2.80,1.00,0.00, 0.00
1.39,0.66,0.00, 0.00
1.10,0.34,0.00, 0.00
1.10,0.34,0.00, 0.00
2.11,0.16,49.76, 0.00
2.11,0.16,49.76, 0.00
1.77,0.08,0.00, 0.00
1.77,0.08,0.00, 0.00
1.77,0.08,0.00, 0.00
1.77,0.08,0.00, 0.00
1.77,0.08,0.00, 0.00
1.77,0.08,0.00, 0.00
1.77,0.08,0.00, 0.00
2.13,0.04,17.74, 0.00
2.13,0.04,17.74, 0.00
2.37,0.05,12.08, 0.25
1.63,0.05,0.00, 0.00
1.63,0.05,0.00, 0.00
0.00,0.07,0.00, 1.25
0.00,0.07,0.00, 1.25
0.00,0.07,0.00, 1.25
0.00,0.07,0.00, 1.25
0.00,0.07,0.00, 1.25
0.00,0.07,0.00, 1.25
0.00,0.05,0.00, 0.00
0.00,0.05,0.00, 0.00
0.00,0.05,0.00, 0.00
0.49,0.04,24.14, 0.00
0.78,0.05,14.64, 0.50
0.00,0.06,0.00, 0.75
0.00,0.06,0.00, 0.75
0.00,0.06,0.00, 0.75
0.00,0.06,0.00, 0.75
0.00,0.05,0.00, 0.00
0.13,0.05,6.40, 0.50
0.31,0.05,8.96, 0.00
0.29,0.05,0.00, 0.00
0.36,0.05,3.45, 0.00
0.38,0.05,1.04, 0.50
0.33,0.05,0.00, 0.00
0.33,0.05,0.00, 0.00
0.33,0.05,0.00, 0.00
0.11,0.05,0.00, 0.00
0.11,0.05,0.00, 0.00
0.11,0.05,0.00, 0.00
0.11,0.05,0.00, 0.00
0.11,0.05,0.00, 0.00
0.11,0.05,0.00, 0.00
0.15,0.05,1.97, 0.00
0.15,0.05,1.97, 0.00
0.02,0.05,0.00, 0.00
0.02,0.05,0.00, 0.00
0.02,0.05,0.00, 0.00
0.02,0.05,0.00, 0.00
0.02,0.05,0.00, 0.00
0.02,0.05,0.00, 0.00
0.02,0.05,0.00, 0.00
0.02,0.05,0.00, 0.00
0.02,0.05,0.00, 0.00
0.24,0.06,10.84, 0.75
0.00,0.06,0.00, 0.00
0.00,0.06,0.00, 0.00
0.00,0.06,0.00, 0.00
0.00,0.06,0.00, 0.00
0.00,0.06,0.00, 0.00
0.00,0.06,0.00, 0.00
0.00,0.06,0.00, 0.00
0.00,0.06,0.00, 0.00
0.00,0.06,0.00, 0.00
0.00,0.06,0.00, 0.00
0.00,0.06,0.00, 0.00
0.00,0.06,0.00, 0.00
0.00,0.06,0.00, 0.00
0.18,0.07,8.87, 0.50
0.18,0.07,8.87, 0.50
0.69,0.07,25.26, 0.00
0.67,0.08,0.00, 0.50
0.67,0.08,0.00, 0.50
0.67,0.08,0.00, 0.50
0.67,0.08,0.00, 0.50
0.67,0.08,0.00, 0.50
0.67,0.08,0.00, 0.50
0.67,0.08,0.00, 0.50
0.67,0.08,0.00, 0.50
0.67,0.08,0.00, 0.50
0.67,0.08,0.00, 0.50
0.67,0.08,0.00, 0.50
0.67,0.08,0.00, 0.50
0.67,0.08,0.00, 0.50
0.67,0.08,0.00, 0.50
0.67,0.08,0.00, 0.50
0.67,0.08,0.00, 0.50
0.60,0.17,0.00, 4.73
0.58,0.17,0.00, 0.02
0.56,0.28,0.00, 5.48
0.56,0.28,0.00, 5.48
0.56,0.28,0.00, 5.48
0.56,0.28,0.00, 5.48
0.56,0.28,0.00, 5.48
0.56,0.28,0.00, 5.48
0.56,0.28,0.00, 5.48
1.77,5.55,59.61, 262.31
1.77,5.55,59.61, 262.31
1.77,5.55,59.61, 262.31
1.77,5.55,59.61, 262.31
1.77,5.55,59.61, 262.31
1.77,5.55,59.61, 262.31
1.77,5.55,59.61, 262.31
1.77,5.55,59.61, 262.31
1.77,5.55,59.61, 262.31
1.77,5.55,59.61, 262.31
1.77,5.55,59.61, 262.31
1.77,5.55,59.61, 262.31
1.77,5.55,59.61, 262.31
1.77,5.55,59.61, 262.31
1.77,5.55,59.61, 262.31
1.77,5.55,59.61, 262.31
1.77,5.55,59.61, 262.31
1.77,5.55,59.61, 262.31
1.77,5.55,59.61, 262.31
1.77,5.55,59.61, 262.31
1.77,5.55,59.61, 262.31
1.77,5.55,59.61, 262.31
1.77,5.55,59.61, 262.31
1.77,5.55,59.61, 262.31
1.77,5.55,59.61, 262.31
1.77,5.55,59.61, 262.31
1.77,5.55,59.61, 262.31
1.77,5.55,59.61, 262.31
1.77,5.55,59.61, 262.31
1.77,5.55,59.61, 262.31
1.77,5.55,59.61, 262.31
1.77,5.55,59.61, 262.31
1.77,5.55,59.61, 262.31
1.77,5.55,59.61, 262.31
1.77,5.55,59.61, 262.31
1.77,5.55,59.61, 262.31
1.77,5.55,59.61, 262.31
1.77,5.55,59.61, 262.31
1.77,5.55,59.61, 262.31
1.77,5.55,59.61, 262.31
1.77,5.55,59.61, 262.31
1.77,5.55,59.61, 262.31
1.77,5.55,59.61, 262.31
1.77,5.55,59.61, 262.31
1.77,5.55,59.61, 262.31
1.77,5.55,59.61, 262.31
1.77,5.55,59.61, 262.31
1.77,5.55,59.61, 262.31
1.77,5.55,59.61, 262.31
1.77,5.55,59.61, 262.31
1.77,5.55,59.61, 262.31
1.77,5.55,59.61, 262.31
1.77,5.55,59.61, 262.31
1.77,5.55,59.61, 262.31
1.77,5.55,59.61, 262.31
1.77,5.55,59.61, 262.31
1.77,5.55,59.61, 262.31
1.77,5.55,59.61, 262.31
1.77,5.55,59.61, 262.31
1.77,5.55,59.61, 262.31
1.77,5.55,59.61, 262.31
1.77,5.55,59.61, 262.31
1.77,5.55,59.61, 262.31
1.77,5.55,59.61, 262.31
1.77,5.55,59.61, 262.31
1.77,5.55,59.61, 262.31
1.77,5.55,59.61, 262.31
1.77,5.55,59.61, 262.31
1.77,5.55,59.61, 262.31
1.77,5.55,59.61, 262.31
1.77,5.55,59.61, 262.31
1.77,5.55,59.61, 262.31
1.77,5.55,59.61, 262.31
1.77,5.55,59.61, 262.31
1.77,5.55,59.61, 262.31
1.77,5.55,59.61, 262.31
1.77,5.55,59.61, 262.31
1.77,5.55,59.61, 262.31
1.77,5.55,59.61, 262.31
1.77,5.55,59.61, 262.31
1.77,5.55,59.61, 262.31
1.77,5.55,59.61, 262.31
1.77,5.55,59.61, 262.31
1.77,5.55,59.61, 262.31
1.77,5.55,59.61, 262.31
1.77,5.55,59.61, 262.31
1.77,5.55,59.61, 262.31
1.77,5.55,59.61, 262.31
1.77,5.55,59.61, 262.31
1.77,5.55,59.61, 262.31
1.77,5.55,59.61, 262.31
1.77,5.55,59.61, 262.31
1.77,5.55,59.61, 262.31
1.77,5.55,59.61, 262.31
1.77,5.55,59.61, 262.31
1.77,5.55,59.61, 262.31
1.77,5.55,59.61, 262.31
1.77,5.55,59.61, 262.31
1.77,5.55,59.61, 262.31
1.77,5.55,59.61, 262.31
1.77,5.55,59.61, 262.31
1.77,5.55,59.61, 262.31
1.77,5.55,59.61, 262.31
1.77,5.55,59.61, 262.31
1.77,5.55,59.61, 262.31
1.77,5.55,59.61, 262.31
2.08,6.06,16.15, 26.62
2.08,6.06,16.15, 26.62
2.08,6.06,16.15, 26.62
2.08,6.06,16.15, 26.62
2.08,6.06,16.15, 26.62
2.08,6.06,16.15, 26.62
2.08,6.06,16.15, 26.62
2.08,6.06,16.15, 26.62
2.08,6.06,16.15, 26.62
2.08,6.06,16.15, 26.62
2.08,6.06,16.15, 26.62
2.08,6.06,16.15, 26.62
2.08,6.06,16.15, 26.62
2.08,6.06,16.15, 26.62
2.42,6.60,16.99, 26.75
2.42,6.60,16.99, 26.75
3.59,9.26,57.89, 132.36
3.70,4.72,6.27, 0.00
3.70,4.72,6.27, 0.00
3.70,4.72,6.27, 0.00
3.70,4.72,6.27, 0.00
3.70,4.72,6.27, 0.00
3.70,4.72,6.27, 0.00
3.70,4.72,6.27, 0.00
3.70,4.72,6.27, 0.00
3.70,4.72,6.27, 0.00
3.70,4.72,6.27, 0.00
3.70,4.72,6.27, 0.00
3.70,4.72,6.27, 0.00
3.70,4.72,6.27, 0.00
3.70,4.72,6.27, 0.00
3.70,4.72,6.27, 0.00
3.68,3.90,0.00, 0.00
3.68,3.83,0.00, 0.00
3.68,3.83,0.00, 0.00
3.68,3.83,0.00, 0.00
3.68,3.83,0.00, 0.00
3.68,3.83,0.00, 0.00
3.68,3.83,0.00, 0.00
3.68,3.83,0.00, 0.00
3.68,3.83,0.00, 0.00
3.68,3.83,0.00, 0.00
3.68,3.83,0.00, 0.00
3.68,3.83,0.00, 0.00
3.68,3.83,0.00, 0.00
3.68,3.83,0.00, 0.00
3.63,3.79,0.00, 0.00
3.63,3.79,0.00, 0.00
3.63,3.79,0.00, 0.00
3.63,3.79,0.00, 0.00
3.63,3.79,0.00, 0.00
3.63,3.79,0.00, 0.00
3.63,3.79,0.00, 0.00
3.63,3.79,0.00, 0.00
3.63,3.79,0.00, 0.00
3.63,3.79,0.00, 0.00
3.63,3.79,0.00, 0.00
3.63,3.79,0.00, 0.00
3.63,3.79,0.00, 0.00
3.63,3.79,0.00, 0.00
2.08,0.98,0.00, 0.00
2.08,0.98,0.00, 0.00
2.08,0.98,0.00, 0.00
2.08,0.98,0.00, 0.00
2.08,0.98,0.00, 0.00
2.08,0.98,0.00, 0.00
2.08,0.98,0.00, 0.00
2.08,0.98,0.00, 0.00
2.08,0.98,0.00, 0.00
2.08,0.98,0.00, 0.00
2.08,0.98,0.00, 0.00
2.08,0.98,0.00, 0.00
2.08,0.98,0.00, 0.00
2.08,0.98,0.00, 0.00
1.70,0.66,0.00, 0.00
1.70,0.66,0.00, 0.00
0.00,0.05,0.00, 0.00
0.00,0.05,0.00, 0.00
0.51,0.05,25.12, 0.00
0.31,0.06,0.00, 0.75
0.31,0.06,0.00, 0.75
0.31,0.06,0.00, 0.75
0.31,0.06,0.00, 0.75
0.31,0.06,0.00, 0.75
0.31,0.06,0.00, 0.75
0.15,0.06,0.00, 0.00
0.15,0.06,0.00, 0.00
0.15,0.06,0.00, 0.00
0.15,0.06,0.00, 0.00
0.15,0.06,0.00, 0.00
0.15,0.06,0.00, 0.00
0.15,0.06,0.00, 0.00
0.15,0.06,0.00, 0.00
0.15,0.06,0.00, 0.00
0.00,0.06,0.00, 0.00
0.00,0.06,0.00, 0.00
0.00,0.06,0.00, 0.00
0.00,0.06,0.00, 0.00
0.00,0.06,0.00, 0.00
0.00,0.06,0.00, 0.00
0.00,0.06,0.00, 0.00
0.00,0.06,0.00, 0.00
0.65,0.05,32.02, 0.00
0.11,0.05,0.00, 0.00
0.49,0.06,18.72, 0.75
0.45,0.06,0.00, 0.00
0.36,0.06,0.00, 0.00
0.31,0.05,0.00, 0.00
0.29,0.05,0.00, 0.00
0.29,0.05,0.00, 0.00
0.29,0.05,0.00, 0.00
0.29,0.05,0.00, 0.00
0.31,0.05,0.99, 0.00
0.31,0.05,0.99, 0.00
0.31,0.05,0.99, 0.00
0.31,0.05,0.99, 0.00
0.31,0.05,0.99, 0.00
0.31,0.05,0.99, 0.00
0.33,0.05,1.00, 0.00
0.33,0.05,1.00, 0.00
0.33,0.05,1.00, 0.00
0.40,0.05,3.46, 0.00
0.38,0.06,0.00, 0.75
0.45,0.05,3.45, 0.00
0.40,0.06,0.00, 0.25
0.51,0.05,5.42, 0.00
0.56,0.05,2.54, 0.00
0.56,0.05,2.54, 0.00
0.56,0.05,2.54, 0.00
0.56,0.05,2.54, 0.00
0.56,0.05,2.54, 0.00
0.56,0.05,2.54, 0.00
0.56,0.05,2.54, 0.00
0.56,0.05,2.54, 0.00
0.56,0.05,2.54, 0.00
0.56,0.05,2.54, 0.00
0.56,0.05,2.54, 0.00
0.56,0.05,2.54, 0.00
0.56,0.05,2.54, 0.00
0.51,0.05,0.00, 0.00
0.51,0.05,0.00, 0.00
0.51,0.05,0.00, 0.00
0.51,0.05,0.00, 0.00
0.51,0.05,0.00, 0.00
0.51,0.05,0.00, 0.00
0.51,0.05,0.00, 0.00
0.51,0.05,0.00, 0.00
0.51,0.05,0.00, 0.00
0.51,0.05,0.00, 0.00
0.51,0.05,0.00, 0.00
0.51,0.05,0.00, 0.00
0.51,0.05,0.00, 0.00
0.51,0.05,0.00, 0.00
0.45,0.05,0.00, 0.00
0.45,0.05,0.00, 0.00
0.45,0.05,0.00, 0.00
0.45,0.05,0.00, 0.00
0.45,0.05,0.00, 0.00
0.45,0.05,0.00, 0.00
0.45,0.05,0.00, 0.00
0.24,0.05,0.00, 0.50
0.24,0.05,0.00, 0.50
0.24,0.05,0.00, 0.50
0.24,0.05,0.00, 0.50
0.24,0.05,0.00, 0.50
0.24,0.05,0.00, 0.50
0.24,0.05,0.00, 0.50
0.24,0.05,0.00, 0.50
0.24,0.05,0.00, 0.50
0.24,0.05,0.00, 0.50
0.42,0.09,8.87, 1.75
0.42,0.09,8.87, 1.75
0.42,0.09,8.87, 1.75
0.42,0.09,8.87, 1.75
0.42,0.09,8.87, 1.75
0.42,0.09,8.87, 1.75
0.42,0.09,8.87, 1.75
0.42,0.09,8.87, 1.75
0.42,0.09,8.87, 1.75
0.42,0.09,8.87, 1.75
0.42,0.09,8.87, 1.75
0.42,0.09,8.87, 1.75
0.42,0.09,8.87, 1.75
0.42,0.09,8.87, 1.75
0.42,0.09,8.87, 1.75
0.42,0.09,8.87, 1.75
0.42,0.09,8.87, 1.75
0.42,0.09,8.87, 1.75
0.42,0.09,8.87, 1.75
0.42,0.09,8.87, 1.75
0.42,0.09,8.87, 1.75
3.07,7.77,130.68, 382.60
3.07,7.77,130.68, 382.60
3.07,7.77,130.68, 382.60
3.07,7.77,130.68, 382.60
3.07,7.77,130.68, 382.60
3.07,7.77,130.68, 382.60
3.07,7.77,130.68, 382.60
3.65,9.81,30.50, 103.03
3.68,9.81,1.93, 0.38
3.68,8.51,0.03, 0.00
3.68,7.72,0.00, 0.00
3.68,7.58,0.00, 0.00
3.68,7.58,0.00, 0.00
3.68,7.58,0.00, 0.00
3.68,7.58,0.00, 0.00
3.68,7.58,0.00, 0.00
3.68,7.58,0.00, 0.00
3.68,7.58,0.00, 0.00
3.68,7.58,0.00, 0.00
3.68,7.58,0.00, 0.00
3.68,7.58,0.00, 0.00
3.68,7.58,0.00, 0.00
3.68,7.58,0.00, 0.00
3.68,7.58,0.00, 0.00
3.68,7.58,0.00, 0.00
3.68,7.58,0.00, 0.00
3.68,7.58,0.00, 0.00
3.68,7.58,0.00, 0.00
3.68,7.58,0.00, 0.00
3.68,7.58,0.00, 0.00
3.68,7.58,0.00, 0.00
3.68,7.58,0.00, 0.00
3.68,7.58,0.00, 0.00
3.68,7.58,0.00, 0.00
3.68,7.58,0.00, 0.00
3.68,7.58,0.00, 0.00
3.68,7.58,0.00, 0.00
3.68,7.58,0.00, 0.00
3.68,7.58,0.00, 0.00
3.68,7.58,0.00, 0.00
3.68,7.58,0.00, 0.00
3.68,7.58,0.00, 0.00
3.68,7.58,0.00, 0.00
3.68,7.58,0.00, 0.00
3.68,7.58,0.00, 0.00
3.68,7.58,0.00, 0.00
3.68,7.58,0.00, 0.00
3.68,7.58,0.00, 0.00
3.68,7.58,0.00, 0.00
3.68,7.58,0.00, 0.00
3.68,7.58,0.00, 0.00
3.70,7.43,0.99, 0.00
3.65,7.28,0.00, 0.00
3.68,7.15,1.48, 0.00
3.68,5.06,0.02, 0.00
3.63,5.00,0.00, 0.00
3.63,5.00,0.00, 0.00
3.63,5.00,0.00, 0.00
3.63,5.00,0.00, 0.00
3.63,5.00,0.00, 0.00
3.63,5.00,0.00, 0.00
3.63,5.00,0.00, 0.00
3.63,5.00,0.00, 0.00
3.68,4.96,2.46, 0.00
3.70,4.90,1.02, 0.00
3.70,4.90,1.02, 0.00
3.70,4.90,1.02, 0.00
3.70,4.90,1.02, 0.00
3.70,4.90,1.02, 0.00
3.70,4.90,1.02, 0.00
3.70,4.90,1.02, 0.00
3.70,4.90,1.02, 0.00
3.68,4.82,0.00, 0.00
3.68,4.82,0.00, 0.00
3.68,4.82,0.00, 0.00
3.68,4.82,0.00, 0.00
3.68,4.82,0.00, 0.00
3.68,4.82,0.00, 0.00
3.68,4.82,0.00, 0.00
3.68,4.48,0.00, 0.00
3.61,4.48,0.00, 0.25
1.16,4.01,0.00, 0.00
1.16,4.01,0.00, 0.00
1.16,4.01,0.00, 0.00
1.16,4.01,0.00, 0.00
1.16,4.01,0.00, 0.00
1.16,4.01,0.00, 0.00
1.16,4.01,0.00, 0.00
1.16,4.01,0.00, 0.00
1.16,4.01,0.00, 0.00
1.16,4.01,0.00, 0.00
1.16,4.01,0.00, 0.00
1.16,4.01,0.00, 0.00
1.16,4.01,0.00, 0.00
1.16,4.01,0.00, 0.00
2.42,3.14,62.07, 0.00
1.70,2.93,0.00, 0.00
1.70,2.93,0.00, 0.00
1.90,2.65,9.85, 0.00
1.72,0.05,0.00, 0.00
1.72,0.05,0.00, 0.00
1.72,0.05,0.00, 0.00
1.72,0.05,0.00, 0.00
1.72,0.05,0.00, 0.00
1.72,0.05,0.00, 0.00
1.72,0.05,0.00, 0.00
1.72,0.05,0.00, 0.00
1.72,0.05,0.00, 0.00
1.72,0.05,0.00, 0.00
1.72,0.05,0.00, 0.00
1.72,0.05,0.00, 0.00
1.72,0.05,0.00, 0.00
1.72,0.05,0.00, 0.00
1.72,0.05,0.00, 0.00
1.72,0.05,0.00, 0.00
1.72,0.05,0.00, 0.00
1.72,0.05,0.00, 0.00
1.72,0.05,0.00, 0.00
1.72,0.05,0.00, 0.00
1.72,0.05,0.00, 0.00
1.72,0.05,0.00, 0.00
1.72,0.05,0.00, 0.00
1.72,0.05,0.00, 0.00
1.72,0.05,0.00, 0.00
1.72,0.05,0.00, 0.00
1.72,0.05,0.00, 0.00
1.72,0.05,0.00, 0.00
1.72,0.05,0.00, 0.00
1.72,0.05,0.00, 0.00
1.72,0.05,0.00, 0.00
1.72,0.05,0.00, 0.00
1.72,0.05,0.00, 0.00
1.72,0.05,0.00, 0.00
1.72,0.05,0.00, 0.00
1.72,0.05,0.00, 0.00
1.72,0.05,0.00, 0.00
1.72,0.05,0.00, 0.00
1.72,0.05,0.00, 0.00
0.92,0.05,0.00, 0.50
0.92,0.05,0.00, 0.50
0.92,0.05,0.00, 0.50
0.92,0.05,0.00, 0.50
0.92,0.05,0.00, 0.50
0.92,0.05,0.00, 0.50
0.92,0.05,0.00, 0.50
0.92,0.05,0.00, 0.50
0.92,0.05,0.00, 0.50
0.40,0.04,0.00, 0.00
0.40,0.04,0.00, 0.00
0.40,0.04,0.00, 0.00
0.40,0.04,0.00, 0.00
0.40,0.04,0.00, 0.00
0.40,0.04,0.00, 0.00
0.40,0.04,0.00, 0.00
0.40,0.04,0.00, 0.00
0.40,0.04,0.00, 0.00
0.40,0.04,0.00, 0.00
0.40,0.04,0.00, 0.00
0.40,0.04,0.00, 0.00
0.40,0.04,0.00, 0.00
0.40,0.04,0.00, 0.00
0.00,0.05,0.00, 1.00
0.00,0.05,0.00, 1.00
0.00,0.05,0.00, 1.00
0.29,0.05,14.29, 0.00
0.20,0.05,0.00, 0.00
0.27,0.05,3.45, 0.00
0.36,0.05,4.48, 0.00
0.36,0.05,0.07, 0.00
0.31,0.04,0.00, 0.00
0.31,0.04,0.00, 0.00
0.24,0.05,0.00, 1.00
0.18,0.05,0.00, 0.00
0.18,0.05,0.00, 0.00
0.18,0.05,0.00, 0.00
0.18,0.05,0.00, 0.00
0.18,0.05,0.00, 0.00
0.18,0.05,0.00, 0.00
0.18,0.05,0.00, 0.00
0.18,0.05,0.00, 0.00
0.18,0.05,0.00, 0.00
0.18,0.05,0.00, 0.00
0.18,0.05,0.00, 0.00
0.18,0.05,0.00, 0.00
0.18,0.05,0.00, 0.00
0.13,0.05,0.00, 0.00
0.13,0.05,0.00, 0.00
0.13,0.05,0.00, 0.50
0.13,0.05,0.00, 0.00
0.20,0.06,3.45, 0.75
0.20,0.06,3.45, 0.75
0.20,0.06,3.45, 0.75
0.29,0.05,4.48, 0.00
0.29,0.06,0.07, 0.25
0.29,0.05,0.00, 0.00
0.27,0.07,0.00, 1.25
0.27,0.07,0.00, 1.25
0.27,0.07,0.00, 1.25
0.27,0.07,0.00, 1.25
0.27,0.07,0.00, 1.25
0.27,0.07,0.00, 1.25
0.27,0.07,0.00, 1.25
0.27,0.07,0.00, 1.25
0.27,0.07,0.00, 1.25
0.31,0.08,1.97, 0.50
0.31,0.08,1.97, 0.50
0.36,0.10,2.49, 1.00
0.47,0.12,5.46, 1.00
0.31,0.50,0.00, 19.18
0.00,1.34,0.00, 41.42
0.11,1.79,5.42, 22.82
0.63,2.30,25.70, 25.24
0.94,2.87,15.65, 28.49
0.94,2.87,15.65, 28.49
0.94,2.87,15.65, 28.49
0.94,2.87,15.65, 28.49
0.94,2.87,15.65, 28.49
0.94,2.87,15.65, 28.49
0.94,2.87,15.65, 28.49
0.94,2.87,15.65, 28.49
1.19,3.48,12.55, 30.74
1.19,3.48,12.55, 30.74
1.43,4.11,12.01, 31.50
1.66,4.70,11.51, 29.51
1.66,4.70,11.51, 29.51
3.68,8.28,99.68, 178.70
3.68,8.28,99.68, 178.70
3.68,8.28,99.68, 178.70
3.68,8.28,99.68, 178.70
3.68,8.28,99.68, 178.70
3.68,8.28,99.68, 178.70
3.68,8.28,99.68, 178.70
3.68,8.28,99.68, 178.70
3.68,8.28,99.68, 178.70
3.68,8.28,99.68, 178.70
3.68,8.28,99.68, 178.70
3.68,8.28,99.68, 178.70
3.68,8.28,99.68, 178.70
3.68,8.28,99.68, 178.70
3.68,8.28,99.68, 178.70
3.68,8.28,99.68, 178.70
3.68,8.28,99.68, 178.70
3.68,8.28,99.68, 178.70
3.68,8.28,99.68, 178.70
3.68,8.28,99.68, 178.70
3.68,8.28,99.68, 178.70
3.68,8.28,99.68, 178.70
3.68,8.28,99.68, 178.70
3.68,8.28,99.68, 178.70
3.68,8.28,99.68, 178.70
3.68,8.28,99.68, 178.70
3.68,8.56,1.47, 14.10
3.68,8.56,1.47, 14.10
3.68,8.93,0.02, 18.98
3.68,8.93,0.02, 18.98
3.65,9.04,0.00, 5.30
3.65,9.04,0.00, 5.30
3.65,9.04,0.00, 5.30
3.65,9.04,0.00, 5.30
3.65,9.04,0.00, 5.30
3.65,9.04,0.00, 5.30
3.65,9.04,0.00, 5.30
3.65,9.04,0.00, 5.30
3.65,9.04,0.00, 5.30
3.65,9.04,0.00, 5.30
3.65,9.04,0.00, 5.30
3.65,9.04,0.00, 5.30
3.65,9.04,0.00, 5.30
3.65,9.04,0.00, 5.30
3.65,9.04,0.00, 5.30
3.68,7.51,1.48, 0.00
3.68,7.51,1.48, 0.00
3.68,7.51,1.48, 0.00
3.68,7.51,1.48, 0.00
3.68,7.51,1.48, 0.00
3.68,7.51,1.48, 0.00
3.68,7.51,1.48, 0.00
3.68,7.51,1.48, 0.00
3.68,7.51,1.48, 0.00
3.68,7.51,1.48, 0.00
3.68,7.51,1.48, 0.00
3.68,7.51,1.48, 0.00
3.68,7.51,1.48, 0.00
3.68,7.51,1.48, 0.00
3.68,7.55,0.02, 1.99
3.68,7.55,0.02, 1.99
3.68,7.55,0.02, 1.99
3.68,7.55,0.02, 1.99
3.68,7.55,0.02, 1.99
3.68,7.55,0.02, 1.99
3.68,7.55,0.02, 1.99
3.68,7.55,0.02, 1.99
3.68,7.55,0.02, 1.99
3.68,7.55,0.02, 1.99
3.68,7.55,0.02, 1.99
3.68,7.55,0.02, 1.99
3.68,7.55,0.02, 1.99
3.68,7.55,0.02, 1.99
3.68,7.55,0.02, 1.99
3.68,7.55,0.02, 1.99
3.68,7.55,0.02, 1.99
3.68,7.55,0.02, 1.99
3.68,7.55,0.02, 1.99
3.68,7.55,0.02, 1.99
3.68,7.55,0.02, 1.99
3.68,7.55,0.02, 1.99
3.68,7.55,0.02, 1.99
3.68,7.55,0.02, 1.99
3.68,7.55,0.02, 1.99
3.68,7.55,0.02, 1.99
3.68,7.55,0.02, 1.99
3.68,7.55,0.02, 1.99
3.68,7.55,0.02, 1.99
3.68,7.55,0.02, 1.99
3.68,7.55,0.02, 1.99
3.68,7.55,0.02, 1.99
3.68,7.55,0.02, 1.99
3.68,7.55,0.02, 1.99
3.68,7.55,0.02, 1.99
3.68,7.55,0.02, 1.99
3.68,7.55,0.02, 1.99
3.68,7.55,0.02, 1.99
3.68,7.55,0.02, 1.99
3.68,7.55,0.02, 1.99
3.68,7.51,0.00, 0.00
3.68,7.51,0.00, 0.00
3.68,5.72,0.00, 0.00
3.68,5.72,0.00, 0.00
3.68,5.26,0.00, 0.00
3.68,5.26,0.00, 0.00
3.68,5.26,0.00, 0.00
3.68,5.26,0.00, 0.00
3.68,5.26,0.00, 0.00
3.68,4.42,0.00, 0.00
3.68,4.42,0.00, 0.00
3.65,4.42,0.00, 0.00
3.68,4.41,1.48, 0.00
3.68,4.41,1.48, 0.00
3.68,4.41,1.48, 0.00
3.68,4.41,1.48, 0.00
3.68,4.41,1.48, 0.00
3.68,4.41,1.48, 0.00
3.68,4.41,1.48, 0.00
3.68,4.41,1.48, 0.00
3.68,4.41,1.48, 0.00
3.68,4.41,1.48, 0.00
3.68,4.41,1.48, 0.00
3.68,4.41,1.48, 0.00
3.68,4.41,1.48, 0.00
3.68,4.15,0.02, 0.00
3.68,4.15,0.02, 0.00
3.68,4.15,0.02, 0.00
3.68,4.11,0.00, 0.00
3.68,4.11,0.00, 0.00
3.68,4.11,0.00, 0.00
3.68,4.11,0.00, 0.00
3.68,4.11,0.00, 0.00
3.68,4.11,0.00, 0.00
3.68,4.11,0.00, 0.00
3.68,4.08,0.00, 0.00
3.68,4.08,0.00, 0.00
3.68,4.08,0.00, 0.00
3.68,4.08,0.00, 0.00
3.68,4.08,0.00, 0.00
3.68,4.08,0.00, 0.00
3.68,4.08,0.00, 0.00
3.68,4.08,0.00, 0.00
3.68,4.08,0.00, 0.00
3.68,4.08,0.00, 0.00
3.68,4.08,0.00, 0.00
3.68,4.08,0.00, 0.00
3.68,4.08,0.00, 0.00
3.68,4.08,0.00, 0.00
3.68,4.08,0.00, 0.00
3.68,4.08,0.00, 0.00
3.68,4.08,0.00, 0.00
3.68,4.08,0.00, 0.00
3.68,4.08,0.00, 0.00
3.68,4.08,0.00, 0.00
3.68,4.08,0.00, 0.00
2.15,3.00,0.00, 0.00
2.46,2.80,15.27, 0.00
2.40,0.48,0.00, 0.00
0.36,0.06,0.00, 0.00
0.36,0.06,0.00, 0.00
0.36,0.06,0.00, 0.00
0.36,0.06,0.00, 0.00
0.36,0.06,0.00, 0.00
0.36,0.06,0.00, 0.00
0.36,0.06,0.00, 0.00
0.36,0.06,0.00, 0.00
0.36,0.06,0.00, 0.00
0.09,0.06,0.00, 0.00
0.09,0.06,0.00, 0.00
0.09,0.06,0.00, 0.00
0.09,0.06,0.00, 0.00
0.09,0.06,0.00, 0.00
0.09,0.06,0.00, 0.00
0.09,0.06,0.00, 0.00
0.00,0.06,0.00, 0.00
0.00,0.06,0.00, 0.00
0.00,0.06,0.00, 0.00
0.56,0.05,27.59, 0.00
0.56,0.05,27.59, 0.00
0.00,0.05,0.00, 0.50
0.00,0.06,0.00, 0.25
0.00,0.05,0.00, 0.00
0.18,0.06,8.87, 0.75
0.18,0.06,8.87, 0.75
0.18,0.06,8.87, 0.75
0.18,0.06,8.87, 0.75
0.18,0.06,8.87, 0.75
0.18,0.06,8.87, 0.75
0.18,0.06,8.87, 0.75
0.18,0.06,8.87, 0.75
0.31,0.06,6.53, 0.00
0.31,0.06,6.53, 0.00
0.31,0.06,6.53, 0.00
0.31,0.06,6.53, 0.00
0.31,0.06,6.53, 0.00
0.31,0.06,6.53, 0.00
0.31,0.06,6.53, 0.00
0.31,0.06,6.53, 0.00
0.31,0.06,6.53, 0.00
0.31,0.06,6.53, 0.00
0.31,0.06,6.53, 0.00
0.31,0.06,6.53, 0.00
0.31,0.06,6.53, 0.00
0.31,0.06,6.53, 0.00
0.31,0.06,6.53, 0.00
0.31,0.06,6.53, 0.00
0.31,0.06,6.53, 0.00
0.31,0.06,6.53, 0.00
0.31,0.06,6.53, 0.00
0.31,0.06,6.53, 0.00
0.31,0.06,6.53, 0.00
0.31,0.06,6.53, 0.00
0.31,0.06,6.53, 0.00
0.31,0.06,6.53, 0.00
0.31,0.06,6.53, 0.00
0.31,0.06,6.53, 0.00
0.31,0.06,6.53, 0.00
0.31,0.06,6.53, 0.00
0.31,0.06,6.53, 0.00
0.31,0.06,6.53, 0.00
0.31,0.06,6.53, 0.00
0.31,0.06,6.53, 0.00
0.31,0.06,6.53, 0.00
0.31,0.06,6.53, 0.00
0.31,0.06,6.53, 0.00
0.31,0.06,6.53, 0.00
0.31,0.06,6.53, 0.00
0.31,0.06,6.53, 0.00
0.31,0.06,6.53, 0.00
0.31,0.06,6.53, 0.00
0.31,0.06,6.53, 0.00
0.38,0.06,3.54, 0.00
0.38,0.05,0.05, 0.00
0.02,0.05,0.00, 0.00
0.45,1.73,21.18, 83.69
0.22,2.43,0.00, 35.43
0.22,2.43,0.00, 35.43
0.22,2.43,0.00, 35.43
0.22,2.43,0.00, 35.43
0.22,2.43,0.00, 35.43
0.22,2.43,0.00, 35.43
0.22,2.43,0.00, 35.43
0.22,2.43,0.00, 35.43
0.22,2.43,0.00, 35.43
0.22,2.43,0.00, 35.43
0.22,2.43,0.00, 35.43
0.22,2.43,0.00, 35.43
0.22,2.43,0.00, 35.43
0.22,2.43,0.00, 35.43
0.00,3.12,0.00, 34.50
0.00,3.12,0.00, 34.50
0.00,3.12,0.00, 34.50
0.00,3.12,0.00, 34.50
0.00,3.12,0.00, 34.50
0.00,3.12,0.00, 34.50
0.00,3.12,0.00, 34.50
0.00,3.12,0.00, 34.50
0.00,3.12,0.00, 34.50
0.00,3.12,0.00, 34.50
0.00,3.12,0.00, 34.50
0.00,3.12,0.00, 34.50
0.00,3.12,0.00, 34.50
0.00,3.12,0.00, 34.50
0.00,3.12,0.00, 34.50
0.00,3.12,0.00, 34.50
0.00,3.12,0.00, 34.50
0.00,3.12,0.00, 34.50
0.00,3.12,0.00, 34.50
0.00,3.12,0.00, 34.50
0.00,3.12,0.00, 34.50
0.00,3.12,0.00, 34.50
0.00,3.12,0.00, 34.50
0.00,3.12,0.00, 34.50
0.00,3.12,0.00, 34.50
0.00,3.12,0.00, 34.50
0.00,3.12,0.00, 34.50
0.00,3.12,0.00, 34.50
0.00,3.12,0.00, 34.50
0.18,3.82,8.87, 35.25
0.18,3.82,8.87, 35.25
0.18,3.82,8.87, 35.25
0.18,3.82,8.87, 35.25
0.18,3.82,8.87, 35.25
0.18,3.82,8.87, 35.25
0.18,3.82,8.87, 35.25
0.18,3.82,8.87, 35.25
0.18,3.82,8.87, 35.25
0.18,3.82,8.87, 35.25
0.18,3.82,8.87, 35.25
0.18,3.82,8.87, 35.25
0.18,3.82,8.87, 35.25
0.18,3.82,8.87, 35.25
0.38,4.48,9.98, 33.01
0.38,4.48,9.98, 33.01
3.65,9.78,161.24, 263.90
3.65,9.78,161.24, 263.90
3.65,9.78,161.24, 263.90
3.65,9.78,161.24, 263.90
3.65,9.78,161.24, 263.90
3.65,9.78,161.24, 263.90
3.65,9.78,161.24, 263.90
3.68,8.76,3.85, 0.00
3.68,8.76,3.85, 0.00
3.68,8.76,3.85, 0.00
3.68,8.76,3.85, 0.00
3.68,8.76,3.85, 0.00
3.68,8.76,3.85, 0.00
3.68,8.76,3.85, 0.00
3.68,8.76,3.85, 0.00
3.68,8.76,3.85, 0.00
3.68,8.76,3.85, 0.00
3.68,8.76,3.85, 0.00
3.68,8.76,3.85, 0.00
3.68,8.76,3.85, 0.00
3.68,8.76,3.85, 0.00
3.68,8.76,3.85, 0.00
3.68,8.76,3.85, 0.00
3.68,8.76,3.85, 0.00
3.68,8.76,3.85, 0.00
3.68,8.76,3.85, 0.00
3.68,8.76,3.85, 0.00
3.68,8.76,3.85, 0.00
3.68,8.76,3.85, 0.00
3.68,8.76,3.85, 0.00
3.68,8.76,3.85, 0.00
3.68,8.76,3.85, 0.00
3.68,8.76,3.85, 0.00
3.68,8.76,3.85, 0.00
3.68,8.76,3.85, 0.00
3.68,8.76,3.85, 0.00
3.68,8.76,3.85, 0.00
3.68,8.76,3.85, 0.00
3.68,8.76,3.85, 0.00
3.68,8.76,3.85, 0.00
3.68,8.76,3.85, 0.00
3.68,8.76,3.85, 0.00
3.68,8.76,3.85, 0.00
3.68,8.76,3.85, 0.00
3.68,8.76,3.85, 0.00
3.68,8.76,3.85, 0.00
3.68,8.76,3.85, 0.00
3.68,8.76,3.85, 0.00
3.68,8.76,3.85, 0.00
3.68,8.76,3.85, 0.00
3.68,8.76,3.85, 0.00
3.68,8.76,3.85, 0.00
3.68,8.76,3.85, 0.00
3.68,8.76,3.85, 0.00
3.68,8.76,3.85, 0.00
3.68,8.76,3.85, 0.00
3.68,8.76,3.85, 0.00
3.68,8.76,3.85, 0.00
3.68,8.76,3.85, 0.00
3.68,8.76,3.85, 0.00
3.68,8.76,3.85, 0.00
3.68,8.47,0.06, 0.00
3.68,8.47,0.06, 0.00
3.68,8.47,0.06, 0.00
3.68,8.47,0.06, 0.00
3.68,8.47,0.06, 0.00
3.68,8.47,0.06, 0.00
3.68,8.47,0.06, 0.00
3.68,8.47,0.06, 0.00
3.68,8.47,0.06, 0.00
3.68,8.47,0.06, 0.00
3.68,8.47,0.06, 0.00
3.68,8.47,0.06, 0.00
3.68,8.47,0.06, 0.00
3.68,8.47,0.06, 0.00
3.68,8.47,0.06, 0.00
3.68,8.47,0.06, 0.00
3.68,8.47,0.06, 0.00
3.68,8.47,0.06, 0.00
3.68,8.47,0.06, 0.00
3.68,8.47,0.06, 0.00
3.68,8.47,0.06, 0.00
3.68,8.47,0.06, 0.00
3.70,8.29,0.99, 0.00
3.68,6.68,0.00, 0.00
3.68,5.09,0.00, 0.00
3.68,5.09,0.00, 0.00
3.68,3.89,0.00, 0.00
3.68,3.84,0.00, 0.00
3.68,3.84,0.00, 0.00
3.68,3.84,0.00, 0.00
3.68,3.84,0.00, 0.00
3.68,3.84,0.00, 0.00
3.68,3.84,0.00, 0.00
3.68,3.84,0.00, 0.00
3.68,3.84,0.00, 0.00
3.68,3.84,0.00, 0.00
3.68,3.69,0.00, 0.00
3.68,3.69,0.00, 0.00
3.68,3.69,0.00, 0.00
3.68,3.69,0.00, 0.00
3.68,3.69,0.00, 0.00
3.68,3.69,0.00, 0.00
3.68,3.69,0.00, 0.00
3.65,3.62,0.00, 0.00
3.14,3.47,0.00, 0.00
1.77,1.81,0.00, 0.00
1.93,0.07,7.88, 0.00
1.93,0.05,0.12, 0.00
1.70,0.05,0.00, 0.50
1.59,0.06,0.00, 0.25
1.59,0.06,0.00, 0.25
1.59,0.06,0.00, 0.25
1.59,0.06,0.00, 0.25
1.59,0.06,0.00, 0.25
1.59,0.06,0.00, 0.25
1.59,0.06,0.00, 0.25
1.59,0.06,0.00, 0.25
1.59,0.06,0.00, 0.25
1.59,0.06,0.00, 0.25
1.59,0.06,0.00, 0.25
1.59,0.06,0.00, 0.25
1.59,0.06,0.00, 0.25
1.59,0.06,0.00, 0.25
1.59,0.06,0.00, 0.25
1.59,0.06,0.00, 0.25
1.59,0.06,0.00, 0.25
1.59,0.06,0.00, 0.25
1.59,0.06,0.00, 0.25
1.59,0.06,0.00, 0.25
1.59,0.06,0.00, 0.25
1.59,0.06,0.00, 0.25
1.59,0.06,0.00, 0.25
1.59,0.06,0.00, 0.25
1.59,0.06,0.00, 0.25
1.59,0.06,0.00, 0.25
1.59,0.06,0.00, 0.25
1.59,0.06,0.00, 0.25
1.59,0.06,0.00, 0.25
1.59,0.06,0.00, 0.25
1.59,0.06,0.00, 0.25
1.59,0.06,0.00, 0.25
1.