5.27,0.00,0.00, 0.00
5.27,0.00,0.00, 0.00
5.27,0.00,0.00, 0.00
5.27,0.00,0.00, 0.00
5.27,0.00,0.00, 0.00
5.27,0.00,0.00, 0.00
5.27,0.00,0.00, 0.00
5.27,0.00,0.00, 0.00
5.27,0.00,0.00, 0.00
5.27,0.00,0.00, 0.00
5.27,0.00,0.00, 0.00
5.27,0.00,0.00, 0.00
5.27,0.00,0.00, 0.00
5.27,0.00,0.00, 0.00
5.27,0.00,0.00, 0.00
5.27,0.00,0.00, 0.00
0.00,1.54,0.00, 76.97
0.00,1.58,0.00, 2.03
0.00,0.05,0.00, 0.00
0.00,0.05,0.00, 0.00
0.00,0.05,0.00, 0.00
0.00,0.05,0.00, 0.50
0.00,0.05,0.00, 0.00
0.00,0.05,0.00, 0.00
0.00,0.05,0.00, 0.50
0.00,0.05,0.00, 0.00
0.00,0.05,0.00, 0.00
0.00,0.05,0.00, 0.00
0.00,0.05,0.00, 0.00
0.00,0.05,0.00, 0.00
0.00,0.05,0.00, 0.00
0.00,0.05,0.00, 0.50
0.00,0.06,0.00, 0.25
0.00,0.06,0.00, 0.00
0.00,0.06,0.00, 0.00
0.00,0.06,0.00, 0.00
0.00,0.06,0.00, 0.00
0.00,0.06,0.00, 0.00
0.00,0.06,0.00, 0.00
0.00,0.06,0.00, 0.00
0.00,0.06,0.00, 0.00
0.00,0.05,0.00, 0.00
0.00,0.05,0.00, 0.00
0.00,0.05,0.00, 0.00
0.00,0.05,0.00, 0.00
0.00,0.05,0.00, 0.00
0.00,0.05,0.00, 0.00
0.00,0.05,0.00, 0.00
0.00,0.05,0.00, 0.00
0.00,0.05,0.00, 0.00
0.00,0.05,0.00, 0.00
0.00,0.05,0.00, 0.00
0.00,0.05,0.00, 0.00
0.00,0.05,0.00, 0.00
0.00,0.05,0.00, 0.00
0.00,0.05,0.00, 0.50
0.00,0.05,0.00, 0.00
0.00,0.05,0.00, 0.50
0.00,0.06,0.00, 0.25
0.00,0.05,0.00, 0.00
0.00,0.05,0.00, 0.00
0.00,0.05,0.00, 0.00
0.00,0.05,0.00, 0.00
0.00,0.05,0.00, 0.00
0.00,0.05,0.00, 0.00
0.00,0.05,0.00, 0.00
0.00,0.05,0.00, 0.00
0.00,0.05,0.00, 0.00
0.00,0.05,0.00, 0.00
0.00,0.05,0.00, 0.00
0.00,0.05,0.00, 0.00
0.00,0.05,0.00, 0.00
0.00,0.05,0.00, 0.00
0.00,0.05,0.00, 0.00
0.00,0.05,0.00, 0.00
0.00,0.05,0.00, 0.00
0.00,0.05,0.00, 0.00
0.00,0.05,0.00, 0.00
0.00,0.05,0.00, 0.00
0.00,0.05,0.00, 0.00
0.00,0.05,0.00, 0.00
0.00,0.05,0.00, 0.00
0.00,0.05,0.00, 0.00
0.00,0.05,0.00, 0.00
0.00,0.05,0.00, 0.00
0.00,0.05,0.00, 0.00
0.00,0.05,0.00, 0.50
0.00,0.05,0.00, 0.00
0.00,0.05,0.00, 0.00
0.00,0.05,0.00, 0.00
0.00,0.05,0.00, 0.00
0.00,0.05,0.00, 0.00
0.00,0.05,0.00, 0.00
0.00,0.05,0.00, 0.00
0.00,0.05,0.00, 0.00
0.00,0.05,0.00, 0.00
0.00,0.05,0.00, 0.00
0.00,0.05,0.00, 0.00
0.00,0.05,0.00, 0.50
0.00,0.05,0.00, 0.00
0.00,0.05,0.00, 0.00
0.00,0.05,0.00, 0.00
0.00,0.05,0.00, 0.00
0.00,0.05,0.00, 0.00
0.00,0.05,0.00, 0.00
0.00,0.05,0.00, 0.00
0.00,0.05,0.00, 0.00
0.00,0.05,0.00, 0.00
0.00,0.05,0.00, 0.00
0.00,0.05,0.00, 0.50
0.00,0.05,0.00, 0.50
0.00,0.05,0.00, 0.50
0.00,0.05,0.00, 0.50
0.00,0.05,0.00, 0.50
0.00,0.05,0.00, 0.50
0.00,0.05,0.00, 0.00
0.00,0.05,0.00, 0.00
0.00,0.05,0.00, 0.00
0.00,0.08,0.00, 1.74
0.00,0.09,0.00, 0.26
0.00,0.07,0.00, 0.00
0.00,0.08,0.00, 0.50
0.00,0.07,0.00, 0.00
0.00,0.08,0.00, 0.50
0.00,0.08,0.00, 0.00
0.00,0.09,0.00, 0.25
0.00,0.06,0.00, 0.00
0.00,0.06,0.00, 0.00
0.00,0.06,0.00, 0.00
0.00,0.06,0.00, 0.00
0.00,0.06,0.00, 0.00
0.00,0.05,0.00, 0.00
0.00,0.05,0.00, 0.00
0.00,0.05,0.00, 0.00
0.00,0.05,0.00, 0.00
0.00,0.05,0.00, 0.00
0.00,0.05,0.00, 0.50
0.00,0.05,0.00, 0.50
0.00,0.05,0.00, 0.50
0.00,0.05,0.00, 0.50
0.00,0.05,0.00, 0.50
0.00,0.05,0.00, 0.50
0.00,0.05,0.00, 0.50
0.00,0.05,0.00, 0.00
0.00,0.05,0.00, 0.00
0.00,0.05,0.00, 0.00
0.00,0.05,0.00, 0.00
0.00,0.05,0.00, 0.00
0.00,0.05,0.00, 0.00
0.00,0.06,0.00, 1.00
0.00,0.06,0.00, 1.00
0.00,0.13,0.00, 3.49
0.00,1.18,0.00, 52.32
0.00,4.97,0.00, 188.75
0.36,5.62,17.74, 33.32
0.83,6.31,23.42, 34.50
1.28,7.02,22.51, 35.25
1.68,7.72,20.04, 35.00
2.04,8.37,18.03, 32.51
2.04,8.37,18.03, 32.51
2.04,8.37,18.03, 32.51
2.04,8.37,18.03, 32.51
2.04,8.37,18.03, 32.51
2.04,8.37,18.03, 32.51
2.33,8.99,14.55, 31.01
2.60,9.60,13.52, 30.50
2.92,9.81,15.96, 10.57
4.08,9.81,57.38, 0.04
4.06,9.81,0.00, 0.00
4.08,9.81,0.99, 0.00
4.08,9.81,0.01, 0.00
4.08,9.81,0.00, 0.00
4.08,9.81,0.00, 0.00
4.08,9.81,0.00, 0.00
4.08,9.81,0.00, 0.00
4.08,9.81,0.00, 0.00
4.08,9.81,0.00, 0.00
4.08,9.81,0.00, 0.00
4.08,9.81,0.00, 0.00
4.08,9.81,0.00, 0.00
4.08,9.81,0.00, 0.00
4.08,9.81,0.00, 0.00
4.08,9.81,0.00, 0.00
4.08,9.81,0.00, 0.00
4.08,9.81,0.00, 0.00
4.08,9.81,0.00, 0.00
4.08,9.81,0.00, 0.00
4.08,9.81,0.00, 0.00
4.08,9.81,0.00, 0.00
4.08,9.81,0.00, 0.00
4.08,9.81,0.00, 0.00
4.08,9.81,0.00, 0.00
4.08,9.81,0.00, 0.00
4.08,9.81,0.00, 0.00
4.08,9.81,0.00, 0.00
4.10,9.81,0.99, 0.00
4.08,9.81,0.00, 0.00
4.10,9.81,0.99, 0.00
4.13,9.81,1.49, 0.00
4.13,9.81,0.02, 0.00
4.13,9.81,0.00, 0.00
4.13,9.81,0.00, 0.00
4.13,9.81,0.00, 0.00
4.13,9.81,0.00, 0.00
4.13,9.81,0.00, 0.00
4.13,9.81,0.00, 0.00
4.13,9.81,0.00, 0.00
4.13,9.81,0.00, 0.00
4.13,9.81,0.00, 0.00
4.13,9.81,0.00, 0.00
4.13,9.81,0.00, 0.00
4.13,9.81,0.00, 0.00
4.13,9.81,0.00, 0.00
4.13,9.81,0.00, 0.00
4.13,9.81,0.00, 0.00
4.13,9.81,0.00, 0.00
4.13,9.81,0.00, 0.00
4.13,9.81,0.00, 0.00
4.13,9.81,0.00, 0.00
4.13,9.81,0.00, 0.00
4.13,9.81,0.00, 0.00
4.13,9.81,0.00, 0.00
4.13,9.81,0.00, 0.00
4.13,9.81,0.00, 0.00
4.13,9.81,0.00, 0.00
4.13,9.81,0.00, 0.00
4.13,9.81,0.00, 0.00
4.13,9.81,0.00, 0.00
4.13,7.74,0.00, 0.00
4.13,7.73,0.00, 0.00
4.13,7.78,0.00, 2.74
4.13,7.83,0.00, 2.50
4.13,7.90,0.00, 3.50
4.13,7.93,0.00, 1.76
4.13,7.94,0.00, 0.26
4.13,7.93,0.00, 0.00
4.13,7.89,0.00, 0.00
4.13,7.82,0.00, 0.00
4.13,7.82,0.00, 0.00
4.13,7.82,0.00, 0.00
4.13,7.82,0.00, 0.00
4.13,7.82,0.00, 0.00
4.13,7.82,0.00, 0.00
4.13,7.82,0.00, 0.00
4.13,7.72,0.00, 0.00
4.13,7.72,0.00, 0.00
4.13,7.61,0.00, 0.00
4.13,7.52,0.00, 0.00
4.13,6.83,0.00, 0.00
4.13,6.83,0.00, 0.00
4.13,6.36,0.00, 0.00
4.13,6.00,0.00, 0.00
4.13,6.00,0.00, 0.00
4.10,5.57,0.00, 0.00
2.80,5.03,0.00, 0.00
0.00,4.49,0.00, 0.00
1.57,3.47,77.35, 0.00
2.11,3.08,27.74, 0.00
0.00,2.69,0.00, 0.00
0.00,2.69,0.00, 0.00
0.00,2.69,0.00, 0.00
0.00,2.69,0.00, 0.00
0.00,2.69,0.00, 0.00
0.00,2.69,0.00, 0.00
0.00,2.69,0.00, 0.00
0.00,2.69,0.00, 0.00
0.00,2.69,0.00, 0.00
0.00,2.69,0.00, 0.00
0.00,2.69,0.00, 0.00
0.00,2.69,0.00, 0.00
0.00,2.26,0.00, 0.00
0.00,1.86,0.00, 0.00
0.00,1.49,0.00, 0.00
0.00,0.05,0.00, 0.00
0.00,0.05,0.00, 0.50
0.00,0.05,0.00, 0.00
0.00,0.05,0.00, 0.50
0.00,0.05,0.00, 0.00
0.00,0.04,0.00, 0.00
0.00,0.04,0.00, 0.00
0.00,0.04,0.00, 0.00
0.00,0.04,0.00, 0.00
0.00,0.04,0.00, 0.00
0.00,0.04,0.00, 0.00
0.00,0.04,0.00, 0.00
0.00,0.05,0.00, 0.50
0.00,0.05,0.00, 0.00
0.00,0.04,0.00, 0.00
0.00,0.05,0.00, 1.00
0.00,0.05,0.00, 1.00
0.00,0.05,0.00, 0.00
0.00,0.04,0.00, 0.00
0.00,0.05,0.00, 1.00
0.00,0.06,0.00, 0.25
0.00,0.05,0.00, 0.00
0.00,0.05,0.00, 0.00
0.00,0.05,0.00, 0.00
0.00,0.05,0.00, 0.00
0.00,0.05,0.00, 0.00
0.00,0.05,0.00, 0.00
0.00,0.05,0.00, 0.00
0.00,0.05,0.00, 0.00
0.00,0.05,0.00, 0.00
0.00,0.05,0.00, 0.00
0.00,0.05,0.00, 0.00
0.00,0.05,0.00, 0.00
0.00,0.05,0.00, 0.00
0.00,0.05,0.00, 0.00
0.00,0.05,0.00, 0.00
0.00,0.05,0.00, 0.00
0.00,0.05,0.00, 0.00
0.00,0.05,0.00, 0.00
0.00,0.05,0.00, 0.00
0.00,0.05,0.00, 0.00
0.00,0.05,0.00, 0.00
0.00,0.04,0.00, 0.00
0.00,0.05,0.00, 1.00
0.00,0.05,0.00, 0.00
0.00,0.05,0.00, 0.00
0.00,0.05,0.00, 0.00
0.00,0.05,0.00, 0.00
0.00,0.05,0.00, 0.00
0.00,0.05,0.00, 0.00
0.00,0.05,0.00, 0.00
0.00,0.05,0.00, 0.00
0.00,0.05,0.00, 0.00
0.00,0.05,0.00, 0.00
0.00,0.05,0.00, 0.00
0.00,0.05,0.00, 0.50
0.00,0.05,0.00, 0.50
0.00,0.05,0.00, 0.00
0.00,0.05,0.00, 0.00
0.00,0.05,0.00, 0.00
0.00,0.05,0.00, 0.00
0.00,0.05,0.00, 0.00
0.00,0.05,0.00, 0.00
0.00,0.05,0.00, 0.00
0.00,0.05,0.00, 0.00
0.00,0.05,0.00, 0.00
0.00,0.05,0.00, 0.00
0.00,0.05,0.00, 0.00
0.00,0.05,0.00, 0.00
0.00,0.05,0.00, 0.00
0.00,0.05,0.00, 0.00
0.00,0.05,0.00, 0.00
0.00,0.05,0.00, 0.00
0.00,0.05,0.00, 0.00
0.00,1.43,0.00, 69.25
0.00,1.83,0.00, 19.93
0.00,2.28,0.00, 22.49
1.03,5.45,50.74, 158.25
1.03,5.45,50.74, 158.25
1.03,5.45,50.74, 158.25
1.03,5.45,50.74, 158.25
1.03,5.45,50.74, 158.25
1.03,5.45,50.74, 158.25
1.03,5.45,50.74, 158.25
1.03,5.45,50.74, 158.25
1.66,5.97,31.78, 26.48
1.66,5.97,31.78, 26.48
1.66,5.97,31.78, 26.48
1.66,5.97,31.78, 26.48
1.66,5.97,31.78, 26.48
1.66,5.97,31.78, 26.48
1.66,5.97,31.78, 26.48
1.66,5.97,31.78, 26.48
1.66,5.97,31.78, 26.48
1.66,5.97,31.78, 26.48
1.66,5.97,31.78, 26.48
1.66,5.97,31.78, 26.48
1.66,5.97,31.78, 26.48
1.66,5.97,31.78, 26.48
1.66,5.97,31.78, 26.48
1.66,5.97,31.78, 26.48
1.66,5.97,31.78, 26.48
1.66,5.97,31.78, 26.48
1.66,5.97,31.78, 26.48
1.66,5.97,31.78, 26.48
2.44,6.51,38.89, 26.75
2.44,6.51,38.89, 26.75
2.44,6.51,38.89, 26.75
2.44,6.51,38.89, 26.75
2.44,6.51,38.89, 26.75
2.44,6.51,38.89, 26.75
2.44,6.51,38.89, 26.75
2.44,6.51,38.89, 26.75
2.44,6.51,38.89, 26.75
2.44,6.51,38.89, 26.75
2.44,6.51,38.89, 26.75
2.44,6.51,38.89, 26.75
2.44,6.51,38.89, 26.75
2.44,6.51,38.89, 26.75
2.44,6.51,38.89, 26.75
2.44,6.51,38.89, 26.75
2.44,6.51,38.89, 26.75
2.44,6.51,38.89, 26.75
2.44,6.51,38.89, 26.75
3.09,7.09,32.59, 28.74
4.10,9.62,50.24, 126.39
4.13,9.81,2.22, 9.93
4.13,9.81,2.22, 9.93
4.13,9.81,2.22, 9.93
4.13,9.81,2.22, 9.93
4.13,9.81,2.22, 9.93
4.13,9.81,2.22, 9.93
4.13,9.81,2.22, 9.93
4.13,9.81,2.22, 9.93
4.13,9.81,2.22, 9.93
4.13,9.81,2.22, 9.93
4.13,9.81,2.22, 9.93
4.13,9.81,2.22, 9.93
4.13,9.81,2.22, 9.93
4.13,9.81,2.22, 9.93
4.13,9.81,2.22, 9.93
4.13,9.81,2.22, 9.93
4.13,9.81,2.22, 9.93
4.13,9.81,2.22, 9.93
4.13,9.81,2.22, 9.93
4.13,9.81,2.22, 9.93
4.13,9.81,2.22, 9.93
4.13,9.81,2.22, 9.93
4.13,9.81,2.22, 9.93
4.13,9.81,2.22, 9.93
4.13,9.81,2.22, 9.93
4.13,9.81,2.22, 9.93
4.13,9.81,2.22, 9.93
4.13,9.81,2.22, 9.93
4.13,9.81,2.22, 9.93
4.13,9.81,2.22, 9.93
4.13,9.81,2.22, 9.93
4.13,9.81,2.22, 9.93
4.13,9.81,2.22, 9.93
4.13,9.81,2.22, 9.93
4.13,9.81,2.22, 9.93
4.13,9.81,2.22, 9.93
4.13,9.81,2.22, 9.93
4.13,9.81,2.22, 9.93
4.13,9.81,2.22, 9.93
4.13,9.81,2.22, 9.93
4.13,9.81,2.22, 9.93
4.15,9.19,1.02, 0.00
4.15,9.19,1.02, 0.00
4.15,9.19,1.02, 0.00
4.15,9.19,1.02, 0.00
4.15,9.19,1.02, 0.00
4.15,9.19,1.02, 0.00
4.15,9.19,1.02, 0.00
4.15,9.19,1.02, 0.00
4.15,9.19,1.02, 0.00
4.15,9.19,1.02, 0.00
4.15,9.19,1.02, 0.00
4.15,9.19,1.02, 0.00
4.15,9.19,1.02, 0.00
4.15,9.19,1.02, 0.00
4.15,9.19,1.02, 0.00
4.15,9.19,1.02, 0.00
4.15,9.19,1.02, 0.00
4.15,9.19,1.02, 0.00
4.15,9.19,1.02, 0.00
4.15,9.19,1.02, 0.00
4.15,9.19,1.02, 0.00
4.15,9.19,1.02, 0.00
4.15,9.19,1.02, 0.00
4.15,9.19,1.02, 0.00
4.15,9.19,1.02, 0.00
4.15,9.19,1.02, 0.00
4.15,9.19,1.02, 0.00
4.15,9.19,1.02, 0.00
4.15,9.19,1.02, 0.00
4.15,9.19,1.02, 0.00
4.15,9.19,1.02, 0.00
4.13,8.99,0.00, 0.00
4.13,8.99,0.00, 0.00
4.13,8.82,0.00, 0.00
4.13,7.26,0.00, 0.00
2.00,3.91,0.00, 0.00
1.50,3.49,0.00, 0.00
0.00,3.07,0.00, 0.00
0.00,3.07,0.00, 0.00
0.00,3.07,0.00, 0.00
0.04,2.17,1.97, 0.00
0.04,2.17,1.97, 0.00
0.00,1.68,0.00, 0.00
0.00,1.18,0.00, 0.00
0.34,0.04,16.75, 0.00
0.34,0.04,16.75, 0.00
0.34,0.04,16.75, 0.00
0.34,0.04,16.75, 0.00
0.34,0.04,16.75, 0.00
0.34,0.04,16.75, 0.00
0.00,0.05,0.00, 0.50
0.00,0.05,0.00, 0.50
0.00,0.05,0.00, 0.50
0.00,0.05,0.00, 0.50
0.00,0.05,0.00, 0.50
0.00,0.05,0.00, 0.50
0.00,0.05,0.00, 0.50
0.00,0.05,0.00, 0.00
0.00,0.05,0.00, 0.00
0.00,0.07,0.00, 1.25
0.00,0.07,0.00, 1.25
0.00,0.07,0.00, 1.25
0.00,0.05,0.00, 0.00
0.00,0.06,0.00, 0.75
0.00,0.06,0.00, 0.75
0.00,0.06,0.00, 0.75
0.00,0.06,0.00, 0.75
0.00,0.06,0.00, 0.75
0.00,0.06,0.00, 0.75
0.00,0.05,0.00, 0.00
0.00,0.05,0.00, 0.00
0.00,0.05,0.00, 0.00
0.00,0.05,0.00, 0.00
0.00,0.05,0.00, 0.00
0.00,0.05,0.00, 0.00
0.00,0.05,0.00, 0.00
0.00,0.05,0.00, 0.00
0.00,0.05,0.00, 0.00
0.00,0.05,0.00, 0.00
0.00,0.05,0.00, 0.00
0.00,0.05,0.00, 0.00
0.00,0.05,0.00, 0.00
0.00,0.05,0.00, 0.00
0.00,0.05,0.00, 0.00
0.00,0.05,0.00, 0.50
0.00,0.05,0.00, 0.00
0.00,0.05,0.00, 0.00
0.00,0.05,0.00, 0.00
0.00,0.05,0.00, 0.00
0.00,0.05,0.00, 0.00
0.00,0.05,0.00, 0.00
0.00,0.05,0.00, 0.00
0.00,0.05,0.00, 0.00
0.00,0.05,0.00, 0.00
0.00,0.05,0.00, 0.00
0.00,0.05,0.00, 0.00
0.00,0.05,0.00, 0.00
0.00,0.05,0.00, 0.00
0.00,0.05,0.00, 0.00
0.00,0.05,0.00, 0.00
0.00,0.05,0.00, 0.00
0.00,0.05,0.00, 0.00
0.00,0.05,0.00, 0.00
0.00,0.05,0.00, 0.00
0.00,0.05,0.00, 0.00
0.00,0.05,0.00, 0.00
0.00,0.05,0.00, 0.00
0.00,0.05,0.00, 0.00
0.00,0.05,0.00, 0.00
0.00,0.05,0.00, 0.00
0.00,0.05,0.00, 0.00
0.00,0.05,0.00, 0.00
0.00,0.06,0.00, 1.00
0.00,0.09,0.00, 1.50
0.00,0.10,0.00, 0.25
0.00,0.12,0.00, 1.25
0.00,0.12,0.00, 1.25
0.00,0.13,0.00, 0.25
0.00,0.16,0.00, 1.74
0.00,0.19,0.00, 1.00
0.00,0.38,0.00, 9.72
0.00,0.38,0.00, 9.72
0.00,0.38,0.00, 9.72
0.00,0.38,0.00, 9.72
0.00,0.38,0.00, 9.72
0.00,0.38,0.00, 9.72
0.00,0.65,0.00, 13.49
0.00,0.65,0.00, 13.49
0.00,0.98,0.00, 16.24
0.00,0.98,0.00, 16.24
0.00,1.31,0.00, 16.75
0.00,4.30,0.00, 148.77
0.65,5.51,32.02, 60.82
1.32,6.10,33.48, 29.61
2.04,6.68,35.96, 29.25
2.71,7.15,33.54, 23.77
2.71,7.15,33.54, 23.77
3.21,7.56,25.13, 20.01
3.66,7.91,22.54, 17.76
4.08,8.31,21.02, 19.74
4.08,8.66,0.31, 17.51
4.08,8.66,0.31, 17.51
4.08,8.66,0.31, 17.51
4.08,8.66,0.31, 17.51
4.08,8.66,0.31, 17.51
4.08,8.66,0.31, 17.51
4.08,8.66,0.31, 17.51
4.08,8.66,0.31, 17.51
4.08,8.66,0.31, 17.51
4.08,8.66,0.31, 17.51
4.08,8.66,0.31, 17.51
4.08,8.66,0.31, 17.51
4.08,8.66,0.31, 17.51
4.08,8.66,0.31, 17.51
4.08,8.66,0.31, 17.51
4.08,8.66,0.31, 17.51
4.08,8.66,0.31, 17.51
4.08,8.66,0.31, 17.51
4.08,8.66,0.31, 17.51
4.08,8.66,0.31, 17.51
4.08,8.66,0.31, 17.51
4.08,8.66,0.31, 17.51
4.08,8.66,0.31, 17.51
4.08,8.66,0.31, 17.51
4.08,8.66,0.31, 17.51
4.08,8.66,0.31, 17.51
4.08,8.97,0.00, 15.51
4.10,9.56,0.99, 29.45
4.10,9.56,0.99, 29.45
4.10,9.79,0.01, 11.81
4.10,9.79,0.01, 11.81
4.10,9.79,0.01, 11.81
4.10,9.79,0.01, 11.81
4.10,9.79,0.01, 11.81
4.10,9.79,0.01, 11.81
4.10,9.79,0.01, 11.81
4.10,9.79,0.01, 11.81
4.10,9.79,0.01, 11.81
4.10,9.79,0.01, 11.81
4.10,9.79,0.01, 11.81
4.10,9.79,0.01, 11.81
4.10,9.79,0.01, 11.81
4.13,9.81,1.48, 1.04
4.13,9.81,1.48, 1.04
4.13,9.81,1.48, 1.04
4.13,9.81,0.02, 0.00
4.13,9.81,0.02, 0.00
4.13,9.81,0.00, 0.00
4.13,8.95,0.00, 0.00
4.13,8.58,0.00, 0.00
4.13,8.39,0.00, 0.00
4.13,8.15,0.00, 0.00
4.13,8.15,0.00, 0.00
4.13,8.15,0.00, 0.00
4.13,8.15,0.00, 0.00
4.13,8.15,0.00, 0.00
4.13,8.15,0.00, 0.00
4.13,8.15,0.00, 0.00
4.13,8.15,0.00, 0.00
4.13,8.15,0.00, 0.00
4.13,8.15,0.00, 0.00
4.13,8.15,0.00, 0.00
4.13,8.15,0.00, 0.00
4.13,8.15,0.00, 0.00
4.13,8.15,0.00, 0.00
4.13,8.15,0.00, 0.00
4.13,8.15,0.00, 0.00
4.13,8.15,0.00, 0.00
4.13,8.15,0.00, 0.00
4.13,8.15,0.00, 0.00
4.13,8.15,0.00, 0.00
4.13,8.15,0.00, 0.00
4.13,8.15,0.00, 0.00
4.13,8.15,0.00, 0.00
4.13,8.15,0.00, 0.00
4.13,8.15,0.00, 0.00
4.13,8.15,0.00, 0.00
4.13,8.15,0.00, 0.00
4.13,8.15,0.00, 0.00
4.13,8.15,0.00, 0.00
4.13,8.15,0.00, 0.00
4.13,8.15,0.00, 0.00
4.13,8.15,0.00, 0.00
4.13,8.15,0.00, 0.00
4.13,8.15,0.00, 0.00
4.13,8.15,0.00, 0.00
4.13,8.15,0.00, 0.00
4.13,8.15,0.00, 0.00
4.10,7.95,0.00, 0.00
4.10,7.95,0.00, 0.00
4.10,7.95,0.00, 0.00
4.10,7.95,0.00, 0.00
4.10,7.95,0.00, 0.00
4.10,7.95,0.00, 0.00
4.10,7.95,0.00, 0.00
4.10,7.95,0.00, 0.00
4.10,7.95,0.00, 0.00
4.13,7.70,1.48, 0.00
4.10,7.49,0.00, 0.00
4.10,5.55,0.00, 0.00
4.10,5.55,0.00, 0.00
4.10,5.55,0.00, 0.00
4.10,5.55,0.00, 0.00
4.10,5.55,0.00, 0.00
4.10,5.55,0.00, 0.00
4.10,5.55,0.00, 0.00
4.10,5.55,0.00, 0.00
4.10,5.55,0.00, 0.00
4.10,5.55,0.00, 0.00
4.10,5.55,0.00, 0.00
4.10,5.55,0.00, 0.00
4.10,5.55,0.00, 0.00
4.10,5.55,0.00, 0.00
4.10,4.98,0.00, 0.00
4.13,4.82,1.48, 0.00
4.10,4.68,0.00, 0.00
0.00,0.95,0.00, 0.00
0.00,0.66,0.00, 0.00
0.00,0.41,0.00, 0.00
0.00,0.19,0.00, 0.00
0.00,0.19,0.00, 0.00
0.00,0.19,0.00, 0.00
0.00,0.05,0.00, 0.00
0.00,0.05,0.00, 0.00
0.00,0.05,0.00, 0.00
0.00,0.05,0.00, 0.00
0.00,0.05,0.00, 0.50
0.00,0.05,0.00, 0.00
0.00,0.05,0.00, 0.00
0.00,0.04,0.00, 0.00
0.00,0.05,0.00, 0.50
0.00,0.05,0.00, 0.50
0.00,0.06,0.00, 0.25
0.00,0.06,0.00, 0.25
0.00,0.06,0.00, 0.25
0.00,0.06,0.00, 0.25
0.00,0.06,0.00, 0.25
0.00,0.06,0.00, 0.25
0.00,0.06,0.00, 0.00
0.00,0.06,0.00, 0.00
0.00,0.06,0.00, 0.00
0.00,0.06,0.00, 0.00
0.00,0.06,0.00, 0.00
0.00,0.06,0.00, 0.00
0.00,0.06,0.00, 0.00
0.00,0.06,0.00, 0.00
0.00,0.06,0.00, 0.00
0.00,0.06,0.00, 0.00
0.00,0.06,0.00, 0.00
0.00,0.05,0.00, 0.00
0.00,0.05,0.00, 0.00
0.00,0.05,0.00, 0.00
0.00,0.05,0.00, 0.00
0.00,0.05,0.00, 0.00
0.00,0.05,0.00, 0.00
0.00,0.05,0.00, 0.00
0.00,0.05,0.00, 0.00
0.00,0.05,0.00, 0.00
0.00,0.05,0.00, 0.50
0.00,0.06,0.00, 0.25
0.00,0.06,0.00, 0.25
0.00,0.06,0.00, 0.00
0.00,0.05,0.00, 0.00
0.00,0.04,0.00, 0.00
0.00,0.05,0.00, 0.50
0.00,0.05,0.00, 0.00
0.00,0.05,0.00, 0.00
0.00,0.05,0.00, 0.00
0.00,0.04,0.00, 0.00
0.00,0.05,0.00, 0.50
0.00,0.05,0.00, 0.00
0.00,0.05,0.00, 0.00
0.00,0.05,0.00, 0.50
0.00,0.05,0.00, 0.00
0.00,0.05,0.00, 0.50
0.00,0.05,0.00, 0.00
0.00,0.05,0.00, 0.00
0.00,0.05,0.00, 0.00
0.00,0.05,0.00, 0.00
0.00,0.05,0.00, 0.00
0.00,0.05,0.00, 0.00
0.00,0.05,0.00, 0.00
0.00,0.05,0.00, 0.00
0.00,0.05,0.00, 0.00
0.00,0.05,0.00, 0.00
0.00,0.05,0.00, 0.00
0.00,0.05,0.00, 0.00
0.00,0.05,0.00, 0.00
0.00,0.05,0.00, 0.00
0.00,0.05,0.00, 0.00
0.00,0.05,0.00, 0.00
0.00,0.05,0.00, 0.00
0.00,0.05,0.00, 0.00
0.00,0.05,0.00, 0.00
0.00,0.05,0.00, 0.00
0.00,0.05,0.00, 0.00
0.00,0.05,0.00, 0.00
0.00,0.05,0.00, 0.00
0.00,0.05,0.00, 0.00
0.00,0.06,0.00, 0.75
0.00,0.05,0.00, 0.00
0.00,0.05,0.00, 0.00
0.00,0.05,0.00, 0.00
0.00,0.05,0.00, 0.00
0.00,0.05,0.00, 0.00
0.00,0.05,0.00, 0.00
0.00,0.05,0.00, 0.00
0.00,0.05,0.00, 0.00
0.00,0.06,0.00, 1.00
0.00,0.32,0.00, 12.96
0.00,0.70,0.00, 18.73
0.00,0.70,0.00, 18.73
0.00,0.70,0.00, 18.73
0.00,0.70,0.00, 18.73
0.00,0.70,0.00, 18.73
0.00,0.70,0.00, 18.73
0.00,0.70,0.00, 18.73
0.00,0.70,0.00, 18.73
0.00,0.70,0.00, 18.73
0.00,0.70,0.00, 18.73
0.00,0.70,0.00, 18.73
0.00,0.70,0.00, 18.73
0.00,0.70,0.00, 18.73
0.00,1.18,0.00, 23.98
0.00,1.64,0.00, 23.25
0.00,1.64,0.00, 23.25
0.00,1.64,0.00, 23.25
0.00,1.64,0.00, 23.25
0.00,1.64,0.00, 23.25
0.00,1.64,0.00, 23.25
0.00,1.64,0.00, 23.25
0.00,1.64,0.00, 23.25
0.00,1.64,0.00, 23.25
0.00,1.64,0.00, 23.25
0.00,1.64,0.00, 23.25
0.00,1.64,0.00, 23.25
0.00,1.64,0.00, 23.25
0.00,1.64,0.00, 23.25
0.00,1.64,0.00, 23.25
0.00,1.64,0.00, 23.25
0.00,1.64,0.00, 23.25
0.00,1.64,0.00, 23.25
0.00,1.64,0.00, 23.25
0.00,1.64,0.00, 23.25
0.00,1.64,0.00, 23.25
0.00,1.64,0.00, 23.25
0.00,1.64,0.00, 23.25
0.00,1.64,0.00, 23.25
0.00,1.64,0.00, 23.25
0.00,1.64,0.00, 23.25
0.00,1.64,0.00, 23.25
0.00,1.64,0.00, 23.25
0.00,1.64,0.00, 23.25
0.00,1.64,0.00, 23.25
0.00,1.64,0.00, 23.25
0.00,1.64,0.00, 23.25
0.00,1.64,0.00, 23.25
0.00,1.64,0.00, 23.25
0.00,1.64,0.00, 23.25
0.00,2.14,0.00, 24.99
0.58,7.74,28.57, 278.82
0.58,7.74,28.57, 278.82
0.58,7.74,28.57, 278.82
0.58,7.74,28.57, 278.82
0.58,7.74,28.57, 278.82
0.58,7.74,28.57, 278.82
0.58,7.74,28.57, 278.82
0.58,7.74,28.57, 278.82
0.58,7.74,28.57, 278.82
0.58,7.74,28.57, 278.82
0.58,7.74,28.57, 278.82
1.41,8.17,41.31, 22.44
1.41,8.17,41.31, 22.44
4.13,9.58,134.61, 70.08
4.13,9.58,134.61, 70.08
4.13,9.51,1.98, 0.00
4.13,8.57,0.03, 0.00
4.13,8.50,0.00, 0.00
4.13,8.44,0.00, 0.00
4.13,8.44,0.00, 0.00
4.13,8.44,0.00, 0.00
4.13,8.44,0.00, 0.00
4.13,8.44,0.00, 0.00
4.13,8.44,0.00, 0.00
4.13,8.44,0.00, 0.00
4.13,8.44,0.00, 0.00
4.13,8.44,0.00, 0.00
4.13,8.44,0.00, 0.00
4.13,8.44,0.00, 0.00
4.13,8.44,0.00, 0.00
4.13,8.44,0.00, 0.00
4.13,8.44,0.00, 0.00
4.13,8.44,0.00, 0.00
4.13,8.44,0.00, 0.00
4.13,8.44,0.00, 0.00
4.13,8.44,0.00, 0.00
4.13,8.44,0.00, 0.00
4.13,8.44,0.00, 0.00
4.13,8.44,0.00, 0.00
4.13,8.44,0.00, 0.00
4.13,8.44,0.00, 0.00
4.13,8.44,0.00, 0.00
4.13,8.44,0.00, 0.00
4.13,8.44,0.00, 0.00
4.13,8.44,0.00, 0.00
4.13,8.44,0.00, 0.00
4.13,8.44,0.00, 0.00
4.13,8.44,0.00, 0.00
4.13,8.44,0.00, 0.00
4.13,8.44,0.00, 0.00
4.13,8.44,0.00, 0.00
4.13,8.44,0.00, 0.00
4.13,8.31,0.00, 0.00
4.13,8.31,0.00, 0.00
4.13,8.31,0.00, 0.00
4.13,8.31,0.00, 0.00
4.13,8.31,0.00, 0.00
4.13,8.31,0.00, 0.00
4.13,8.31,0.00, 0.00
4.13,8.31,0.00, 0.00
4.13,8.31,0.00, 0.00
4.13,8.18,0.00, 0.00
4.13,8.18,0.00, 0.00
4.13,8.18,0.00, 0.00
4.13,8.18,0.00, 0.00
4.13,8.18,0.00, 0.00
4.13,8.18,0.00, 0.00
4.13,8.18,0.00, 0.00
4.13,8.09,0.00, 0.00
4.13,8.09,0.00, 0.00
4.10,5.81,0.00, 0.00
4.10,5.81,0.00, 0.00
4.10,5.81,0.00, 0.00
4.10,5.81,0.00, 0.00
4.10,5.81,0.00, 0.00
4.10,5.81,0.00, 0.00
4.10,5.81,0.00, 0.00
4.10,5.81,0.00, 0.00
4.10,5.81,0.00, 0.00
4.10,5.81,0.00, 0.00
4.10,5.81,0.00, 0.00
4.10,5.81,0.00, 0.00
4.10,5.81,0.00, 0.00
4.10,5.81,0.00, 0.00
4.10,5.40,0.00, 0.00
4.10,4.57,0.00, 0.00
4.10,4.38,0.00, 0.00
0.00,1.83,0.00, 0.00
1.21,1.43,59.61, 0.00
1.01,1.00,0.00, 0.00
0.07,0.61,0.00, 0.00
0.00,0.28,0.00, 0.00
0.29,0.08,14.29, 0.00
0.29,0.08,14.29, 0.00
0.29,0.08,14.29, 0.00
0.29,0.08,14.29, 0.00
1.03,0.06,36.67, 0.00
1.03,0.06,36.67, 0.00
1.03,0.06,36.67, 0.00
1.03,0.06,36.67, 0.00
0.76,0.05,0.00, 0.00
0.00,0.05,0.00, 0.00
0.00,0.05,0.00, 0.50
0.00,0.05,0.00, 0.00
0.00,0.05,0.00, 0.00
0.00,0.05,0.00, 0.00
0.00,0.05,0.00, 0.00
0.00,0.05,0.00, 0.00
0.00,0.05,0.00, 0.00
0.00,0.05,0.00, 0.00
0.00,0.05,0.00, 0.00
0.00,0.05,0.00, 0.00
0.00,0.05,0.00, 0.00
0.00,0.05,0.00, 0.00
0.00,0.05,0.00, 0.00
0.00,0.05,0.00, 0.00
0.00,0.05,0.00, 0.00
0.00,0.05,0.00, 0.00
0.00,0.05,0.00, 0.00
0.00,0.05,0.00, 0.00
0.00,0.06,0.00, 0.75
0.00,0.06,0.00, 0.75
0.00,0.06,0.00, 0.75
0.00,0.06,0.00, 0.75
0.00,0.06,0.00, 0.75
0.00,0.05,0.00, 0.00
0.00,0.05,0.00, 0.00
0.00,0.05,0.00, 0.00
0.00,0.05,0.00, 0.00
0.00,0.05,0.00, 0.00
0.00,0.05,0.00, 0.00
0.00,0.05,0.00, 0.00
0.00,0.05,0.00, 0.00
0.00,0.05,0.00, 0.00
0.00,0.05,0.00, 0.00
0.00,0.05,0.00, 0.00
0.00,0.05,0.00, 0.00
0.00,0.05,0.00, 0.00
0.00,0.05,0.00, 0.00
0.00,0.05,0.00, 0.00
0.00,0.05,0.00, 0.00
0.00,0.05,0.00, 0.00
0.00,0.05,0.00, 0.00
0.00,0.05,0.00, 0.00
0.00,0.05,0.00, 0.00
0.00,0.05,0.00, 0.50
0.00,0.05,0.00, 0.00
0.00,0.05,0.00, 0.00
0.00,0.05,0.00, 0.00
0.00,0.05,0.00, 0.00
0.00,0.05,0.00, 0.00
0.00,0.05,0.00, 0.00
0.00,0.05,0.00, 0.00
0.00,0.05,0.00, 0.00
0.00,0.05,0.00, 0.00
0.00,0.05,0.00, 0.00
0.00,0.05,0.00, 0.00
0.00,0.05,0.00, 0.00
0.00,0.05,0.00, 0.00
0.00,0.05,0.00, 0.00
0.00,0.05,0.00, 0.00
0.00,0.05,0.00, 0.00
0.00,0.05,0.00, 0.00
0.00,0.05,0.00, 0.00
0.00,0.05,0.00, 0.50
0.00,0.05,0.00, 0.00
0.00,0.05,0.00, 0.00
0.00,0.05,0.00, 0.00
0.00,0.05,0.00, 0.00
0.00,0.05,0.00, 0.00
0.00,0.05,0.00, 0.00
0.00,0.05,0.00, 0.00
0.00,0.05,0.00, 0.00
0.00,0.05,0.00, 0.00
0.00,0.05,0.00, 0.00
0.00,0.05,0.00, 0.00
0.00,0.05,0.00, 0.00
0.00,0.07,0.00, 1.25
0.00,0.12,0.00, 2.25
0.00,0.36,0.00, 12.21
0.00,0.75,0.00, 19.22
0.00,1.16,0.00, 20.74
0.00,1.57,0.00, 20.50
0.00,1.57,0.00, 20.50
0.00,1.57,0.00, 20.50
0.00,1.57,0.00, 20.50
0.00,2.04,0.00, 23.24
0.00,2.57,0.00, 26.49
0.00,3.08,0.00, 25.50
0.00,3.57,0.00, 24.75
0.00,4.08,0.00, 25.50
0.00,4.08,0.00, 25.50
0.00,4.08,0.00, 25.50
0.00,4.08,0.00, 25.50
0.00,4.08,0.00, 25.50
0.00,4.08,0.00, 25.50
0.00,4.08,0.00, 25.50
0.00,4.08,0.00, 25.50
0.00,4.55,0.00, 23.51
0.00,5.03,0.00, 23.75
0.00,5.47,0.00, 22.01
0.00,5.47,0.00, 22.01
0.00,5.47,0.00, 22.01
0.00,5.47,0.00, 22.01
0.00,5.47,0.00, 22.01
0.00,5.47,0.00, 22.01
0.00,5.47,0.00, 22.01
0.00,5.47,0.00, 22.01
0.00,5.47,0.00, 22.01
0.00,5.47,0.00, 22.01
0.00,5.47,0.00, 22.01
0.00,5.47,0.00, 22.01
0.00,5.47,0.00, 22.01
0.00,5.47,0.00, 22.01
0.00,5.47,0.00, 22.01
0.00,5.47,0.00, 22.01
0.00,5.47,0.00, 22.01
0.00,5.47,0.00, 22.01
0.00,5.47,0.00, 22.01
0.00,5.47,0.00, 22.01
0.00,5.47,0.00, 22.01
0.00,5.47,0.00, 22.01
0.00,5.47,0.00, 22.01
0.00,5.47,0.00, 22.01
0.00,5.47,0.00, 22.01
4.13,8.42,203.46, 147.54
4.13,8.42,203.46, 147.54
4.10,8.70,1.52, 14.49
4.10,8.70,1.52, 14.49
4.10,8.70,1.52, 14.49
4.10,8.92,0.02, 11.01
4.10,8.92,0.02, 11.01
4.13,9.76,1.48, 41.39
4.15,9.69,1.01, 0.00
4.13,9.64,0.00, 0.00
4.13,9.35,0.00, 0.00
4.13,9.18,0.00, 0.00
4.13,9.02,0.00, 0.00
4.13,8.85,0.00, 0.00
4.15,8.69,0.99, 0.00
4.15,8.53,0.01, 0.00
4.13,8.38,0.00, 0.00
4.13,8.26,0.00, 0.00
4.13,8.10,0.00, 0.00
4.13,8.10,0.00, 0.00
4.13,8.10,0.00, 0.00
4.13,8.10,0.00, 0.00
4.13,8.10,0.00, 0.00
4.13,7.95,0.00, 0.00
4.13,7.95,0.00, 0.00
4.13,7.95,0.00, 0.00
4.13,7.95,0.00, 0.00
4.13,7.95,0.00, 0.00
4.13,7.82,0.00, 0.00
4.13,7.66,0.00, 0.00
4.13,7.34,0.00, 0.00
4.13,7.07,0.00, 0.00
4.13,7.07,0.00, 0.00
4.13,7.07,0.00, 0.00
4.13,7.07,0.00, 0.00
4.13,7.07,0.00, 0.00
4.13,7.07,0.00, 0.00
4.13,7.07,0.00, 0.00
4.13,7.07,0.00, 0.00
4.13,7.07,0.00, 0.00
4.13,7.07,0.00, 0.00
4.13,7.07,0.00, 0.00
4.13,7.07,0.00, 0.00
4.13,7.07,0.00, 0.00
4.13,7.07,0.00, 0.00
4.13,7.07,0.00, 0.00
4.13,7.07,0.00, 0.00
4.13,7.07,0.00, 0.00
4.13,7.07,0.00, 0.00
4.13,7.07,0.00, 0.00
4.13,7.07,0.00, 0.00
4.13,7.07,0.00, 0.00
4.13,7.07,0.00, 0.00
4.13,7.07,0.00, 0.00
4.13,7.07,0.00, 0.00
4.13,7.07,0.00, 0.00
4.13,7.07,0.00, 0.00
4.13,7.07,0.00, 0.00
4.13,7.07,0.00, 0.00
4.13,7.07,0.00, 0.00
4.13,7.07,0.00, 0.00
4.13,6.90,0.00, 0.00
4.13,6.73,0.00, 0.00
4.10,6.55,0.00, 0.00
4.10,5.43,0.00, 0.00
4.10,5.43,0.00, 0.00
4.13,5.42,1.48, 0.00
4.13,5.42,1.48, 0.00
4.13,5.42,1.48, 0.00
4.13,5.42,1.48, 0.00
4.13,5.42,1.48, 0.00
4.13,5.42,1.48, 0.00
4.13,5.42,1.48, 0.00
4.10,5.36,0.00, 0.00
4.10,5.36,0.00, 0.00
4.10,5.35,0.00, 0.00
4.10,5.35,0.00, 0.00
4.10,5.35,0.00, 0.00
4.10,5.35,0.00, 0.00
4.10,5.35,0.00, 0.00
4.10,5.35,0.00, 0.00
4.10,5.35,0.00, 0.00
4.10,5.35,0.00, 0.00
4.10,5.35,0.00, 0.00
4.10,5.35,0.00, 0.00
4.10,5.35,0.00, 0.00
4.10,5.35,0.00, 0.00
4.10,5.35,0.00, 0.00
4.10,5.35,0.00, 0.00
4.13,5.34,1.48, 0.00
4.10,5.03,0.00, 0.00
3.09,4.82,0.00, 0.00
0.36,3.24,0.00, 0.00
0.36,3.24,0.00, 0.00
0.13,2.96,0.00, 0.00
0.00,2.66,0.00, 0.00
0.00,2.33,0.00, 0.00
0.00,2.00,0.00, 0.00
0.00,1.64,0.00, 0.00
0.00,1.64,0.00, 0.00
0.00,1.64,0.00, 0.00
0.00,1.64,0.00, 0.00
0.00,1.64,0.00, 0.00
0.00,1.64,0.00, 0.00
0.00,1.64,0.00, 0.00
0.00,1.64,0.00, 0.00
0.00,1.64,0.00, 0.00
0.00,1.64,0.00, 0.00
0.00,1.64,0.00, 0.00
0.00,1.64,0.00, 0.00
0.00,1.29,0.00, 0.00
0.00,0.96,0.00, 0.00
0.00,0.64,0.00, 0.00
0.00,0.06,0.00, 0.00
0.00,0.05,0.00, 0.00
0.00,0.05,0.00, 0.50
0.00,0.06,0.00, 0.25
0.00,0.06,0.00, 0.25
0.00,0.06,0.00, 0.25
0.00,0.05,0.00, 0.00
0.00,0.05,0.00, 0.00
0.00,0.05,0.00, 0.00
0.00,0.05,0.00, 0.00
0.00,0.05,0.00, 0.00
0.00,0.05,0.00, 0.00
0.00,0.05,0.00, 0.00
0.00,0.05,0.00, 0.00
0.00,0.05,0.00, 0.50
0.00,0.05,0.00, 0.00
0.00,0.05,0.00, 0.50
0.00,0.06,0.00, 0.25
0.00,0.05,0.00, 0.00
0.00,0.05,0.00, 0.50
0.00,0.06,0.00, 0.25
0.00,0.06,0.00, 0.25
0.00,0.06,0.00, 0.00
0.00,0.06,0.00, 0.00
0.00,0.05,0.00, 0.00
0.00,0.05,0.00, 0.00
0.00,0.05,0.00, 0.00
0.00,0.04,0.00, 0.00
0.00,0.05,0.00, 0.50
0.00,0.05,0.00, 0.00
0.00,0.05,0.00, 0.00
0.00,0.05,0.00, 0.00
0.00,0.05,0.00, 0.50
0.00,0.05,0.00, 0.00
0.00,0.05,0.00, 0.00
0.00,0.05,0.00, 0.00
0.00,0.05,0.00, 0.50
0.00,0.06,0.00, 0.25
0.00,0.05,0.00, 0.00
0.00,0.05,0.00, 0.00
0.00,0.05,0.00, 0.00
0.00,0.05,0.00, 0.00
0.00,0.05,0.00, 0.00
0.00,0.05,0.00, 0.00
0.00,0.05,0.00, 0.00
0.00,0.05,0.00, 0.00
0.00,0.05,0.00, 0.00
0.00,0.05,0.00, 0.00
0.00,0.05,0.00, 0.00
0.00,0.05,0.00, 0.00
0.00,0.05,0.00, 0.00
0.00,0.05,0.00, 0.00
0.00,0.05,0.00, 0.50
0.00,0.05,0.00, 0.50
0.00,0.06,0.00, 0.25
0.00,0.06,0.00, 0.00
0.00,0.05,0.00, 0.00
0.00,0.05,0.00, 0.50
0.00,0.05,0.00, 0.00
0.00,0.05,0.00, 0.00
0.00,0.09,0.00, 2.24
0.00,0.15,0.00, 3.00
0.00,0.23,0.00, 3.75
0.00,0.23,0.00, 3.75
0.00,0.58,0.00, 17.70
0.00,1.06,0.00, 23.98
0.00,1.57,0.00, 25.49
0.00,2.07,0.00, 24.75
0.00,2.60,0.00, 26.74
0.00,2.60,0.00, 26.74
0.00,2.60,0.00, 26.74
0.00,2.60,0.00, 26.74
0.00,2.60,0.00, 26.74
0.00,2.60,0.00, 26.74
0.00,2.60,0.00, 26.74
0.00,3.15,0.00, 27.75
0.00,3.15,0.00, 27.75
0.00,3.73,0.00, 28.75
0.00,4.31,0.00, 29.00
3.05,7.47,150.26, 157.28
3.05,7.47,150.26, 157.28
3.05,7.47,150.26, 157.28
3.05,7.47,150.26, 157.28
3.05,7.47,150.26, 157.28
3.05,7.47,150.26, 157.28
3.05,7.47,150.26, 157.28
3.05,7.47,150.26, 157.28
3.48,7.95,23.39, 24.99
3.48,7.95,23.39, 24.99
3.48,7.95,23.39, 24.99
3.48,7.95,23.39, 24.99
3.48,7.95,23.39, 24.99
3.48,7.95,23.39, 24.99
3.48,7.95,23.39, 24.99
3.48,7.95,23.39, 24.99
3.48,7.95,23.39, 24.99
3.48,7.95,23.39, 24.99
3.48,7.95,23.39, 24.99
3.48,7.95,23.39, 24.99
3.48,7.95,23.39, 24.99
3.48,7.95,23.39, 24.99
3.48,7.95,23.39, 24.99
3.48,7.95,23.39, 24.99
3.48,7.95,23.39, 24.99
3.48,7.95,23.39, 24.99
3.48,7.95,23.39, 24.99
3.48,7.95,23.39, 24.99
3.99,8.45,25.47, 25.00
4.08,8.91,4.81, 22.76
4.13,9.81,2.53, 44.92
4.13,9.81,0.04, 0.16
4.13,9.81,0.04, 0.16
4.13,9.81,0.04, 0.16
4.13,9.81,0.04, 0.16
4.13,9.81,0.04, 0.16
4.13,9.81,0.04, 0.16
4.13,9.81,0.04, 0.16
4.13,9.81,0.04, 0.16
4.13,9.81,0.04, 0.16
4.13,9.81,0.04, 0.16
4.13,9.81,0.04, 0.16
4.13,9.81,0.04, 0.16
4.13,9.81,0.04, 0.16
4.13,9.81,0.04, 0.16
4.13,9.81,0.04, 0.16
4.13,9.81,0.04, 0.16
4.13,9.81,0.04, 0.16
4.13,9.81,0.04, 0.16
4.13,9.81,0.04, 0.16
4.13,9.81,0.04, 0.16
4.13,9.81,0.04, 0.16
4.13,9.81,0.04, 0.16
4.13,9.81,0.04, 0.16
4.13,9.81,0.04, 0.16
4.13,9.81,0.04, 0.16
4.13,9.81,0.04, 0.16
4.13,9.81,0.04, 0.16
4.13,9.81,0.04, 0.16
4.13,9.81,0.04, 0.16
4.13,9.81,0.04, 0.16
4.13,9.81,0.04, 0.16
4.13,9.81,0.04, 0.16
4.13,9.81,0.04, 0.16
4.13,9.81,0.04, 0.16
4.13,9.81,0.04, 0.16
4.13,9.81,0.04, 0.16
4.13,9.81,0.04, 0.16
4.13,9.81,0.04, 0.16
4.13,9.81,0.04, 0.16
4.13,9.81,0.00, 0.00
4.13,9.81,0.00, 0.00
4.13,9.81,0.00, 0.00
4.13,9.81,0.00, 0.00
4.13,9.81,0.00, 0.00
4.13,9.81,0.00, 0.00
4.13,9.81,0.00, 0.00
4.13,9.81,0.00, 0.00
4.13,9.81,0.00, 0.00
4.13,9.81,0.00, 0.00
4.13,9.81,0.00, 0.00
4.13,9.81,0.00, 0.00
4.13,9.81,0.00, 0.00
4.13,9.81,0.00, 0.00
4.13,9.81,0.00, 0.00
4.13,9.81,0.00, 0.00
4.13,5.81,0.00, 0.00
4.10,5.21,0.00, 0.00
4.10,5.18,0.00, 0.00
4.10,5.18,0.00, 0.00
4.10,5.18,0.00, 0.00
4.10,5.18,0.00, 0.00
4.10,5.18,0.00, 0.00
4.10,5.18,0.00, 0.00
4.10,5.18,0.00, 0.00
4.13,4.65,1.48, 0.00
4.10,4.62,0.00, 0.00
4.10,4.62,0.00, 0.00
4.10,4.61,0.00, 0.00
4.10,4.56,0.00, 0.00
4.10,4.46,0.00, 0.00
4.10,4.37,0.00, 0.00
4.13,4.23,1.48, 0.00
4.13,4.23,1.48, 0.00
4.13,4.23,1.48, 0.00
4.13,4.23,1.48, 0.00
4.13,4.23,1.48, 0.00
4.13,4.23,1.48, 0.00
4.13,4.23,1.48, 0.00
4.13,4.23,1.48, 0.00
4.13,4.23,1.48, 0.00
4.13,4.23,1.48, 0.00
4.13,4.23,1.48, 0.00
4.13,4.23,1.48, 0.00
4.13,4.23,1.48, 0.00
4.13,4.23,1.48, 0.00
4.13,4.23,1.48, 0.00
4.13,4.23,1.48, 0.00
4.13,4.23,1.48, 0.00
4.13,4.23,1.48, 0.00
4.13,4.14,0.02, 0.00
4.13,4.14,0.02, 0.00
4.13,4.14,0.02, 0.00
4.10,4.03,0.00, 0.00
4.13,3.96,1.48, 0.00
0.34,1.41,0.00, 0.00
0.25,1.12,0.00, 0.00
0.18,0.81,0.00, 0.00
0.18,0.81,0.00, 0.00
0.18,0.81,0.00, 0.00
0.18,0.81,0.00, 0.00
0.18,0.81,0.00, 0.00
0.13,0.50,0.00, 0.00
0.13,0.50,0.00, 0.00
0.18,0.22,2.46, 0.00
0.83,0.07,32.06, 0.00
0.83,0.07,32.06, 0.00
0.00,0.05,0.00, 0.00
0.00,0.05,0.00, 0.00
0.00,0.05,0.00, 0.00
0.00,0.05,0.00, 0.00
0.00,0.05,0.00, 0.50
0.00,0.06,0.00, 0.25
0.00,0.05,0.00, 0.00
0.18,0.05,8.87, 0.00
0.11,0.05,0.00, 0.00
0.00,0.05,0.00, 0.00
0.00,0.05,0.00, 0.00
0.00,0.05,0.00, 0.00
0.00,0.05,0.00, 0.00
0.00,0.05,0.00, 0.50
0.00,0.06,0.00, 0.25
0.00,0.05,0.00, 0.00
0.00,0.05,0.00, 0.00
0.00,0.05,0.00, 0.00
0.00,0.05,0.00, 0.00
0.00,0.05,0.00, 0.00
0.00,0.05,0.00, 0.00
0.00,0.05,0.00, 0.00
0.00,0.05,0.00, 0.00
0.00,0.05,0.00, 0.00
0.00,0.05,0.00, 0.00
0.00,0.05,0.00, 0.50
0.00,0.06,0.00, 0.25
0.00,0.06,0.00, 0.00
0.00,0.05,0.00, 0.00
0.00,0.05,0.00, 0.00
0.00,0.05,0.00, 0.00
0.00,0.05,0.00, 0.00
0.00,0.05,0.00, 0.00
0.00,0.04,0.00, 0.00
0.00,0.05,0.00, 0.50
0.00,0.05,0.00, 0.00
0.00,0.05,0.00, 0.00
0.00,0.05,0.00, 0.00
0.00,0.05,0.00, 0.00
0.00,0.05,0.00, 0.00
0.00,0.05,0.00, 0.00
0.00,0.05,0.00, 0.00
0.00,0.05,0.00, 0.00
0.00,0.05,0.00, 0.00
0.00,0.05,0.00, 0.00
0.00,0.05,0.00, 0.00
0.00,0.05,0.00, 0.00
0.00,0.05,0.00, 0.00
0.00,0.05,0.00, 0.00
0.00,0.05,0.00, 0.00
0.00,0.05,0.00, 0.00
0.00,0.05,0.00, 0.50
0.00,0.05,0.00, 0.50
0.00,0.06,0.00, 0.25
0.00,0.06,0.00, 0.00
0.00,0.05,0.00, 0.00
0.00,0.05,0.00, 0.00
0.00,0.05,0.00, 0.00
0.00,0.05,0.00, 0.00
0.00,0.05,0.00, 0.00
0.00,0.05,0.00, 0.00
0.00,0.05,0.00, 0.00
0.00,0.05,0.00, 0.00
0.00,0.05,0.00, 0.00
0.00,0.05,0.00, 0.00
0.00,0.05,0.00, 0.00
0.00,0.05,0.00, 0.00
0.00,0.05,0.00, 0.00
0.00,0.07,0.00, 1.25
0.00,0.24,0.00, 8.47
0.00,0.24,0.00, 8.47
0.00,0.56,0.00, 15.97
0.00,0.95,0.00, 19.49
0.00,1.40,0.00, 22.49
0.00,1.85,0.00, 22.50
0.00,1.85,0.00, 22.50
0.00,2.33,0.00, 23.75
0.00,2.79,0.00, 23.25
0.00,3.28,0.00, 24.50
0.00,3.83,0.00, 27.24
0.00,4.39,0.00, 28.00
0.00,4.97,0.00, 29.25
0.00,5.54,0.00, 28.50
0.00,6.14,0.00, 30.24
0.00,6.69,0.00, 27.26
0.00,7.22,0.00, 26.75
0.00,7.78,0.00, 28.00
0.27,8.34,13.30, 28.00
0.72,8.93,22.36, 29.00
0.72,8.93,22.36, 29.00
1.23,9.51,25.45, 29.00
1.23,9.51,25.45, 29.00
1.23,9.51,25.45, 29.00
1.23,9.51,25.45, 29.00
1.23,9.51,25.45, 29.00
1.23,9.51,25.45, 29.00
1.23,9.51,25.45, 29.00
1.23,9.51,25.45, 29.00
1.23,9.51,25.45, 29.00
1.23,9.51,25.45, 29.00
1.23,9.51,25.45, 29.00
1.23,9.51,25.45, 29.00
1.23,9.51,25.45, 29.00
1.23,9.51,25.45, 29.00
1.75,9.81,25.99, 15.30
1.75,9.81,25.99, 15.30
2.24,9.81,24.52, 0.06
2.67,9.81,21.54, 0.00
2.67,9.81,21.54, 0.00
2.67,9.81,21.54, 0.00
2.67,9.81,21.54, 0.00
2.67,9.81,21.54, 0.00
2.67,9.81,21.54, 0.00
2.67,9.81,21.54, 0.00
2.67,9.81,21.54, 0.00
2.67,9.81,21.54, 0.00
2.67,9.81,21.54, 0.00
2.67,9.81,21.54, 0.00
2.67,9.81,21.54, 0.00
2.67,9.81,21.54, 0.00
2.67,9.81,21.54, 0.00
2.67,9.81,21.54, 0.00
2.67,9.81,21.54, 0.00
2.67,9.81,21.54, 0.00
2.67,9.81,21.54, 0.00
2.67,9.81,21.54, 0.00
2.67,9.81,21.54, 0.00
2.67,9.81,21.54, 0.00
2.67,9.81,21.54, 0.00
2.67,9.81,21.54, 0.00
2.67,9.81,21.54, 0.00
2.67,9.81,21.54, 0.00
2.67,9.81,21.54, 0.00
4.13,9.81,72.24, 0.00
4.13,9.81,72.24, 0.00
4.13,9.81,72.24, 0.00
4.13,9.81,72.24, 0.00
4.13,9.81,72.24, 0.00
4.13,9.81,72.24, 0.00
4.13,9.81,72.24, 0.00
4.13,9.81,1.06, 0.00
4.15,9.81,1.00, 0.00
4.15,9.81,1.00, 0.00
4.15,9.81,1.00, 0.00
4.15,9.81,1.00, 0.00
4.15,9.81,1.00, 0.00
4.15,9.81,1.00, 0.00
4.15,9.81,1.00, 0.00
4.15,9.81,1.00, 0.00
4.15,9.81,1.00, 0.00
4.15,9.81,1.00, 0.00
4.15,9.81,1.00, 0.00
4.15,9.81,1.00, 0.00
4.15,9.81,1.00, 0.00
4.15,9.81,1.00, 0.00
4.15,9.81,1.00, 0.00
4.15,9.81,1.00, 0.00
4.15,9.81,1.00, 0.00
4.15,9.81,1.00, 0.00
4.15,9.81,1.00, 0.00
4.15,9.81,1.00, 0.00
4.15,9.81,1.00, 0.00
4.15,9.81,1.00, 0.00
4.15,9.81,1.00, 0.00
4.15,9.81,1.00, 0.00
4.15,9.81,1.00, 0.00
4.13,9.81,0.00, 0.00
4.13,9.81,0.00, 0.00
4.13,9.79,0.00, 0.00
4.13,9.79,0.00, 0.00
4.13,9.79,0.00, 0.00
4.13,9.79,0.00, 0.00
4.13,9.79,0.00, 0.00
4.13,9.79,0.00, 0.00
4.13,9.79,0.00, 0.00
4.13,9.69,0.00, 0.00
4.13,9.69,0.00, 0.00
4.13,9.69,0.00, 0.00
4.13,9.69,0.00, 0.00
4.13,9.69,0.00, 0.00
4.13,9.69,0.00, 0.00
4.13,9.69,0.00, 0.00
4.13,9.69,0.00, 0.00
4.13,9.69,0.00, 0.00
4.10,7.19,0.00, 0.00
4.13,7.05,1.48, 0.00
4.13,7.05,1.48, 0.00
4.13,6.54,0.02, 0.00
4.13,6.19,0.00, 0.00
4.13,6.14,0.00, 0.00
4.13,6.14,0.00, 0.00
4.13,6.14,0.00, 0.00
4.13,6.14,0.00, 0.00
4.13,6.14,0.00, 0.00
4.13,6.14,0.00, 0.00
4.13,6.14,0.00, 0.00
4.10,6.05,0.00, 0.00
4.10,5.93,0.00, 0.00
4.13,5.81,1.48, 0.00
4.10,5.43,0.00, 0.00
4.10,5.39,0.00, 0.00
0.11,5.19,0.00, 0.00
0.00,5.09,0.00, 0.00
0.00,5.02,0.00, 0.00
0.52,4.97,25.62, 0.00
2.44,4.99,94.96, 1.00
3.05,5.05,31.45, 2.99
3.16,5.12,5.88, 3.50
3.07,5.17,0.00, 2.50
2.94,5.17,0.00, 0.01
1.91,5.16,0.00, 0.00
1.91,5.16,0.00, 0.00
0.78,5.11,0.00, 0.00
0.63,5.00,0.00, 0.00
0.63,5.00,0.00, 0.00
0.63,5.00,0.00, 0.00
1.12,4.81,24.14, 0.00
1.12,4.81,24.14, 0.00
1.12,4.81,24.14, 0.00
1.39,4.57,13.66, 0.00
1.12,4.20,0.00, 0.00
0.31,3.22,0.00, 0.00
0.25,2.64,0.00, 0.00
0.00,2.06,0.00, 0.00
0.00,1.52,0.00, 0.00
0.00,1.52,0.00, 0.00
0.00,1.52,0.00, 0.00
0.00,1.52,0.00, 0.00
0.00,1.52,0.00, 0.00
0.00,1.52,0.00, 0.00
0.00,1.52,0.00, 0.00
0.00,1.52,0.00, 0.00
0.00,1.52,0.00, 0.00
0.00,1.52,0.00, 0.00
0.00,1.52,0.00, 0.00
0.00,1.52,0.00, 0.00
0.00,1.52,0.00, 0.00
0.00,0.99,0.00, 0.00
0.00,0.53,0.00, 0.00
0.00,0.53,0.00, 0.00
0.00,0.53,0.00, 0.00
0.00,0.53,0.00, 0.00
0.09,0.19,4.43, 0.00
0.00,0.05,0.00, 0.00
0.07,0.05,3.45, 0.00
0.07,0.05,3.45, 0.00
0.07,0.05,3.45, 0.00
0.00,0.05,0.00, 0.00
0.00,0.04,0.00, 0.00
0.00,0.05,0.00, 0.50
0.00,0.05,0.00, 0.00
0.00,0.05,0.00, 0.00
0.00,0.05,0.00, 0.00
0.00,0.05,0.00, 0.00
0.00,0.05,0.00, 0.00
0.00,0.04,0.00, 0.00
0.00,0.04,0.00, 0.00
0.00,0.04,0.00, 0.00
0.00,0.05,0.00, 1.00
0.00,0.05,0.00, 1.00
0.00,0.05,0.00, 1.00
0.00,0.05,0.00, 1.00
0.00,0.05,0.00, 1.00
0.00,0.05,0.00, 0.00
0.00,0.05,0.00, 0.00
0.00,0.05,0.00, 0.00
0.00,0.05,0.00, 0.50
0.00,0.05,0.00, 0.00
0.00,0.05,0.00, 0.00
0.00,0.05,0.00, 0.00
0.00,0.04,0.00, 0.00
0.00,0.05,0.00, 0.50
0.00,0.05,0.00, 0.00
0.00,0.05,0.00, 0.50
0.00,0.05,0.00, 0.00
0.00,0.05,0.00, 0.50
0.00,0.05,0.00, 0.50
0.00,0.06,0.00, 0.25
0.00,0.06,0.00, 0.25
0.00,0.05,0.00, 0.00
0.00,0.05,0.00, 0.00
0.00,0.05,0.00, 0.50
0.00,0.06,0.00, 0.25
0.00,0.05,0.00, 0.00
0.00,0.05,0.00, 0.00
0.00,0.05,0.00, 0.00
0.00,0.05,0.00, 0.00
0.00,0.05,0.00, 0.00
0.00,0.05,0.00, 0.00
0.00,0.05,0.00, 0.00
0.00,0.05,0.00, 0.00
0.00,0.05,0.00, 0.00
0.00,0.05,0.00, 0.00
0.00,0.05,0.00, 0.00
0.00,0.05,0.00, 0.00
0.00,0.05,0.00, 0.00
0.00,0.05,0.00, 0.00
0.00,0.05,0.00, 0.00
0.00,0.05,0.00, 0.50
0.00,0.05,0.00, 0.00
0.00,0.08,0.00, 1.74
0.00,0.07,0.00, 0.00
0.00,0.07,0.00, 0.00
0.00,0.12,0.00, 2.74
0.00,0.23,0.00, 5.24
0.00,0.43,0.00, 9.73
0.00,0.43,0.00, 9.73
0.00,0.43,0.00, 9.73
0.00,0.43,0.00, 9.73
0.00,0.68,0.00, 12.49
0.00,1.03,0.00, 17.73
0.00,1.43,0.00, 20.24
0.00,2.42,0.00, 49.14
0.00,3.43,0.00, 50.50
0.00,4.08,0.00, 32.57
0.20,4.80,9.85, 35.99
0.61,5.55,20.34, 37.49
0.61,5.55,20.34, 37.49
1.39,6.27,38.73, 36.25
1.39,6.27,38.73, 36.25
2.38,6.97,49.34, 34.51
3.09,7.59,35.70, 31.01
3.66,8.19,28.61, 30.50
3.66,8.19,28.61, 30.50
4.13,9.28,23.58, 54.41
4.10,9.77,0.00, 24.61
4.10,9.81,0.00, 1.83
4.10,9.81,0.00, 0.01
4.13,9.81,1.48, 0.00
4.13,9.81,0.02, 0.00
4.13,9.81,0.02, 0.00
4.13,9.81,0.02, 0.00
4.13,9.81,0.02, 0.00
4.13,9.81,0.02, 0.00
4.13,9.81,0.02, 0.00
4.13,9.81,0.02, 0.00
4.13,9.81,0.02, 0.00
4.13,9.81,0.02, 0.00
4.13,9.81,0.00, 0.00
4.13,9.81,0.00, 0.00
4.13,9.81,0.00, 0.00
4.13,9.81,0.00, 0.00
4.13,9.81,0.00, 0.00
4.13,9.81,0.00, 0.00
4.13,9.81,0.00, 0.00
4.13,9.81,0.00, 0.00
4.13,9.81,0.00, 0.00
4.13,9.81,0.00, 0.00
4.13,9.81,0.00, 0.00
4.13,9.81,0.00, 0.00
4.13,9.81,0.00, 0.00
4.15,9.81,0.99, 0.00
4.15,9.81,0.99, 0.00
4.13,9.81,0.00, 0.00
4.15,9.81,0.99, 0.00
4.15,9.81,0.99, 0.00
4.13,9.81,0.00, 0.00
4.13,9.81,0.00, 0.00
4.15,9.81,0.99, 0.00
4.15,9.81,0.99, 0.00
4.13,9.81,0.00, 0.00
4.13,9.81,0.00, 0.00
4.13,9.81,0.00, 0.00
4.15,9.81,0.99, 0.00
4.15,9.81,0.01, 0.00
4.13,9.81,0.00, 0.00
4.13,9.81,0.00, 0.00
4.13,9.81,0.00, 0.00
4.13,9.81,0.00, 0.00
4.13,9.81,0.00, 0.00
4.13,9.81,0.00, 0.00
4.13,9.81,0.00, 0.00
4.15,9.81,0.99, 0.00
4.13,9.78,0.00, 0.00
4.13,9.69,0.00, 0.00
4.13,8.92,0.00, 0.00
4.13,8.92,0.00, 0.00
4.13,8.76,0.00, 0.00
4.13,8.76,0.00, 0.00
4.13,8.59,0.00, 0.00
4.13,8.41,0.00, 0.00
4.13,8.41,0.00, 0.00
4.13,8.41,0.00, 0.00
4.13,8.41,0.00, 0.00
4.13,8.41,0.00, 0.00
4.13,8.41,0.00, 0.00
4.13,8.41,0.00, 0.00
4.13,8.41,0.00, 0.00
4.13,8.41,0.00, 0.00
4.13,8.41,0.00, 0.00
4.13,8.41,0.00, 0.00
4.13,8.41,0.00, 0.00
4.13,8.41,0.00, 0.00
4.13,8.25,0.00, 0.00
4.13,8.25,0.00, 0.00
4.13,8.25,0.00, 0.00
4.13,8.25,0.00, 0.00
4.13,8.25,0.00, 0.00
4.13,8.25,0.00, 0.00
4.13,8.25,0.00, 0.00
4.13,8.25,0.00, 0.00
4.13,8.25,0.00, 0.00
4.13,8.09,0.00, 0.00
4.13,8.09,0.00, 0.00
4.13,8.09,0.00, 0.00
4.13,8.09,0.00, 0.00
4.13,8.09,0.00, 0.00
4.13,8.09,0.00, 0.00
4.13,8.09,0.00, 0.00
4.13,8.09,0.00, 0.00
4.13,8.09,0.00, 0.00
4.13,8.09,0.00, 0.00
4.13,8.09,0.00, 0.00
4.13,8.09,0.00, 0.00
4.13,8.09,0.00, 0.00
4.13,8.09,0.00, 0.00
4.15,7.94,0.99, 0.00
4.13,6.02,0.00, 0.00
4.13,6.11,0.00, 4.48
4.13,6.11,0.00, 0.00
4.13,5.99,0.00, 0.00
4.13,5.85,0.00, 0.00
4.13,5.66,0.00, 0.00
4.13,5.51,0.00, 0.00
4.13,5.39,0.00, 0.00
4.13,5.28,0.00, 0.00
4.13,5.19,0.00, 0.00
4.10,5.11,0.00, 0.00
3.77,5.02,0.00, 0.00
0.92,4.87,0.00, 0.00
0.00,4.70,0.00, 0.00
0.00,4.54,0.00, 0.00
0.00,4.54,0.00, 0.00
0.00,4.54,0.00, 0.00
0.00,4.54,0.00, 0.00
0.00,4.54,0.00, 0.00
0.00,4.46,0.00, 0.00
0.00,4.46,0.00, 0.00
0.00,4.46,0.00, 0.00
0.00,4.46,0.00, 0.00
0.00,4.46,0.00, 0.00
2.26,4.43,111.34, 0.00
2.26,4.43,111.34, 0.00
3.16,4.42,45.98, 0.00
3.16,4.42,45.98, 0.00
3.16,4.42,45.98, 0.00
3.30,4.20,7.57, 0.00
0.00,3.48,0.00, 0.00
1.41,3.18,69.46, 0.00
1.41,3.18,69.46, 0.00
1.41,3.18,69.46, 0.00
1.41,3.18,69.46, 0.00
1.41,3.18,69.46, 0.00
1.41,3.18,69.46, 0.00
1.41,3.18,69.46, 0.00
0.54,2.40,0.00, 0.00
0.00,1.91,0.00, 0.00
0.45,1.46,22.17, 0.00
0.81,0.05,18.06, 0.00
0.27,0.05,0.00, 0.00
0.00,0.04,0.00, 0.00
0.00,0.05,0.00, 0.50
0.00,0.05,0.00, 0.00
0.00,0.05,0.00, 0.50
0.00,0.07,0.00, 0.75
0.00,0.06,0.00, 0.00
0.00,0.06,0.00, 0.00
0.00,0.06,0.00, 0.00
0.00,0.06,0.00, 0.00
0.00,0.05,0.00, 0.00
0.00,0.05,0.00, 0.50
0.07,0.05,3.45, 0.00
0.09,0.05,1.04, 0.00
0.00,0.05,0.00, 0.00
0.00,0.05,0.00, 0.00
0.00,0.05,0.00, 0.00
0.00,0.05,0.00, 0.00
0.00,0.05,0.00, 0.00
0.00,0.05,0.00, 0.00
0.00,0.04,0.00, 0.00
0.00,0.04,0.00, 0.00
0.00,0.05,0.00, 0.50
0.00,0.05,0.00, 0.00
0.00,0.05,0.00, 0.00
0.00,0.05,0.00, 0.00
0.00,0.05,0.00, 0.00
0.00,0.05,0.00, 0.00
0.00,0.05,0.00, 0.00
0.00,0.05,0.00, 0.00
0.00,0.05,0.00, 0.00
0.00,0.05,0.00, 0.00
0.00,0.05,0.00, 0.50
0.00,0.05,0.00, 0.00
0.00,0.05,0.00, 0.00
0.00,0.05,0.00, 0.00
0.00,0.05,0.00, 0.00
0.00,0.05,0.00, 0.00
0.00,0.05,0.00, 0.00
0.00,0.05,0.00, 0.00
0.00,0.05,0.00, 0.00
0.00,0.05,0.00, 0.00
0.00,0.05,0.00, 0.00
0.00,0.05,0.00, 0.00
0.00,0.05,0.00, 0.00
0.00,0.05,0.00, 0.00
0.00,0.05,0.00, 0.00
0.00,0.05,0.00, 0.00
0.00,0.05,0.00, 0.00
0.00,0.05,0.00, 0.00
0.00,0.05,0.00, 0.00
0.00,0.05,0.00, 0.00
0.00,0.05,0.00, 0.00
0.00,0.05,0.00, 0.00
0.00,0.06,0.00, 0.75
0.00,0.06,0.00, 0.75
0.00,0.06,0.00, 0.75
0.00,0.06,0.00, 0.75
0.00,0.06,0.00, 0.75
0.00,0.05,0.00, 0.00
0.00,0.05,0.00, 0.00
0.00,0.05,0.00, 0.00
0.00,0.05,0.00, 0.00
0.00,0.18,0.00, 6.48
0.00,0.41,0.00, 11.73
0.00,0.76,0.00, 17.48
0.00,1.10,0.00, 16.75
0.00,1.47,0.00, 18.74
0.00,1.93,0.00, 23.23
0.00,2.39,0.00, 22.75
0.00,2.94,0.00, 27.48
0.00,3.55,0.00, 30.24
0.00,3.55,0.00, 30.24
0.00,3.55,0.00, 30.24
0.00,3.55,0.00, 30.24
0.00,3.55,0.00, 30.24
0.00,3.55,0.00, 30.24
0.00,4.14,0.00, 30.00
0.00,4.14,0.00, 30.00
0.00,4.14,0.00, 30.00
0.00,4.78,0.00, 31.99
0.00,4.78,0.00, 31.99
0.00,4.78,0.00, 31.99
0.00,4.78,0.00, 31.99
0.00,4.78,0.00, 31.99
0.00,4.78,0.00, 31.99
0.00,4.78,0.00, 31.99
0.00,4.78,0.00, 31.99
0.00,4.78,0.00, 31.99
0.00,4.78,0.00, 31.99
0.00,4.78,0.00, 31.99
0.00,4.78,0.00, 31.99
0.00,4.78,0.00, 31.99
0.00,4.78,0.00, 31.99
0.00,4.78,0.00, 31.99
0.00,4.78,0.00, 31.99
0.00,4.78,0.00, 31.99
0.00,4.78,0.00, 31.99
0.00,4.78,0.00, 31.99
0.00,4.78,0.00, 31.99
0.00,4.78,0.00, 31.99
0.00,4.78,0.00, 31.99
0.00,4.78,0.00, 31.99
0.00,4.78,0.00, 31.99
0.00,4.78,0.00, 31.99
0.00,4.78,0.00, 31.99
0.00,4.78,0.00, 31.99
0.00,4.78,0.00, 31.99
0.00,4.78,0.00, 31.99
0.00,4.78,0.00, 31.99
0.00,4.78,0.00, 31.99
0.00,4.78,0.00, 31.99
0.00,4.78,0.00, 31.99
0.00,4.78,0.00, 31.99
0.00,4.78,0.00, 31.99
0.00,4.78,0.00, 31.99
0.00,4.78,0.00, 31.99
0.00,4.78,0.00, 31.99
0.00,4.78,0.00, 31.99
0.00,5.39,0.00, 30.51
0.00,5.39,0.00, 30.51
3.74,8.74,184.25, 166.75
3.74,8.74,184.25, 166.75
3.74,8.74,184.25, 166.75
4.19,9.23,24.88, 25.02
4.13,8.96,0.00, 0.00
4.13,8.96,0.00, 0.00
4.13,8.96,0.00, 0.00
4.13,8.96,0.00, 0.00
4.13,8.96,0.00, 0.00
4.13,8.96,0.00, 0.00
4.13,8.96,0.00, 0.00
4.13,8.96,0.00, 0.00
4.13,8.96,0.00, 0.00
4.13,8.96,0.00, 0.00
4.13,8.96,0.00, 0.00
4.13,8.96,0.00, 0.00
4.13,8.96,0.00, 0.00
4.13,8.96,0.00, 0.00
4.13,8.96,0.00, 0.00
4.13,8.96,0.00, 0.00
4.13,8.96,0.00, 0.00
4.13,8.96,0.00, 0.00
4.13,8.96,0.00, 0.00
4.13,8.96,0.00, 0.00
4.13,8.96,0.00, 0.00
4.13,8.96,0.00, 0.00
4.13,8.96,0.00, 0.00
4.13,8.96,0.00, 0.00
4.13,8.57,0.00, 0.00
4.13,8.57,0.00, 0.00
4.13,8.57,0.00, 0.00
4.13,8.57,0.00, 0.00
4.13,8.57,0.00, 0.00
4.13,8.57,0.00, 0.00
4.13,8.57,0.00, 0.00
4.13,8.40,0.00, 0.00
4.13,8.40,0.00, 0.00
4.13,8.40,0.00, 0.00
4.13,8.40,0.00, 0.00
4.13,8.40,0.00, 0.00
4.13,8.40,0.00, 0.00
4.13,8.40,0.00, 0.00
4.13,8.40,0.00, 0.00
4.13,8.40,0.00, 0.00
4.13,8.29,0.00, 0.00
4.13,6.24,0.00, 0.00
4.13,6.24,0.00, 0.00
4.13,5.62,0.00, 0.00
4.10,5.38,0.00, 0.00
4.13,5.36,1.48, 0.00
4.13,5.36,1.48, 0.00
4.13,5.36,1.48, 0.00
4.13,5.36,1.48, 0.00
4.13,5.36,1.48, 0.00
4.13,5.36,1.48, 0.00
4.13,5.36,1.48, 0.00
4.10,5.34,0.00, 0.00
4.13,5.31,1.48, 0.00
4.13,5.30,0.02, 0.00
4.13,5.12,0.00, 0.00
4.13,5.11,0.00, 0.00
4.13,5.07,0.00, 0.00
4.13,5.07,0.00, 0.00
4.13,5.07,0.00, 0.00
4.13,5.07,0.00, 0.00
4.13,5.02,0.00, 0.00
4.13,4.98,0.00, 0.00
4.13,4.89,0.00, 0.00
3.92,4.52,0.00, 0.00
1.64,4.40,0.00, 0.00
1.64,4.40,0.00, 0.00
1.64,4.40,0.00, 0.00
1.64,4.40,0.00, 0.00
1.64,4.40,0.00, 0.00
1.64,4.40,0.00, 0.00
1.64,4.40,0.00, 0.00
1.64,4.40,0.00, 0.00
1.64,4.40,0.00, 0.00
1.64,4.40,0.00, 0.00
1.64,4.40,0.00, 0.00
1.64,4.40,0.00, 0.00
1.64,4.40,0.00, 0.00
1.64,4.40,0.00, 0.00
1.64,4.40,0.00, 0.00
0.00,4.31,0.00, 0.00
0.00,4.23,0.00, 0.00
0.00,4.19,0.00, 0.00
0.00,1.40,0.00, 0.00
0.00,1.40,0.00, 0.00
0.00,1.40,0.00, 0.00
0.00,1.40,0.00, 0.00
0.00,1.40,0.00, 0.00
0.00,1.40,0.00, 0.00
0.00,1.40,0.00, 0.00
0.00,1.40,0.00, 0.00
0.00,1.40,0.00, 0.00
0.00,1.40,0.00, 0.00
0.00,1.40,0.00, 0.00
0.00,1.40,0.00, 0.00
0.00,1.40,0.00, 0.00
0.00,0.98,0.00, 0.00
0.00,0.28,0.00, 0.00
0.00,0.14,0.00, 0.00
0.00,0.05,0.00, 0.00
0.00,0.05,0.00, 0.00
0.00,0.05,0.00, 0.00
0.00,0.04,0.00, 0.00
0.00,0.05,0.00, 0.50
0.00,0.05,0.00, 0.00
0.00,0.05,0.00, 0.00
0.00,0.04,0.00, 0.00
0.00,0.05,0.00, 0.50
0.00,0.05,0.00, 0.00
0.00,0.05,0.00, 0.00
0.00,0.05,0.00, 0.00
0.00,0.05,0.00, 0.00
0.00,0.05,0.00, 0.00
0.00,0.05,0.00, 0.00
0.00,0.05,0.00, 0.00
0.00,0.05,0.00, 0.50
0.00,0.06,0.00, 0.25
0.00,0.06,0.00, 0.00
0.00,0.06,0.00, 0.00
0.00,0.06,0.00, 0.00
0.00,0.05,0.00, 0.00
0.00,0.05,0.00, 0.50
0.00,0.05,0.00, 0.00
0.00,0.05,0.00, 0.00
0.00,0.04,0.00, 0.00
0.00,0.05,0.00, 0.50
0.00,0.04,0.00, 0.00
0.00,0.05,0.00, 0.50
0.00,0.05,0.00, 0.00
0.00,0.05,0.00, 0.00
0.00,0.05,0.00, 0.00
0.00,0.05,0.00, 0.00
0.00,0.05,0.00, 0.00
0.00,0.05,0.00, 0.00
0.00,0.05,0.00, 0.00
0.00,0.05,0.00, 0.00
0.00,0.05,0.00, 0.00
0.00,0.05,0.00, 0.00
0.00,0.05,0.00, 0.00
0.00,0.05,0.00, 0.00
0.00,0.05,0.00, 0.00
0.00,0.05,0.00, 0.00
0.00,0.06,0.00, 0.75
0.00,0.06,0.00, 0.00
0.00,0.05,0.00, 0.00
0.00,0.05,0.00, 0.00
0.00,0.05,0.00, 0.00
0.00,0.05,0.00, 0.00
0.00,0.05,0.00, 0.00
0.00,0.05,0.00, 0.00
0.00,0.04,0.00, 0.00
0.00,0.04,0.00, 0.00
0.00,0.05,0.00, 0.50
0.00,0.05,0.00, 0.50
0.00,0.05,0.00, 0.00
0.00,0.05,0.00, 0.00
0.00,0.04,0.00, 0.00
0.00,0.05,0.00, 0.50
0.00,0.05,0.00, 0.50
0.00,0.05,0.00, 0.00
0.00,0.05,0.00, 0.00
0.00,0.05,0.00, 0.00
0.00,0.05,0.00, 0.50
0.00,0.05,0.00, 0.00
0.00,0.05,0.00, 0.00
0.00,0.05,0.00, 0.00
0.00,0.16,0.00, 5.48
0.00,0.55,0.00, 19.45
0.00,0.94,0.00, 20.00
0.00,1.34,0.00, 19.75
0.00,1.34,0.00, 19.75
0.00,1.34,0.00, 19.75
0.00,1.34,0.00, 19.75
0.00,1.34,0.00, 19.75
0.00,1.34,0.00, 19.75
0.00,1.34,0.00, 19.75
0.00,1.34,0.00, 19.75
0.00,1.77,0.00, 21.74
0.00,2.24,0.00, 23.49
0.00,2.70,0.00, 22.50
0.00,4.84,0.00, 106.94
0.00,5.38,0.00, 27.04
0.00,5.85,0.00, 23.51
0.18,6.35,8.87, 24.99
0.67,6.89,24.27, 26.99
0.67,6.89,24.27, 26.99
0.67,6.89,24.27, 26.99
0.67,6.89,24.27, 26.99
0.67,6.89,24.27, 26.99
0.67,6.89,24.27, 26.99
0.67,6.89,24.27, 26.99
1.17,7.40,24.99, 25.75
1.68,7.93,25.49, 26.75
2.31,8.48,31.41, 27.00
4.10,9.81,88.65, 66.60
4.10,9.81,88.65, 66.60
4.10,9.81,88.65, 66.60
4.10,9.81,88.65, 66.60
4.10,9.81,88.65, 66.60
4.10,9.81,88.65, 66.60
4.10,9.81,88.65, 66.60
4.10,9.81,88.65, 66.60
4.10,9.81,88.65, 66.60
4.10,9.81,88.65, 66.60
4.10,9.81,88.65, 66.60
4.10,9.81,88.65, 66.60
4.10,9.81,88.65, 66.60
4.10,9.81,88.65, 66.60
4.10,9.81,88.65, 66.60
4.10,9.81,88.65, 66.60
4.10,9.81,88.65, 66.60
4.10,9.81,88.65, 66.60
4.10,9.81,88.65, 66.60
4.10,9.81,88.65, 66.60
4.13,9.81,2.78, 0.24
4.13,9.81,0.04, 0.00
4.13,9.81,0.04, 0.00
4.13,9.81,0.04, 0.00
4.13,9.81,0.04, 0.00
4.13,9.81,0.04, 0.00
4.13,9.81,0.04, 0.00
4.15,9.81,0.99, 0.