7.80,0.00,0.00, 0.00
7.80,0.00,0.00, 0.00
0.00,0.05,0.00, 2.24
0.00,0.05,0.00, 0.01
0.00,0.05,0.00, 0.01
0.00,0.05,0.00, 0.01
0.00,0.05,0.00, 0.01
0.00,0.05,0.00, 0.01
0.00,0.05,0.00, 0.01
0.00,0.05,0.00, 0.01
0.00,0.05,0.00, 0.01
0.00,0.05,0.00, 0.01
0.00,0.05,0.00, 0.01
0.00,0.05,0.00, 0.01
0.00,0.05,0.00, 0.01
0.00,0.05,0.00, 0.01
0.00,0.05,0.00, 0.01
0.00,0.05,0.00, 0.01
0.00,0.05,0.00, 0.01
0.00,0.05,0.00, 0.00
0.00,0.05,0.00, 0.00
0.00,0.05,0.00, 0.00
0.00,0.05,0.00, 0.00
0.09,0.05,4.43, 0.00
0.09,0.05,4.43, 0.00
0.09,0.05,4.43, 0.00
0.09,0.05,4.43, 0.00
0.09,0.05,4.43, 0.00
0.09,0.05,4.43, 0.00
0.09,0.05,4.43, 0.00
0.09,0.05,4.43, 0.00
0.09,0.05,4.43, 0.00
0.09,0.05,4.43, 0.00
0.09,0.05,4.43, 0.00
0.09,0.05,4.43, 0.00
0.09,0.05,4.43, 0.00
0.09,0.05,4.43, 0.00
0.09,0.05,4.43, 0.00
0.09,0.05,4.43, 0.00
0.09,0.05,4.43, 0.00
0.09,0.05,4.43, 0.00
0.09,0.05,4.43, 0.00
0.09,0.05,4.43, 0.00
0.09,0.05,4.43, 0.00
0.09,0.05,4.43, 0.00
0.09,0.05,4.43, 0.00
0.09,0.05,4.43, 0.00
0.09,0.05,4.43, 0.00
0.09,0.05,4.43, 0.00
0.09,0.05,4.43, 0.00
0.09,0.05,4.43, 0.00
0.09,0.05,4.43, 0.00
0.09,0.05,4.43, 0.00
0.09,0.05,4.43, 0.00
0.09,0.05,4.43, 0.00
0.09,0.05,4.43, 0.00
0.09,0.05,4.43, 0.00
0.09,0.05,4.43, 0.00
0.09,0.05,4.43, 0.00
0.02,0.05,0.00, 0.50
0.02,0.05,0.00, 0.50
0.00,0.05,0.00, 0.00
0.11,0.05,5.42, 0.00
0.04,0.05,0.00, 0.50
0.04,0.05,0.00, 0.00
0.04,0.05,0.00, 0.00
0.04,0.05,0.00, 0.00
0.04,0.05,0.00, 0.00
0.04,0.05,0.00, 0.00
0.04,0.05,0.00, 0.00
0.02,0.05,0.00, 0.00
0.02,0.05,0.00, 0.00
0.00,0.05,0.00, 0.50
0.00,0.05,0.00, 0.00
0.06,0.06,2.96, 0.75
0.09,0.06,1.52, 0.00
0.09,0.06,1.52, 0.00
0.09,0.06,1.52, 0.00
0.09,0.06,1.52, 0.00
0.09,0.06,1.52, 0.00
0.09,0.06,1.52, 0.00
0.09,0.06,1.52, 0.00
0.09,0.06,1.52, 0.00
0.09,0.06,1.52, 0.00
0.09,0.06,1.52, 0.00
0.09,0.06,1.52, 0.00
0.09,0.06,1.52, 0.00
0.09,0.06,1.52, 0.00
0.09,0.06,1.52, 0.00
0.09,0.06,1.52, 0.00
0.09,0.06,1.52, 0.00
0.09,0.06,1.52, 0.00
0.09,0.06,1.52, 0.00
0.09,0.06,1.52, 0.00
0.09,0.06,1.52, 0.00
0.09,0.06,1.52, 0.00
0.09,0.06,1.52, 0.00
0.09,0.06,1.52, 0.00
0.09,0.06,1.52, 0.00
0.09,0.06,1.52, 0.00
0.09,0.06,1.52, 0.00
0.09,0.06,1.52, 0.00
0.09,0.06,1.52, 0.00
0.09,0.06,1.52, 0.00
0.09,0.06,1.52, 0.00
0.09,0.06,1.52, 0.00
0.09,0.06,1.52, 0.00
0.09,0.06,1.52, 0.00
0.09,0.06,1.52, 0.00
0.09,0.06,1.52, 0.00
0.09,0.06,1.52, 0.00
0.09,0.06,1.52, 0.00
0.09,0.06,1.52, 0.00
0.09,0.06,1.52, 0.00
0.09,0.06,1.52, 0.00
0.09,0.06,1.52, 0.00
0.09,0.06,1.52, 0.00
0.09,0.06,1.52, 0.00
0.09,0.06,1.52, 0.00
0.09,0.06,1.52, 0.00
0.09,0.06,1.52, 0.00
0.09,0.06,1.52, 0.00
0.09,0.06,1.52, 0.00
0.09,0.06,1.52, 0.00
0.09,0.06,1.52, 0.00
0.09,0.06,1.52, 0.00
0.09,0.06,1.52, 0.00
0.09,0.06,1.52, 0.00
0.09,0.06,1.52, 0.00
0.09,0.06,1.52, 0.00
0.09,0.06,1.52, 0.00
0.09,0.06,1.52, 0.00
0.09,0.06,1.52, 0.00
0.09,0.06,1.52, 0.00
0.09,0.06,1.52, 0.00
0.11,0.05,1.01, 0.00
0.11,0.05,1.01, 0.00
0.11,0.05,1.01, 0.00
0.11,0.05,1.01, 0.00
0.11,0.05,1.01, 0.00
0.09,0.05,0.00, 0.00
0.09,0.05,0.00, 0.00
0.06,0.05,0.00, 0.00
0.06,0.05,0.00, 0.00
0.06,0.05,0.00, 0.00
0.06,0.05,0.00, 0.00
0.06,0.05,0.00, 0.00
0.20,0.05,6.90, 0.00
0.09,0.05,0.00, 0.00
0.02,0.05,0.00, 0.50
0.00,0.05,0.00, 0.00
0.00,0.05,0.00, 0.50
0.00,0.05,0.00, 0.00
0.00,0.05,0.00, 0.00
0.00,0.05,0.00, 0.00
0.00,0.05,0.00, 0.00
0.00,0.05,0.00, 0.00
0.06,0.05,2.96, 0.00
0.15,0.05,4.48, 0.50
0.27,0.05,5.98, 0.00
0.27,0.05,5.98, 0.00
0.27,0.05,5.98, 0.00
0.35,0.05,4.03, 0.50
0.35,0.05,4.03, 0.50
0.35,0.05,4.03, 0.50
0.35,0.05,4.03, 0.50
0.35,0.05,4.03, 0.50
0.35,0.05,4.03, 0.50
0.35,0.05,4.03, 0.50
0.31,0.06,0.00, 0.25
0.31,0.06,0.00, 0.25
0.22,0.06,0.00, 0.00
0.00,0.05,0.00, 0.00
0.22,0.05,10.84, 0.00
0.22,0.05,10.84, 0.00
0.22,0.05,10.84, 0.00
0.22,0.05,10.84, 0.00
0.22,0.05,10.84, 0.00
0.22,0.05,10.84, 0.00
0.22,0.05,10.84, 0.00
0.29,0.05,3.61, 0.50
0.29,0.05,3.61, 0.50
0.29,0.05,3.61, 0.50
0.29,0.05,3.61, 0.50
0.29,0.05,3.61, 0.50
0.29,0.05,3.61, 0.50
0.29,0.05,3.61, 0.50
0.29,0.06,0.05, 0.25
0.29,0.06,0.05, 0.25
0.20,0.06,0.00, 0.00
0.02,0.05,0.00, 0.00
0.02,0.05,0.00, 0.00
0.02,0.05,0.00, 0.00
0.02,0.05,0.00, 0.00
0.02,0.05,0.00, 0.00
0.00,0.05,0.00, 0.00
0.00,0.05,0.00, 0.00
0.00,0.05,0.00, 0.00
0.00,0.05,0.00, 0.00
0.00,0.05,0.00, 0.00
0.00,0.05,0.00, 0.50
0.11,0.05,5.42, 0.00
0.09,0.05,0.00, 0.50
0.09,0.06,0.00, 0.25
0.06,0.05,0.00, 0.00
0.04,0.05,0.00, 0.00
0.04,0.05,0.00, 0.00
0.02,0.05,0.00, 0.00
0.02,0.05,0.00, 0.00
0.00,0.05,0.00, 0.50
0.00,0.05,0.00, 0.00
0.00,0.05,0.00, 0.00
0.00,0.05,0.00, 0.00
0.00,0.05,0.00, 0.00
0.00,0.05,0.00, 0.00
0.00,0.05,0.00, 0.00
0.00,0.05,0.00, 0.00
0.00,0.05,0.00, 0.00
0.00,0.05,0.00, 0.50
0.00,0.05,0.00, 0.00
0.04,0.05,1.97, 0.00
0.00,0.05,0.00, 0.00
0.00,0.05,0.00, 0.00
0.00,0.05,0.00, 0.00
0.00,0.05,0.00, 0.00
0.00,0.05,0.00, 0.00
0.00,0.05,0.00, 0.00
0.00,0.05,0.00, 0.00
0.00,0.05,0.00, 0.00
0.00,0.05,0.00, 0.00
0.00,0.05,0.00, 0.00
0.00,0.05,0.00, 0.00
0.00,0.05,0.00, 0.00
0.00,0.05,0.00, 0.00
0.00,0.05,0.00, 0.00
0.00,0.05,0.00, 0.00
0.00,0.05,0.00, 0.00
0.00,0.05,0.00, 0.00
0.00,0.05,0.00, 0.00
0.00,0.05,0.00, 0.00
0.00,0.05,0.00, 0.00
0.00,0.05,0.00, 0.00
0.00,0.05,0.00, 0.00
0.00,0.05,0.00, 0.00
0.00,0.05,0.00, 0.00
0.00,0.05,0.00, 0.00
0.00,0.05,0.00, 0.00
0.00,0.05,0.00, 0.00
0.00,0.05,0.00, 0.00
0.00,0.05,0.00, 0.00
0.00,0.05,0.00, 0.00
0.00,0.05,0.00, 0.00
0.00,0.05,0.00, 0.00
0.00,0.05,0.00, 0.00
0.00,0.05,0.00, 0.00
0.00,0.05,0.00, 0.00
0.00,0.05,0.00, 0.00
0.00,0.05,0.00, 0.00
0.00,0.05,0.00, 0.50
0.00,0.05,0.00, 0.50
0.00,0.05,0.00, 0.50
0.00,0.05,0.00, 0.50
0.13,0.05,6.40, 0.00
0.13,0.05,6.40, 0.00
0.13,0.05,6.40, 0.00
0.13,0.05,6.40, 0.00
0.13,0.05,6.40, 0.00
0.13,0.05,6.40, 0.00
0.13,0.05,6.40, 0.00
0.13,0.05,6.40, 0.00
0.13,0.05,6.40, 0.00
0.13,0.05,6.40, 0.00
0.13,0.05,6.40, 0.00
0.13,0.05,6.40, 0.00
0.13,0.05,6.40, 0.00
0.13,0.05,6.40, 0.00
0.13,0.05,6.40, 0.00
0.13,0.05,6.40, 0.00
0.13,0.05,6.40, 0.00
0.13,0.05,6.40, 0.00
0.13,0.05,6.40, 0.00
0.13,0.05,6.40, 0.00
0.11,0.05,0.00, 0.00
0.11,0.05,0.00, 0.00
0.11,0.05,0.00, 0.00
0.11,0.05,0.00, 0.00
2.37,9.26,111.34, 459.06
2.37,9.26,111.34, 459.06
2.37,9.26,111.34, 459.06
2.91,9.76,28.24, 26.34
2.91,9.76,28.24, 26.34
2.91,9.76,28.24, 26.34
2.91,9.76,28.24, 26.34
2.91,9.76,28.24, 26.34
2.91,9.76,28.24, 26.34
2.91,9.76,28.24, 26.34
2.91,9.76,28.24, 26.34
2.91,9.76,28.24, 26.34
2.91,9.76,28.24, 26.34
2.91,9.76,28.24, 26.34
2.91,9.76,28.24, 26.34
2.91,9.76,28.24, 26.34
2.91,9.76,28.24, 26.34
2.91,9.76,28.24, 26.34
2.91,9.76,28.24, 26.34
2.91,9.76,28.24, 26.34
2.91,9.76,28.24, 26.34
2.91,9.76,28.24, 26.34
2.91,9.76,28.24, 26.34
2.91,9.76,28.24, 26.34
2.91,9.76,28.24, 26.34
2.91,9.76,28.24, 26.34
2.91,9.76,28.24, 26.34
2.91,9.76,28.24, 26.34
2.91,9.76,28.24, 26.34
2.91,9.76,28.24, 26.34
2.91,9.76,28.24, 26.34
2.91,9.76,28.24, 26.34
2.91,9.76,28.24, 26.34
2.91,9.76,28.24, 26.34
2.91,9.76,28.24, 26.34
2.91,9.76,28.24, 26.34
2.91,9.76,28.24, 26.34
2.91,9.76,28.24, 26.34
2.91,9.76,28.24, 26.34
2.91,9.76,28.24, 26.34
2.91,9.76,28.24, 26.34
2.91,9.76,28.24, 26.34
2.91,9.76,28.24, 26.34
2.91,9.76,28.24, 26.34
2.91,9.76,28.24, 26.34
2.91,9.76,28.24, 26.34
2.91,9.76,28.24, 26.34
2.91,9.76,28.24, 26.34
2.91,9.76,28.24, 26.34
2.91,9.76,28.24, 26.34
2.91,9.76,28.24, 26.34
2.91,9.76,28.24, 26.34
2.91,9.76,28.24, 26.34
2.91,9.76,28.24, 26.34
2.91,9.76,28.24, 26.34
2.91,9.76,28.24, 26.34
2.91,9.76,28.24, 26.34
2.91,9.76,28.24, 26.34
2.91,9.76,28.24, 26.34
2.91,9.76,28.24, 26.34
2.91,9.76,28.24, 26.34
2.91,9.76,28.24, 26.34
2.91,9.76,28.24, 26.34
6.75,9.81,189.59, 2.84
6.75,9.81,2.79, 0.01
6.77,9.81,1.03, 0.00
4.75,8.29,0.00, 0.00
4.75,8.29,0.00, 0.00
4.75,8.29,0.00, 0.00
4.75,8.29,0.00, 0.00
4.75,8.29,0.00, 0.00
4.75,8.29,0.00, 0.00
4.75,8.29,0.00, 0.00
4.75,8.29,0.00, 0.00
4.75,8.29,0.00, 0.00
4.75,8.29,0.00, 0.00
4.75,8.29,0.00, 0.00
4.75,8.29,0.00, 0.00
4.75,8.29,0.00, 0.00
4.75,8.29,0.00, 0.00
4.75,8.29,0.00, 0.00
4.75,8.29,0.00, 0.00
4.75,8.29,0.00, 0.00
4.75,8.29,0.00, 0.00
4.75,8.29,0.00, 0.00
4.75,8.29,0.00, 0.00
4.75,8.29,0.00, 0.00
4.75,8.29,0.00, 0.00
4.75,8.29,0.00, 0.00
4.75,8.29,0.00, 0.00
4.75,8.29,0.00, 0.00
4.75,8.29,0.00, 0.00
4.75,8.29,0.00, 0.00
4.75,8.29,0.00, 0.00
4.75,8.29,0.00, 0.00
4.75,8.29,0.00, 0.00
4.75,8.29,0.00, 0.00
4.75,8.29,0.00, 0.00
6.45,8.07,83.75, 0.00
6.45,8.07,83.75, 0.00
6.45,8.07,83.75, 0.00
6.45,8.07,83.75, 0.00
6.45,8.07,83.75, 0.00
6.45,8.07,83.75, 0.00
6.45,8.07,83.75, 0.00
6.61,7.97,9.11, 0.00
6.61,7.97,9.11, 0.00
6.61,7.97,9.11, 0.00
6.61,7.97,9.11, 0.00
6.61,7.97,9.11, 0.00
6.61,7.97,9.11, 0.00
6.61,7.97,9.11, 0.00
6.61,7.97,9.11, 0.00
6.61,7.97,9.11, 0.00
6.61,7.97,9.11, 0.00
6.61,7.97,9.11, 0.00
6.61,7.97,9.11, 0.00
6.61,7.97,9.11, 0.00
6.61,7.97,9.11, 0.00
6.61,7.97,9.11, 0.00
6.61,7.97,9.11, 0.00
6.52,7.84,0.00, 0.00
0.76,0.05,0.00, 0.00
0.00,0.05,0.00, 0.00
0.00,0.05,0.00, 0.00
0.00,0.05,0.00, 0.00
0.00,0.05,0.00, 0.00
0.00,0.05,0.00, 0.00
0.00,0.05,0.00, 0.00
0.00,0.05,0.00, 0.00
0.00,0.05,0.00, 0.00
0.00,0.05,0.00, 0.00
0.00,0.05,0.00, 0.00
0.00,0.05,0.00, 0.00
0.00,0.05,0.00, 0.00
0.00,0.05,0.00, 0.00
0.00,0.05,0.00, 0.00
0.00,0.05,0.00, 0.00
0.00,0.05,0.00, 0.00
0.00,0.05,0.00, 0.00
0.00,0.04,0.00, 0.00
0.00,0.05,0.00, 0.50
0.00,0.05,0.00, 0.50
0.00,0.05,0.00, 0.50
0.00,0.05,0.00, 0.50
0.00,0.05,0.00, 0.50
0.00,0.05,0.00, 0.50
0.00,0.05,0.00, 0.50
0.00,0.05,0.00, 0.50
0.00,0.05,0.00, 0.50
0.00,0.05,0.00, 0.50
0.00,0.05,0.00, 0.50
0.00,0.05,0.00, 0.50
0.00,0.05,0.00, 0.50
0.00,0.05,0.00, 0.50
0.00,0.05,0.00, 0.50
0.00,0.05,0.00, 0.50
0.00,0.05,0.00, 0.50
0.00,0.05,0.00, 0.00
0.00,0.05,0.00, 0.00
0.00,0.05,0.00, 0.50
0.00,0.05,0.00, 0.50
0.00,0.05,0.00, 0.50
0.00,0.05,0.00, 0.50
0.00,0.05,0.00, 0.50
0.00,0.05,0.00, 0.50
0.00,0.05,0.00, 0.50
0.00,0.05,0.00, 0.00
0.00,0.05,0.00, 0.00
0.00,0.05,0.00, 0.00
0.00,0.05,0.00, 0.00
0.00,0.05,0.00, 0.00
0.00,0.05,0.00, 0.00
0.00,0.05,0.00, 0.00
0.00,0.05,0.00, 0.00
0.00,0.05,0.00, 0.00
0.00,0.05,0.00, 0.00
0.00,0.05,0.00, 0.00
0.00,0.05,0.00, 0.00
0.00,0.05,0.00, 0.00
0.00,0.05,0.00, 0.00
0.00,0.05,0.00, 0.00
0.00,0.05,0.00, 0.00
0.00,0.05,0.00, 0.00
0.00,0.05,0.00, 0.00
0.00,0.05,0.00, 0.00
0.00,0.05,0.00, 0.00
0.00,0.05,0.00, 0.00
0.00,0.05,0.00, 0.00
0.00,0.05,0.00, 0.00
0.00,0.05,0.00, 0.00
0.00,0.05,0.00, 0.00
0.00,0.05,0.00, 0.00
0.00,0.05,0.00, 0.00
0.00,0.05,0.00, 0.00
0.00,0.05,0.00, 0.00
0.00,0.05,0.00, 0.00
0.00,0.05,0.00, 0.00
0.00,0.05,0.00, 0.00
0.00,0.05,0.00, 0.00
0.00,0.05,0.00, 0.00
0.00,0.05,0.00, 0.00
0.00,0.05,0.00, 0.00
0.00,0.05,0.00, 0.00
0.00,0.05,0.00, 0.00
0.00,0.05,0.00, 0.00
0.00,0.05,0.00, 0.00
0.00,0.05,0.00, 0.00
0.00,0.05,0.00, 0.00
0.00,0.05,0.00, 0.00
0.00,0.05,0.00, 0.00
0.00,0.05,0.00, 0.00
0.00,0.05,0.00, 0.00
0.00,0.05,0.00, 0.00
0.00,0.05,0.00, 0.00
0.00,0.05,0.00, 0.00
0.00,0.05,0.00, 0.00
0.00,0.05,0.00, 0.00
0.00,0.05,0.00, 0.00
0.00,0.05,0.00, 0.00
0.00,0.05,0.00, 0.00
0.00,0.05,0.00, 0.00
0.00,0.05,0.00, 0.00
0.00,0.05,0.00, 0.00
0.00,0.05,0.00, 0.00
0.00,0.05,0.00, 0.00
0.00,0.05,0.00, 0.00
0.00,0.05,0.00, 0.00
0.00,0.05,0.00, 0.00
0.00,0.05,0.00, 0.00
0.00,0.05,0.00, 0.00
0.00,0.05,0.00, 0.00
0.00,0.05,0.00, 0.00
0.00,0.05,0.00, 0.00
0.00,0.05,0.00, 0.00
0.00,0.05,0.00, 0.00
0.00,0.05,0.00, 0.00
0.00,0.05,0.00, 0.00
0.00,0.05,0.00, 0.00
0.00,0.05,0.00, 0.00
0.00,0.05,0.00, 0.00
0.00,0.05,0.00, 0.00
0.00,0.05,0.00, 0.00
0.00,0.05,0.00, 0.00
0.00,0.05,0.00, 0.00
0.00,0.05,0.00, 0.00
0.00,0.05,0.00, 0.00
0.00,0.05,0.00, 0.00
0.00,0.05,0.00, 0.00
0.00,0.05,0.00, 0.00
0.00,0.05,0.00, 0.00
0.00,0.05,0.00, 0.00
0.00,0.05,0.00, 0.00
0.00,0.05,0.00, 0.00
0.00,0.05,0.00, 0.00
0.00,0.05,0.00, 0.00
0.00,0.05,0.00, 0.00
0.00,0.05,0.00, 0.00
0.00,0.05,0.00, 0.00
0.00,0.05,0.00, 0.00
0.00,0.05,0.00, 0.00
0.00,0.05,0.00, 0.00
0.00,0.05,0.00, 0.00
0.00,0.05,0.00, 0.00
0.00,0.05,0.00, 0.00
0.00,0.05,0.00, 0.00
0.00,0.05,0.00, 0.00
0.00,0.05,0.00, 0.00
0.00,0.05,0.00, 0.00
0.00,0.05,0.00, 0.00
0.00,0.05,0.00, 0.00
0.00,0.05,0.00, 0.00
0.00,0.05,0.00, 0.00
0.00,0.05,0.00, 0.50
0.00,0.05,0.00, 0.50
0.00,0.05,0.00, 0.50
0.00,0.05,0.00, 0.50
0.00,0.05,0.00, 0.50
0.00,0.05,0.00, 0.50
0.00,0.05,0.00, 0.50
0.00,0.05,0.00, 0.50
0.00,0.05,0.00, 0.50
0.00,0.05,0.00, 0.50
0.00,0.05,0.00, 0.50
0.00,0.05,0.00, 0.50
0.00,0.05,0.00, 0.50
0.00,0.05,0.00, 0.50
0.00,0.05,0.00, 0.50
0.00,0.05,0.00, 0.50
0.00,0.05,0.00, 0.50
0.00,0.05,0.00, 0.50
0.00,0.05,0.00, 0.50
0.00,0.05,0.00, 0.50
0.00,0.05,0.00, 0.50
0.00,0.05,0.00, 0.50
0.00,0.05,0.00, 0.50
0.00,0.05,0.00, 0.50
0.00,0.05,0.00, 0.50
0.00,0.05,0.00, 0.50
0.00,0.05,0.00, 0.50
0.00,0.05,0.00, 0.50
0.00,0.05,0.00, 0.50
0.00,0.05,0.00, 0.50
0.00,0.05,0.00, 0.50
0.00,0.05,0.00, 0.50
0.00,0.05,0.00, 0.50
0.00,0.05,0.00, 0.50
0.00,0.05,0.00, 0.50
0.00,0.05,0.00, 0.50
0.00,0.05,0.00, 0.50
0.00,0.05,0.00, 0.50
0.00,0.05,0.00, 0.50
0.00,0.05,0.00, 0.50
0.00,0.05,0.00, 0.50
0.00,0.05,0.00, 0.50
0.00,0.05,0.00, 0.50
0.00,0.05,0.00, 0.50
0.00,0.05,0.00, 0.50
0.00,0.05,0.00, 0.50
0.00,0.05,0.00, 0.50
0.00,0.05,0.00, 0.50
0.00,0.05,0.00, 0.50
0.00,0.05,0.00, 0.50
0.00,0.05,0.00, 0.50
0.00,0.05,0.00, 0.50
0.00,0.05,0.00, 0.50
0.00,0.05,0.00, 0.50
0.00,0.05,0.00, 0.50
0.00,0.05,0.00, 0.50
0.00,0.05,0.00, 0.50
0.00,0.05,0.00, 0.50
0.00,0.05,0.00, 0.50
0.00,0.05,0.00, 0.50
0.00,0.05,0.00, 0.50
0.00,0.05,0.00, 0.50
0.00,0.05,0.00, 0.50
0.00,0.05,0.00, 0.50
0.00,0.05,0.00, 0.50
0.00,0.05,0.00, 0.50
0.00,0.05,0.00, 0.50
0.00,0.05,0.00, 0.50
0.00,0.05,0.00, 0.50
0.00,0.05,0.00, 0.50
0.00,0.05,0.00, 0.50
0.00,0.05,0.00, 0.50
0.00,0.05,0.00, 0.50
0.00,0.05,0.00, 0.50
0.00,0.05,0.00, 0.50
0.00,0.05,0.00, 0.50
0.00,0.05,0.00, 0.50
0.00,0.05,0.00, 0.50
0.00,0.05,0.00, 0.50
0.00,0.05,0.00, 0.50
0.00,0.05,0.00, 0.50
0.00,0.05,0.00, 0.50
0.00,0.05,0.00, 0.50
0.00,0.05,0.00, 0.50
0.00,0.05,0.00, 0.50
0.00,0.05,0.00, 0.50
0.00,0.05,0.00, 0.50
0.00,0.05,0.00, 0.50
0.00,0.05,0.00, 0.50
0.00,0.05,0.00, 0.50
0.00,0.05,0.00, 0.50
0.00,0.05,0.00, 0.50
0.00,0.05,0.00, 0.50
0.00,0.05,0.00, 0.00
0.00,0.05,0.00, 0.00
0.00,0.05,0.00, 0.00
0.00,0.05,0.00, 0.00
0.00,0.05,0.00, 0.00
0.00,0.05,0.00, 0.00
0.00,0.05,0.00, 0.00
0.00,0.05,0.00, 0.00
0.00,0.05,0.00, 0.00
0.00,0.05,0.00, 0.00
0.00,0.05,0.00, 0.00
0.00,0.05,0.00, 0.00
0.00,0.05,0.00, 0.00
0.00,0.05,0.00, 0.00
0.00,0.05,0.00, 0.00
0.00,0.05,0.00, 0.00
0.00,0.05,0.00, 0.00
0.00,0.05,0.00, 0.00
0.00,0.05,0.00, 0.00
0.00,0.05,0.00, 0.00
0.00,0.05,0.00, 0.00
0.00,0.05,0.00, 0.00
0.00,0.05,0.00, 0.00
0.00,0.05,0.00, 0.00
0.00,0.05,0.00, 0.00
0.00,0.05,0.00, 0.00
0.00,0.05,0.00, 0.00
0.00,0.05,0.00, 0.00
0.00,0.05,0.00, 0.00
0.00,0.05,0.00, 0.00
0.00,0.05,0.00, 0.00
0.00,0.05,0.00, 0.00
0.00,0.05,0.00, 0.00
0.00,0.05,0.00, 0.00
0.00,0.05,0.00, 0.00
0.00,0.05,0.00, 0.00
0.00,0.05,0.00, 0.00
0.00,0.05,0.00, 0.00
0.00,0.05,0.00, 0.00
0.00,0.05,0.00, 0.00
0.00,0.05,0.00, 0.00
0.00,0.05,0.00, 0.00
0.00,0.05,0.00, 0.00
0.00,0.05,0.00, 0.00
0.00,0.05,0.00, 0.00
0.00,0.05,0.00, 0.00
0.00,0.05,0.00, 0.00
0.00,0.05,0.00, 0.00
0.00,0.05,0.00, 0.00
0.00,0.05,0.00, 0.00
0.00,0.05,0.00, 0.00
0.00,0.05,0.00, 0.00
0.00,0.05,0.00, 0.00
0.00,0.05,0.00, 0.00
0.00,0.05,0.00, 0.00
0.00,0.05,0.00, 0.00
0.00,0.05,0.00, 0.00
0.00,0.05,0.00, 0.00
0.00,0.05,0.00, 0.00
0.00,0.05,0.00, 0.00
0.00,0.05,0.00, 0.00
0.00,0.05,0.00, 0.00
0.00,0.05,0.00, 0.00
0.00,0.05,0.00, 0.00
0.00,0.05,0.00, 0.00
0.00,0.05,0.00, 0.00
0.00,0.05,0.00, 0.00
0.00,0.05,0.00, 0.00
0.00,0.05,0.00, 0.00
0.00,0.05,0.00, 0.00
0.00,0.05,0.00, 0.00
0.00,0.05,0.00, 0.00
0.00,0.05,0.00, 0.00
0.00,0.05,0.00, 0.00
0.00,0.05,0.00, 0.00
0.00,0.05,0.00, 0.00
0.00,0.05,0.00, 0.00
0.00,0.05,0.00, 0.00
0.00,0.05,0.00, 0.00
0.00,0.05,0.00, 0.00
0.00,0.05,0.00, 0.00
0.00,0.05,0.00, 0.00
0.00,0.05,0.00, 0.00
0.00,0.05,0.00, 0.00
0.00,0.05,0.00, 0.00
0.00,0.05,0.00, 0.00
0.00,0.05,0.00, 0.00
0.00,0.05,0.00, 0.00
0.00,0.05,0.00, 0.00
0.00,0.05,0.00, 0.00
0.00,0.05,0.00, 0.00
0.00,0.05,0.00, 0.00
0.00,0.05,0.00, 0.00
0.00,0.05,0.00, 0.00
0.00,0.05,0.00, 0.00
0.00,0.05,0.00, 0.00
0.00,0.05,0.00, 0.00
0.00,0.05,0.00, 0.00
0.00,0.05,0.00, 0.00
0.00,0.05,0.00, 0.00
0.00,0.05,0.00, 0.00
0.00,0.05,0.00, 0.00
0.00,0.05,0.00, 0.00
0.00,0.05,0.00, 0.00
0.00,0.05,0.00, 0.00
0.00,0.05,0.00, 0.00
0.00,0.05,0.00, 0.00
0.00,0.05,0.00, 0.00
0.00,0.05,0.00, 0.00
0.00,0.05,0.00, 0.00
0.00,0.05,0.00, 0.00
0.00,0.05,0.00, 0.00
0.00,0.05,0.00, 0.00
0.00,0.05,0.00, 0.00
0.00,0.05,0.00, 0.00
0.00,0.05,0.00, 0.00
0.00,0.05,0.00, 0.00
0.00,0.05,0.00, 0.00
0.00,0.05,0.00, 0.00
0.00,0.05,0.00, 0.00
0.00,0.05,0.00, 0.00
0.00,0.05,0.00, 0.00
0.00,0.05,0.00, 0.00
0.00,0.05,0.00, 0.00
0.00,0.05,0.00, 0.00
0.00,0.05,0.00, 0.00
0.00,0.05,0.00, 0.00
0.00,0.05,0.00, 0.00
0.00,0.05,0.00, 0.00
0.00,0.05,0.00, 0.00
0.00,0.05,0.00, 0.00
0.00,0.05,0.00, 0.00
0.00,0.05,0.00, 0.00
0.00,0.05,0.00, 0.00
0.00,0.05,0.00, 0.00
0.00,0.05,0.00, 0.00
0.00,0.05,0.00, 0.00
0.00,0.05,0.00, 0.00
0.00,0.05,0.00, 0.00
0.00,0.05,0.00, 0.00
0.00,0.05,0.00, 0.00
0.00,0.05,0.00, 0.00
0.00,0.05,0.00, 0.00
0.00,0.05,0.00, 0.00
0.00,0.05,0.00, 0.00
0.00,0.05,0.00, 0.00
6.75,9.81,332.54, 486.46
6.75,9.81,332.54, 486.46
6.75,9.81,332.54, 486.46
6.75,9.81,332.54, 486.46
6.75,9.81,332.54, 486.46
6.75,9.81,332.54, 486.46
6.75,9.81,332.54, 486.46
6.75,9.81,332.54, 486.46
6.75,9.81,332.54, 486.46
6.75,9.81,332.54, 486.46
6.75,9.81,332.54, 486.46
6.75,9.81,332.54, 486.46
6.75,9.81,332.54, 486.46
6.75,9.81,332.54, 486.46
6.77,7.47,5.88, 0.00
6.77,7.47,5.88, 0.00
6.77,7.47,5.88, 0.00
6.77,7.47,5.88, 0.00
6.77,7.47,5.88, 0.00
6.77,7.47,5.88, 0.00
6.77,7.47,5.88, 0.00
6.77,7.47,5.88, 0.00
6.77,7.47,5.88, 0.00
6.77,7.47,5.88, 0.00
6.77,7.47,5.88, 0.00
6.77,7.47,5.88, 0.00
6.77,7.47,5.88, 0.00
6.77,7.47,5.88, 0.00
6.77,7.47,5.88, 0.00
6.77,7.47,5.88, 0.00
6.77,7.47,5.88, 0.00
6.77,7.47,5.88, 0.00
6.77,7.47,5.88, 0.00
6.77,7.47,5.88, 0.00
6.77,7.47,5.88, 0.00
6.77,7.47,5.88, 0.00
6.77,7.47,5.88, 0.00
6.77,7.47,5.88, 0.00
6.77,7.47,5.88, 0.00
6.77,7.47,5.88, 0.00
6.77,7.47,5.88, 0.00
6.77,7.47,5.88, 0.00
6.77,7.47,5.88, 0.00
6.77,7.47,5.88, 0.00
6.77,7.47,5.88, 0.00
6.77,7.47,5.88, 0.00
6.77,7.47,5.88, 0.00
0.00,0.05,0.00, 0.00
0.00,0.05,0.00, 0.00
0.00,0.05,0.00, 0.00
0.00,0.05,0.00, 0.00
0.00,0.05,0.00, 0.00
0.00,0.05,0.00, 0.00
0.00,0.05,0.00, 0.00
0.00,0.05,0.00, 0.00
0.00,0.05,0.00, 0.00
0.00,0.05,0.00, 0.00
0.00,0.05,0.00, 0.00
0.00,0.05,0.00, 0.00
0.00,0.05,0.00, 0.00
0.00,0.05,0.00, 0.00
0.00,0.05,0.00, 0.00
0.00,0.05,0.00, 0.00
0.00,0.05,0.00, 0.00
0.00,0.05,0.00, 0.00
0.00,0.05,0.00, 0.00
0.00,0.05,0.00, 0.00
0.00,0.05,0.00, 0.00
0.00,0.05,0.00, 0.00
0.00,0.05,0.00, 0.00
0.00,0.05,0.00, 0.00
0.00,0.05,0.00, 0.00
0.00,0.05,0.00, 0.00
0.00,0.05,0.00, 0.00
0.00,0.05,0.00, 0.00
0.00,0.05,0.00, 0.00
0.00,0.05,0.00, 0.00
0.00,0.05,0.00, 0.00
0.00,0.05,0.00, 0.00
0.00,0.05,0.00, 0.00
0.00,0.05,0.00, 0.00
0.00,0.05,0.00, 0.00
0.00,0.05,0.00, 0.00
0.00,0.05,0.00, 0.00
0.00,0.05,0.00, 0.00
0.00,0.05,0.00, 0.00
0.00,0.05,0.00, 0.00
0.00,0.05,0.00, 0.00
0.00,0.05,0.00, 0.00
0.00,0.05,0.00, 0.00
0.00,0.05,0.00, 0.00
0.00,0.05,0.00, 0.00
0.00,0.05,0.00, 0.00
0.00,0.05,0.00, 0.00
0.00,0.05,0.00, 0.00
0.00,0.05,0.00, 0.00
0.00,0.05,0.00, 0.00
0.00,0.05,0.00, 0.00
0.00,0.05,0.00, 0.00
0.00,0.05,0.00, 0.00
0.00,0.05,0.00, 0.00
0.00,0.05,0.00, 0.00
0.00,0.05,0.00, 0.00
0.00,0.05,0.00, 0.00
0.00,0.05,0.00, 0.00
0.00,0.05,0.00, 0.00
0.00,0.05,0.00, 0.00
0.00,0.05,0.00, 0.00
0.00,0.05,0.00, 0.00
0.00,0.05,0.00, 0.00
0.00,0.05,0.00, 0.00
0.00,0.05,0.00, 0.00
0.00,0.05,0.00, 0.00
0.00,0.05,0.00, 0.00
0.00,0.05,0.00, 0.00
0.00,0.05,0.00, 0.00
1.77,0.05,87.20, 0.25
1.77,0.05,87.20, 0.25
1.77,0.05,87.20, 0.25
1.77,0.05,87.20, 0.25
1.77,0.05,87.20, 0.25
1.77,0.05,87.20, 0.25
1.77,0.05,87.20, 0.25
1.77,0.05,87.20, 0.25
1.77,0.05,87.20, 0.25
1.77,0.05,87.20, 0.25
1.77,0.05,87.20, 0.25
1.77,0.05,87.20, 0.25
1.77,0.05,87.20, 0.25
1.77,0.05,87.20, 0.25
0.00,0.05,0.00, 0.00
0.00,0.05,0.00, 0.00
0.00,0.05,0.00, 0.00
0.00,0.05,0.00, 0.00
0.00,0.05,0.00, 0.00
0.00,0.05,0.00, 0.00
0.00,0.05,0.00, 0.00
0.00,0.05,0.00, 0.00
0.00,0.05,0.00, 0.00
0.00,0.05,0.00, 0.00
0.00,0.05,0.00, 0.00
0.00,0.05,0.00, 0.00
0.00,0.05,0.00, 0.00
0.00,0.05,0.00, 0.00
0.00,0.05,0.00, 0.00
0.00,0.05,0.00, 0.00
0.00,0.05,0.00, 0.00
0.00,0.05,0.00, 0.00
0.00,0.05,0.00, 0.00
0.00,0.05,0.00, 0.00
0.00,0.05,0.00, 0.00
0.00,0.05,0.00, 0.00
0.00,0.05,0.00, 0.00
0.00,0.05,0.00, 0.00
0.00,0.05,0.00, 0.00
0.00,0.05,0.00, 0.00
0.00,0.05,0.00, 0.00
0.00,0.05,0.00, 0.00
0.00,0.05,0.00, 0.00
0.00,0.05,0.00, 0.00
0.00,0.05,0.00, 0.00
0.00,0.05,0.00, 0.00
0.00,0.05,0.00, 0.00
0.00,0.05,0.00, 0.00
0.00,0.05,0.00, 0.00
0.00,0.05,0.00, 0.00
0.00,0.05,0.00, 0.00
0.00,0.05,0.00, 0.00
0.00,0.05,0.00, 0.00
0.00,0.05,0.00, 0.00
0.00,0.05,0.00, 0.00
0.00,0.05,0.00, 0.00
0.00,0.05,0.00, 0.00
0.00,0.05,0.00, 0.00
0.00,0.05,0.00, 0.00
0.00,0.05,0.00, 0.00
0.00,0.05,0.00, 0.00
0.00,0.05,0.00, 0.00
1.14,9.81,56.16, 486.46
1.14,9.81,56.16, 486.46
1.14,9.81,56.16, 486.46
6.72,9.81,275.72, 1.78
6.77,9.81,6.52, 0.01
6.77,9.81,6.52, 0.01
6.77,9.81,6.52, 0.01
6.77,9.81,6.52, 0.01
6.77,9.81,6.52, 0.01
6.77,9.81,6.52, 0.01
6.77,9.81,6.52, 0.01
6.77,9.81,6.52, 0.01
6.77,9.81,6.52, 0.01
6.77,9.81,6.52, 0.01
6.77,9.81,6.52, 0.01
6.77,9.81,6.52, 0.01
6.77,9.81,6.52, 0.01
6.77,9.81,6.52, 0.01
6.77,9.81,6.52, 0.01
6.77,9.81,6.52, 0.01
6.77,9.81,6.52, 0.01
6.77,9.81,6.52, 0.01
6.77,9.81,6.52, 0.01
6.77,9.81,6.52, 0.01
6.77,9.81,6.52, 0.01
6.77,9.81,6.52, 0.01
6.77,9.81,6.52, 0.01
6.77,9.81,6.52, 0.01
6.77,9.81,6.52, 0.01
6.77,9.81,6.52, 0.01
6.77,9.81,6.52, 0.01
6.77,9.81,6.52, 0.01
6.77,9.81,6.52, 0.01
6.77,9.81,6.52, 0.01
6.77,9.81,6.52, 0.01
6.77,9.81,6.52, 0.01
6.77,9.81,6.52, 0.01
6.77,9.81,6.52, 0.01
6.77,9.81,6.52, 0.01
6.77,9.81,6.52, 0.01
6.77,9.81,6.52, 0.01
6.77,9.81,6.52, 0.01
6.77,9.81,6.52, 0.01
6.77,9.81,6.52, 0.01
6.77,9.81,6.52, 0.01
6.77,9.81,6.52, 0.01
6.77,9.81,6.52, 0.01
6.77,9.81,6.52, 0.01
6.77,9.81,6.52, 0.01
6.77,9.81,6.52, 0.01
6.77,9.81,6.52, 0.01
6.77,9.81,6.52, 0.01
6.77,9.81,6.52, 0.01
6.77,9.81,6.52, 0.01
6.77,9.81,6.52, 0.01
6.77,9.81,6.52, 0.01
6.77,9.81,6.52, 0.01
6.77,9.81,6.52, 0.01
6.77,9.81,6.52, 0.01
6.77,9.81,6.52, 0.01
6.77,9.81,6.52, 0.01
6.77,9.81,6.52, 0.01
6.77,9.81,0.10, 0.00
6.77,9.81,0.10, 0.00
6.77,9.81,0.10, 0.00
6.77,9.81,0.10, 0.00
6.77,9.81,0.10, 0.00
6.77,9.81,0.10, 0.00
6.77,9.81,0.10, 0.00
6.77,9.79,0.00, 0.00
6.77,9.79,0.00, 0.00
6.77,9.77,0.00, 0.00
3.00,6.18,0.00, 0.00
2.75,5.22,0.00, 0.00
2.75,5.22,0.00, 0.00
2.75,5.22,0.00, 0.00
2.75,5.22,0.00, 0.00
2.75,5.22,0.00, 0.00
2.75,5.22,0.00, 0.00
2.75,5.22,0.00, 0.00
2.75,5.22,0.00, 0.00
2.75,5.22,0.00, 0.00
2.75,5.22,0.00, 0.00
2.75,5.22,0.00, 0.00
2.75,5.22,0.00, 0.00
2.75,5.22,0.00, 0.00
2.75,5.22,0.00, 0.00
2.75,5.22,0.00, 0.00
2.75,5.22,0.00, 0.00
2.75,5.22,0.00, 0.00
2.75,5.22,0.00, 0.00
2.75,5.22,0.00, 0.00
2.75,5.22,0.00, 0.00
2.75,5.22,0.00, 0.00
2.75,5.22,0.00, 0.00
2.75,5.22,0.00, 0.00
2.75,5.22,0.00, 0.00
2.75,5.22,0.00, 0.00
2.75,5.22,0.00, 0.00
2.75,5.22,0.00, 0.00
2.75,5.22,0.00, 0.00
2.75,5.22,0.00, 0.00
2.75,5.22,0.00, 0.00
2.75,5.22,0.00, 0.00
2.75,5.22,0.00, 0.00
2.75,5.22,0.00, 0.00
2.75,5.22,0.00, 0.00
2.75,5.22,0.00, 0.00
2.75,5.22,0.00, 0.00
2.75,5.22,0.00, 0.00
2.75,5.22,0.00, 0.00
2.75,5.22,0.00, 0.00
2.75,5.22,0.00, 0.00
2.08,4.28,0.00, 0.00
2.08,4.28,0.00, 0.00
2.08,4.28,0.00, 0.00
2.08,4.28,0.00, 0.00
2.08,4.28,0.00, 0.00
2.08,4.28,0.00, 0.00
2.08,4.28,0.00, 0.00
2.08,4.28,0.00, 0.00
2.08,4.28,0.00, 0.00
2.82,3.77,36.46, 0.00
2.82,3.77,36.46, 0.00
2.82,3.77,36.46, 0.00
2.82,3.77,36.46, 0.00
2.82,3.77,36.46, 0.00
2.82,3.77,36.46, 0.00
2.82,3.77,36.46, 0.00
2.82,3.77,36.46, 0.00
2.82,3.77,36.46, 0.00
2.82,3.77,36.46, 0.00
2.82,3.77,36.46, 0.00
2.82,3.77,36.46, 0.00
2.82,3.77,36.46, 0.00
2.82,3.77,36.46, 0.00
2.82,3.77,36.46, 0.00
2.82,3.77,36.46, 0.00
2.82,3.77,36.46, 0.00
2.82,3.77,36.46, 0.00
2.82,3.77,36.46, 0.00
2.82,3.77,36.46, 0.00
2.82,3.77,36.46, 0.00
2.17,3.30,0.00, 0.00
0.00,0.06,0.00, 0.00
0.02,0.05,0.99, 0.00
0.00,0.05,0.00, 0.50
0.00,0.05,0.00, 0.50
0.00,0.05,0.00, 0.50
0.00,0.05,0.00, 0.50
0.00,0.05,0.00, 0.50
0.00,0.05,0.00, 0.50
0.00,0.05,0.00, 0.50
0.00,0.05,0.00, 0.50
0.00,0.05,0.00, 0.50
0.00,0.05,0.00, 0.50
0.00,0.05,0.00, 0.50
0.00,0.05,0.00, 0.50
0.00,0.05,0.00, 0.50
0.00,0.05,0.00, 0.50
0.00,0.05,0.00, 0.50
0.00,0.05,0.00, 0.50
0.00,0.05,0.00, 0.50
0.00,0.05,0.00, 0.50
0.00,0.05,0.00, 0.50
0.00,0.05,0.00, 0.50
0.00,0.05,0.00, 0.50
0.00,0.05,0.00, 0.50
0.00,0.05,0.00, 0.50
0.00,0.05,0.00, 0.50
0.00,0.05,0.00, 0.50
0.00,0.05,0.00, 0.50
0.00,0.05,0.00, 0.50
0.00,0.05,0.00, 0.50
0.00,0.05,0.00, 0.50
0.00,0.05,0.00, 0.50
0.00,0.05,0.00, 0.50
0.00,0.05,0.00, 0.50
0.00,0.05,0.00, 0.50
0.00,0.05,0.00, 0.50
0.00,0.05,0.00, 0.50
0.00,0.05,0.00, 0.50
0.00,0.05,0.00, 0.50
0.00,0.05,0.00, 0.50
0.00,0.05,0.00, 0.50
0.00,0.05,0.00, 0.50
0.00,0.06,0.00, 0.25
0.00,0.06,0.00, 0.00
0.00,0.06,0.00, 0.00
0.00,0.06,0.00, 0.00
0.00,0.06,0.00, 0.00
0.00,0.06,0.00, 0.00
0.00,0.06,0.00, 0.00
0.00,0.06,0.00, 0.00
0.00,0.06,0.00, 0.00
0.00,0.06,0.00, 0.00
0.00,0.06,0.00, 0.00
0.00,0.06,0.00, 0.00
0.00,0.06,0.00, 0.00
0.00,0.06,0.00, 0.00
0.00,0.06,0.00, 0.00
0.00,0.06,0.00, 0.00
0.00,0.06,0.00, 0.00
0.00,0.06,0.00, 0.00
0.00,0.06,0.00, 0.00
0.00,0.06,0.00, 0.00
0.00,0.06,0.00, 0.00
0.00,0.06,0.00, 0.00
0.00,0.06,0.00, 0.00
0.00,0.06,0.00, 0.00
0.00,0.06,0.00, 0.00
0.00,0.06,0.00, 0.00
0.00,0.06,0.00, 0.00
0.00,0.06,0.00, 0.00
0.00,0.06,0.00, 0.00
0.00,0.06,0.00, 0.00
0.00,0.06,0.00, 0.00
0.00,0.06,0.00, 0.00
0.00,0.06,0.00, 0.00
0.00,0.06,0.00, 0.00
0.00,0.06,0.00, 0.00
0.00,0.06,0.00, 0.00
0.00,0.06,0.00, 0.00
0.00,0.06,0.00, 0.00
0.00,0.06,0.00, 0.00
0.00,0.06,0.00, 0.00
0.00,0.06,0.00, 0.00
0.00,0.06,0.00, 0.00
0.00,0.06,0.00, 0.00
0.00,0.06,0.00, 0.00
0.00,0.06,0.00, 0.00
0.00,0.06,0.00, 0.00
0.00,0.06,0.00, 0.00
0.00,0.06,0.00, 0.00
0.00,0.06,0.00, 0.00
0.00,0.05,0.00, 0.00
0.00,0.05,0.00, 0.00
0.00,0.05,0.00, 0.00
0.00,0.05,0.00, 0.00
0.00,0.05,0.00, 0.00
0.00,0.05,0.00, 0.00
0.00,0.05,0.00, 0.00
3.25,9.81,160.11, 486.46
3.88,9.81,33.39, 1.78
6.77,9.81,142.87, 0.01
6.77,9.81,142.87, 0.01
6.77,9.81,142.87, 0.01
6.77,9.81,142.87, 0.01
6.77,9.81,142.87, 0.01
6.77,9.81,142.87, 0.01
6.77,9.81,142.87, 0.01
6.77,9.81,142.87, 0.01
6.77,9.81,142.87, 0.01
6.77,9.81,142.87, 0.01
6.77,9.81,142.87, 0.01
6.77,9.81,142.87, 0.01
6.77,9.81,142.87, 0.01
6.77,9.81,142.87, 0.01
6.77,9.81,142.87, 0.01
6.77,9.81,142.87, 0.01
6.77,9.81,142.87, 0.01
6.77,9.81,142.87, 0.01
6.77,9.81,142.87, 0.01
6.77,9.81,142.87, 0.01
6.77,9.81,142.87, 0.01
6.77,9.81,142.87, 0.01
6.77,9.81,142.87, 0.01
6.77,9.81,142.87, 0.01
6.77,9.81,142.87, 0.01
6.77,9.81,142.87, 0.01
6.77,9.81,142.87, 0.01
6.77,9.81,142.87, 0.01
6.77,9.81,142.87, 0.01
6.77,9.81,142.87, 0.01
6.77,9.81,142.87, 0.01
6.77,9.81,142.87, 0.01
6.77,9.81,142.87, 0.01
6.77,9.81,142.87, 0.01
6.77,9.81,142.87, 0.01
6.77,9.81,142.87, 0.01
6.77,9.81,142.87, 0.01
6.77,9.81,142.87, 0.01
6.77,9.81,142.87, 0.01
6.77,9.81,142.87, 0.01
6.77,9.81,142.87, 0.01
6.77,9.81,142.87, 0.01
6.77,9.81,142.87, 0.01
6.77,9.81,142.87, 0.01
6.77,9.81,142.87, 0.01
6.77,9.81,142.87, 0.01
6.77,9.81,2.10, 0.00
6.77,9.81,2.10, 0.00
6.77,9.81,2.10, 0.00
6.77,9.81,2.10, 0.00
6.77,9.81,2.10, 0.00
6.77,9.81,2.10, 0.00
6.77,9.81,2.10, 0.00
6.77,9.81,2.10, 0.00
6.77,9.81,2.10, 0.00
6.77,9.81,2.10, 0.00
6.77,9.81,2.10, 0.00
6.77,9.81,2.10, 0.00
6.77,9.81,2.10, 0.00
6.77,9.81,2.10, 0.00
6.75,9.81,0.00, 0.00
6.77,9.77,0.99, 0.00
6.77,9.77,0.99, 0.00
6.77,9.77,0.99, 0.00
6.77,9.77,0.99, 0.00
6.77,9.77,0.99, 0.00
6.77,9.77,0.99, 0.00
6.77,9.77,0.99, 0.00
6.77,9.77,0.99, 0.00
6.77,9.77,0.99, 0.00
6.75,7.12,0.00, 0.00
6.75,7.12,0.00, 0.00
3.74,6.02,0.00, 0.00
0.74,5.87,0.00, 0.00
0.74,5.87,0.00, 0.00
0.74,5.87,0.00, 0.00
0.74,5.87,0.00, 0.00
0.74,5.87,0.00, 0.00
0.74,5.87,0.00, 0.00
0.74,5.87,0.00, 0.00
0.74,5.87,0.00, 0.00
0.74,5.87,0.00, 0.00
0.74,5.87,0.00, 0.00
0.74,5.87,0.00, 0.00
0.74,5.87,0.00, 0.00
0.74,5.87,0.00, 0.00
3.11,4.69,116.76, 0.00
3.11,4.69,116.76, 0.00
3.11,4.69,116.76, 0.00
3.11,4.69,116.76, 0.00
3.11,4.69,116.76, 0.00
3.11,4.69,116.76, 0.00
3.11,4.69,116.76, 0.00
3.11,4.69,116.76, 0.00
3.11,4.69,116.76, 0.00
3.11,4.69,116.76, 0.00
3.11,4.69,116.76, 0.00
3.11,4.69,116.76, 0.00
3.11,4.69,116.76, 0.00
3.11,4.69,116.76, 0.00
3.11,4.69,116.76, 0.00
3.11,4.69,116.76, 0.00
1.83,4.42,0.00, 0.00
1.83,4.42,0.00, 0.00
1.83,4.42,0.00, 0.00
1.83,4.42,0.00, 0.00
1.83,4.42,0.00, 0.00
1.83,4.42,0.00, 0.00
1.83,4.42,0.00, 0.00
1.83,4.42,0.00, 0.00
1.83,4.42,0.00, 0.00
1.83,4.42,0.00, 0.00
1.83,4.42,0.00, 0.00
1.83,4.42,0.00, 0.00
1.83,4.42,0.00, 0.00
1.83,4.42,0.00, 0.00
1.83,4.42,0.00, 0.00
1.83,4.42,0.00, 0.00
1.83,4.42,0.00, 0.00
1.83,4.42,0.00, 0.00
1.83,4.42,0.00, 0.00
1.83,4.42,0.00, 0.00
1.83,4.42,0.00, 0.00
1.83,4.42,0.00, 0.00
1.83,4.42,0.00, 0.00
1.83,4.42,0.00, 0.00
1.83,4.42,0.00, 0.00
1.83,4.42,0.00, 0.00
1.83,4.42,0.00, 0.00
1.83,4.42,0.00, 0.00
1.83,4.42,0.00, 0.00
1.83,4.42,0.00, 0.00
1.83,4.42,0.00, 0.00
1.83,4.42,0.00, 0.00
1.83,4.42,0.00, 0.00
1.83,4.42,0.00, 0.00
1.83,4.42,0.00, 0.00
1.83,4.42,0.00, 0.00
1.83,4.42,0.00, 0.00
1.83,4.42,0.00, 0.00
1.83,4.42,0.00, 0.00
1.83,4.42,0.00, 0.00
1.83,4.42,0.00, 0.00
1.83,4.42,0.00, 0.00
1.83,4.42,0.00, 0.00
1.83,4.42,0.00, 0.00
1.83,4.42,0.00, 0.00
1.83,4.42,0.00, 0.00
1.83,4.42,0.00, 0.00
1.83,4.42,0.00, 0.00
1.83,4.42,0.00, 0.00
1.83,4.42,0.00, 0.00
1.83,4.42,0.00, 0.00
1.83,4.42,0.00, 0.00
1.83,4.42,0.00, 0.00
1.83,4.42,0.00, 0.00
1.75,4.11,0.00, 0.00
1.63,0.06,0.00, 0.00
0.00,0.05,0.00, 0.00
0.00,0.05,0.00, 0.00
0.00,0.05,0.00, 0.00
0.00,0.05,0.00, 0.00
0.00,0.05,0.00, 0.00
0.00,0.05,0.00, 0.00
0.00,0.05,0.00, 0.00
0.00,0.05,0.00, 0.00
0.00,0.05,0.00, 0.00
0.00,0.05,0.00, 0.00
0.00,0.05,0.00, 0.00
0.00,0.05,0.00, 0.00
0.00,0.05,0.00, 0.00
0.00,0.05,0.00, 0.00
0.00,0.05,0.00, 0.00
0.00,0.05,0.00, 0.00
0.00,0.05,0.00, 0.00
0.00,0.05,0.00, 0.00
0.00,0.05,0.00, 0.00
0.00,0.05,0.00, 0.00
0.00,0.05,0.00, 0.00
0.00,0.05,0.00, 0.00
0.00,0.05,0.00, 0.00
0.00,0.05,0.00, 0.00
0.00,0.05,0.00, 0.00
0.00,0.05,0.00, 0.00
0.00,0.05,0.00, 0.00
0.00,0.05,0.00, 0.00
0.00,0.05,0.00, 0.00
0.31,7.17,15.27, 354.95
0.83,7.80,25.84, 32.68
0.83,7.80,25.84, 32.68
0.83,7.80,25.84, 32.68
1.34,8.39,25.51, 29.26
1.34,8.39,25.51, 29.26
1.34,8.39,25.51, 29.26
1.34,8.39,25.51, 29.26
1.34,8.39,25.51, 29.26
1.34,8.39,25.51, 29.26
1.34,8.39,25.51, 29.26
1.92,8.91,28.95, 26.51
1.92,8.91,28.95, 26.51
1.92,8.91,28.95, 26.51
1.92,8.91,28.95, 26.51
1.92,8.91,28.95, 26.51
1.92,8.91,28.95, 26.51
1.92,8.91,28.95, 26.51
1.92,8.91,28.95, 26.51
1.92,8.91,28.95, 26.51
2.64,9.41,35.90, 24.76
2.64,9.41,35.90, 24.76
2.64,9.41,35.90, 24.76
2.64,9.41,35.90, 24.76
2.64,9.41,35.90, 24.76
2.64,9.41,35.90, 24.76
2.64,9.41,35.90, 24.76
2.64,9.41,35.90, 24.76
2.64,9.41,35.90, 24.76
2.64,9.41,35.90, 24.76
2.64,9.41,35.90, 24.76
2.64,9.41,35.90, 24.76
2.64,9.41,35.90, 24.76
2.64,9.41,35.90, 24.76
2.64,9.41,35.90, 24.76
2.64,9.41,35.90, 24.76
2.64,9.41,35.90, 24.76
2.64,9.41,35.90, 24.76
2.64,9.41,35.90, 24.76
2.64,9.41,35.90, 24.76
2.64,9.41,35.90, 24.76
2.64,9.41,35.90, 24.76
2.64,9.41,35.90, 24.76
2.64,9.41,35.90, 24.76
2.64,9.41,35.90, 24.76
2.64,9.41,35.90, 24.76
2.64,9.41,35.90, 24.76
2.64,9.41,35.90, 24.76
2.64,9.41,35.90, 24.76
2.64,9.41,35.90, 24.76
2.64,9.41,35.90, 24.76
2.64,9.41,35.90, 24.76
2.64,9.41,35.90, 24.76
3.40,9.81,37.97, 19.77
3.40,9.81,37.97, 19.77
3.40,9.81,37.97, 19.77
3.40,9.81,37.97, 19.77
3.40,9.81,37.97, 19.77
3.40,9.81,37.97, 19.77
3.40,9.81,37.97, 19.77
3.40,9.81,37.97, 19.77
3.40,9.81,37.97, 19.77
6.77,9.81,166.58, 0.32
6.77,9.81,166.58, 0.32
6.77,9.81,166.58, 0.32
6.77,9.81,166.58, 0.32
6.77,9.81,166.58, 0.32
6.77,9.81,166.58, 0.32
6.77,9.81,166.58, 0.32
6.77,9.81,166.58, 0.32
6.77,9.81,166.58, 0.32
6.77,9.81,166.58, 0.32
6.77,9.81,166.58, 0.32
6.77,9.81,166.58, 0.32
6.77,9.81,166.58, 0.32
6.77,9.81,166.58, 0.32
6.77,9.81,166.58, 0.32
6.77,9.81,166.58, 0.32
6.77,9.81,166.58, 0.32
6.77,9.81,166.58, 0.32
6.77,9.81,166.58, 0.32
6.77,9.81,166.58, 0.32
6.77,9.81,166.58, 0.32
6.77,9.81,166.58, 0.32
6.77,9.81,166.58, 0.32
6.77,9.81,166.58, 0.32
6.77,9.81,166.58, 0.32
6.77,9.81,166.58, 0.32
6.77,9.81,166.58, 0.32
6.77,9.81,166.58, 0.32
6.77,9.81,166.58, 0.32
6.77,9.81,166.58, 0.32
6.77,9.81,166.58, 0.32
6.77,9.81,166.58, 0.32
6.77,9.81,166.58, 0.32
6.77,9.81,2.45, 0.00
6.77,9.81,2.45, 0.00
6.77,9.81,2.45, 0.00
6.77,9.81,2.45, 0.00
6.77,8.91,0.04, 0.00
6.77,8.44,0.00, 0.00
6.77,8.44,0.00, 0.00
6.77,6.70,0.00, 0.00
6.77,6.70,0.00, 0.00
6.77,6.70,0.00, 0.00
6.77,6.70,0.00, 0.00
6.77,6.70,0.00, 0.00
6.77,6.70,0.00, 0.00
6.77,6.70,0.00, 0.00
6.77,6.70,0.00, 0.00
6.77,6.70,0.00, 0.00
6.77,6.70,0.00, 0.00
6.77,6.70,0.00, 0.00
6.77,6.70,0.00, 0.00
6.77,6.70,0.00, 0.00
6.75,6.56,0.00, 0.00
6.77,6.60,0.99, 2.24
6.75,6.67,0.00, 3.50
6.75,6.67,0.00, 3.50
6.75,6.59,0.00, 0.00
6.75,6.59,0.00, 0.00
6.75,6.59,0.00, 0.00
6.75,6.59,0.00, 0.00
6.75,6.59,0.00, 0.00
6.77,6.50,0.99, 0.00
6.77,6.50,0.99, 0.00
6.77,6.50,0.99, 0.00
6.77,6.50,0.99, 0.00
6.77,6.50,0.99, 0.00
6.77,6.50,0.99, 0.00
6.75,6.43,0.00, 0.00
6.75,6.22,0.00, 0.00
6.75,6.22,0.00, 0.00
6.75,6.22,0.00, 0.00
6.75,6.22,0.00, 0.00
6.75,5.05,0.00, 0.00
0.47,2.87,0.00, 0.00
4.62,2.51,204.45, 0.00
4.62,2.51,204.45, 0.00
4.62,2.51,204.45, 0.00
4.62,2.51,204.45, 0.00
4.62,2.51,204.45, 0.00
4.62,2.51,204.45, 0.00
4.62,2.51,204.45, 0.00
4.62,2.51,204.45, 0.00
4.62,2.51,204.45, 0.00
4.62,2.51,204.45, 0.00
4.62,2.51,204.45, 0.00
4.62,2.51,204.45, 0.00
4.62,2.51,204.45, 0.00
4.62,2.51,204.45, 0.00
0.00,1.40,0.00, 0.00
0.00,1.40,0.00, 0.00
0.00,1.40,0.00, 0.00
0.00,1.40,0.00, 0.00
0.00,1.40,0.00, 0.00
0.00,1.40,0.00, 0.00
0.00,1.40,0.00, 0.00
0.00,1.40,0.00, 0.00
0.00,1.40,0.00, 0.00
0.00,1.40,0.00, 0.00
0.00,1.40,0.00, 0.00
0.00,1.40,0.00, 0.00
0.00,1.40,0.00, 0.00
0.00,1.40,0.00, 0.00
0.00,1.40,0.00, 0.00
0.00,1.40,0.00, 0.00
0.00,1.40,0.00, 0.00
0.00,1.40,0.00, 0.00
0.00,1.40,0.00, 0.00
0.00,1.40,0.00, 0.00
0.00,1.40,0.00, 0.00
0.00,1.03,0.00, 0.00
0.00,1.03,0.00, 0.00
0.00,1.03,0.00, 0.00
1.01,0.69,49.76, 0.00
0.00,0.05,0.00, 0.00
0.00,0.05,0.00, 0.00
0.00,0.05,0.00, 0.00
0.00,0.05,0.00, 0.00
0.00,0.05,0.00, 0.00
0.00,0.05,0.00, 0.00
0.00,0.05,0.00, 0.00
0.00,0.05,0.00, 0.00
0.00,0.05,0.00, 0.00
0.00,0.05,0.00, 0.00
0.00,0.05,0.00, 0.00
0.00,0.05,0.00, 0.50
0.00,0.05,0.00, 0.50
0.00,0.05,0.00, 0.00
0.00,0.05,0.00, 0.00
0.00,0.05,0.00, 0.00
0.00,0.05,0.00, 0.00
0.00,0.05,0.00, 0.00
0.00,0.05,0.00, 0.00
0.00,0.05,0.00, 0.00
0.00,0.05,0.00, 0.00
0.00,0.05,0.00, 0.00
0.00,0.05,0.00, 0.00
0.00,0.05,0.00, 0.00
0.00,0.05,0.00, 0.00
0.00,0.05,0.00, 0.00
0.00,0.05,0.00, 0.00
0.00,0.05,0.00, 0.00
0.00,0.05,0.00, 0.00
0.00,0.05,0.00, 0.00
0.00,0.05,0.00, 0.00
0.00,0.05,0.00, 0.00
0.00,0.05,0.00, 0.00
0.00,0.05,0.00, 0.00
0.00,0.05,0.00, 0.00
0.00,0.05,0.00, 0.00
0.00,0.05,0.00, 0.00
0.00,0.05,0.00, 0.00
0.00,0.05,0.00, 0.00
0.00,0.05,0.00, 0.00
0.00,0.05,0.00, 0.00
0.00,0.05,0.00, 0.00
0.00,0.05,0.00, 0.00
0.00,0.05,0.00, 0.00
0.00,0.05,0.00, 0.00
0.00,0.05,0.00, 0.00
0.00,0.05,0.00, 0.00
0.00,0.05,0.00, 0.00
0.00,0.05,0.00, 0.00
0.00,0.05,0.00, 0.00
0.00,0.05,0.00, 0.00
0.00,0.05,0.00, 0.00
0.00,0.05,0.00, 0.00
0.00,0.05,0.00, 0.00
0.00,0.05,0.00, 0.00
0.00,0.05,0.00, 0.00
0.00,0.05,0.00, 0.00
0.00,0.05,0.00, 0.00
0.00,0.05,0.00, 0.00
0.00,0.05,0.00, 0.00
0.00,0.05,0.00, 0.00
0.00,0.05,0.00, 0.00
0.00,0.05,0.00, 0.00
0.00,0.05,0.00, 0.00
0.00,0.05,0.00, 0.00
0.00,0.05,0.00, 0.00
0.00,0.05,0.00, 0.00
0.00,0.05,0.00, 0.00
0.00,0.05,0.00, 0.00
0.00,0.05,0.00, 0.00
0.00,0.05,0.00, 0.00
0.00,0.05,0.00, 0.00
0.00,0.05,0.00, 0.00
0.00,0.05,0.00, 0.00
0.00,0.05,0.00, 0.00
0.00,0.05,0.00, 0.50
0.00,0.05,0.00, 0.00
0.00,0.05,0.00, 0.00
0.00,0.05,0.00, 0.00
0.00,0.05,0.00, 0.00
0.00,0.05,0.00, 0.00
0.00,1.56,0.00, 75.22
0.00,1.56,0.00, 75.22
0.00,1.56,0.00, 75.22
0.00,1.56,0.00, 75.22
0.00,1.56,0.00, 75.22
0.00,1.56,0.00, 75.22
0.00,1.56,0.00, 75.22
0.00,1.56,0.00, 75.22
0.00,1.56,0.00, 75.22
0.00,1.56,0.00, 75.22
0.00,1.56,0.00, 75.22
0.00,1.56,0.00, 75.22
0.00,1.56,0.00, 75.22
0.00,1.97,0.00, 20.95
0.00,2.93,0.00, 48.15
0.00,3.50,0.00, 28.32
0.00,3.50,0.00, 28.32
0.00,3.50,0.00, 28.32
0.00,3.50,0.00, 28.32
0.00,3.50,0.00, 28.32
3.02,8.80,148.78, 263.88
3.02,8.80,148.78, 263.88
3.90,9.12,45.54, 17.41
3.90,9.12,45.54, 17.41
3.90,9.12,45.54, 17.41
3.90,9.12,45.54, 17.41
3.90,9.12,45.54, 17.41
3.90,9.12,45.54, 17.41
3.90,9.12,45.54, 17.41
3.90,9.12,45.54, 17.41
3.90,9.12,45.54, 17.41
3.90,9.12,45.54, 17.41
3.90,9.12,45.54, 17.41
3.90,9.12,45.54, 17.41
3.90,9.12,45.54, 17.41
3.90,9.12,45.54, 17.41
3.90,9.12,45.54, 17.41
3.90,9.12,45.54, 17.41
3.90,9.12,45.54, 17.41
3.90,9.12,45.54, 17.41
3.90,9.12,45.54, 17.41
3.90,9.12,45.54, 17.41
3.90,9.12,45.54, 17.41
3.90,9.12,45.54, 17.41
3.90,9.12,45.54, 17.41
5.60,9.79,84.42, 33.19
5.60,9.79,84.42, 33.19
6.72,9.81,56.42, 1.12
6.75,9.81,2.31, 0.00
6.77,8.85,1.02, 0.00
6.77,8.80,0.01, 0.00
6.77,8.73,0.00, 0.00
6.77,8.61,0.00, 0.00
6.77,8.46,0.00, 0.00
6.77,8.33,0.00, 0.00
6.77,8.24,0.00, 0.00
6.77,8.20,0.00, 0.00
6.77,8.16,0.00, 0.00
6.77,8.15,0.00, 0.00
6.77,8.07,0.00, 0.00
6.77,7.98,0.00, 0.00
6.79,7.86,0.99, 0.00
6.77,7.72,0.00, 0.00
6.77,7.62,0.00, 0.00
6.77,7.56,0.00, 0.00
6.77,7.50,0.00, 0.00
6.77,7.50,0.00, 0.00
6.77,7.44,0.00, 0.00
6.77,7.39,0.00, 0.00
6.77,7.39,0.00, 0.00
6.77,7.30,0.00, 0.00
6.77,7.22,0.00, 0.00
6.77,7.14,0.00, 0.00
6.77,7.14,0.00, 0.00
6.77,7.14,0.00, 0.00
6.77,7.14,0.00, 0.00
6.77,7.14,0.00, 0.00
6.77,7.14,0.00, 0.00
6.77,7.14,0.00, 0.00
6.77,7.14,0.00, 0.00
6.77,7.14,0.00, 0.00
6.77,7.14,0.00, 0.00
6.77,7.14,0.00, 0.00
6.77,7.14,0.00, 0.00
6.77,7.14,0.00, 0.00
6.77,7.14,0.00, 0.00
6.77,7.14,0.00, 0.00
6.77,7.14,0.00, 0.00
6.77,7.14,0.00, 0.00
6.77,7.14,0.00, 0.00
6.77,7.14,0.00, 0.00
6.77,7.14,0.00, 0.00
6.77,7.14,0.00, 0.00
6.77,7.14,0.00, 0.00
6.77,7.14,0.00, 0.00
6.77,7.14,0.00, 0.00
6.77,7.14,0.00, 0.00
6.77,7.14,0.00, 0.00
6.77,7.14,0.00, 0.00
6.77,7.14,0.00, 0.00
6.77,7.14,0.00, 0.00
6.77,7.14,0.00, 0.00
6.77,7.14,0.00, 0.00
6.77,7.14,0.00, 0.00
6.77,7.14,0.00, 0.00
6.77,7.14,0.00, 0.00
6.77,7.14,0.00, 0.00
6.77,7.14,0.00, 0.00
6.77,7.14,0.00, 0.00
6.77,7.14,0.00, 0.00
6.77,7.14,0.00, 0.00
6.77,7.14,0.00, 0.00
6.77,7.14,0.00, 0.00
6.77,7.14,0.00, 0.00
6.77,7.14,0.00, 0.00
6.77,7.14,0.00, 0.00
6.77,7.14,0.00, 0.00
6.77,7.14,0.00, 0.00
6.77,7.14,0.00, 0.00
6.77,7.14,0.00, 0.00
6.77,7.14,0.00, 0.00
6.77,7.14,0.00, 0.00
6.77,7.14,0.00, 0.00
6.77,7.14,0.00, 0.00
6.77,7.14,0.00, 0.00
6.77,7.14,0.00, 0.00
6.77,7.14,0.00, 0.00
6.77,7.14,0.00, 0.00
6.77,7.14,0.00, 0.00
6.77,7.14,0.00, 0.00
6.77,7.14,0.00, 0.00
6.77,7.14,0.00, 0.00
6.77,7.02,0.00, 0.00
6.77,7.02,0.00, 0.00
6.77,7.02,0.00, 0.00
6.77,7.02,0.00, 0.00
6.77,7.02,0.00, 0.00
6.77,7.02,0.00, 0.00
6.77,7.02,0.00, 0.00
6.77,7.02,0.00, 0.00
6.77,7.02,0.00, 0.00
6.77,7.02,0.00, 0.00
6.77,7.02,0.00, 0.00
6.77,7.02,0.00, 0.00
6.77,7.02,0.00, 0.00
6.77,7.02,0.00, 0.00
6.77,7.02,0.00, 0.00
6.77,7.02,0.00, 0.00
6.77,7.02,0.00, 0.00
6.77,7.02,0.00, 0.00
6.77,7.02,0.00, 0.00
6.77,7.02,0.00, 0.00
6.77,7.02,0.00, 0.00
6.77,7.02,0.00, 0.00
6.77,7.02,0.00, 0.00
6.77,7.02,0.00, 0.00
6.77,7.02,0.00, 0.00
6.77,7.02,0.00, 0.00
6.77,7.02,0.00, 0.00
6.77,7.02,0.00, 0.00
6.77,7.02,0.00, 0.00
6.77,7.02,0.00, 0.00
6.77,7.02,0.00, 0.00
6.77,7.02,0.00, 0.00
6.77,7.02,0.00, 0.00
6.77,7.02,0.00, 0.00
6.77,7.02,0.00, 0.00
6.77,7.02,0.00, 0.00
6.77,7.02,0.00, 0.00
6.77,7.02,0.00, 0.00
6.77,7.02,0.00, 0.00
6.77,7.02,0.00, 0.00
6.77,7.02,0.00, 0.00
6.77,7.02,0.00, 0.00
6.77,7.02,0.00, 0.00
6.77,7.02,0.00, 0.00
6.77,7.02,0.00, 0.00
6.77,7.02,0.00, 0.00
6.77,7.02,0.00, 0.00
6.77,6.94,0.00, 0.00
6.77,6.94,0.00, 0.00
6.77,6.94,0.00, 0.00
6.77,6.94,0.00, 0.00
6.77,6.94,0.00, 0.00
6.77,6.94,0.00, 0.00
6.77,6.94,0.00, 0.00
6.77,6.94,0.00, 0.00
6.77,6.94,0.00, 0.00
6.77,6.94,0.00, 0.00
6.77,6.94,0.00, 0.00
6.77,6.94,0.00, 0.00
6.77,6.94,0.00, 0.00
6.77,6.94,0.00, 0.00
6.77,5.61,0.00, 0.00
6.77,5.61,0.00, 0.00
6.77,5.61,0.00, 0.00
6.77,5.61,0.00, 0.00
6.77,5.61,0.00, 0.00
6.77,5.61,0.00, 0.00
6.77,5.61,0.00, 0.00
6.77,5.61,0.00, 0.00
6.77,5.61,0.00, 0.00
6.77,5.61,0.00, 0.00
6.77,5.61,0.00, 0.00
6.77,5.61,0.00, 0.00
6.77,5.61,0.00, 0.00
6.77,5.61,0.00, 0.00
6.77,5.61,0.00, 0.00
6.77,5.61,0.00, 0.00
6.77,5.37,0.00, 0.00
0.31,0.05,0.00, 0.00
0.31,0.05,0.00, 0.00
0.00,0.05,0.00, 0.00
0.00,0.05,0.00, 0.00
0.00,0.05,0.00, 0.00
0.00,0.05,0.00, 0.00
0.00,0.05,0.00, 0.00
0.00,0.05,0.00, 0.00
0.00,0.05,0.00, 0.00
0.00,0.05,0.00, 0.00
0.00,0.05,0.00, 0.00
0.00,0.05,0.00, 0.00
0.00,0.05,0.00, 0.00
0.00,0.05,0.00, 0.00
0.00,0.05,0.00, 0.00
0.00,0.05,0.00, 0.00
0.00,0.05,0.00, 0.00
0.00,0.05,0.00, 0.00
0.00,0.05,0.00, 0.00
0.00,0.05,0.00, 0.00
0.00,0.05,0.00, 0.00
0.00,0.05,0.00, 0.00
0.00,0.05,0.00, 0.00
0.00,0.05,0.00, 0.00
0.00,0.05,0.00, 0.00
0.00,0.05,0.00, 0.00
0.00,0.05,0.00, 0.00
0.00,0.05,0.00, 0.00
0.00,0.05,0.00, 0.00
0.00,0.05,0.00, 0.00
0.00,0.05,0.00, 0.00
0.00,0.05,0.00, 0.00
0.00,0.05,0.00, 0.00
0.00,0.05,0.00, 0.00
0.00,0.05,0.00, 0.00
0.00,0.05,0.00, 0.00
0.00,0.05,0.00, 0.00
0.00,0.05,0.00, 0.00
0.00,0.05,0.00, 0.00
0.00,0.05,0.00, 0.00
0.00,0.05,0.00, 0.00
0.00,0.05,0.00, 0.00
0.00,0.05,0.00, 0.00
0.00,0.05,0.00, 0.00
0.00,0.05,0.00, 0.00
0.00,0.05,0.00, 0.00
0.00,0.05,0.00, 0.00
0.00,0.05,0.00, 0.00
0.00,0.05,0.00, 0.00
0.00,0.05,0.00, 0.00
0.00,0.05,0.00, 0.00
0.00,0.05,0.00, 0.00
0.00,0.05,0.00, 0.00
0.00,0.05,0.00, 0.00
0.00,0.05,0.00, 0.00
0.00,0.05,0.00, 0.00
0.00,0.05,0.00, 0.00
0.00,0.05,0.00, 0.00
0.00,0.05,0.00, 0.00
0.00,0.05,0.00, 0.00
0.00,0.05,0.00, 0.00
0.00,0.05,0.00, 0.00
0.00,0.05,0.00, 0.00
0.00,0.05,0.00, 0.00
0.00,0.05,0.00, 0.00
0.00,0.05,0.00, 0.00
0.00,0.05,0.00, 0.00
0.00,0.05,0.00, 0.00
0.00,0.05,0.00, 0.00
0.00,0.05,0.00, 0.00
0.00,0.05,0.00, 0.00
0.00,0.05,0.00, 0.00
0.00,0.05,0.00, 0.00
0.00,0.05,0.00, 0.00
0.00,0.05,0.00, 0.00
0.06,3.75,2.96, 184.57
0.06,3.75,2.96, 184.57
0.06,3.75,2.96, 184.57
0.06,3.75,2.96, 184.57
0.06,3.75,2.96, 184.57
0.06,3.75,2.96, 184.57
0.06,3.75,2.96, 184.57
0.06,3.75,2.96, 184.57
0.06,3.75,2.96, 184.57
0.06,3.75,2.96, 184.57
0.06,3.75,2.96, 184.57
0.06,3.75,2.96, 184.57
0.06,3.75,2.96, 184.57
0.06,3.75,2.96, 184.57
0.06,3.75,2.96, 184.57
0.06,3.75,2.96, 184.57
0.06,3.75,2.96, 184.57
0.06,3.75,2.96, 184.57
0.06,3.75,2.96, 184.57
0.06,3.75,2.96, 184.57
0.06,3.75,2.96, 184.57
0.06,3.75,2.96, 184.57
0.06,3.75,2.96, 184.57
0.06,3.75,2.96, 184.57
0.06,3.75,2.96, 184.57
0.06,3.75,2.96, 184.57
0.06,3.75,2.96, 184.57
0.20,4.36,6.94, 30.81
6.43,9.81,307.02, 271.86
6.79,9.81,22.25, 0.99
6.79,9.81,22.25, 0.99
6.79,9.81,22.25, 0.99
6.79,9.81,22.25, 0.99
6.79,9.81,22.25, 0.99
6.77,9.52,0.00, 0.00
6.79,9.56,0.99, 1.99
6.79,9.56,0.99, 1.99
6.79,9.56,0.99, 1.99
6.79,9.56,0.99, 1.99
6.79,9.56,0.99, 1.99
6.79,9.56,0.99, 1.99
6.79,9.56,0.99, 1.99
6.79,9.56,0.99, 1.99
6.79,9.60,0.01, 2.25
6.79,9.60,0.01, 2.25
6.77,9.73,0.00, 5.99
6.77,9.73,0.00, 5.99
6.77,9.73,0.00, 5.99
6.77,9.73,0.00, 5.99
6.77,9.73,0.00, 5.99
6.77,9.73,0.00, 5.99
6.77,9.73,0.00, 5.99
6.77,9.76,0.00, 1.77
6.77,9.69,0.00, 0.00
6.77,9.69,0.00, 0.00
6.77,9.50,0.00, 0.00
6.77,9.50,0.00, 0.00
6.77,9.50,0.00, 0.00
6.77,9.50,0.00, 0.00
6.77,9.50,0.00, 0.00
6.77,9.50,0.00, 0.00
6.77,9.50,0.00, 0.00
6.77,9.50,0.00, 0.00
6.77,9.50,0.00, 0.00
6.77,9.50,0.00, 0.00
6.77,9.50,0.00, 0.00
6.77,9.50,0.00, 0.00
6.77,9.50,0.00, 0.00
6.77,9.50,0.00, 0.00
6.77,9.50,0.00, 0.00
6.77,9.50,0.00, 0.00
6.77,9.50,0.00, 0.00
6.77,9.50,0.00, 0.00
6.77,9.50,0.00, 0.00
6.77,9.50,0.00, 0.00
6.77,9.50,0.00, 0.00
6.77,8.91,0.00, 0.00
6.77,8.91,0.00, 0.00
6.77,8.91,0.00, 0.00
6.77,8.91,0.00, 0.00
6.77,8.91,0.00, 0.00
6.77,8.91,0.00, 0.00
6.77,8.91,0.00, 0.00
6.77,8.76,0.00, 0.00
6.77,8.76,0.00, 0.00
6.77,8.76,0.00, 0.00
6.77,8.76,0.00, 0.00
6.77,8.76,0.00, 0.00
6.77,8.76,0.00, 0.00
6.77,8.76,0.00, 0.00
6.77,8.76,0.00, 0.00
6.77,8.76,0.00, 0.00
6.77,8.76,0.00, 0.00
6.77,8.76,0.00, 0.00
6.77,8.76,0.00, 0.00
6.77,8.76,0.00, 0.00
6.77,8.76,0.00, 0.00
6.77,8.76,0.00, 0.00
6.77,8.76,0.00, 0.00
6.77,8.60,0.00, 0.00
6.77,8.60,0.00, 0.00
6.77,8.60,0.00, 0.00
6.77,8.60,0.00, 0.00
6.77,8.60,0.00, 0.00
6.77,8.60,0.00, 0.00
6.77,8.60,0.00, 0.00
6.77,6.79,0.00, 0.00
6.77,6.79,0.00, 0.00
6.77,6.79,0.00, 0.00
6.77,6.79,0.00, 0.00
6.77,6.79,0.00, 0.00
6.77,6.79,0.00, 0.00
6.77,6.79,0.00, 0.00
6.77,6.79,0.00, 0.00
6.77,6.79,0.00, 0.00
6.77,6.79,0.00, 0.00
6.77,6.79,0.00, 0.00
6.77,6.79,0.00, 0.00
6.77,6.79,0.00, 0.00
6.77,6.79,0.00, 0.00
6.77,6.79,0.00, 0.00
6.77,6.79,0.00, 0.00
6.77,6.79,0.00, 0.00
6.77,6.79,0.00, 0.00
6.77,6.79,0.00, 0.00
6.77,6.79,0.00, 0.00
6.77,6.79,0.00, 0.00
6.75,6.80,0.00, 0.75
6.75,6.80,0.00, 0.75
6.75,6.80,0.00, 0.75
6.75,6.80,0.00, 0.75
6.75,6.80,0.00, 0.75
6.75,6.80,0.00, 0.75
6.75,6.80,0.00, 0.75
6.75,6.80,0.00, 0.75
6.75,6.80,0.00, 0.75
6.75,6.80,0.00, 0.75
6.75,6.80,0.00, 0.75
6.75,6.80,0.00, 0.75
6.75,6.80,0.00, 0.75
6.75,6.80,0.00, 0.75
6.77,5.79,0.99, 0.00
6.77,5.79,0.99, 0.00
6.77,5.79,0.99, 0.00
6.77,5.79,0.99, 0.00
6.77,5.79,0.99, 0.00
6.77,5.79,0.99, 0.00
6.77,5.79,0.99, 0.00
6.77,5.79,0.99, 0.00
6.77,5.79,0.99, 0.00
6.77,5.79,0.99, 0.00
6.77,5.79,0.99, 0.00
6.77,5.79,0.99, 0.00
6.77,5.79,0.99, 0.00
6.77,5.79,0.99, 0.00
6.77,5.79,0.99, 0.00
6.77,5.79,0.99, 0.00
6.77,5.79,0.99, 0.00
6.77,5.79,0.99, 0.00
6.77,5.79,0.99, 0.00
6.77,5.79,0.99, 0.00
6.77,5.79,0.99, 0.00
6.77,5.79,0.99, 0.00
6.77,5.79,0.99, 0.00
6.77,5.79,0.99, 0.00
5.96,3.98,0.00, 0.00
0.80,0.05,0.00, 0.00
0.80,0.05,0.00, 0.00
0.80,0.05,0.00, 0.00
0.80,0.05,0.00, 0.00
0.80,0.05,0.00, 0.00
0.80,0.05,0.00, 0.00
0.80,0.05,0.00, 0.00
0.80,0.05,0.00, 0.00
0.80,0.05,0.00, 0.00
0.80,0.05,0.00, 0.00
0.80,0.05,0.00, 0.00
0.80,0.05,0.00, 0.00
0.80,0.05,0.00, 0.00
0.80,0.05,0.00, 0.00
0.80,0.05,0.00, 0.00
0.80,0.05,0.00, 0.00
0.80,0.05,0.00, 0.00
0.80,0.05,0.00, 0.00
0.80,0.05,0.00, 0.00
0.80,0.05,0.00, 0.00
0.80,0.05,0.00, 0.00
0.80,0.05,0.00, 0.00
0.80,0.05,0.00, 0.00
0.80,0.05,0.00, 0.00
0.80,0.05,0.00, 0.00
0.80,0.05,0.00, 0.00
0.80,0.05,0.00, 0.00
0.80,0.05,0.00, 0.00
0.80,0.05,0.00, 0.00
0.80,0.05,0.00, 0.00
0.80,0.05,0.00, 0.00
0.80,0.05,0.00, 0.00
0.80,0.05,0.00, 0.00
0.80,0.05,0.00, 0.00
0.80,0.05,0.00, 0.00
0.80,0.05,0.00, 0.00
0.80,0.05,0.00, 0.00
0.80,0.05,0.00, 0.00
0.80,0.05,0.00, 0.00
0.80,0.05,0.00, 0.00
0.80,0.05,0.00, 0.00
0.80,0.05,0.00, 0.00
0.80,0.05,0.00, 0.00
0.80,0.05,0.00, 0.00
0.80,0.05,0.00, 0.00
0.80,0.05,0.00, 0.00
0.80,0.05,0.00, 0.00
0.80,0.05,0.00, 0.00
0.80,0.05,0.00, 0.00
0.80,0.05,0.00, 0.00
0.80,0.05,0.00, 0.00
0.80,0.05,0.00, 0.00
0.80,0.05,0.00, 0.00
0.80,0.05,0.00, 0.00
0.80,0.05,0.00, 0.00
0.80,0.05,0.00, 0.00
0.80,0.05,0.00, 0.00
0.80,0.05,0.00, 0.00
0.80,0.05,0.00, 0.00
0.80,0.05,0.00, 0.00
0.80,0.05,0.00, 0.00
0.80,0.05,0.00, 0.00
0.80,0.05,0.00, 0.00
0.80,0.05,0.00, 0.00
0.80,0.05,0.00, 0.00
0.80,0.05,0.00, 0.00
0.80,0.05,0.00, 0.00
0.80,0.05,0.00, 0.00
0.80,0.05,0.00, 0.00
0.80,0.05,0.00, 0.00
0.80,0.05,0.00, 0.00
0.80,0.05,0.00, 0.00
0.80,0.05,0.00, 0.00
0.80,0.05,0.00, 0.00
0.80,0.05,0.00, 0.00
0.80,0.05,0.00, 0.00
0.80,0.05,0.00, 0.00
0.80,0.05,0.00, 0.00
0.80,0.05,0.00, 0.00
0.80,0.05,0.00, 0.00
0.80,0.05,0.00, 0.00
0.80,0.05,0.00, 0.00
0.80,0.05,0.00, 0.00
0.80,0.05,0.00, 0.00
0.80,0.05,0.00, 0.00
0.80,0.05,0.00, 0.00
0.80,0.05,0.00, 0.00
0.80,0.05,0.00, 0.00
0.80,0.05,0.00, 0.00
0.80,0.05,0.00, 0.00
0.80,0.05,0.00, 0.00
0.80,0.05,0.00, 0.00
0.80,0.05,0.00, 0.00
0.80,0.05,0.00, 0.00
0.80,0.05,0.00, 0.00
0.80,0.05,0.00, 0.00
0.80,0.05,0.00, 0.00
0.80,0.05,0.00, 0.00
0.80,0.05,0.00, 0.00
0.80,0.05,0.00, 0.00
0.80,0.05,0.00, 0.00
0.80,0.05,0.00, 0.00
0.80,0.05,0.00, 0.00
0.80,0.05,0.00, 0.00
0.80,0.05,0.00, 0.00
0.80,0.05,0.00, 0.00
0.80,0.05,0.00, 0.00
0.80,0.05,0.00, 0.00
0.80,0.05,0.00, 0.00
0.80,0.05,0.00, 0.00
0.80,0.05,0.00, 0.00
0.80,0.05,0.00, 0.00
0.80,0.05,0.00, 0.00
0.80,0.05,0.00, 0.00
0.80,0.05,0.00, 0.00
0.80,0.05,0.00, 0.00
0.80,0.05,0.00, 0.00
0.80,0.05,0.00, 0.00
0.80,0.05,0.00, 0.00
0.80,0.05,0.00, 0.00
0.80,0.05,0.00, 0.00
0.80,0.05,0.00, 0.00
0.80,0.05,0.00, 0.00
0.80,0.05,0.00, 0.00
0.80,0.05,0.00, 0.00
0.80,0.05,0.00, 0.00
0.80,0.05,0.00, 0.00
0.80,0.05,0.00, 0.00
0.80,0.05,0.00, 0.00
0.80,0.05,0.00, 0.00
0.80,0.05,0.00, 0.00
0.80,0.05,0.00, 0.00
0.80,0.05,0.00, 0.00
0.80,0.05,0.00, 0.00
0.80,0.05,0.00, 0.00
0.80,0.05,0.00, 0.00
0.80,0.05,0.00, 0.00
0.80,0.05,0.00, 0.00
0.80,0.05,0.00, 0.00
0.80,0.05,0.00, 0.00
0.80,0.05,0.00, 0.00
0.80,0.05,0.00, 0.00
0.80,0.05,0.00, 0.00
0.80,0.05,0.00, 0.00
0.80,0.05,0.00, 0.00
0.80,0.05,0.00, 0.00
0.80,0.05,0.00, 0.00
0.80,0.05,0.00, 0.00
0.80,0.05,0.00, 0.00
0.80,0.05,0.00, 0.00
0.80,0.05,0.00, 0.00
0.80,0.05,0.00, 0.00
0.80,0.05,0.00, 0.00
0.80,0.05,0.00, 0.00
0.80,0.05,0.00, 0.00
0.80,0.05,0.00, 0.00
0.80,0.05,0.00, 0.00
0.80,0.05,0.00, 0.00
0.80,0.05,0.00, 0.00
0.80,0.05,0.00, 0.00
0.80,0.05,0.00, 0.00
0.80,0.05,0.00, 0.00
0.80,0.05,0.00, 0.00
0.80,0.05,0.00, 0.00
0.80,0.05,0.00, 0.00
0.80,0.05,0.00, 0.00
0.80,0.05,0.00, 0.00
0.80,0.05,0.00, 0.00
0.80,0.05,0.00, 0.00
0.80,0.05,0.00, 0.00
0.80,0.05,0.00, 0.00
0.80,0.05,0.00, 0.00
0.80,0.05,0.00, 0.00
0.80,0.05,0.00, 0.00
0.80,0.05,0.00, 0.00
0.80,0.05,0.00, 0.00
0.80,0.05,0.00, 0.00
0.80,0.05,0.00, 0.00
0.80,0.05,0.00, 0.00
0.80,0.05,0.00, 0.00
0.80,0.05,0.00, 0.00
0.80,0.05,0.00, 0.00
0.80,0.05,0.00, 0.00
0.80,0.05,0.00, 0.00
0.80,0.05,0.00, 0.00
0.80,0.05,0.00, 0.00
0.80,0.05,0.00, 0.00
0.80,0.05,0.00, 0.00
0.80,0.05,0.00, 0.00
0.80,0.05,0.00, 0.00
0.80,0.05,0.00, 0.00
0.80,0.05,0.00, 0.00
0.80,0.05,0.00, 0.00
0.80,0.05,0.00, 0.00
0.80,0.05,0.00, 0.00
0.80,0.05,0.00, 0.00
0.80,0.05,0.00, 0.00
0.67,0.04,0.00, 0.00
0.67,0.04,0.00, 0.00
0.67,0.04,0.00, 0.00
0.67,0.04,0.00, 0.00
0.67,0.04,0.00, 0.00
0.67,0.04,0.00, 0.00
0.67,0.04,0.00, 0.00
0.67,0.04,0.00, 0.00
0.67,0.04,0.00, 0.00
0.67,0.04,0.00, 0.00
0.67,0.04,0.00, 0.00
0.67,0.04,0.00, 0.00
0.67,0.04,0.00, 0.00
0.67,0.04,0.00, 0.00
0.67,0.04,0.00, 0.00
0.67,0.04,0.00, 0.00
0.67,0.04,0.00, 0.00
0.67,0.04,0.00, 0.00
0.67,0.04,0.00, 0.00
0.67,0.04,0.00, 0.00
0.67,0.04,0.00, 0.00
0.67,0.04,0.00, 0.00
0.67,0.04,0.00, 0.00
0.67,0.04,0.00, 0.00
0.67,0.04,0.00, 0.00
0.67,0.04,0.00, 0.00
0.67,0.04,0.00, 0.00
0.67,0.04,0.00, 0.00
0.67,0.04,0.00, 0.00
0.67,0.04,0.00, 0.00
0.67,0.04,0.00, 0.00
0.67,0.04,0.00, 0.00
0.67,0.04,0.00, 0.00
0.67,0.04,0.00, 0.00
0.67,0.04,0.00, 0.00
0.67,0.04,0.00, 0.00
0.67,0.04,0.00, 0.00
0.67,0.04,0.00, 0.00
0.67,0.04,0.00, 0.00
0.67,0.04,0.00, 0.00
0.67,0.04,0.00, 0.00
0.67,0.04,0.00, 0.00
0.67,0.04,0.00, 0.00
0.67,0.04,0.00, 0.00
0.67,0.04,0.00, 0.00
0.67,0.04,0.00, 0.00
0.67,0.04,0.00, 0.00
0.67,0.04,0.00, 0.00
0.67,0.04,0.00, 0.00
0.67,0.04,0.00, 0.00
0.67,0.04,0.00, 0.00
0.67,0.04,0.00, 0.00
0.67,0.04,0.00, 0.00
0.67,0.04,0.00, 0.00
0.67,0.04,0.00, 0.00
0.67,0.04,0.00, 0.00
0.67,0.04,0.00, 0.00
0.67,0.04,0.00, 0.00
0.67,0.04,0.00, 0.00
0.67,0.04,0.00, 0.00
0.67,0.04,0.00, 0.00
0.67,0.04,0.00, 0.00
0.67,0.04,0.00, 0.00
0.67,0.04,0.00, 0.00
0.67,0.04,0.00, 0.00
0.67,0.04,0.00, 0.00
0.67,0.04,0.00, 0.00
0.67,0.04,0.00, 0.00
0.67,0.04,0.00, 0.00
0.67,0.04,0.00, 0.00
0.67,0.04,0.00, 0.00
0.67,0.04,0.00, 0.00
0.67,0.04,0.00, 0.00
0.67,0.04,0.00, 0.00
0.67,0.04,0.00, 0.00
0.67,0.04,0.00, 0.00
0.67,0.04,0.00, 0.00
0.67,0.04,0.00, 0.00
0.67,0.04,0.00, 0.00
0.67,0.04,0.00, 0.00
0.67,0.04,0.00, 0.00
0.67,0.04,0.00, 0.00
0.67,0.04,0.00, 0.00
0.67,0.04,0.00, 0.00
0.67,0.04,0.00, 0.00
0.67,0.04,0.00, 0.00
0.67,0.04,0.00, 0.00
0.67,0.04,0.00, 0.00
0.67,0.04,0.00, 0.00
0.67,0.04,0.00, 0.00
0.67,0.04,0.00, 0.00
0.67,0.04,0.00, 0.00
0.67,0.04,0.00, 0.00
0.67,0.04,0.00, 0.00
0.67,0.04,0.00, 0.00
0.67,0.04,0.00, 0.00
0.67,0.04,0.00, 0.00
0.67,0.04,0.00, 0.00
0.67,0.04,0.00, 0.00
0.67,0.04,0.00, 0.00
0.67,0.04,0.00, 0.00
0.67,0.04,0.00, 0.00
0.67,0.04,0.00, 0.00
0.67,0.04,0.00, 0.00
0.67,0.04,0.00, 0.00
0.67,0.04,0.00, 0.00
0.67,0.04,0.00, 0.00
0.67,0.04,0.00, 0.00
0.67,0.04,0.00, 0.00
0.67,0.04,0.00, 0.00
0.67,0.04,0.00, 0.00
0.67,0.04,0.00, 0.00
0.67,0.04,0.00, 0.00
0.67,0.04,0.00, 0.00
0.67,0.04,0.00, 0.00
0.67,0.04,0.00, 0.00
0.67,0.04,0.00, 0.00
0.67,0.04,0.00, 0.00
0.67,0.04,0.00, 0.00
0.67,0.04,0.00, 0.00
0.67,0.04,0.00, 0.00
0.67,0.04,0.00, 0.00
0.67,0.04,0.00, 0.00
0.67,0.04,0.00, 0.00
0.67,0.04,0.00, 0.00
0.67,0.04,0.00, 0.00
0.67,0.04,0.00, 0.00
0.67,0.04,0.00, 0.00
0.67,0.04,0.00, 0.00
0.67,0.04,0.00, 0.00
0.67,0.04,0.00, 0.00
0.67,0.04,0.00, 0.00
0.67,0.04,0.00, 0.00
0.67,0.04,0.00, 0.00
0.29,0.05,0.00, 0.50
0.29,0.05,0.00, 0.50
0.53,0.05,11.82, 0.00
0.53,0.05,11.82, 0.00
0.53,0.05,11.82, 0.00
0.53,0.05,11.82, 0.00
0.53,0.05,11.82, 0.00
0.53,0.05,11.82, 0.00
0.53,0.05,11.82, 0.00
2.10,0.27,77.52, 11.21
6.79,9.61,232.19, 465.58
6.79,9.60,3.42, 0.96
6.79,9.21,0.05, 0.00
6.79,9.21,0.05, 0.00
6.79,9.12,0.00, 0.00
6.79,9.03,0.00, 0.00
6.79,8.87,0.00, 0.00
6.79,8.69,0.00, 0.00
6.79,8.43,0.00, 0.00
6.79,8.43,0.00, 0.00
6.79,8.43,0.00, 0.00
6.79,8.22,0.00, 0.00
6.77,8.00,0.00, 0.00
6.77,7.85,0.00, 0.00
6.77,7.74,0.00, 0.00
6.77,7.74,0.00, 0.00
6.77,7.74,0.00, 0.00
6.77,7.74,0.00, 0.00
6.77,7.74,0.00, 0.00
6.77,7.74,0.00, 0.00
6.77,7.74,0.00, 0.00
6.77,7.74,0.00, 0.00
6.77,7.74,0.00, 0.00
6.77,7.74,0.00, 0.00
6.77,7.74,0.00, 0.00
6.77,7.74,0.00, 0.00
6.77,7.74,0.00, 0.00
6.77,7.74,0.00, 0.00
6.77,7.74,0.00, 0.00
6.77,7.74,0.00, 0.00
6.77,7.74,0.00, 0.00
6.77,7.74,0.00, 0.00
6.77,7.74,0.00, 0.00
6.77,7.74,0.00, 0.00
6.77,7.74,0.00, 0.00
6.77,7.74,0.00, 0.00
6.77,7.74,0.00, 0.00
6.77,7.74,0.00, 0.00
6.77,7.74,0.00, 0.00
6.77,7.74,0.00, 0.00
6.77,7.74,0.00, 0.00
6.77,7.74,0.00, 0.00
6.77,7.74,0.00, 0.00
6.77,7.74,0.00, 0.00
6.77,7.74,0.00, 0.00
6.77,7.74,0.00, 0.00
6.77,7.74,0.00, 0.00
6.77,7.74,0.00, 0.00
6.77,7.74,0.00, 0.00
6.77,7.74,0.00, 0.00
6.77,7.74,0.00, 0.00
6.77,7.74,0.00, 0.00
6.77,7.74,0.00, 0.00
6.77,7.74,0.00, 0.00
6.77,7.74,0.00, 0.00
6.77,7.74,0.00, 0.00
6.77,7.74,0.00, 0.00
6.77,7.74,0.00, 0.00
6.77,7.74,0.00, 0.00
6.77,7.74,0.00, 0.00
6.77,7.74,0.00, 0.00
6.77,7.74,0.00, 0.00
6.77,7.74,0.00, 0.00
6.77,7.74,0.00, 0.00
6.77,7.74,0.00, 0.00
6.77,7.74,0.00, 0.00
6.77,7.74,0.00, 0.00
6.77,7.74,0.00, 0.00
6.77,7.74,0.00, 0.00
6.77,7.74,0.00, 0.00
6.77,7.74,0.00, 0.00
6.77,7.74,0.00, 0.00
6.79,7.57,0.99, 0.00
6.79,7.57,0.99, 0.00
6.79,7.57,0.99, 0.00
6.79,7.57,0.99, 0.00
6.79,7.57,0.99, 0.00
6.79,7.57,0.99, 0.00
6.79,7.57,0.99, 0.00
6.79,7.57,0.99, 0.00
6.79,7.57,0.99, 0.00
6.79,7.57,0.99, 0.00
6.79,7.57,0.99, 0.00
6.79,7.57,0.99, 0.00
6.79,7.57,0.99, 0.00
6.79,7.57,0.99, 0.00
6.79,7.57,0.99, 0.00
6.79,7.57,0.99, 0.00
6.79,7.57,0.99, 0.00
6.79,7.57,0.99, 0.00
6.79,7.57,0.99, 0.00
6.79,7.57,0.99, 0.00
6.79,7.57,0.99, 0.00
6.79,7.57,0.99, 0.00
6.79,7.57,0.99, 0.00
6.79,7.57,0.99, 0.00
6.79,7.57,0.99, 0.00
6.79,7.57,0.99, 0.00
6.79,7.57,0.99, 0.00
6.79,7.57,0.99, 0.00
6.79,7.57,0.99, 0.00
6.79,7.57,0.99, 0.00
6.79,7.57,0.99, 0.00
6.79,7.57,0.99, 0.00
6.79,7.57,0.99, 0.00
6.79,7.57,0.99, 0.00
6.79,7.57,0.99, 0.00
6.79,7.57,0.99, 0.00
6.79,7.57,0.99, 0.00
6.79,7.57,0.99, 0.00
6.79,7.57,0.99, 0.00
6.79,7.57,0.99, 0.00
6.79,7.57,0.99, 0.00
6.79,7.57,0.99, 0.00
6.79,7.57,0.99, 0.00
6.79,7.57,0.99, 0.00
6.77,