0.00,0.05,0.00, 2.24
0.00,0.05,0.00, 0.51
0.00,0.05,0.00, 0.00
0.00,0.05,0.00, 0.00
0.00,0.05,0.00, 0.00
0.00,0.05,0.00, 0.00
0.00,0.05,0.00, 0.50
0.00,0.06,0.00, 0.25
0.00,0.06,0.00, 0.00
0.00,0.07,0.00, 0.50
0.00,0.07,0.00, 0.00
0.00,0.07,0.00, 0.00
0.00,0.07,0.00, 0.00
0.00,0.06,0.00, 0.00
0.00,0.06,0.00, 0.00
0.00,0.06,0.00, 0.00
0.00,0.06,0.00, 0.00
0.00,0.06,0.00, 0.00
0.00,0.06,0.00, 0.00
0.00,0.06,0.00, 0.00
0.00,0.07,0.00, 0.50
0.00,0.06,0.00, 0.00
0.00,0.05,0.00, 0.00
0.00,0.05,0.00, 0.50
0.00,0.05,0.00, 0.00
0.00,0.05,0.00, 0.00
0.00,0.05,0.00, 0.00
0.00,0.05,0.00, 0.00
0.00,0.05,0.00, 0.00
0.00,0.05,0.00, 0.00
0.00,0.05,0.00, 0.00
0.00,0.05,0.00, 0.50
0.00,0.05,0.00, 0.00
0.00,0.05,0.00, 0.00
0.00,0.05,0.00, 0.00
0.00,0.05,0.00, 0.00
0.00,0.05,0.00, 0.50
0.00,0.05,0.00, 0.00
0.00,0.06,0.00, 1.00
0.00,0.06,0.00, 0.00
0.00,0.06,0.00, 0.00
0.00,0.07,0.00, 0.50
0.00,0.06,0.00, 0.00
0.00,0.06,0.00, 0.00
0.00,0.06,0.00, 0.00
0.00,0.06,0.00, 0.00
0.03,0.06,1.48, 0.00
0.00,0.06,0.00, 0.00
0.00,0.09,0.00, 1.49
0.00,0.09,0.00, 0.25
0.00,0.11,0.00, 0.50
0.01,0.12,0.49, 0.50
0.14,0.14,6.41, 1.25
0.28,0.16,6.99, 0.75
0.37,0.19,4.54, 1.50
0.41,0.22,2.04, 1.50
0.44,0.22,1.51, 0.50
0.44,0.26,0.02, 1.75
0.41,0.26,0.00, 0.01
0.37,0.26,0.00, 0.25
0.35,0.26,0.00, 0.00
0.35,0.25,0.00, 0.00
0.37,0.24,0.99, 0.00
0.41,0.20,1.99, 0.00
0.48,0.20,3.48, 0.00
0.53,0.17,2.51, 0.00
0.55,0.13,1.02, 0.00
0.46,0.11,0.00, 0.00
0.30,0.09,0.00, 0.00
0.28,0.09,0.00, 0.00
0.46,0.09,8.87, 0.00
0.55,0.09,4.56, 0.00
0.46,0.09,0.00, 0.00
0.28,0.09,0.00, 0.00
0.17,0.09,0.00, 0.00
0.03,0.10,0.00, 0.50
0.00,0.09,0.00, 0.00
0.00,0.10,0.00, 0.50
0.00,0.10,0.00, 0.00
0.00,0.10,0.00, 0.00
0.00,0.10,0.00, 0.00
0.00,0.10,0.00, 0.00
0.00,0.10,0.00, 0.00
0.00,0.12,0.00, 0.75
0.00,0.12,0.00, 0.00
0.00,0.19,0.00, 3.49
0.00,0.26,0.00, 3.50
0.10,0.35,4.93, 4.50
0.19,0.46,4.51, 5.75
0.21,0.58,1.05, 6.00
0.17,0.71,0.00, 6.25
0.12,0.88,0.00, 8.49
0.05,1.05,0.00, 8.50
0.08,1.30,1.48, 12.24
0.23,1.52,7.41, 11.25
0.53,1.72,14.89, 10.25
0.73,1.91,10.07, 9.50
0.82,2.13,4.58, 10.75
0.88,2.31,3.02, 9.01
1.06,2.55,8.91, 11.74
1.31,2.75,12.45, 10.26
1.58,3.00,13.48, 12.49
1.76,3.24,9.07, 11.75
1.92,3.47,8.02, 11.50
2.07,3.74,7.51, 13.99
2.21,4.00,7.01, 12.75
2.32,4.22,5.52, 10.76
2.43,4.39,5.50, 8.76
2.52,4.56,4.51, 8.25
2.66,4.73,6.96, 8.75
3.10,5.34,21.78, 30.17
3.24,5.45,7.22, 5.84
3.40,5.57,7.99, 6.00
3.55,5.69,7.51, 6.00
3.71,5.80,7.99, 5.50
3.87,5.90,8.00, 5.25
4.09,6.11,10.96, 10.23
4.38,6.16,14.45, 2.53
4.70,6.28,15.98, 5.74
5.01,6.39,15.51, 6.00
5.24,6.52,11.56, 6.00
5.46,6.64,11.01, 6.00
5.66,6.74,10.01, 5.25
5.82,6.85,8.03, 5.50
6.02,6.95,9.97, 5.25
6.31,7.06,14.43, 5.25
6.67,7.17,17.95, 5.50
7.07,7.28,19.97, 5.75
7.50,7.40,21.48, 5.75
7.86,7.53,18.05, 6.25
8.11,7.65,12.58, 6.25
8.28,7.95,8.56, 14.97
8.35,8.02,3.57, 3.54
8.44,8.14,4.49, 5.99
8.53,8.22,4.50, 3.76
8.58,8.30,2.53, 4.00
8.58,8.37,0.04, 3.75
8.55,8.44,0.00, 3.50
8.60,8.89,2.46, 22.43
8.60,8.94,0.04, 2.57
8.58,8.96,0.00, 1.01
8.58,8.99,0.00, 1.50
8.58,9.04,0.00, 2.50
8.58,9.04,0.00, 2.50
8.58,9.04,0.00, 2.50
8.58,9.05,0.00, 0.51
8.58,9.08,0.00, 1.25
8.58,9.07,0.00, 0.00
8.58,9.06,0.00, 0.00
8.55,9.09,0.00, 1.74
8.58,9.07,1.48, 0.00
8.58,9.05,0.02, 0.00
8.58,9.05,0.02, 0.00
8.58,9.05,0.02, 0.00
8.58,9.05,0.02, 0.00
8.58,9.05,0.02, 0.00
8.58,9.05,0.02, 0.00
8.58,9.05,0.02, 0.00
8.58,9.05,0.02, 0.00
8.58,9.05,0.02, 0.00
8.58,9.05,0.02, 0.00
8.58,9.05,0.02, 0.00
8.58,9.06,0.00, 0.50
8.55,9.06,0.00, 0.00
8.55,9.07,0.00, 0.50
8.55,9.07,0.00, 0.50
8.55,9.07,0.00, 0.50
8.55,9.07,0.00, 0.50
8.55,9.07,0.00, 0.50
8.55,8.65,0.00, 0.00
8.55,8.65,0.00, 0.00
8.55,8.57,0.00, 0.00
8.58,8.52,1.48, 0.00
8.58,8.52,1.48, 0.00
8.58,8.52,1.48, 0.00
8.58,8.52,1.48, 0.00
8.58,8.52,1.48, 0.00
8.58,8.52,1.48, 0.00
8.58,8.52,1.48, 0.00
8.58,8.52,1.48, 0.00
8.58,8.52,1.48, 0.00
8.58,8.52,1.48, 0.00
8.58,8.52,1.48, 0.00
8.58,8.52,1.48, 0.00
8.58,8.52,1.48, 0.00
8.58,8.52,1.48, 0.00
8.58,8.52,1.48, 0.00
8.58,8.52,1.48, 0.00
8.58,8.52,1.48, 0.00
8.58,8.52,1.48, 0.00
8.58,8.52,1.48, 0.00
8.55,8.48,0.00, 0.00
8.55,8.48,0.00, 0.00
8.58,8.45,1.48, 0.00
8.55,8.46,0.00, 0.25
8.55,8.48,0.00, 1.00
8.55,8.50,0.00, 1.00
8.53,8.51,0.00, 0.75
8.55,8.52,0.99, 0.50
8.55,8.52,0.01, 0.00
8.55,8.55,0.00, 1.25
8.53,8.54,0.00, 0.00
8.53,8.54,0.00, 0.00
8.53,8.54,0.00, 0.00
8.53,8.56,0.00, 1.00
8.53,8.60,0.00, 1.75
8.53,8.60,0.00, 1.75
8.53,8.60,0.00, 1.75
8.53,8.60,0.00, 1.75
8.53,8.64,0.00, 2.25
8.53,8.64,0.00, 2.25
8.53,8.64,0.00, 2.25
8.53,8.64,0.00, 2.25
8.53,8.64,0.00, 2.25
8.53,8.64,0.00, 2.25
8.53,8.64,0.00, 2.25
8.53,8.70,0.00, 3.25
8.53,8.73,0.00, 1.01
8.53,8.73,0.00, 1.01
8.53,8.73,0.00, 1.01
8.53,8.73,0.00, 1.01
8.53,8.73,0.00, 1.01
8.53,8.52,0.00, 0.00
8.53,8.52,0.00, 0.00
8.55,8.24,0.99, 0.00
8.55,8.18,0.01, 0.00
8.53,7.82,0.00, 0.00
8.53,7.77,0.00, 0.00
8.51,7.70,0.00, 0.00
8.53,7.64,0.99, 0.00
8.53,7.61,0.01, 0.00
8.53,7.60,0.00, 0.00
8.53,7.57,0.00, 0.00
8.53,7.54,0.00, 0.00
8.51,7.51,0.00, 0.00
8.51,7.45,0.00, 0.00
8.51,7.41,0.00, 0.00
8.51,7.39,0.00, 0.00
8.51,7.35,0.00, 0.00
8.51,7.32,0.00, 0.00
8.51,7.27,0.00, 0.00
8.51,7.24,0.00, 0.00
8.46,7.22,0.00, 0.00
8.46,7.22,0.00, 0.00
8.51,7.21,2.46, 0.00
8.51,7.20,0.04, 0.00
8.53,7.19,0.99, 0.00
8.51,7.18,0.00, 0.00
8.51,7.16,0.00, 0.00
8.51,7.12,0.00, 0.00
8.51,7.09,0.00, 0.00
8.53,7.02,0.99, 0.00
8.53,6.97,0.01, 0.00
8.53,6.90,0.00, 0.00
8.51,6.88,0.00, 0.00
8.51,6.85,0.00, 0.00
8.51,6.85,0.00, 0.00
8.51,6.85,0.00, 0.00
8.51,6.82,0.00, 0.00
8.51,6.81,0.00, 0.00
8.51,6.77,0.00, 0.00
8.51,6.74,0.00, 0.00
8.53,6.69,0.99, 0.00
8.51,6.62,0.00, 0.00
8.51,6.59,0.00, 0.00
8.49,6.55,0.00, 0.00
8.51,6.55,0.99, 0.00
8.51,6.56,0.01, 0.50
8.51,6.56,0.01, 0.50
8.51,6.56,0.01, 0.50
8.51,6.56,0.01, 0.50
8.51,6.56,0.01, 0.50
8.51,6.59,0.00, 1.75
8.51,6.63,0.00, 2.00
8.51,6.66,0.00, 1.75
7.70,6.72,0.00, 2.50
7.23,6.70,0.00, 0.00
6.09,6.65,0.00, 0.00
5.77,6.65,0.00, 0.00
6.42,6.63,32.02, 0.00
7.16,6.61,36.93, 0.00
7.59,6.62,21.73, 0.75
7.79,6.64,10.17, 1.00
7.84,6.66,2.61, 1.00
7.68,6.71,0.00, 2.49
7.21,6.74,0.00, 1.75
6.51,6.74,0.00, 0.01
5.93,6.74,0.00, 0.00
5.64,6.70,0.00, 0.00
5.59,6.70,0.00, 0.00
5.75,6.70,7.88, 0.00
5.89,6.68,7.01, 0.00
5.89,6.68,0.10, 0.00
5.73,6.65,0.00, 0.00
5.41,6.59,0.00, 0.00
5.01,6.55,0.00, 0.00
5.01,6.55,0.00, 0.00
4.61,6.51,0.00, 0.00
4.29,6.43,0.00, 0.00
4.14,6.38,0.00, 0.00
4.02,6.33,0.00, 0.00
3.96,6.27,0.00, 0.00
3.89,6.24,0.00, 0.00
3.89,6.24,0.00, 0.00
3.82,6.23,0.00, 0.00
3.82,6.22,0.00, 0.00
3.80,6.18,0.00, 0.00
3.78,6.16,0.00, 0.00
3.69,6.12,0.00, 0.00
3.60,6.07,0.00, 0.00
3.42,6.01,0.00, 0.00
3.22,5.93,0.00, 0.00
3.08,5.90,0.00, 0.00
3.02,5.90,0.00, 0.00
3.06,5.81,1.97, 0.00
3.10,5.78,2.00, 0.00
3.10,5.78,2.00, 0.00
3.17,5.72,3.48, 0.00
3.19,5.68,1.04, 0.00
3.17,5.64,0.00, 0.00
3.10,5.58,0.00, 0.00
2.99,5.53,0.00, 0.00
2.95,5.51,0.00, 0.00
2.95,5.51,0.00, 0.00
2.95,5.45,0.00, 0.00
2.99,5.40,1.97, 0.00
3.04,5.34,2.49, 0.00
3.10,5.26,2.99, 0.00
3.10,5.26,2.99, 0.00
3.10,5.26,2.99, 0.00
3.10,5.26,2.99, 0.00
3.10,5.26,2.99, 0.00
3.10,5.26,2.99, 0.00
3.13,5.18,1.52, 0.00
3.19,5.12,2.98, 0.00
3.35,5.06,7.93, 0.00
4.18,4.91,41.01, 0.00
4.18,4.91,41.01, 0.00
4.18,4.91,41.01, 0.00
4.50,4.88,16.37, 0.00
4.50,4.88,16.37, 0.00
4.81,4.84,15.51, 0.00
5.12,4.81,15.50, 0.00
5.12,4.81,15.50, 0.00
5.12,4.81,15.50, 0.00
5.12,4.81,15.50, 0.00
5.12,4.81,15.50, 0.00
5.12,4.81,15.50, 0.00
7.75,5.02,129.79, 10.46
8.26,5.10,27.03, 3.77
8.58,5.16,16.16, 3.00
8.58,5.16,16.16, 3.00
8.58,5.16,16.16, 3.00
8.58,5.16,16.16, 3.00
8.58,5.16,16.16, 3.00
8.60,5.57,1.22, 20.69
8.60,5.57,1.22, 20.69
8.62,5.61,1.00, 1.82
8.64,5.62,1.00, 0.75
8.60,5.58,0.00, 0.00
8.58,5.55,0.00, 0.00
8.60,5.46,0.99, 0.00
8.58,5.44,0.00, 0.00
8.58,5.44,0.00, 0.00
8.60,5.43,0.99, 0.00
8.58,5.43,0.00, 0.50
8.58,5.45,0.00, 0.75
8.58,5.48,0.00, 1.50
8.58,5.52,0.00, 1.75
8.58,5.59,0.00, 3.49
8.58,5.61,0.00, 1.51
8.58,5.65,0.00, 1.75
8.58,5.67,0.00, 1.00
8.55,5.69,0.00, 0.75
8.58,5.72,1.48, 1.75
8.55,5.74,0.00, 1.00
8.55,5.80,0.00, 2.74
8.55,5.80,0.00, 2.74
8.55,5.80,0.00, 2.74
8.55,5.80,0.00, 2.74
8.55,5.80,0.00, 2.74
8.55,5.80,0.00, 2.74
8.55,5.89,0.00, 4.49
8.55,6.01,0.00, 6.24
8.55,6.12,0.00, 5.50
8.55,6.31,0.00, 9.24
8.55,6.34,0.00, 1.78
8.55,6.41,0.00, 3.49
8.55,6.41,0.00, 3.49
8.55,6.41,0.00, 3.49
8.55,6.41,0.00, 3.49
8.53,6.47,0.00, 3.00
8.53,6.47,0.00, 3.00
8.55,6.54,0.99, 3.50
8.53,6.61,0.00, 3.75
8.53,6.83,0.00, 10.72
8.53,6.85,0.00, 0.79
8.53,6.85,0.00, 0.79
8.55,6.88,0.99, 1.50
8.53,6.90,0.00, 1.50
8.53,6.93,0.00, 1.50
8.53,6.98,0.00, 2.50
8.53,7.03,0.00, 2.25
8.53,7.10,0.00, 3.50
8.53,7.14,0.00, 2.01
8.53,7.16,0.00, 1.25
8.53,7.15,0.00, 0.00
8.53,7.15,0.00, 0.00
8.53,7.15,0.00, 0.00
8.53,7.15,0.00, 0.00
8.53,7.15,0.00, 0.00
8.53,7.15,0.00, 0.00
8.53,7.15,0.00, 0.00
8.53,7.13,0.00, 0.00
8.53,7.11,0.00, 0.00
8.53,7.11,0.00, 0.00
8.53,7.11,0.00, 0.00
8.53,7.11,0.00, 0.00
8.53,7.11,0.00, 0.00
8.53,7.11,0.00, 0.00
8.53,7.11,0.00, 0.00
8.53,7.11,0.00, 0.00
8.53,7.09,0.00, 0.00
8.53,7.09,0.00, 0.00
8.51,7.39,0.00, 15.19
8.51,7.41,0.00, 1.30
8.51,7.41,0.00, 1.30
8.51,7.41,0.00, 1.30
8.51,7.41,0.00, 1.30
8.51,7.41,0.00, 1.30
8.51,7.41,0.00, 1.30
8.51,7.41,0.00, 1.30
8.51,7.41,0.00, 1.30
8.53,7.66,0.99, 12.21
8.51,7.73,0.00, 3.78
8.51,7.73,0.00, 3.78
8.53,7.75,0.99, 0.76
8.51,7.73,0.00, 0.00
8.53,7.72,0.99, 0.00
8.51,7.69,0.00, 0.00
8.51,7.69,0.00, 0.00
8.51,7.69,0.00, 0.00
8.51,7.69,0.00, 0.00
8.51,7.69,0.00, 0.00
8.51,7.69,0.00, 0.00
8.51,7.69,0.00, 0.00
8.51,7.69,0.00, 0.00
8.51,7.69,0.00, 0.00
8.51,7.69,0.00, 0.00
8.51,7.69,0.00, 0.00
8.51,7.69,0.00, 0.00
8.51,7.69,0.00, 0.00
8.51,7.62,0.00, 0.00
8.51,7.56,0.00, 0.00
8.53,7.46,0.99, 0.00
8.49,6.75,0.00, 0.00
8.49,6.72,0.00, 0.00
8.51,6.70,0.99, 0.00
8.51,6.70,0.01, 0.00
8.49,6.69,0.00, 0.00
8.49,6.68,0.00, 0.00
8.49,6.62,0.00, 0.00
8.51,6.55,0.99, 0.00
8.49,6.48,0.00, 0.00
8.51,6.41,0.99, 0.00
8.51,6.38,0.01, 0.00
8.49,6.36,0.00, 0.00
8.49,6.36,0.00, 0.00
8.51,6.36,0.99, 0.50
8.49,6.39,0.00, 1.25
8.49,6.39,0.00, 1.25
8.49,6.39,0.00, 1.25
8.49,6.39,0.00, 1.25
8.49,6.39,0.00, 1.25
8.49,6.43,0.00, 1.75
8.49,6.43,0.00, 1.75
8.49,6.43,0.00, 0.26
8.49,6.43,0.00, 0.26
8.49,6.39,0.00, 0.00
8.49,6.12,0.00, 0.00
8.51,6.12,0.99, 0.00
8.49,6.12,0.00, 0.00
8.49,6.11,0.00, 0.00
8.49,6.09,0.00, 0.00
8.51,6.02,0.99, 0.00
8.49,5.92,0.00, 0.00
8.49,5.82,0.00, 0.00
8.49,5.72,0.00, 0.00
8.49,5.68,0.00, 0.00
8.49,5.67,0.00, 0.00
8.49,5.70,0.00, 1.25
8.46,5.70,0.00, 0.00
8.49,5.71,1.48, 0.75
8.49,5.69,0.02, 0.00
8.49,5.65,0.00, 0.00
8.49,5.60,0.00, 0.00
8.49,5.57,0.00, 0.00
6.92,5.55,0.00, 0.00
6.92,5.55,0.00, 0.00
2.99,5.57,0.00, 0.50
2.99,5.57,0.00, 0.50
0.00,5.51,0.00, 0.00
0.00,5.44,0.00, 0.00
1.02,5.36,50.25, 0.00
4.29,5.26,161.83, 0.00
6.94,5.16,132.93, 0.00
7.66,5.07,37.43, 0.00
7.90,5.01,12.37, 0.00
7.52,4.93,0.00, 0.00
6.33,4.82,0.00, 0.00
6.33,4.82,0.00, 0.00
6.33,4.82,0.00, 0.00
6.33,4.82,0.00, 0.00
6.33,4.82,0.00, 0.00
6.33,4.82,0.00, 0.00
6.33,4.82,0.00, 0.00
6.33,4.82,0.00, 0.00
2.97,4.76,0.00, 0.00
0.00,4.71,0.00, 0.00
0.00,4.62,0.00, 0.00
3.80,4.61,187.20, 0.00
2.12,4.55,0.00, 0.00
0.95,4.46,0.00, 0.00
0.93,4.36,0.00, 0.00
1.69,4.30,37.44, 0.00
1.69,4.30,37.44, 0.00
2.45,4.28,37.99, 0.00
2.88,4.32,21.74, 1.74
2.81,4.35,0.00, 1.25
2.54,4.35,0.00, 0.00
2.30,4.36,0.00, 0.75
2.21,4.33,0.00, 0.00
2.25,4.30,1.97, 0.00
2.36,4.28,5.45, 0.00
2.36,4.28,5.45, 0.00
2.36,4.28,5.45, 0.00
2.36,4.28,5.45, 0.00
2.45,4.23,4.51, 0.00
2.45,4.23,4.51, 0.00
2.45,4.23,4.51, 0.00
2.45,4.23,4.51, 0.00
2.45,4.23,4.51, 0.00
2.45,4.23,4.51, 0.00
2.45,4.23,4.51, 0.00
2.45,4.23,4.51, 0.00
2.45,4.23,4.51, 0.00
2.45,4.23,4.51, 0.00
2.45,4.23,4.51, 0.00
2.45,4.23,4.51, 0.00
2.54,4.22,4.50, 0.00
2.54,4.22,4.50, 0.00
2.68,4.24,6.96, 1.00
2.95,4.20,13.40, 0.00
5.44,4.59,122.87, 19.68
5.89,4.69,23.98, 5.05
6.36,4.82,23.51, 6.49
6.36,4.82,23.51, 6.49
6.36,4.82,23.51, 6.49
6.36,4.82,23.51, 6.49
6.36,4.82,23.51, 6.49
6.36,4.82,23.51, 6.49
6.36,4.82,23.51, 6.49
6.36,4.82,23.51, 6.49
6.80,4.94,22.02, 6.00
7.28,5.06,23.97, 5.75
7.54,5.15,13.16, 5.00
8.53,5.65,48.97, 24.68
8.49,5.67,0.00, 1.09
8.53,5.70,1.97, 1.50
8.55,5.71,1.01, 0.50
8.53,5.72,0.00, 0.50
8.53,5.74,0.00, 0.75
8.53,5.72,0.00, 0.00
8.53,5.72,0.00, 0.00
8.53,5.72,0.00, 0.00
8.53,5.72,0.00, 0.00
8.53,5.72,0.00, 0.00
8.53,5.72,0.00, 0.00
8.53,5.72,0.00, 0.00
8.53,5.72,0.00, 0.00
8.55,5.74,0.99, 0.75
8.55,5.74,0.99, 0.75
8.55,5.74,0.99, 0.75
8.55,5.74,0.99, 0.75
8.55,5.74,0.99, 0.75
8.55,5.74,0.01, 0.50
8.53,5.77,0.00, 1.25
8.53,5.77,0.00, 1.25
8.53,5.76,0.00, 0.00
8.53,5.76,0.00, 0.00
8.53,5.84,0.00, 3.74
8.51,5.86,0.00, 1.26
8.51,5.88,0.00, 0.50
8.51,5.86,0.00, 0.00
8.51,5.86,0.00, 0.00
8.51,5.86,0.00, 0.00
8.51,5.86,0.00, 0.00
8.51,5.86,0.00, 0.00
8.51,5.86,0.00, 0.00
8.51,5.86,0.00, 0.00
8.51,5.86,0.00, 0.00
8.53,5.88,0.99, 0.50
8.53,5.88,0.99, 0.50
8.53,5.88,0.99, 0.50
8.51,5.91,0.00, 1.75
8.51,6.16,0.00, 12.46
8.51,6.16,0.00, 12.46
8.51,6.16,0.00, 12.46
8.51,6.16,0.00, 12.46
8.51,6.16,0.00, 12.46
8.51,6.16,0.00, 12.46
8.51,6.16,0.00, 12.46
8.51,6.16,0.00, 12.46
8.51,6.16,0.00, 12.46
8.51,6.16,0.00, 12.46
8.51,6.16,0.00, 12.46
8.51,6.16,0.00, 12.46
8.51,6.16,0.00, 12.46
8.51,6.19,0.00, 1.54
8.49,6.19,0.00, 0.01
8.51,6.19,0.99, 0.00
8.51,6.34,0.01, 7.22
8.51,6.34,0.01, 7.22
8.51,6.34,0.01, 7.22
8.51,6.34,0.01, 7.22
8.51,6.34,0.01, 7.22
8.51,6.34,0.01, 7.22
8.49,6.32,0.00, 0.00
8.49,6.32,0.00, 0.00
8.49,6.30,0.00, 0.00
8.49,6.30,0.00, 0.00
8.51,6.31,0.99, 0.50
8.49,6.39,0.00, 4.24
8.49,6.36,0.00, 0.00
8.49,6.32,0.00, 0.00
8.49,6.32,0.00, 0.00
8.49,6.32,0.00, 0.00
8.49,6.32,0.00, 0.00
8.49,6.32,0.00, 0.00
8.49,6.32,0.00, 0.00
8.49,6.31,0.00, 0.00
8.49,6.31,0.00, 0.00
8.49,6.31,0.00, 0.00
8.49,6.31,0.00, 0.00
8.49,6.33,0.00, 1.25
8.49,6.03,0.00, 0.00
8.49,5.97,0.00, 0.00
8.49,5.95,0.00, 0.00
8.49,5.94,0.00, 0.00
8.49,5.95,0.00, 0.25
8.49,5.95,0.00, 0.00
8.49,5.91,0.00, 0.00
8.49,5.88,0.00, 0.00
8.49,5.83,0.00, 0.00
8.49,5.76,0.00, 0.00
8.49,5.69,0.00, 0.00
8.46,5.65,0.00, 0.00
8.46,5.61,0.00, 0.00
8.49,5.60,1.48, 0.00
8.49,5.60,1.48, 0.00
8.49,5.60,1.48, 0.00
8.49,5.60,1.48, 0.00
8.49,5.60,1.48, 0.00
8.49,5.57,0.02, 0.00
8.49,5.57,0.02, 0.00
8.49,5.57,0.02, 0.00
8.46,5.55,0.00, 0.00
8.46,5.55,0.00, 0.00
8.49,5.52,1.48, 0.00
8.49,5.38,0.02, 0.00
8.46,5.32,0.00, 0.00
8.49,5.34,1.48, 0.75
8.46,5.34,0.00, 0.00
8.46,5.35,0.00, 0.50
8.49,5.34,1.48, 0.00
8.49,5.35,0.02, 0.50
8.49,5.30,0.00, 0.00
8.49,5.30,0.00, 0.00
8.49,5.30,0.00, 0.00
8.49,5.30,0.00, 0.00
8.49,5.30,0.00, 0.00
8.49,5.26,0.00, 0.00
8.46,5.24,0.00, 0.00
8.46,5.21,0.00, 0.00
8.49,5.12,1.48, 0.00
8.49,5.12,1.48, 0.00
8.49,5.12,1.48, 0.00
8.49,5.12,1.48, 0.00
8.49,5.12,1.48, 0.00
8.49,5.12,1.48, 0.00
8.46,5.09,0.00, 0.00
8.49,5.07,1.48, 0.00
8.49,5.07,1.48, 0.00
8.46,5.01,0.00, 0.00
8.46,4.97,0.00, 0.00
8.46,4.99,0.00, 1.00
8.49,5.01,1.48, 0.75
8.46,5.01,0.00, 0.25
8.49,4.99,1.48, 0.00
8.46,4.96,0.00, 0.00
8.46,4.93,0.00, 0.00
8.49,4.90,1.48, 0.00
8.49,4.90,1.48, 0.00
8.49,4.90,1.48, 0.00
8.49,4.90,1.48, 0.00
8.49,4.90,1.48, 0.00
8.49,4.90,1.48, 0.00
8.49,4.90,1.48, 0.00
8.49,4.90,1.48, 0.00
8.46,4.89,0.00, 0.00
8.46,4.89,0.00, 0.00
8.46,4.89,0.00, 0.00
8.46,4.89,0.00, 0.00
8.46,4.89,0.00, 0.00
8.46,4.89,0.00, 0.00
8.46,4.89,0.00, 0.00
8.46,4.81,0.00, 0.00
8.46,4.81,0.00, 0.00
8.46,4.80,0.00, 0.00
8.46,4.80,0.00, 0.00
8.46,4.80,0.00, 0.00
8.46,4.80,0.00, 0.00
8.46,4.80,0.00, 0.00
8.46,4.80,0.00, 0.00
8.46,4.80,0.00, 0.00
8.46,4.80,0.00, 0.00
8.46,4.80,0.00, 0.00
8.46,4.80,0.00, 0.00
8.46,4.80,0.00, 0.00
8.46,4.80,0.00, 0.00
8.46,4.80,0.00, 0.00
8.46,4.80,0.00, 0.00
8.46,4.79,0.00, 0.00
8.49,4.77,1.48, 0.00
8.46,4.73,0.00, 0.00
8.46,4.69,0.00, 0.00
8.46,4.69,0.00, 0.00
8.46,4.69,0.00, 0.00
8.46,4.69,0.00, 0.00
8.46,4.69,0.00, 0.00
8.46,4.69,0.00, 0.00
8.46,4.69,0.00, 0.00
8.46,4.69,0.00, 0.00
8.46,4.69,0.00, 0.00
8.46,4.69,0.00, 0.00
8.46,4.69,0.00, 0.00
8.46,4.69,0.00, 0.00
8.46,4.69,0.00, 0.00
8.46,4.69,0.00, 0.00
8.46,4.69,0.00, 0.00
8.46,4.68,0.00, 0.00
8.46,4.66,0.00, 0.00
8.46,4.66,0.00, 0.00
8.46,4.66,0.00, 0.00
8.46,4.66,0.00, 0.00
8.46,4.66,0.00, 0.00
8.46,4.66,0.00, 0.00
8.46,4.66,0.00, 0.00
8.46,4.56,0.00, 0.00
8.46,4.56,0.00, 0.00
8.46,4.55,0.00, 0.00
8.46,4.55,0.00, 0.00
8.46,4.55,0.00, 0.00
8.46,4.55,0.00, 0.00
8.46,4.55,0.00, 0.00
8.46,4.55,0.00, 0.00
8.46,4.55,0.00, 0.00
8.46,4.55,0.00, 0.00
8.46,4.55,0.00, 0.00
8.46,4.55,0.00, 0.00
8.46,4.55,0.00, 0.00
8.46,4.55,0.00, 0.00
8.46,4.55,0.00, 0.00
8.46,4.55,0.00, 0.00
8.46,4.55,0.00, 0.00
8.46,4.55,0.00, 0.00
8.46,4.57,0.00, 1.00
8.46,4.57,0.00, 1.00
8.46,4.57,0.00, 1.00
8.46,4.57,0.00, 1.00
8.46,4.57,0.00, 1.00
8.46,4.57,0.00, 1.00
8.46,4.57,0.00, 1.00
8.46,4.57,0.00, 1.00
8.46,4.57,0.00, 1.00
8.46,4.57,0.00, 1.00
8.46,4.57,0.00, 1.00
8.46,4.57,0.00, 1.00
8.46,4.57,0.00, 1.00
8.46,4.57,0.00, 1.00
8.46,4.57,0.00, 1.00
8.46,4.57,0.00, 1.00
8.46,4.57,0.00, 1.00
8.46,4.57,0.00, 1.00
8.46,4.57,0.00, 1.00
8.46,4.57,0.00, 1.00
8.46,4.57,0.00, 1.00
8.46,4.50,0.00, 0.00
8.46,4.50,0.00, 0.00
8.46,4.50,0.00, 0.00
8.46,4.50,0.00, 0.00
8.46,4.50,0.00, 0.00
8.46,4.50,0.00, 0.00
8.46,4.50,0.00, 0.00
8.46,4.53,0.00, 1.49
8.46,4.53,0.00, 1.49
8.46,4.53,0.00, 1.49
8.46,4.55,0.00, 1.25
8.46,4.55,0.00, 1.25
8.46,4.55,0.00, 1.25
8.46,4.55,0.00, 1.25
4.25,4.20,0.00, 0.00
4.25,4.20,0.00, 0.00
4.25,4.20,0.00, 0.00
4.25,4.20,0.00, 0.00
4.25,4.20,0.00, 0.00
4.25,4.20,0.00, 0.00
4.25,4.20,0.00, 0.00
5.12,3.94,42.86, 0.00
5.12,3.94,42.86, 0.00
5.12,3.94,42.86, 0.00
5.12,3.94,42.86, 0.00
5.12,3.94,42.86, 0.00
4.54,3.86,0.00, 0.00
3.44,3.55,0.00, 0.00
3.44,3.55,0.00, 0.00
3.44,3.55,0.00, 0.00
3.44,3.55,0.00, 0.00
3.44,3.55,0.00, 0.00
3.44,3.55,0.00, 0.00
3.44,3.55,0.00, 0.00
3.44,3.55,0.00, 0.00
3.44,3.55,0.00, 0.00
3.44,3.55,0.00, 0.00
3.44,3.55,0.00, 0.00
3.44,3.55,0.00, 0.00
3.44,3.55,0.00, 0.00
3.33,3.45,0.00, 0.00
2.61,3.26,0.00, 0.00
2.61,3.26,0.00, 0.00
2.61,3.26,0.00, 0.00
2.61,3.26,0.00, 0.00
2.61,3.26,0.00, 0.00
2.61,3.26,0.00, 0.00
2.39,3.20,0.00, 0.00
1.49,2.53,0.00, 0.00
1.36,2.41,0.00, 0.00
1.36,2.41,0.00, 0.00
1.36,2.41,0.00, 0.00
1.36,2.41,0.00, 0.00
1.36,2.41,0.00, 0.00
0.53,1.79,0.00, 0.00
0.53,1.79,0.00, 0.00
0.35,1.67,0.00, 0.00
0.35,1.67,0.00, 0.00
0.23,1.54,0.00, 0.00
0.23,1.54,0.00, 0.00
0.23,1.54,0.00, 0.00
0.23,1.54,0.00, 0.00
0.23,1.54,0.00, 0.00
0.23,1.54,0.00, 0.00
0.23,1.54,0.00, 0.00
0.23,1.54,0.00, 0.00
0.23,1.54,0.00, 0.00
0.23,1.54,0.00, 0.00
0.23,1.54,0.00, 0.00
0.23,1.54,0.00, 0.00
0.23,1.54,0.00, 0.00
0.23,1.54,0.00, 0.00
0.14,1.10,0.00, 0.00
0.14,1.10,0.00, 0.00
0.14,1.10,0.00, 0.00
0.14,1.10,0.00, 0.00
0.14,1.10,0.00, 0.00
0.14,1.10,0.00, 0.00
0.14,1.10,0.00, 0.00
0.23,1.00,4.43, 0.00
0.55,0.81,15.83, 0.00
0.55,0.81,15.83, 0.00
0.55,0.81,15.83, 0.00
0.55,0.81,15.83, 0.00
0.26,0.26,0.00, 0.00
0.26,0.26,0.00, 0.00
0.00,0.09,0.00, 0.00
0.00,0.09,0.00, 0.00
0.00,0.09,0.00, 0.00
0.00,0.09,0.00, 0.00
0.00,0.09,0.00, 0.00
0.00,0.09,0.00, 0.00
0.00,0.09,0.00, 0.00
0.00,0.06,0.00, 0.00
0.00,0.05,0.00, 0.00
0.00,0.05,0.00, 0.00
1.47,0.05,72.42, 0.00
1.47,0.05,72.42, 0.00
1.47,0.05,72.42, 0.00
1.47,0.05,72.42, 0.00
1.47,0.05,72.42, 0.00
1.47,0.05,72.42, 0.00
1.47,0.05,72.42, 0.00
1.47,0.05,72.42, 0.00
1.47,0.05,72.42, 0.00
1.47,0.05,72.42, 0.00
1.47,0.05,72.42, 0.00
1.47,0.05,72.42, 0.00
1.47,0.05,72.42, 0.00
1.47,0.05,72.42, 0.00
1.47,0.05,72.42, 0.00
1.47,0.05,72.42, 0.00
1.47,0.05,72.42, 0.00
1.47,0.05,72.42, 0.00
1.47,0.05,72.42, 0.00
1.47,0.05,72.42, 0.00
1.47,0.05,72.42, 0.00
1.47,0.05,72.42, 0.00
1.47,0.05,72.42, 0.00
1.47,0.05,72.42, 0.00
1.47,0.05,72.42, 0.00
1.47,0.05,72.42, 0.00
1.47,0.05,72.42, 0.00
1.47,0.05,72.42, 0.00
1.47,0.05,72.42, 0.00
1.47,0.05,72.42, 0.00
1.47,0.05,72.42, 0.00
1.47,0.05,72.42, 0.00
1.47,0.05,72.42, 0.00
1.47,0.05,72.42, 0.00
1.87,0.05,20.77, 0.00
1.87,0.05,20.77, 0.00
1.87,0.05,20.77, 0.00
1.87,0.05,20.77, 0.00
1.87,0.05,20.77, 0.00
2.14,0.05,13.61, 0.00
2.14,0.05,13.61, 0.00
2.14,0.05,13.61, 0.00
2.14,0.05,13.61, 0.00
2.14,0.05,13.61, 0.00
2.14,0.05,13.61, 0.00
2.14,0.05,13.61, 0.00
2.16,0.05,1.19, 0.00
2.16,0.05,1.19, 0.00
2.16,0.05,1.19, 0.00
2.16,0.05,1.19, 0.00
2.16,0.05,1.19, 0.00
2.16,0.05,1.19, 0.00
2.16,0.05,1.19, 0.00
2.16,0.05,1.19, 0.00
2.16,0.05,1.19, 0.00
2.16,0.05,1.19, 0.00
2.16,0.05,1.19, 0.00
2.16,0.05,1.19, 0.00
2.16,0.05,1.19, 0.00
2.16,0.05,1.19, 0.00
1.13,0.05,0.00, 0.00
1.13,0.05,0.00, 0.00
1.29,0.05,7.88, 0.00
1.29,0.05,7.88, 0.00
1.29,0.05,7.88, 0.00
1.29,0.05,7.88, 0.00
1.29,0.05,7.88, 0.00
1.29,0.05,7.88, 0.00
1.29,0.05,7.88, 0.00
1.29,0.05,7.88, 0.00
1.29,0.05,7.88, 0.00
1.29,0.05,7.88, 0.00
1.29,0.05,7.88, 0.00
1.29,0.05,7.88, 0.00
1.29,0.05,0.12, 0.00
1.29,0.05,0.12, 0.00
1.29,0.05,0.12, 0.00
1.29,0.05,0.12, 0.00
1.29,0.05,0.12, 0.00
1.29,0.05,0.12, 0.00
1.29,0.05,0.12, 0.00
1.29,0.05,0.12, 0.00
1.29,0.05,0.12, 0.00
1.29,0.05,0.12, 0.00
1.29,0.05,0.12, 0.00
1.29,0.05,0.12, 0.00
1.29,0.05,0.12, 0.00
1.29,0.05,0.12, 0.00
1.29,0.05,0.12, 0.00
1.29,0.05,0.12, 0.00
1.06,0.05,0.00, 0.00
1.06,0.05,0.00, 0.00
1.06,0.05,0.00, 0.00
1.06,0.05,0.00, 0.00
1.06,0.05,0.00, 0.00
1.06,0.05,0.00, 0.00
1.06,0.05,0.00, 0.00
1.06,0.05,0.00, 0.00
1.06,0.05,0.00, 0.00
1.06,0.05,0.00, 0.00
1.06,0.05,0.00, 0.00
1.06,0.05,0.00, 0.00
1.06,0.05,0.00, 0.00
1.06,0.05,0.00, 0.00
1.06,0.05,0.00, 0.00
1.06,0.05,0.00, 0.00
1.06,0.05,0.00, 0.00
1.06,0.05,0.00, 0.00
1.06,0.05,0.00, 0.00
1.06,0.05,0.00, 0.00
1.06,0.05,0.00, 0.00
1.06,0.05,0.00, 0.00
1.06,0.05,0.00, 0.00
1.06,0.05,0.00, 0.00
1.06,0.05,0.00, 0.00
1.06,0.05,0.00, 0.00
1.06,0.05,0.00, 0.00
1.06,0.05,0.00, 0.00
1.06,0.05,0.00, 0.00
1.06,0.05,0.00, 0.00
1.06,0.05,0.00, 0.00
1.06,0.05,0.00, 0.00
1.06,0.05,0.00, 0.00
1.06,0.05,0.00, 0.00
1.06,0.05,0.00, 0.00
1.06,0.05,0.00, 0.00
1.06,0.05,0.00, 0.00
1.06,0.05,0.00, 0.00
1.06,0.05,0.00, 0.00
1.06,0.05,0.00, 0.00
1.06,0.05,0.00, 0.00
1.06,0.05,0.00, 0.00
1.20,0.05,6.90, 0.00
1.36,0.05,7.98, 0.00
1.36,0.05,7.98, 0.00
1.36,0.05,7.98, 0.00
1.31,0.11,0.00, 3.49
8.49,4.27,353.72, 206.75
8.49,4.27,353.72, 206.75
8.49,4.32,5.20, 3.75
8.49,4.32,5.20, 3.75
8.49,4.32,5.20, 3.75
8.49,4.32,5.20, 3.75
8.49,4.32,5.20, 3.75
8.49,4.32,5.20, 3.75
8.49,4.32,5.20, 3.75
8.51,4.44,1.06, 5.49
8.51,4.44,1.06, 5.49
8.53,4.43,1.00, 0.02
8.53,4.43,1.00, 0.02
8.53,4.43,1.00, 0.02
8.53,4.43,1.00, 0.02
8.53,4.43,1.00, 0.02
8.53,4.43,1.00, 0.02
8.53,4.43,1.00, 0.02
8.53,4.43,1.00, 0.02
8.53,4.43,1.00, 0.02
8.53,4.43,1.00, 0.02
8.53,4.43,1.00, 0.02
8.53,4.43,1.00, 0.02
8.53,4.43,1.00, 0.02
8.53,4.43,1.00, 0.02
8.51,4.43,0.00, 0.00
8.51,4.41,0.00, 0.00
8.51,4.41,0.00, 0.00
8.51,4.41,0.00, 0.00
8.51,4.41,0.00, 0.00
8.51,4.41,0.00, 0.00
8.51,4.41,0.00, 0.00
8.51,4.41,0.00, 0.00
8.51,4.41,0.00, 0.00
8.53,4.41,0.99, 0.25
8.53,4.41,0.99, 0.25
8.51,4.48,0.00, 3.24
8.51,4.52,0.00, 2.00
8.51,4.52,0.00, 2.00
8.51,4.76,0.00, 11.71
8.49,4.79,0.00, 1.79
8.51,4.83,0.99, 2.00
8.51,4.83,0.99, 2.00
8.49,4.85,0.00, 1.00
8.51,4.86,0.99, 0.50
8.51,4.86,0.01, 0.00
8.51,4.86,0.01, 0.00
8.51,4.86,0.01, 0.00
8.51,4.86,0.01, 0.00
8.51,4.86,0.01, 0.00
8.51,4.86,0.01, 0.00
8.51,4.86,0.01, 0.00
8.49,4.88,0.00, 1.00
8.49,4.86,0.00, 0.00
8.49,4.86,0.00, 0.00
8.49,4.86,0.00, 0.00
8.49,4.86,0.00, 0.00
8.49,4.86,0.00, 0.00
8.49,4.86,0.00, 0.00
8.49,4.86,0.00, 0.00
8.49,4.86,0.00, 0.00
8.49,4.86,0.00, 0.00
8.51,4.86,0.99, 0.00
8.51,4.95,0.01, 4.23
8.49,4.99,0.00, 2.26
8.49,5.18,0.00, 9.47
8.49,5.18,0.00, 9.47
8.49,5.18,0.00, 9.47
8.49,5.18,0.00, 9.47
8.49,5.18,0.00, 9.47
8.49,5.18,0.00, 9.47
8.49,5.18,0.00, 9.47
8.49,5.18,0.00, 9.47
8.49,5.18,0.00, 9.47
8.49,5.18,0.00, 9.47
8.49,5.18,0.00, 9.47
8.49,5.18,0.00, 9.47
8.49,5.18,0.00, 9.47
8.49,5.18,0.00, 9.47
8.49,5.18,0.00, 9.47
8.49,5.18,0.00, 9.47
8.49,5.18,0.00, 9.47
8.49,5.18,0.00, 9.47
8.49,5.18,0.00, 9.47
8.49,5.18,0.00, 9.47
8.49,5.18,0.00, 9.47
8.49,5.18,0.00, 9.47
8.49,5.18,0.00, 9.47
8.49,5.18,0.00, 9.47
8.49,5.18,0.00, 9.47
8.49,5.18,0.00, 9.47
8.49,5.18,0.00, 9.47
8.49,5.18,0.00, 9.47
8.49,5.18,0.00, 9.47
8.49,5.18,0.00, 9.47
8.49,5.18,0.00, 9.47
8.49,5.18,0.00, 9.47
8.49,5.18,0.00, 9.47
8.49,5.18,0.00, 9.47
8.49,5.18,0.00, 9.47
8.49,5.18,0.00, 9.47
8.49,5.18,0.00, 9.47
8.49,5.18,0.00, 9.47
8.49,5.18,0.00, 9.47
8.49,5.18,0.00, 9.47
8.49,5.18,0.00, 9.47
8.49,5.18,0.00, 9.47
8.49,5.18,0.00, 9.47
8.49,5.18,0.00, 9.47
8.49,5.18,0.00, 9.47
8.49,5.18,0.00, 9.47
8.49,5.18,0.00, 9.47
8.49,5.18,0.00, 9.47
8.49,5.18,0.00, 9.47
8.49,5.18,0.00, 9.47
8.49,5.18,0.00, 9.47
8.49,5.18,0.00, 9.47
8.49,5.18,0.00, 9.47
8.49,5.18,0.00, 9.47
8.49,5.18,0.00, 9.47
8.49,5.18,0.00, 9.47
8.49,5.18,0.00, 9.47
8.49,5.18,0.00, 9.47
8.49,5.18,0.00, 9.47
8.49,5.20,0.00, 1.03
8.49,5.20,0.00, 1.03
8.49,5.20,0.00, 1.03
8.49,5.20,0.00, 1.03
8.49,5.20,0.00, 1.03
8.49,5.20,0.00, 1.03
8.49,5.20,0.00, 1.03
8.49,5.24,0.00, 2.00
8.49,5.24,0.00, 2.00
8.49,5.24,0.00, 2.00
8.49,5.24,0.00, 2.00
8.49,5.24,0.00, 2.00
8.49,5.24,0.00, 2.00
8.49,5.24,0.00, 2.00
8.49,5.24,0.00, 2.00
8.49,5.24,0.00, 2.00
8.49,5.24,0.00, 2.00
8.49,5.24,0.00, 2.00
8.49,5.24,0.00, 2.00
8.49,5.24,0.00, 2.00
8.49,5.24,0.00, 2.00
8.49,5.24,0.00, 2.00
8.49,5.24,0.00, 2.00
8.49,5.24,0.00, 2.00
8.49,5.24,0.00, 2.00
8.49,5.24,0.00, 2.00
8.49,5.24,0.00, 2.00
8.49,5.24,0.00, 2.00
8.49,5.26,0.00, 0.75
8.49,5.26,0.00, 0.75
8.49,5.26,0.00, 0.75
8.49,5.26,0.00, 0.75
8.49,5.26,0.00, 0.75
8.49,5.26,0.00, 0.75
8.49,5.26,0.00, 0.75
8.49,5.26,0.00, 0.75
8.49,5.26,0.00, 0.75
8.49,5.26,0.00, 0.75
8.49,5.26,0.00, 0.75
8.49,5.26,0.00, 0.75
8.49,5.26,0.00, 0.75
8.49,5.26,0.00, 0.75
8.49,5.26,0.00, 0.75
8.49,5.26,0.00, 0.75
8.28,3.51,0.00, 0.00
8.28,3.51,0.00, 0.00
8.28,3.51,0.00, 0.00
8.28,3.51,0.00, 0.00
8.28,3.51,0.00, 0.00
8.28,3.51,0.00, 0.00
8.28,3.51,0.00, 0.00
8.28,3.51,0.00, 0.00
8.28,3.51,0.00, 0.00
8.28,3.51,0.00, 0.00
8.28,3.51,0.00, 0.00
8.28,3.51,0.00, 0.00
8.28,3.51,0.00, 0.00
8.28,3.51,0.00, 0.00
8.28,3.51,0.00, 0.00
8.28,3.51,0.00, 0.00
8.28,3.51,0.00, 0.00
8.28,3.51,0.00, 0.00
8.28,3.51,0.00, 0.00
8.28,3.51,0.00, 0.00
8.28,3.51,0.00, 0.00
7.77,2.93,0.00, 0.00
7.77,2.93,0.00, 0.00
2.07,0.73,0.00, 0.00
1.06,0.15,0.00, 0.00
1.06,0.15,0.00, 0.00
1.20,0.05,6.90, 0.00
1.00,0.05,0.00, 0.00
1.00,0.05,0.00, 0.00
1.00,0.05,0.00, 0.00
1.00,0.05,0.00, 0.00
1.00,0.05,0.00, 0.00
1.00,0.05,0.00, 0.00
1.00,0.05,0.00, 0.00
1.00,0.05,0.00, 0.00
1.00,0.05,0.00, 0.00
1.00,0.05,0.00, 0.00
1.00,0.05,0.00, 0.00
1.00,0.05,0.00, 0.00
1.00,0.05,0.00, 0.00
1.00,0.05,0.00, 0.00
1.00,0.05,0.00, 0.00
0.66,0.04,0.00, 0.00
0.68,0.05,0.99, 0.50
0.68,0.05,0.99, 0.50
0.68,0.05,0.99, 0.50
0.68,0.05,0.99, 0.50
0.68,0.05,0.99, 0.50
0.68,0.05,0.99, 0.50
0.68,0.05,0.99, 0.50
0.68,0.05,0.99, 0.50
0.68,0.05,0.99, 0.50
0.68,0.05,0.99, 0.50
0.68,0.05,0.99, 0.50
0.68,0.05,0.99, 0.50
0.68,0.05,0.99, 0.50
0.68,0.05,0.99, 0.50
0.68,0.05,0.99, 0.50
0.68,0.05,0.99, 0.50
0.68,0.05,0.99, 0.50
0.68,0.05,0.99, 0.50
0.68,0.05,0.99, 0.50
1.27,0.05,29.08, 0.00
1.27,0.05,29.08, 0.00
1.27,0.05,29.08, 0.00
1.36,0.05,4.86, 0.00
1.38,0.05,1.06, 0.00
1.27,0.05,0.00, 0.00
1.20,0.05,0.00, 0.00
1.18,0.05,0.00, 0.00
1.15,0.05,0.00, 0.00
1.15,0.05,0.00, 0.00
1.11,0.05,0.00, 0.00
1.09,0.05,0.00, 0.00
1.04,0.05,0.00, 0.00
1.04,0.05,0.00, 0.00
1.06,0.05,0.99, 0.00
1.06,0.05,0.01, 0.00
1.06,0.05,0.01, 0.00
1.06,0.05,0.01, 0.00
1.06,0.05,0.01, 0.00
1.06,0.05,0.01, 0.00
1.06,0.05,0.01, 0.00
1.06,0.05,0.01, 0.00
1.06,0.05,0.01, 0.00
1.09,0.05,1.48, 0.00
1.15,0.05,2.98, 0.00
1.15,0.05,2.98, 0.00
1.15,0.05,2.98, 0.00
1.15,0.05,2.98, 0.00
1.15,0.05,2.98, 0.00
1.15,0.05,2.98, 0.00
1.15,0.05,2.98, 0.00
1.15,0.05,2.98, 0.00
1.15,0.05,2.98, 0.00
1.22,0.05,3.49, 0.00
2.21,0.36,48.82, 15.69
2.48,0.56,14.02, 10.02
2.48,0.56,14.02, 10.02
3.40,1.28,45.53, 35.66
3.69,1.40,14.96, 6.61
4.32,1.70,31.26, 14.72
4.32,1.70,31.26, 14.72
4.32,1.70,31.26, 14.72
4.32,1.70,31.26, 14.72
4.32,1.70,31.26, 14.72
4.32,1.70,31.26, 14.72
4.32,1.70,31.26, 14.72
4.32,1.70,31.26, 14.72
4.32,1.70,31.26, 14.72
4.32,1.70,31.26, 14.72
4.32,1.70,31.26, 14.72
4.32,1.70,31.26, 14.72
4.54,1.85,11.30, 7.53
4.54,1.85,11.30, 7.53
4.54,1.85,11.30, 7.53
4.85,1.98,15.44, 6.50
5.17,2.13,15.99, 7.50
8.51,3.92,164.78, 89.20
8.51,4.00,2.42, 4.31
8.51,4.00,2.42, 4.31
8.51,4.00,2.42, 4.31
8.51,4.00,2.42, 4.31
8.51,4.00,2.42, 4.31
8.51,4.00,2.42, 4.31
8.51,4.00,2.42, 4.31
8.51,4.00,2.42, 4.31
8.51,4.00,2.42, 4.31
8.51,4.00,2.42, 4.31
8.51,4.00,2.42, 4.31
8.51,4.00,2.42, 4.31
8.51,4.00,2.42, 4.31
8.51,4.00,2.42, 4.31
8.51,4.00,2.42, 4.31
8.51,4.00,2.42, 4.31
8.51,4.00,2.42, 4.31
8.51,4.00,2.42, 4.31
8.51,4.00,2.42, 4.31
8.51,4.00,2.42, 4.31
8.51,4.00,2.42, 4.31
8.51,4.00,2.42, 4.31
8.51,4.00,2.42, 4.31
8.51,4.00,2.42, 4.31
8.51,4.00,2.42, 4.31
8.51,4.00,2.42, 4.31
8.51,4.00,2.42, 4.31
8.51,4.00,2.42, 4.31
8.51,4.00,2.42, 4.31
8.51,4.00,2.42, 4.31
8.51,4.00,2.42, 4.31
8.51,4.00,2.42, 4.31
8.51,4.00,2.42, 4.31
8.51,4.00,2.42, 4.31
8.51,4.00,2.42, 4.31
8.51,4.00,2.42, 4.31
8.51,4.00,2.42, 4.31
8.51,4.00,2.42, 4.31
8.51,4.06,0.04, 3.00
8.51,4.06,0.04, 3.00
8.51,4.06,0.04, 3.00
8.51,4.14,0.00, 3.75
8.53,4.18,0.99, 2.01
8.51,4.74,0.00, 28.15
8.49,4.80,0.00, 3.09
8.51,4.86,0.99, 3.00
8.51,4.92,0.01, 3.00
8.51,4.92,0.01, 3.00
8.49,4.95,0.00, 1.75
8.49,4.99,0.00, 2.00
8.49,5.03,0.00, 1.75
8.49,5.04,0.00, 0.50
8.49,5.04,0.00, 0.50
8.49,5.04,0.00, 0.50
8.49,5.04,0.00, 0.50
8.49,5.04,0.00, 0.50
8.49,5.04,0.00, 0.50
8.49,5.06,0.00, 0.75
8.49,5.06,0.00, 0.75
8.51,5.07,0.99, 0.50
8.49,5.09,0.00, 1.25
8.49,5.09,0.00, 1.25
8.49,5.26,0.00, 8.72
8.49,5.26,0.00, 0.03
8.49,5.26,0.00, 0.03
8.49,5.26,0.00, 0.03
8.49,5.26,0.00, 0.03
8.49,5.26,0.00, 0.03
8.49,5.26,0.00, 0.03
8.49,5.26,0.00, 0.03
8.49,5.26,0.00, 0.03
8.49,5.28,0.00, 0.75
8.49,5.31,0.00, 1.25
8.49,5.32,0.00, 1.00
8.49,5.32,0.00, 1.00
8.49,5.32,0.00, 1.00
8.49,5.32,0.00, 1.00
8.49,5.32,0.00, 1.00
8.49,5.32,0.00, 1.00
8.49,5.32,0.00, 1.00
8.49,5.38,0.00, 2.49
8.49,5.38,0.00, 0.01
8.49,5.38,0.00, 0.01
8.46,5.42,0.00, 2.24
8.46,5.42,0.00, 2.24
8.46,5.44,0.00, 1.25
8.49,5.43,1.48, 0.00
8.49,5.40,0.02, 0.00
8.49,5.38,0.00, 0.00
8.49,5.38,0.00, 0.00
8.46,5.26,0.00, 0.00
8.46,5.26,0.00, 0.00
8.46,5.19,0.00, 0.00
8.46,5.13,0.00, 0.00
8.49,5.07,1.48, 0.00
8.46,5.03,0.00, 0.00
8.46,4.97,0.00, 0.00
8.49,4.93,1.48, 0.00
8.46,4.89,0.00, 0.00
8.46,4.89,0.00, 0.00
8.46,4.89,0.00, 0.00
8.46,4.89,0.00, 0.00
8.46,4.89,0.00, 0.00
8.46,4.89,0.00, 0.00
8.46,4.89,0.00, 0.00
8.46,4.89,0.00, 0.00
8.46,4.86,0.00, 0.00
8.46,4.82,0.00, 0.00
8.46,4.82,0.00, 0.00
8.46,4.82,0.00, 0.00
8.46,4.82,0.00, 0.00
8.46,4.82,0.00, 0.00
8.46,4.82,0.00, 0.00
8.46,4.82,0.00, 0.00
8.46,4.82,0.00, 0.00
8.46,4.82,0.00, 0.00
8.46,4.82,0.00, 0.00
8.46,4.82,0.00, 0.00
8.46,4.82,0.00, 0.00
8.46,4.82,0.00, 0.00
8.46,4.78,0.00, 0.00
8.46,4.78,0.00, 0.00
8.46,3.91,0.00, 0.00
8.46,3.86,0.00, 0.00
6.02,2.49,0.00, 0.00
4.09,2.31,0.00, 0.00
4.09,2.31,0.00, 0.00
2.07,2.16,0.00, 0.00
0.86,1.98,0.00, 0.00
1.29,1.80,21.18, 0.00
2.43,1.63,56.47, 0.00
3.26,1.52,41.72, 0.00
3.26,1.52,41.72, 0.00
3.26,1.52,41.72, 0.00
3.26,1.52,41.72, 0.00
3.26,1.52,41.72, 0.00
3.06,1.41,0.00, 0.00
3.06,1.41,0.00, 0.00
2.34,1.28,0.00, 0.00
1.76,1.17,0.00, 0.00
1.62,0.67,0.00, 0.00
1.33,0.59,0.00, 0.00
1.33,0.59,0.00, 0.00
1.33,0.59,0.00, 0.00
1.33,0.59,0.00, 0.00
1.33,0.59,0.00, 0.00
1.33,0.59,0.00, 0.00
1.33,0.59,0.00, 0.00
1.33,0.59,0.00, 0.00
1.33,0.59,0.00, 0.00
1.33,0.59,0.00, 0.00
1.33,0.59,0.00, 0.00
1.54,0.50,10.35, 0.00
1.54,0.50,10.35, 0.00
1.54,0.50,10.35, 0.00
1.71,0.44,8.53, 0.00
1.71,0.44,8.53, 0.00
1.71,0.44,8.53, 0.00
1.71,0.44,8.53, 0.00
1.71,0.44,8.53, 0.00
1.71,0.44,8.53, 0.00
1.71,0.44,8.53, 0.00
1.71,0.44,8.53, 0.00
1.71,0.44,8.53, 0.00
1.71,0.44,8.53, 0.00
1.71,0.44,8.53, 0.00
1.71,0.44,8.53, 0.00
1.71,0.44,8.53, 0.00
1.71,0.44,8.53, 0.00
1.71,0.44,8.53, 0.00
1.71,0.44,8.53, 0.00
1.71,0.44,8.53, 0.00
1.71,0.44,8.53, 0.00
1.71,0.44,8.53, 0.00
1.71,0.44,8.53, 0.00
1.71,0.44,8.53, 0.00
1.65,0.38,0.00, 0.00
1.65,0.38,0.00, 0.00
0.59,0.05,0.00, 0.00
0.68,0.05,4.43, 0.00
1.00,0.05,15.83, 0.00
1.04,0.05,2.20, 0.50
1.04,0.05,2.20, 0.50
1.04,0.05,2.20, 0.50
1.04,0.05,2.20, 0.50
1.04,0.05,2.20, 0.50
1.04,0.05,2.20, 0.50
1.04,0.05,2.20, 0.50
1.04,0.05,2.20, 0.50
1.04,0.05,2.20, 0.50
1.04,0.05,2.20, 0.50
1.04,0.05,2.20, 0.50
1.06,0.05,1.02, 0.00
1.04,0.05,0.00, 0.00
0.95,0.05,0.00, 0.00
0.95,0.05,0.00, 0.00
0.95,0.05,0.00, 0.00
0.95,0.05,0.00, 0.00
0.95,0.05,0.00, 0.00
0.95,0.05,0.00, 0.00
0.95,0.05,0.00, 0.00
1.15,0.05,9.85, 0.00
1.00,0.04,0.00, 0.00
1.00,0.04,0.00, 0.00
1.00,0.04,0.00, 0.00
1.00,0.04,0.00, 0.00
1.00,0.04,0.00, 0.00
1.00,0.04,0.00, 0.00
0.86,0.05,0.00, 0.50
0.86,0.05,0.00, 0.50
0.86,0.05,0.00, 0.50
0.86,0.05,0.00, 0.50
0.86,0.05,0.00, 0.50
0.86,0.05,0.00, 0.50
0.86,0.05,0.00, 0.50
0.86,0.05,0.00, 0.50
0.86,0.05,0.00, 0.50
1.15,0.04,14.29, 0.00
1.15,0.04,14.29, 0.00
1.15,0.04,14.29, 0.00
1.27,0.05,6.12, 0.50
1.22,0.05,0.00, 0.00
1.22,0.05,0.00, 0.00
1.22,0.05,0.00, 0.00
1.22,0.05,0.00, 0.00
1.22,0.05,0.00, 0.00
1.22,0.05,0.00, 0.00
1.22,0.05,0.00, 0.00
1.22,0.05,0.00, 0.00
1.22,0.05,0.00, 0.00
1.22,0.05,0.00, 0.00
1.22,0.05,0.00, 0.00
1.22,0.05,0.00, 0.00
1.22,0.05,0.00, 0.00
1.22,0.05,0.00, 0.00
1.22,0.05,0.00, 0.00
1.22,0.05,0.00, 0.00
1.22,0.05,0.00, 0.00
1.22,0.05,0.00, 0.00
1.22,0.05,0.00, 0.00
1.22,0.05,0.00, 0.00
1.09,0.06,0.00, 1.00
1.11,0.06,0.99, 0.00
1.11,0.06,0.99, 0.00
1.11,0.06,0.99, 0.00
1.11,0.06,0.99, 0.00
1.11,0.06,0.99, 0.00
1.11,0.06,0.99, 0.00
1.11,0.06,0.99, 0.00
1.11,0.06,0.99, 0.00
1.11,0.06,0.99, 0.00
1.11,0.06,0.99, 0.00
1.11,0.06,0.99, 0.00
1.11,0.06,0.99, 0.00
1.11,0.06,0.99, 0.00
1.11,0.06,0.99, 0.00
1.11,0.06,0.99, 0.00
1.11,0.06,0.99, 0.00
1.11,0.06,0.99, 0.00
1.11,0.06,0.99, 0.00
1.11,0.06,0.99, 0.00
1.11,0.06,0.99, 0.00
1.11,0.06,0.99, 0.00
1.11,0.06,0.99, 0.00
1.11,0.06,0.99, 0.00
1.11,0.06,0.99, 0.00
1.18,0.07,3.46, 0.50
1.18,0.07,3.46, 0.50
1.18,0.07,3.46, 0.50
1.18,0.07,3.46, 0.50
1.18,0.07,3.46, 0.50
1.18,0.07,3.46, 0.50
1.18,0.07,3.46, 0.50
1.18,0.07,3.46, 0.50
1.18,0.07,3.46, 0.50
1.18,0.07,3.46, 0.50
1.18,0.07,3.46, 0.50
1.18,0.07,3.46, 0.50
1.18,0.07,3.46, 0.50
1.18,0.07,3.46, 0.50
1.18,0.07,3.46, 0.50
1.18,0.07,3.46, 0.50
1.18,0.07,3.46, 0.50
1.18,0.07,3.46, 0.50
1.18,0.07,3.46, 0.50
1.18,0.07,3.46, 0.50
1.18,0.07,3.46, 0.50
1.18,0.07,3.46, 0.50
1.18,0.07,3.46, 0.50
1.18,0.07,3.46, 0.50
1.18,0.07,3.46, 0.50
1.18,0.07,3.46, 0.50
1.18,0.07,3.46, 0.50
1.18,0.07,3.46, 0.50
5.46,2.74,210.90, 133.26
5.46,2.74,210.90, 133.26
5.46,2.74,210.90, 133.26
5.46,2.74,210.90, 133.26
5.46,2.74,210.90, 133.26
5.46,2.74,210.90, 133.26
5.46,2.74,210.90, 133.26
5.46,2.74,210.90, 133.26
5.46,2.74,210.90, 133.26
5.46,2.74,210.90, 133.26
5.46,2.74,210.90, 133.26
5.46,2.74,210.90, 133.26
5.46,2.74,210.90, 133.26
5.46,2.74,210.90, 133.26
5.46,2.74,210.90, 133.26
5.46,2.74,210.90, 133.26
5.46,2.74,210.90, 133.26
5.46,2.74,210.90, 133.26
5.46,2.74,210.90, 133.26
5.46,2.74,210.90, 133.26
5.71,2.93,15.42, 9.70
5.71,2.93,15.42, 9.70
8.53,4.83,139.15, 94.69
8.51,6.00,1.06, 58.63
8.49,6.38,0.00, 19.15
8.49,6.39,0.00, 0.57
8.49,6.39,0.00, 0.57
8.49,6.39,0.00, 0.57
8.49,6.39,0.00, 0.57
8.49,6.39,0.00, 0.57
8.49,6.39,0.00, 0.57
8.49,6.39,0.00, 0.57
8.49,6.39,0.00, 0.57
8.49,6.39,0.00, 0.57
8.49,6.39,0.00, 0.57
8.49,6.39,0.00, 0.57
8.49,6.39,0.00, 0.57
8.49,6.39,0.00, 0.57
8.49,6.39,0.00, 0.57
8.49,6.39,0.00, 0.57
8.49,6.39,0.00, 0.57
8.49,6.39,0.00, 0.57
8.49,6.39,0.00, 0.57
8.49,6.39,0.00, 0.57
8.49,6.39,0.00, 0.57
8.49,6.39,0.00, 0.57
8.51,6.37,0.99, 0.00
8.51,6.37,0.99, 0.00
8.51,6.37,0.99, 0.00
8.51,6.37,0.99, 0.00
8.51,6.37,0.99, 0.00
8.51,6.37,0.99, 0.00
8.51,6.37,0.99, 0.00
8.51,6.37,0.99, 0.00
8.51,6.37,0.99, 0.00
8.51,6.37,0.99, 0.00
8.51,6.37,0.99, 0.00
8.51,6.37,0.99, 0.00
8.51,6.37,0.99, 0.00
8.51,6.37,0.99, 0.00
8.51,6.37,0.99, 0.00
8.51,6.37,0.99, 0.00
8.51,6.37,0.99, 0.00
8.51,6.37,0.99, 0.00
8.51,6.37,0.99, 0.00
8.51,6.37,0.99, 0.00
8.51,6.37,0.99, 0.00
8.51,6.37,0.99, 0.00
8.51,6.37,0.99, 0.00
8.51,6.37,0.99, 0.00
8.51,6.37,0.99, 0.00
8.51,6.37,0.99, 0.00
8.49,6.38,0.00, 0.50
8.49,6.38,0.00, 0.50
8.49,6.39,0.00, 0.50
8.49,6.39,0.00, 0.50
8.49,6.39,0.00, 0.50
8.49,6.39,0.00, 0.50
8.49,6.39,0.00, 0.50
8.49,6.39,0.00, 0.50
8.49,6.39,0.00, 0.50
8.49,6.39,0.00, 0.50
8.49,6.39,0.00, 0.50
8.49,6.39,0.00, 0.50
8.49,6.39,0.00, 0.50
8.49,6.39,0.00, 0.50
8.49,6.39,0.00, 0.50
8.49,6.39,0.00, 0.50
8.49,5.89,0.00, 0.00
8.49,5.89,0.00, 0.00
8.49,5.89,0.00, 0.00
8.49,5.89,0.00, 0.00
8.49,5.89,0.00, 0.00
8.49,5.89,0.00, 0.00
8.49,5.89,0.00, 0.00
8.49,5.89,0.00, 0.00
8.49,5.89,0.00, 0.00
8.49,5.89,0.00, 0.00
8.49,5.89,0.00, 0.00
8.49,5.89,0.00, 0.00
8.49,5.89,0.00, 0.00
8.49,5.89,0.00, 0.00
8.46,4.82,0.00, 0.00
8.46,4.82,0.00, 0.00
8.46,4.82,0.00, 0.00
8.46,4.82,0.00, 0.00
8.46,4.82,0.00, 0.00
8.46,4.82,0.00, 0.00
8.46,4.82,0.00, 0.00
8.46,4.82,0.00, 0.00
8.46,4.82,0.00, 0.00
8.46,4.82,0.00, 0.00
8.46,4.82,0.00, 0.00
8.46,4.82,0.00, 0.00
8.46,4.82,0.00, 0.00
8.46,4.82,0.00, 0.00
8.46,4.82,0.00, 0.00
8.46,4.82,0.00, 0.00
8.46,4.82,0.00, 0.00
8.46,4.82,0.00, 0.00
8.46,4.82,0.00, 0.00
8.46,4.82,0.00, 0.00
8.46,4.82,0.00, 0.00
8.46,4.80,0.00, 0.00
8.46,3.52,0.00, 0.00
4.11,1.97,0.00, 0.00
4.11,1.97,0.00, 0.00
4.11,1.97,0.00, 0.00
4.11,1.97,0.00, 0.00
4.11,1.97,0.00, 0.00
4.11,1.97,0.00, 0.00
4.11,1.97,0.00, 0.00
4.11,1.97,0.00, 0.00
4.11,1.97,0.00, 0.00
4.11,1.97,0.00, 0.00
4.11,1.97,0.00, 0.00
4.11,1.97,0.00, 0.00
4.11,1.97,0.00, 0.00
4.11,1.97,0.00, 0.00
1.60,0.26,0.00, 0.00
1.60,0.26,0.00, 0.00
1.60,0.26,0.00, 0.00
1.60,0.26,0.00, 0.00
1.60,0.26,0.00, 0.00
1.60,0.26,0.00, 0.00
1.60,0.26,0.00, 0.00
1.40,0.22,0.00, 0.00
1.40,0.22,0.00, 0.00
1.40,0.22,0.00, 0.00
1.40,0.22,0.00, 0.00
1.40,0.22,0.00, 0.00
1.33,0.18,0.00, 0.00
1.33,0.18,0.00, 0.00
1.33,0.18,0.00, 0.00
1.33,0.18,0.00, 0.00
1.33,0.18,0.00, 0.00
1.33,0.18,0.00, 0.00
1.33,0.18,0.00, 0.00
1.74,0.05,20.20, 0.00
1.74,0.05,20.20, 0.00
1.74,0.05,20.20, 0.00
1.74,0.05,20.20, 0.00
1.74,0.05,20.20, 0.00
1.56,0.04,0.00, 0.00
0.75,0.05,0.00, 0.50
0.75,0.05,0.00, 0.50
0.75,0.05,0.00, 0.50
0.75,0.05,0.00, 0.50
0.75,0.05,0.00, 0.50
0.75,0.05,0.00, 0.50
1.38,0.05,31.04, 0.00
1.38,0.05,31.04, 0.00
1.38,0.05,31.04, 0.00
1.38,0.05,31.04, 0.00
1.47,0.05,4.89, 0.00
1.47,0.05,4.89, 0.00
1.47,0.05,4.89, 0.00
1.56,0.05,4.51, 0.50
1.47,0.04,0.00, 0.00
1.47,0.04,0.00, 0.00
1.47,0.04,0.00, 0.00
1.06,0.05,0.00, 0.50
1.09,0.04,1.48, 0.00
1.06,0.05,0.00, 0.50
1.33,0.05,13.30, 0.00
1.33,0.05,13.30, 0.00
1.56,0.04,11.53, 0.00
1.62,0.05,3.13, 0.50
1.62,0.05,3.13, 0.50
1.62,0.05,3.13, 0.50
1.62,0.05,3.13, 0.50
1.62,0.05,3.13, 0.50
1.62,0.05,3.13, 0.50
1.62,0.05,3.13, 0.50
1.62,0.05,3.13, 0.50
1.62,0.05,3.13, 0.50
1.62,0.05,3.13, 0.50
1.62,0.05,3.13, 0.50
1.62,0.05,3.13, 0.50
1.62,0.05,3.13, 0.50
1.62,0.05,3.13, 0.50
1.62,0.05,3.13, 0.50
1.62,0.05,0.05, 0.00
1.62,0.05,0.05, 0.00
1.62,0.05,0.00, 0.00
1.62,0.05,0.00, 0.00
1.62,0.05,0.00, 0.00
1.67,0.05,2.46, 0.00
2.41,0.71,36.49, 32.88
3.13,1.05,36.01, 17.56
3.53,1.26,20.24, 10.53
3.89,1.49,18.03, 11.25
3.89,1.49,18.03, 11.25
3.89,1.49,18.03, 11.25
3.89,1.49,18.03, 11.25
3.89,1.49,18.03, 11.25
3.89,1.49,18.03, 11.25
3.89,1.49,18.03, 11.25
3.89,1.49,18.03, 11.25
3.89,1.49,18.03, 11.25
3.89,1.49,18.03, 11.25
3.89,1.49,18.03, 11.25
3.89,1.49,18.03, 11.25
4.27,1.75,18.99, 12.74
4.67,1.96,19.99, 10.76
4.67,1.96,19.99, 10.76
4.67,1.96,19.99, 10.76
4.67,1.96,19.99, 10.76
4.67,1.96,19.99, 10.76
4.67,1.96,19.99, 10.76
4.67,1.96,19.99, 10.76
4.67,1.96,19.99, 10.76
4.67,1.96,19.99, 10.76
4.67,1.96,19.99, 10.76
4.67,1.96,19.99, 10.76
4.67,1.96,19.99, 10.76
4.67,1.96,19.99, 10.76
5.03,2.18,18.03, 11.25
5.03,2.18,18.03, 11.25
5.03,2.18,18.03, 11.25
5.03,2.18,18.03, 11.25
5.03,2.18,18.03, 11.25
5.03,2.18,18.03, 11.25
5.03,2.18,18.03, 11.25
5.03,2.18,18.03, 11.25
5.03,2.18,18.03, 11.25
5.03,2.18,18.03, 11.25
5.03,2.18,18.03, 11.25
5.03,2.18,18.03, 11.25
5.03,2.18,18.03, 11.25
5.03,2.18,18.03, 11.25
5.03,2.18,18.03, 11.25
5.03,2.18,18.03, 11.25
5.03,2.18,18.03, 11.25
5.03,2.18,18.03, 11.25
5.03,2.18,18.03, 11.25
5.03,2.18,18.03, 11.25
5.03,2.18,18.03, 11.25
5.03,2.18,18.03, 11.25
5.03,2.18,18.03, 11.25
5.03,2.18,18.03, 11.25
5.03,2.18,18.03, 11.25
8.58,4.32,175.15, 106.15
8.58,4.32,175.15, 106.15
8.58,4.32,175.15, 106.15
8.53,4.45,0.11, 7.11
8.53,4.45,0.11, 7.11
8.53,4.45,0.11, 7.11
8.53,4.45,0.11, 7.11
8.53,4.45,0.11, 7.11
8.53,4.45,0.11, 7.11
8.53,4.45,0.11, 7.11
8.53,5.10,0.00, 32.41
8.51,5.76,0.00, 33.00
8.51,5.77,0.00, 0.62
8.49,5.84,0.00, 3.49
8.49,5.82,0.00, 0.00
8.49,5.80,0.00, 0.00
8.49,5.77,0.00, 0.00
8.49,5.76,0.00, 0.00
8.49,5.77,0.00, 0.50
8.49,5.77,0.00, 0.50
8.49,5.77,0.00, 0.50
8.49,5.77,0.00, 0.50
8.49,5.77,0.00, 0.50
8.49,5.77,0.00, 0.50
8.49,5.77,0.00, 0.50
8.49,5.77,0.00, 0.50
8.49,5.77,0.00, 0.50
8.49,5.77,0.00, 0.50
8.49,5.77,0.00, 0.50
8.49,5.77,0.00, 0.50
8.49,5.77,0.00, 0.50
8.49,5.77,0.00, 0.50
8.49,5.77,0.00, 0.50
8.49,5.77,0.00, 0.50
8.49,5.77,0.00, 0.50
8.49,5.77,0.00, 0.50
8.49,5.77,0.00, 0.50
8.49,5.77,0.00, 0.50
8.49,5.77,0.00, 0.50
8.49,5.77,0.00, 0.50
8.49,5.77,0.00, 0.50
8.49,5.77,0.00, 0.50
8.49,5.77,0.00, 0.50
8.49,5.77,0.00, 0.50
8.49,5.77,0.00, 0.50
8.49,5.79,0.00, 1.00
8.49,5.79,0.00, 1.00
8.49,5.79,0.00, 1.00
8.49,5.79,0.00, 1.00
8.49,5.79,0.00, 1.00
8.49,5.79,0.00, 1.00
8.49,5.79,0.00, 1.00
8.49,5.79,0.00, 1.00
8.49,5.79,0.00, 1.00
8.49,5.79,0.00, 1.00
8.49,5.79,0.00, 1.00
8.49,5.79,0.00, 1.00
8.49,5.79,0.00, 1.00
8.49,5.79,0.00, 1.00
8.49,5.79,0.00, 1.00
8.49,5.79,0.00, 1.00
8.49,5.79,0.00, 1.00
8.49,5.79,0.00, 1.00
8.49,5.79,0.00, 1.00
8.49,5.79,0.00, 1.00
8.49,5.79,0.00, 1.00
8.49,5.79,0.00, 1.00
8.49,5.79,0.00, 1.00
8.49,5.79,0.00, 1.00
8.49,5.79,0.00, 1.00
8.49,5.79,0.00, 1.00
8.49,5.79,0.00, 1.00
8.49,5.79,0.00, 1.00
8.49,5.79,0.00, 1.00
8.49,5.79,0.00, 1.00
8.49,5.79,0.00, 1.00
8.49,5.79,0.00, 1.00
8.49,5.81,0.00, 0.75
8.49,5.81,0.00, 0.75
8.49,5.81,0.00, 0.75
8.49,5.81,0.00, 0.75
8.49,5.81,0.00, 0.75
8.49,5.81,0.00, 0.75
8.49,5.81,0.00, 0.75
8.49,5.81,0.00, 0.75
8.49,5.81,0.00, 0.75
8.49,5.81,0.00, 0.75
8.49,5.81,0.00, 0.75
8.49,5.81,0.00, 0.75
8.49,5.81,0.00, 0.75
8.49,5.81,0.00, 0.75
8.49,5.81,0.00, 0.75
8.49,5.81,0.00, 0.75
8.49,5.81,0.00, 0.75
8.49,5.81,0.00, 0.75
8.49,5.81,0.00, 0.75
8.49,5.82,0.00, 0.50
8.49,5.82,0.00, 0.50
8.49,5.82,0.00, 0.50
8.49,5.82,0.00, 0.50
8.49,5.82,0.00, 0.50
8.49,5.82,0.00, 0.50
8.49,5.82,0.00, 0.50
8.49,5.82,0.00, 0.50
8.49,5.82,0.00, 0.50
8.49,5.82,0.00, 0.50
8.49,5.82,0.00, 0.50
8.49,5.82,0.00, 0.50
8.49,5.31,0.00, 0.00
8.46,3.49,0.00, 0.00
8.46,3.49,0.00, 0.00
8.46,3.49,0.00, 0.00
4.83,3.10,0.00, 0.00
4.83,3.10,0.00, 0.00
4.83,3.10,0.00, 0.00
3.55,2.04,0.00, 0.00
3.55,2.04,0.00, 0.00
3.55,2.04,0.00, 0.00
3.55,2.04,0.00, 0.00
3.55,2.04,0.00, 0.00
3.55,2.04,0.00, 0.00
3.55,2.04,0.00, 0.00
3.55,2.04,0.00, 0.00
3.55,2.04,0.00, 0.00
3.55,2.04,0.00, 0.00
3.55,2.04,0.00, 0.00
3.46,1.83,0.00, 0.00
2.77,1.08,0.00, 0.00
2.10,0.94,0.00, 0.00
2.10,0.94,0.00, 0.00
2.10,0.94,0.00, 0.00
2.10,0.94,0.00, 0.00
2.10,0.94,0.00, 0.00
2.10,0.94,0.00, 0.00
2.10,0.94,0.00, 0.00
2.10,0.94,0.00, 0.00
2.10,0.94,0.00, 0.00
2.10,0.94,0.00, 0.00
1.87,0.25,0.00, 0.00
1.74,0.23,0.00, 0.00
1.74,0.23,0.00, 0.00
1.51,0.19,0.00, 0.00
0.39,0.05,0.00, 0.00
0.53,0.05,6.90, 0.50
0.53,0.05,6.90, 0.50
0.84,0.06,15.37, 0.25
0.84,0.06,15.37, 0.25
0.84,0.06,15.37, 0.25
0.84,0.06,15.37, 0.25
0.84,0.06,15.37, 0.25
0.84,0.06,15.37, 0.25
0.84,0.06,15.37, 0.25
0.84,0.06,15.37, 0.25
0.84,0.06,15.37, 0.25
0.84,0.06,15.37, 0.25
0.84,0.06,15.37, 0.25
0.84,0.06,15.37, 0.25
1.29,0.05,22.40, 0.00
1.89,0.05,29.89, 0.00
2.43,0.05,27.04, 0.00
1.71,0.05,0.00, 0.00
1.71,0.05,0.00, 0.00
1.71,0.05,0.00, 0.00
1.71,0.05,0.00, 0.00
1.71,0.05,0.00, 0.00
1.71,0.05,0.00, 0.00
1.71,0.05,0.00, 0.00
1.71,0.05,0.00, 0.00
1.71,0.05,0.00, 0.00
1.92,0.05,10.35, 0.00
2.05,0.05,6.56, 0.00
2.10,0.05,2.56, 0.50
2.10,0.05,2.56, 0.50
1.87,0.05,0.00, 0.00
2.12,0.05,12.32, 0.00
2.12,0.05,12.32, 0.00
2.12,0.05,12.32, 0.00
2.12,0.05,12.32, 0.00
2.34,0.05,11.02, 0.00
2.34,0.05,11.02, 0.00
2.41,0.05,3.61, 0.00
2.41,0.05,3.61, 0.00
2.41,0.05,3.61, 0.00
2.36,0.05,0.00, 0.00
1.80,0.05,0.00, 0.00
1.54,0.05,0.00, 0.00
1.69,0.05,7.39, 0.00
1.85,0.05,7.99, 0.00
2.01,0.05,8.00, 0.00
2.01,0.05,8.00, 0.00
2.01,0.05,8.00, 0.00
2.01,0.05,8.00, 0.00
2.01,0.05,8.00, 0.00
2.01,0.05,8.00, 0.00
2.10,0.05,4.55, 0.00
2.10,0.05,0.07, 0.00
2.07,0.05,0.00, 0.00
1.87,0.05,0.00, 0.00
1.96,0.05,4.43, 0.00
2.01,0.05,2.53, 0.00
2.03,0.05,1.02, 0.00
2.01,0.05,0.00, 0.00
1.98,0.05,0.00, 0.00
1.89,0.05,0.00, 0.50
1.78,0.05,0.00, 0.00
1.78,0.05,0.00, 0.00
1.69,0.05,0.00, 0.00
1.67,0.05,0.00, 0.00
1.67,0.05,0.00, 0.00
1.67,0.05,0.00, 0.00
1.67,0.05,0.00, 0.00
1.71,0.05,1.97, 0.00
1.69,0.25,0.00, 9.96
1.69,0.19,0.00, 0.00
3.33,0.78,80.79, 29.39
3.33,0.78,80.79, 29.39
3.33,0.78,80.79, 29.39
3.33,0.78,80.79, 29.39
3.78,0.97,23.36, 9.57
3.78,0.97,23.36, 9.57
3.96,1.13,9.21, 8.01
3.93,1.34,0.00, 10.24
4.81,2.02,43.35, 34.16
5.06,2.26,12.95, 12.33
5.24,2.52,9.06, 12.75
5.24,2.52,9.06, 12.75
5.24,2.52,9.06, 12.75
5.55,2.79,15.41, 13.50
5.95,3.05,19.93, 12.75
5.95,3.05,19.93, 12.75
5.95,3.05,19.93, 12.75
5.95,3.05,19.93, 12.75
5.95,3.05,19.93, 12.75
5.95,3.05,19.93, 12.75
5.95,3.05,19.93, 12.75
5.95,3.05,19.93, 12.75
6.38,3.28,21.48, 11.50
6.38,3.28,21.48, 11.50
6.38,3.28,21.48, 11.50
6.38,3.28,21.48, 11.50
6.38,3.28,21.48, 11.50
6.38,3.28,21.48, 11.50
6.38,3.28,21.48, 11.50
6.83,3.51,22.48, 11.75
7.21,3.73,19.05, 11.00
7.21,3.73,19.05, 11.00
7.21,3.73,19.05, 11.00
7.21,3.73,19.05, 11.00
7.21,3.73,19.05, 11.00
7.21,3.73,19.05, 11.00
7.21,3.73,19.05, 11.00
7.21,3.73,19.05, 11.00
8.49,4.81,63.34, 53.59
8.49,4.81,63.34, 53.59
8.49,4.81,63.34, 53.59
8.51,5.14,1.92, 16.88
8.51,5.14,0.03, 0.06
8.51,5.02,0.00, 0.00
8.51,4.91,0.00, 0.00
8.51,4.91,0.00, 0.00
8.51,4.91,0.00, 0.00
8.51,4.91,0.00, 0.00
8.51,4.91,0.00, 0.00
8.51,4.91,0.00, 0.00
8.51,4.91,0.00, 0.00
8.51,4.91,0.00, 0.00
8.51,4.91,0.00, 0.00
8.51,4.91,0.00, 0.00
8.51,4.91,0.00, 0.00
8.51,4.91,0.00, 0.00
8.51,4.91,0.00, 0.00
8.51,4.86,0.00, 0.00
8.51,4.83,0.00, 0.00
8.51,4.83,0.00, 0.00
8.51,5.01,0.00, 8.97
8.49,5.08,0.00, 3.52
8.49,5.14,0.00, 2.75
8.49,5.14,0.00, 2.75
8.49,5.14,0.00, 2.75
8.49,5.14,0.00, 2.75
8.49,5.14,0.00, 2.75
8.49,5.14,0.00, 2.75
8.49,5.14,0.00, 2.75
8.49,5.14,0.00, 2.75
8.49,5.14,0.00, 2.75
8.49,5.14,0.00, 2.75
8.49,5.14,0.00, 2.75
8.49,5.14,0.00, 2.75
8.49,5.14,0.00, 2.75
8.49,5.18,0.00, 2.50
8.49,5.18,0.00, 2.50
8.49,5.18,0.00, 2.50
8.49,5.20,0.00, 1.01
8.49,5.20,0.00, 1.01
8.49,5.20,0.00, 1.01
8.49,5.20,0.00, 1.01
8.49,5.20,0.00, 1.01
8.49,5.20,0.00, 1.01
8.49,5.20,0.00, 1.01
8.49,5.23,0.00, 1.25
8.49,5.23,0.00, 1.25
8.49,5.23,0.00, 1.25
8.49,5.23,0.00, 1.25
8.49,5.23,0.00, 1.25
8.49,5.23,0.00, 1.25
8.49,5.23,0.00, 1.25
8.49,5.47,0.00, 11.96
8.49,5.47,0.00, 11.96
8.49,5.47,0.00, 11.96
8.49,5.47,0.00, 11.96
8.49,5.47,0.00, 11.96
8.49,5.47,0.00, 11.96
8.49,5.47,0.00, 11.96
8.49,5.47,0.00, 11.96
8.49,5.47,0.00, 11.96
8.49,5.47,0.00, 11.96
8.49,5.47,0.00, 11.96
8.49,5.47,0.00, 11.96
8.49,5.47,0.00, 11.96
8.49,5.47,0.00, 11.96
8.49,5.47,0.00, 11.96
8.49,5.47,0.00, 11.96
8.49,5.47,0.00, 0.04
8.46,5.48,0.00, 0.25
8.46,5.48,0.00, 0.25
8.46,5.40,0.00, 0.00
8.46,5.15,0.00, 0.00
8.46,4.99,0.00, 0.00
8.46,4.99,0.00, 0.00
8.46,4.99,0.00, 0.00
8.46,4.99,0.00, 0.00
8.46,4.99,0.00, 0.00
8.46,4.92,0.00, 0.00
8.46,4.90,0.00, 0.00
8.46,4.86,0.00, 0.00
8.46,4.86,0.00, 0.00
8.46,4.86,0.00, 0.00
8.46,4.86,0.00, 0.00
8.46,4.86,0.00, 0.00
8.46,4.86,0.00, 0.00
8.46,4.86,0.00, 0.00
8.46,4.86,0.00, 0.00
8.46,4.86,0.00, 0.00
8.46,4.86,0.00, 0.00
8.46,4.86,0.00, 0.00
8.46,4.86,0.00, 0.00
8.46,4.86,0.00, 0.00
8.46,4.86,0.00, 0.00
8.46,4.73,0.00, 0.00
8.46,4.73,0.00, 0.00
8.46,4.73,0.00, 0.00
8.46,4.73,0.00, 0.00
8.46,4.73,0.00, 0.00
8.46,4.73,0.00, 0.00
8.46,4.73,0.00, 0.00
8.46,4.73,0.00, 0.00
8.46,4.73,0.00, 0.00
8.46,4.73,0.00, 0.00
8.46,4.73,0.00, 0.00
8.46,4.73,0.00, 0.00
8.46,4.73,0.00, 0.00
8.46,4.73,0.00, 0.00
8.46,4.73,0.00, 0.00
8.46,4.73,0.00, 0.00
8.46,4.73,0.00, 0.00
8.46,4.73,0.00, 0.00
8.46,4.73,0.00, 0.00
8.46,4.73,0.00, 0.00
8.46,4.73,0.00, 0.00
8.46,4.56,0.00, 0.00
8.46,4.56,0.00, 0.00
8.46,4.56,0.00, 0.00
8.46,4.56,0.00, 0.00
8.46,4.56,0.00, 0.00
8.46,4.56,0.00, 0.00
8.46,4.56,0.00, 0.00
8.46,4.42,0.00, 0.00
8.46,4.42,0.00, 0.00
8.46,4.42,0.00, 0.00
8.46,4.42,0.00, 0.00
8.46,4.42,0.00, 0.00
1.96,2.64,0.00, 0.00
1.96,2.64,0.00, 0.00
1.56,0.49,0.00, 0.00
1.11,0.07,0.00, 0.00
1.87,0.05,37.44, 0.00
2.21,0.05,17.30, 0.50
2.21,0.05,17.30, 0.50
2.21,0.05,17.30, 0.50
2.21,0.05,17.30, 0.50
2.66,0.05,22.42, 0.00
2.90,0.04,12.15, 0.00
2.81,0.04,0.00, 0.00
2.25,0.05,0.00, 0.50
1.94,0.05,0.00, 0.00
1.67,0.05,0.00, 0.00
1.67,0.05,0.00, 0.00
1.56,0.05,0.00, 0.00
1.56,0.05,0.00, 0.00
1.65,0.05,4.43, 0.00
1.65,0.05,4.43, 0.00
1.65,0.05,4.43, 0.00
1.65,0.05,4.43, 0.00
1.65,0.05,4.43, 0.00
1.65,0.05,4.43, 0.00
1.65,0.05,4.43, 0.00
1.74,0.05,4.50, 0.00
1.74,0.05,4.50, 0.00
1.74,0.05,4.50, 0.00
1.74,0.05,4.50, 0.00
1.74,0.05,4.50, 0.00
1.74,0.05,4.50, 0.00
1.74,0.05,4.50, 0.00
1.74,0.05,4.50, 0.00
1.74,0.05,4.50, 0.00
1.74,0.05,4.50, 0.00
1.74,0.05,4.50, 0.00
1.74,0.05,4.50, 0.00
1.76,0.05,1.05, 0.00
1.85,0.05,4.45, 0.00
2.03,0.05,8.93, 0.00
2.03,0.05,8.93, 0.00
2.03,0.05,8.93, 0.00
2.03,0.05,8.93, 0.00
2.03,0.05,8.93, 0.00
2.03,0.05,8.93, 0.00
2.03,0.05,8.93, 0.00
1.71,0.05,0.00, 0.00
1.67,0.05,0.00, 0.50
1.69,0.05,0.99, 0.00
1.69,0.05,0.99, 0.00
1.69,0.05,0.99, 0.00
1.69,0.05,0.99, 0.00
1.69,0.05,0.99, 0.00
1.69,0.05,0.99, 0.00
1.69,0.05,0.99, 0.00
2.21,0.05,25.63, 0.00
2.21,0.05,25.63, 0.00
2.21,0.05,25.63, 0.00
2.21,0.05,0.38, 0.00
2.23,0.05,0.99, 0.00
2.23,0.05,0.99, 0.00
2.23,0.05,0.99, 0.00
2.01,0.05,0.00, 0.00
1.98,0.05,0.00, 0.00
1.98,0.05,0.00, 0.00
1.85,0.05,0.00, 0.00
1.89,0.05,1.97, 0.00
1.94,0.05,2.49, 0.00
1.94,0.05,2.49, 0.00
1.94,0.05,2.49, 0.00
1.94,0.05,2.49, 0.00
1.94,0.05,2.49, 0.00
1.94,0.05,2.49, 0.00
1.94,0.05,2.49, 0.00
2.01,0.05,3.49, 0.00
2.01,0.05,3.49, 0.00
2.10,0.05,4.49, 0.00
2.16,0.05,3.02, 0.00
2.16,0.05,3.02, 0.00
2.25,0.19,4.48, 7.47
2.57,0.41,15.83, 10.49
2.72,0.55,7.62, 7.51
3.02,0.69,14.89, 6.75
3.37,0.86,17.46, 8.24
3.62,1.00,12.57, 7.25
3.84,1.15,11.02, 7.75
4.05,1.29,10.51, 6.50
4.27,1.45,10.99, 8.24
4.47,1.63,10.01, 9.00
4.70,1.81,11.48, 9.00
4.99,2.01,14.46, 10.00
5.35,2.24,17.95, 11.74
5.35,2.24,17.95, 11.74
5.35,2.24,17.95, 11.74
5.35,2.24,17.95, 11.74
5.35,2.24,17.95, 11.74
5.35,2.24,17.95, 11.74
5.71,2.45,18.00, 10.26
5.71,2.45,18.00, 10.26
5.71,2.45,18.00, 10.26
6.04,2.64,16.52, 9.75
6.38,2.86,16.99, 10.50
7.63,3.53,61.83, 33.66
7.90,3.68,14.21, 7.35
8.22,3.82,15.97, 7.25
8.49,3.97,13.54, 7.75
8.51,4.12,1.18, 7.50
8.51,4.28,0.02, 7.75
8.51,4.39,0.00, 5.76
8.51,4.50,0.00, 5.25
8.49,4.61,0.00, 5.50
8.49,4.68,0.00, 3.51
8.51,4.72,0.99, 2.01
8.51,4.78,0.01, 3.00
8.51,4.82,0.00, 1.75
8.51,4.86,0.00, 2.25
8.51,4.89,0.00, 1.50
8.51,4.89,0.00, 1.50
8.51,4.89,0.00, 1.50
8.51,4.89,0.00, 1.50
8.51,4.89,0.00, 1.50
8.51,4.89,0.00, 1.50
8.51,4.89,0.00, 1.50
8.51,4.90,0.00, 0.50
8.51,4.86,0.00, 0.00
8.51,4.85,0.00, 0.00
8.51,4.85,0.00, 0.00
8.49,4.74,0.00, 0.00
8.49,4.74,0.00, 0.00
8.49,4.74,0.00, 0.00
8.49,4.78,0.00, 1.74
8.49,4.78,0.00, 1.74
8.49,4.78,0.00, 1.74
8.49,4.78,0.00, 1.74
8.49,4.78,0.00, 1.74
8.49,4.78,0.00, 1.74
8.49,4.78,0.00, 1.74
8.49,4.78,0.00, 1.74
8.49,4.78,0.00, 1.74
8.49,4.78,0.00, 1.74
8.49,4.78,0.00, 1.74
8.49,4.78,0.00, 1.74
8.49,4.78,0.00, 1.74
8.49,4.78,0.00, 1.74
8.49,4.78,0.00, 0.01
8.49,4.78,0.00, 0.01
8.49,4.78,0.00, 0.01
8.49,4.78,0.00, 0.01
8.49,4.78,0.00, 0.01
8.49,4.78,0.00, 0.01
8.49,4.78,0.00, 0.01
8.49,4.78,0.00, 0.01
8.49,4.78,0.00, 0.01
8.49,4.78,0.00, 0.01
8.49,4.78,0.00, 0.01
8.49,4.78,0.00, 0.01
8.49,4.78,0.00, 0.01
8.49,4.78,0.00, 0.01
8.49,4.78,0.00, 0.01
8.49,4.78,0.00, 0.01
8.49,4.78,0.00, 0.01
8.49,4.78,0.00, 0.01
8.49,4.78,0.00, 0.01
8.49,4.78,0.00, 0.01
8.49,4.78,0.00, 0.01
8.49,4.78,0.00, 0.01
8.49,4.78,0.00, 0.01
8.49,4.78,0.00, 0.01
8.49,4.78,0.00, 0.01
8.49,4.78,0.00, 0.01
8.49,4.78,0.00, 0.01
8.49,4.78,0.00, 0.01
8.49,4.82,0.00, 2.24
8.49,4.82,0.00, 2.24
8.49,4.82,0.00, 2.24
8.49,4.82,0.00, 2.24
8.49,4.82,0.00, 2.24
8.49,4.82,0.00, 2.24
8.49,4.82,0.00, 2.24
8.49,4.89,0.00, 3.50
8.49,4.89,0.00, 3.50
8.49,5.43,0.00, 26.42
8.46,5.68,0.00, 12.80
8.46,5.83,0.00, 7.52
8.49,5.85,1.48, 0.77
8.49,5.85,1.48, 0.77
8.49,5.85,1.48, 0.77
8.49,5.85,1.48, 0.77
8.49,5.85,1.48, 0.77
8.49,5.85,1.48, 0.77
8.49,5.85,1.48, 0.77
8.49,5.85,1.48, 0.77
8.49,5.85,1.48, 0.77
8.49,5.85,1.48, 0.77
8.49,5.85,1.48, 0.77
8.49,5.85,1.48, 0.77
8.49,5.85,1.48, 0.77
8.49,5.85,1.48, 0.77
8.49,5.85,1.48, 0.77
8.49,5.85,1.48, 0.77
8.49,5.85,1.48, 0.77
8.49,5.85,1.48, 0.77
8.49,5.85,1.48, 0.77
8.49,5.85,1.48, 0.77
8.46,5.78,0.00, 0.00
8.46,5.74,0.00, 0.00
8.46,5.69,0.00, 0.00
0.00,3.98,0.00, 0.00
0.00,3.60,0.00, 0.00
2.25,3.30,110.85, 0.00
4.54,3.05,114.45, 0.00
5.53,2.85,50.46, 0.00
4.88,2.63,0.00, 0.00
3.15,2.40,0.00, 0.00
1.02,2.13,0.00, 0.00
0.59,1.82,0.00, 0.00
2.07,1.58,72.91, 0.00
2.07,1.58,72.91, 0.00
2.07,1.58,72.91, 0.00
2.07,1.58,72.91, 0.00
3.26,1.37,59.70, 0.00
3.26,1.37,59.70, 0.00
3.26,1.37,59.70, 0.00
3.26,1.37,59.70, 0.00
3.26,1.37,59.70, 0.00
3.26,1.37,59.70, 0.00
3.26,1.37,59.70, 0.00
3.22,1.16,0.00, 0.00
2.19,0.99,0.00, 0.00
2.19,0.99,0.00, 0.00
2.41,0.41,10.84, 0.00
0.73,0.05,0.00, 0.00
0.66,0.05,0.00, 0.00
1.31,0.05,32.02, 0.00
1.92,0.05,30.52, 0.50
2.19,0.05,13.75, 0.00
2.05,0.05,0.00, 0.00
2.07,0.05,0.99, 0.00
2.28,0.05,10.36, 0.00
2.23,0.05,0.00, 0.00
2.23,0.05,0.00, 0.00
2.23,0.05,0.00, 0.00
2.23,0.05,0.00, 0.00
2.23,0.05,0.00, 0.00
1.85,0.05,0.00, 0.00
1.47,0.05,0.00, 0.00
1.49,0.05,0.99, 0.50
1.74,0.05,12.33, 0.00
1.92,0.05,9.05, 0.50
2.12,0.05,9.99, 0.00
2.19,0.05,3.60, 0.00
2.01,0.05,0.00, 0.00
1.78,0.05,0.00, 0.00
1.78,0.05,0.00, 0.00
1.78,0.05,0.00, 0.00
1.78,0.05,0.00, 0.00
1.78,0.05,0.00, 0.00
1.78,0.05,0.00, 0.00
1.78,0.05,0.00, 0.00
1.78,0.05,0.00, 0.00
1.65,0.05,0.00, 0.00
1.56,0.05,0.00, 0.00
1.45,0.05,0.00, 0.00
1.98,0.05,26.11, 0.00
2.10,0.05,6.30, 0.00
2.14,0.05,2.06, 0.00
2.14,0.05,2.06, 0.00
2.14,0.05,2.06, 0.00
2.14,0.05,2.06, 0.00
2.12,0.05,0.00, 0.00
2.01,0.05,0.00, 0.00
1.85,0.05,0.00, 0.00
1.62,0.05,0.00, 0.00
1.65,0.05,1.48, 0.00
1.65,0.05,1.48, 0.00
1.65,0.05,1.48, 0.00
1.65,0.05,1.48, 0.00
1.65,0.05,1.48, 0.00
1.65,0.05,1.48, 0.00
1.76,0.05,5.44, 0.00
1.76,0.05,5.44, 0.00
1.83,0.05,3.53, 0.00
1.87,0.05,2.02, 0.50
1.74,0.05,0.00, 0.00
1.69,0.05,0.00, 0.00
1.69,0.05,0.00, 0.00
1.69,0.05,0.00, 0.00
1.69,0.05,0.00, 0.00
1.69,0.05,0.00, 0.00
1.74,0.05,2.46, 0.00
1.83,0.05,4.47, 0.00
1.96,0.05,6.47, 0.00
1.92,0.05,0.00, 0.00
1.92,0.05,0.00, 0.00
1.92,0.05,0.00, 0.00
1.83,0.05,0.00, 0.00
1.83,0.05,0.00, 0.00
1.71,0.05,0.00, 0.00
1.65,0.05,0.00, 0.00
1.60,0.05,0.00, 0.00
1.65,0.09,2.46, 2.24
1.65,0.09,2.46, 2.24
1.69,0.36,2.01, 13.46
1.85,0.36,7.91, 0.05
2.28,0.51,21.30, 7.72
2.28,0.51,21.30, 7.72
2.41,0.67,6.72, 7.50
2.41,0.67,6.72, 7.50
2.41,0.67,6.72, 7.50
2.68,1.00,13.40, 16.47
2.68,1.00,13.40, 16.47
2.68,1.00,13.40, 16.47
2.68,1.00,13.40, 16.47
2.68,1.00,13.40, 16.47
2.68,1.00,13.40, 16.47
2.97,1.18,14.48, 9.28
2.97,1.18,14.48, 9.28
2.97,1.18,14.48, 9.28
3.33,1.60,17.95, 20.71
3.33,1.60,17.95, 20.71
3.33,1.60,17.95, 20.71
3.33,1.60,17.95, 20.71
3.33,1.6