9.81,0.00,0.00, 0.00
0.00,0.05,0.00, 2.24
0.00,0.06,0.00, 1.00
0.00,0.08,0.00, 0.75
0.00,0.19,0.00, 5.23
0.00,0.20,0.00, 1.02
0.00,0.47,0.00, 13.21
0.00,0.52,0.00, 2.54
0.00,0.61,0.00, 4.24
0.00,0.69,0.00, 4.00
0.00,0.69,0.00, 4.00
0.00,0.69,0.00, 4.00
0.00,0.69,0.00, 4.00
0.00,0.69,0.00, 4.00
0.00,0.69,0.00, 4.00
0.00,0.69,0.00, 4.00
0.00,0.69,0.00, 4.00
0.00,0.69,0.00, 4.00
0.00,0.69,0.00, 4.00
0.00,0.69,0.00, 4.00
0.00,0.69,0.00, 4.00
0.00,0.69,0.00, 4.00
0.00,0.69,0.00, 4.00
0.00,0.79,0.00, 5.00
0.00,0.79,0.00, 5.00
0.00,0.79,0.00, 5.00
0.00,0.79,0.00, 5.00
0.00,0.79,0.00, 5.00
0.00,0.79,0.00, 5.00
0.00,0.79,0.00, 5.00
0.00,0.79,0.00, 5.00
0.00,0.79,0.00, 5.00
0.00,0.79,0.00, 5.00
0.00,0.89,0.00, 5.25
0.00,0.89,0.00, 5.25
0.00,1.17,0.00, 13.97
0.00,1.17,0.00, 13.97
0.00,1.17,0.00, 13.97
0.00,1.17,0.00, 13.97
0.00,1.17,0.00, 13.97
0.00,1.17,0.00, 13.97
0.00,1.17,0.00, 13.97
0.00,1.17,0.00, 13.97
0.00,1.17,0.00, 13.97
0.00,1.17,0.00, 13.97
0.00,0.35,0.00, 0.00
0.00,0.35,0.00, 0.00
0.00,0.06,0.00, 0.00
0.00,0.06,0.00, 0.00
0.00,0.06,0.00, 0.00
0.00,0.06,0.00, 0.00
0.00,0.06,0.00, 0.00
0.00,0.06,0.00, 0.00
0.00,0.06,0.00, 0.00
0.00,0.06,0.00, 0.00
0.00,0.06,0.00, 0.00
0.00,0.06,0.00, 0.00
0.00,0.06,0.00, 0.00
0.00,0.06,0.00, 0.00
0.00,0.06,0.00, 0.00
0.00,0.06,0.00, 0.00
0.00,0.06,0.00, 0.00
0.00,0.06,0.00, 0.00
0.00,0.05,0.00, 0.00
0.00,0.05,0.00, 0.00
0.00,0.05,0.00, 0.00
0.00,0.05,0.00, 0.00
0.00,0.05,0.00, 0.00
0.00,0.05,0.00, 0.00
0.00,0.05,0.00, 0.00
0.00,0.05,0.00, 0.00
0.00,0.05,0.00, 0.00
0.00,0.05,0.00, 0.00
0.00,0.05,0.00, 0.00
0.00,0.06,0.00, 0.75
0.00,0.06,0.00, 0.75
0.00,0.05,0.00, 0.00
0.00,0.05,0.00, 0.00
0.00,0.05,0.00, 0.00
0.00,0.05,0.00, 0.00
0.00,0.05,0.00, 0.00
0.00,0.05,0.00, 0.00
0.00,0.05,0.00, 0.00
0.00,0.05,0.00, 0.00
0.00,0.05,0.00, 0.00
0.00,0.05,0.00, 0.00
0.00,0.05,0.00, 0.00
0.00,0.05,0.00, 0.00
0.00,0.05,0.00, 0.00
0.00,0.05,0.00, 0.00
0.00,0.05,0.00, 0.00
0.00,0.05,0.00, 0.00
0.00,0.05,0.00, 0.00
0.00,0.05,0.00, 0.00
0.00,0.05,0.00, 0.00
0.00,0.05,0.00, 0.00
0.00,0.05,0.00, 0.00
0.00,0.05,0.00, 0.00
0.00,0.05,0.00, 0.00
0.00,0.05,0.00, 0.00
0.00,0.05,0.00, 0.00
0.00,0.05,0.00, 0.00
0.00,0.05,0.00, 0.00
0.00,0.05,0.00, 0.00
0.00,0.05,0.00, 0.00
0.00,0.05,0.00, 0.00
0.00,0.05,0.00, 0.00
0.00,0.05,0.00, 0.00
0.00,0.05,0.00, 0.00
0.00,0.05,0.00, 0.00
0.00,0.05,0.00, 0.00
0.00,0.05,0.00, 0.00
0.00,0.05,0.00, 0.00
0.00,0.05,0.00, 0.00
0.00,0.05,0.00, 0.00
0.00,0.05,0.00, 0.00
0.00,0.05,0.00, 0.00
0.00,0.05,0.00, 0.00
0.00,0.05,0.00, 0.00
0.00,0.05,0.00, 0.00
0.00,0.05,0.00, 0.00
0.00,0.05,0.00, 0.00
0.00,0.05,0.00, 0.00
0.00,0.05,0.00, 0.00
0.00,0.05,0.00, 0.00
0.00,0.05,0.00, 0.00
0.00,0.05,0.00, 0.00
0.00,0.05,0.00, 0.00
0.00,0.05,0.00, 0.00
0.00,0.05,0.00, 0.00
0.00,0.05,0.00, 0.00
0.00,0.05,0.00, 0.00
0.00,0.05,0.00, 0.00
0.00,0.05,0.00, 0.00
0.00,0.05,0.00, 0.00
0.00,0.05,0.00, 0.00
0.00,0.05,0.00, 0.00
0.00,0.05,0.00, 0.00
0.00,0.05,0.00, 0.00
0.00,0.05,0.00, 0.00
0.00,0.05,0.00, 0.00
0.00,0.05,0.00, 0.00
0.00,0.05,0.00, 0.00
0.00,0.05,0.00, 0.00
0.00,0.05,0.00, 0.00
0.00,0.05,0.00, 0.00
0.00,0.05,0.00, 0.00
0.00,0.05,0.00, 0.00
0.00,0.05,0.00, 0.00
0.00,0.05,0.00, 0.00
0.00,0.05,0.00, 0.00
0.00,0.05,0.00, 0.00
0.00,0.05,0.00, 0.00
0.00,0.05,0.00, 0.00
0.00,0.05,0.00, 0.00
0.00,0.05,0.00, 0.00
0.00,0.05,0.00, 0.00
0.00,0.05,0.00, 0.00
0.00,0.05,0.00, 0.00
0.00,0.05,0.00, 0.00
0.00,0.05,0.00, 0.00
0.00,0.05,0.00, 0.00
0.00,0.05,0.00, 0.00
0.00,0.05,0.00, 0.00
0.00,0.05,0.00, 0.00
0.00,0.05,0.00, 0.00
0.00,0.05,0.00, 0.00
0.00,0.05,0.00, 0.00
0.00,0.05,0.00, 0.00
0.00,0.05,0.00, 0.00
0.00,0.05,0.00, 0.00
0.00,0.05,0.00, 0.00
0.00,0.05,0.00, 0.00
0.00,0.05,0.00, 0.00
0.00,0.05,0.00, 0.00
0.00,0.05,0.00, 0.00
0.00,0.05,0.00, 0.00
0.00,0.05,0.00, 0.00
0.00,0.05,0.00, 0.00
0.00,0.05,0.00, 0.00
0.00,0.05,0.00, 0.00
0.00,0.05,0.00, 0.00
0.00,0.05,0.00, 0.00
0.00,0.05,0.00, 0.00
0.00,0.05,0.00, 0.00
0.00,0.05,0.00, 0.00
0.00,0.05,0.00, 0.00
0.00,0.05,0.00, 0.00
0.00,0.05,0.00, 0.00
0.00,0.05,0.00, 0.00
0.00,0.05,0.00, 0.00
0.00,0.05,0.00, 0.00
0.00,0.05,0.00, 0.00
0.00,0.05,0.00, 0.00
0.00,0.05,0.00, 0.00
0.00,0.05,0.00, 0.00
0.00,0.05,0.00, 0.00
0.00,0.05,0.00, 0.00
0.00,0.05,0.00, 0.00
0.00,0.05,0.00, 0.00
0.00,0.05,0.00, 0.00
0.00,0.05,0.00, 0.00
0.00,0.05,0.00, 0.00
0.00,0.05,0.00, 0.00
0.00,0.05,0.00, 0.00
0.00,0.05,0.00, 0.00
0.00,0.05,0.00, 0.00
0.00,0.05,0.00, 0.00
0.00,0.05,0.00, 0.00
0.00,0.05,0.00, 0.00
0.00,0.05,0.00, 0.00
0.00,0.05,0.00, 0.00
0.00,0.05,0.00, 0.00
0.00,0.05,0.00, 0.00
0.00,0.05,0.00, 0.00
0.00,0.05,0.00, 0.00
0.00,0.05,0.00, 0.00
0.00,0.05,0.00, 0.00
0.00,0.05,0.00, 0.00
0.00,0.05,0.00, 0.00
0.00,0.05,0.00, 0.00
0.00,0.05,0.00, 0.00
0.00,0.05,0.00, 0.00
0.00,0.05,0.00, 0.00
0.00,0.05,0.00, 0.00
0.00,0.05,0.00, 0.00
0.00,0.05,0.00, 0.00
0.00,0.05,0.00, 0.50
0.00,0.05,0.00, 0.50
0.00,0.05,0.00, 0.50
0.00,0.05,0.00, 0.50
0.00,0.05,0.00, 0.50
0.00,0.05,0.00, 0.50
0.00,0.05,0.00, 0.50
0.00,0.05,0.00, 0.50
0.00,0.05,0.00, 0.50
0.00,0.05,0.00, 0.50
0.00,0.05,0.00, 0.50
0.00,0.05,0.00, 0.50
0.00,0.05,0.00, 0.50
0.00,0.05,0.00, 0.50
0.00,0.05,0.00, 0.50
0.00,0.05,0.00, 0.50
0.00,0.05,0.00, 0.50
0.00,0.05,0.00, 0.50
0.00,0.05,0.00, 0.50
0.00,0.05,0.00, 0.50
0.00,0.05,0.00, 0.50
0.00,0.06,0.00, 0.25
0.00,0.06,0.00, 0.25
0.00,0.06,0.00, 0.25
0.00,0.06,0.00, 0.25
0.00,0.06,0.00, 0.25
0.00,0.06,0.00, 0.25
0.00,0.06,0.00, 0.25
0.00,0.06,0.00, 0.25
0.00,0.06,0.00, 0.25
0.00,0.06,0.00, 0.25
0.00,0.06,0.00, 0.25
0.00,0.06,0.00, 0.25
0.00,0.06,0.00, 0.25
0.00,0.06,0.00, 0.25
0.00,0.06,0.00, 0.25
0.00,0.06,0.00, 0.25
0.00,0.06,0.00, 0.25
0.00,0.06,0.00, 0.25
0.00,0.06,0.00, 0.25
0.00,0.06,0.00, 0.25
0.00,0.06,0.00, 0.25
0.00,0.06,0.00, 0.25
0.00,0.06,0.00, 0.25
0.00,0.06,0.00, 0.25
0.00,0.06,0.00, 0.25
0.00,0.06,0.00, 0.25
0.00,0.06,0.00, 0.25
0.00,0.06,0.00, 0.25
0.00,0.06,0.00, 0.25
0.00,0.06,0.00, 0.25
0.00,0.06,0.00, 0.25
0.00,0.06,0.00, 0.25
0.00,0.06,0.00, 0.25
0.00,0.06,0.00, 0.25
0.00,0.06,0.00, 0.25
0.00,0.06,0.00, 0.25
0.00,0.06,0.00, 0.25
0.00,0.06,0.00, 0.25
0.00,0.06,0.00, 0.25
0.00,0.06,0.00, 0.25
0.00,0.06,0.00, 0.25
0.00,0.06,0.00, 0.25
0.00,0.06,0.00, 0.25
0.00,0.06,0.00, 0.25
0.00,0.06,0.00, 0.25
0.00,0.06,0.00, 0.25
0.00,0.06,0.00, 0.25
0.00,0.06,0.00, 0.25
0.00,0.06,0.00, 0.25
0.00,0.06,0.00, 0.25
0.00,0.06,0.00, 0.25
0.00,0.06,0.00, 0.25
0.00,0.06,0.00, 0.25
0.00,0.06,0.00, 0.25
0.00,0.06,0.00, 0.25
0.00,0.06,0.00, 0.25
0.00,0.06,0.00, 0.25
0.00,0.06,0.00, 0.25
0.00,0.06,0.00, 0.25
0.00,0.06,0.00, 0.25
0.00,0.06,0.00, 0.25
0.00,0.06,0.00, 0.25
0.00,0.06,0.00, 0.25
0.00,0.06,0.00, 0.25
0.00,0.06,0.00, 0.25
0.00,0.06,0.00, 0.25
0.00,0.06,0.00, 0.25
0.00,0.06,0.00, 0.25
0.00,0.06,0.00, 0.25
0.00,0.06,0.00, 0.25
0.00,0.06,0.00, 0.25
0.00,0.06,0.00, 0.25
0.00,0.06,0.00, 0.25
0.00,0.06,0.00, 0.25
0.00,0.06,0.00, 0.25
0.00,0.06,0.00, 0.25
0.00,0.06,0.00, 0.25
0.00,0.06,0.00, 0.25
0.00,0.06,0.00, 0.25
0.00,0.06,0.00, 0.25
0.00,0.06,0.00, 0.25
0.00,0.06,0.00, 0.25
0.00,0.06,0.00, 0.25
0.00,0.06,0.00, 0.25
0.00,0.06,0.00, 0.25
0.00,0.06,0.00, 0.25
0.00,0.06,0.00, 0.25
0.00,0.05,0.00, 0.00
0.00,0.05,0.00, 0.00
0.00,0.05,0.00, 0.00
0.00,0.05,0.00, 0.00
0.00,0.05,0.00, 0.00
0.00,0.05,0.00, 0.00
0.00,0.05,0.00, 0.00
0.00,0.05,0.00, 0.00
0.00,0.05,0.00, 0.00
0.00,0.05,0.00, 0.00
0.00,0.05,0.00, 0.00
0.00,0.05,0.00, 0.00
0.00,0.05,0.00, 0.00
0.00,0.05,0.00, 0.00
0.00,0.05,0.00, 0.00
0.00,0.05,0.00, 0.00
0.00,0.05,0.00, 0.00
0.00,0.05,0.00, 0.00
0.00,0.05,0.00, 0.00
0.00,0.05,0.00, 0.00
0.00,0.05,0.00, 0.00
0.00,0.05,0.00, 0.00
0.00,0.05,0.00, 0.00
0.00,0.05,0.00, 0.00
0.00,0.05,0.00, 0.00
0.00,0.05,0.00, 0.00
0.00,0.05,0.00, 0.00
0.00,0.05,0.00, 0.00
0.00,0.05,0.00, 0.00
0.00,0.05,0.00, 0.00
0.00,0.05,0.00, 0.00
0.00,0.05,0.00, 0.00
0.00,0.05,0.00, 0.00
0.00,0.05,0.00, 0.00
0.00,0.05,0.00, 0.00
0.00,0.05,0.00, 0.00
0.00,0.05,0.00, 0.00
0.00,0.05,0.00, 0.00
0.00,0.05,0.00, 0.00
0.00,0.05,0.00, 0.00
0.00,0.05,0.00, 0.00
0.00,0.05,0.00, 0.00
0.00,0.05,0.00, 0.00
0.00,0.05,0.00, 0.00
0.00,0.05,0.00, 0.00
0.00,0.05,0.00, 0.00
0.00,0.05,0.00, 0.00
0.00,0.05,0.00, 0.00
0.00,0.05,0.00, 0.00
0.00,0.05,0.00, 0.00
0.00,0.05,0.00, 0.00
0.00,0.05,0.00, 0.00
0.00,0.05,0.00, 0.00
0.00,0.05,0.00, 0.00
0.00,0.05,0.00, 0.00
0.00,0.05,0.00, 0.00
0.00,0.05,0.00, 0.00
0.00,0.05,0.00, 0.00
0.00,0.05,0.00, 0.00
0.00,0.05,0.00, 0.00
0.00,0.05,0.00, 0.00
0.00,0.05,0.00, 0.50
0.00,0.05,0.00, 0.00
0.00,0.05,0.00, 0.00
0.00,0.05,0.00, 0.00
0.00,0.05,0.00, 0.00
0.00,0.05,0.00, 0.00
0.00,0.05,0.00, 0.00
0.00,0.05,0.00, 0.00
0.00,0.05,0.00, 0.00
0.00,0.05,0.00, 0.00
0.00,0.05,0.00, 0.00
0.00,0.05,0.00, 0.00
0.00,0.05,0.00, 0.00
0.00,0.05,0.00, 0.00
0.00,0.05,0.00, 0.00
8.42,9.81,414.81, 486.46
8.42,9.81,414.81, 486.46
8.42,9.81,414.81, 486.46
8.42,9.81,414.81, 486.46
8.42,9.81,414.81, 486.46
8.42,9.81,414.81, 486.46
8.42,9.81,414.81, 486.46
8.42,9.81,414.81, 486.46
8.42,9.81,414.81, 486.46
8.58,9.81,13.98, 1.78
8.55,9.81,0.00, 0.01
8.55,9.81,0.00, 0.01
8.55,9.81,0.00, 0.01
8.58,9.81,1.48, 0.00
8.58,9.81,1.48, 0.00
8.58,9.81,1.48, 0.00
5.46,9.81,0.00, 0.00
5.46,9.81,0.00, 0.00
5.46,9.81,0.00, 0.00
5.46,9.81,0.00, 0.00
5.46,9.81,0.00, 0.00
5.46,9.81,0.00, 0.00
3.40,9.81,0.00, 0.00
3.40,9.81,0.00, 0.00
3.40,9.81,0.00, 0.00
3.40,9.81,0.00, 0.00
3.40,9.81,0.00, 0.00
3.40,9.81,0.00, 0.00
3.40,9.81,0.00, 0.00
3.40,9.81,0.00, 0.00
3.40,9.81,0.00, 0.00
3.40,9.81,0.00, 0.00
3.40,9.81,0.00, 0.00
3.40,9.81,0.00, 0.00
3.40,9.81,0.00, 0.00
3.40,9.81,0.00, 0.00
7.19,9.81,186.71, 0.00
7.19,9.81,186.71, 0.00
8.40,9.81,62.36, 0.00
8.40,9.81,62.36, 0.00
8.40,9.81,62.36, 0.00
3.60,9.09,0.00, 0.00
0.66,2.39,0.00, 0.00
0.44,2.11,0.00, 0.00
0.00,1.87,0.00, 0.00
0.00,1.64,0.00, 0.00
0.00,1.64,0.00, 0.00
0.00,1.64,0.00, 0.00
0.00,1.64,0.00, 0.00
0.00,1.64,0.00, 0.00
0.00,1.44,0.00, 0.00
0.00,1.44,0.00, 0.00
0.00,1.24,0.00, 0.00
0.00,1.24,0.00, 0.00
0.00,1.24,0.00, 0.00
0.00,1.06,0.00, 0.00
0.00,1.06,0.00, 0.00
0.00,1.06,0.00, 0.00
0.00,1.06,0.00, 0.00
0.00,1.06,0.00, 0.00
0.00,1.06,0.00, 0.00
0.00,1.06,0.00, 0.00
0.00,1.06,0.00, 0.00
0.00,1.06,0.00, 0.00
0.00,1.06,0.00, 0.00
0.00,1.06,0.00, 0.00
0.00,1.06,0.00, 0.00
0.00,1.06,0.00, 0.00
0.00,1.06,0.00, 0.00
0.00,0.29,0.00, 0.00
0.00,0.21,0.00, 0.00
0.00,0.14,0.00, 0.00
0.00,0.14,0.00, 0.00
0.00,0.14,0.00, 0.00
0.00,0.14,0.00, 0.00
0.00,0.14,0.00, 0.00
0.00,0.14,0.00, 0.00
0.00,0.14,0.00, 0.00
0.00,0.14,0.00, 0.00
0.00,0.14,0.00, 0.00
0.00,0.14,0.00, 0.00
0.00,0.14,0.00, 0.00
0.00,0.14,0.00, 0.00
0.00,0.06,0.00, 0.00
0.00,0.05,0.00, 0.00
0.00,0.05,0.00, 0.00
0.00,0.05,0.00, 0.00
0.00,0.05,0.00, 0.00
0.00,0.05,0.00, 0.00
0.00,0.05,0.00, 0.00
0.00,0.05,0.00, 0.00
0.00,0.05,0.00, 0.00
0.00,0.05,0.00, 0.00
0.00,0.05,0.00, 0.00
0.00,0.05,0.00, 0.00
0.00,0.05,0.00, 0.00
0.00,0.05,0.00, 0.00
0.00,0.05,0.00, 0.00
0.00,0.05,0.00, 0.00
0.00,0.05,0.00, 0.00
0.00,0.05,0.00, 0.00
0.00,0.05,0.00, 0.00
0.00,0.05,0.00, 0.00
0.00,0.05,0.00, 0.00
0.00,0.05,0.00, 0.00
0.00,0.05,0.00, 0.00
0.00,0.05,0.00, 0.00
0.00,0.05,0.00, 0.00
0.00,0.05,0.00, 0.00
0.00,0.05,0.00, 0.00
0.00,0.05,0.00, 0.00
0.00,0.05,0.00, 0.00
0.00,0.05,0.00, 0.00
0.00,1.88,0.00, 91.41
0.00,1.88,0.00, 91.41
0.00,1.88,0.00, 91.41
0.00,1.88,0.00, 91.41
0.00,1.88,0.00, 91.41
0.00,1.88,0.00, 91.41
0.00,1.88,0.00, 91.41
0.00,1.88,0.00, 91.41
0.00,1.88,0.00, 91.41
0.00,1.88,0.00, 91.41
0.00,1.88,0.00, 91.41
0.00,1.88,0.00, 91.41
0.00,1.88,0.00, 91.41
0.00,1.88,0.00, 91.41
0.00,1.88,0.00, 91.41
0.00,1.88,0.00, 91.41
0.00,1.88,0.00, 91.41
0.00,1.88,0.00, 91.41
0.00,2.26,0.00, 19.27
0.00,3.92,0.00, 82.77
0.00,3.92,0.00, 82.77
0.00,3.92,0.00, 82.77
0.00,3.92,0.00, 82.77
0.00,4.43,0.00, 25.46
8.46,9.75,416.78, 265.12
8.46,9.80,6.13, 3.46
8.51,9.81,2.55, 0.76
8.51,9.81,2.55, 0.76
8.51,9.81,2.55, 0.76
8.51,9.81,2.55, 0.76
8.51,9.81,2.55, 0.76
8.51,9.81,2.55, 0.76
8.51,9.81,2.55, 0.76
8.51,9.81,2.55, 0.76
8.51,9.81,2.55, 0.76
8.51,9.81,2.55, 0.76
8.51,9.81,2.55, 0.76
8.51,9.81,2.55, 0.76
8.51,9.81,2.55, 0.76
8.51,9.81,2.55, 0.76
8.51,9.81,2.55, 0.76
8.51,9.81,2.55, 0.76
8.51,9.81,2.55, 0.76
8.51,9.81,2.55, 0.76
8.51,9.81,2.55, 0.76
8.51,9.81,2.55, 0.76
8.51,9.81,2.55, 0.76
8.51,9.81,2.55, 0.76
8.51,9.81,2.55, 0.76
8.51,9.81,2.55, 0.76
8.51,9.81,2.55, 0.76
8.51,9.81,2.55, 0.76
8.51,9.81,2.55, 0.76
8.51,9.81,2.55, 0.76
8.51,9.81,2.55, 0.76
8.51,9.81,2.55, 0.76
8.51,9.81,2.55, 0.76
8.51,9.81,2.55, 0.76
8.51,9.81,0.04, 0.00
8.51,9.81,0.04, 0.00
8.51,9.81,0.04, 0.00
8.51,9.81,0.04, 0.00
8.51,9.81,0.04, 0.00
8.51,9.81,0.00, 0.00
8.51,9.81,0.00, 0.00
8.58,9.81,3.45, 0.00
8.58,9.81,0.05, 0.00
8.55,9.81,0.00, 0.00
8.58,9.81,1.48, 0.00
8.58,9.81,0.02, 0.00
8.58,9.81,0.02, 0.00
8.58,9.81,0.02, 0.00
8.58,9.81,0.02, 0.00
8.58,9.81,0.02, 0.00
8.58,9.81,0.02, 0.00
8.58,9.81,0.02, 0.00
8.58,9.81,0.02, 0.00
8.55,9.81,0.00, 0.00
8.55,9.81,0.00, 0.00
8.55,9.81,0.00, 0.00
8.55,9.81,0.00, 0.00
8.55,9.81,0.00, 0.00
8.55,9.81,0.00, 0.00
8.55,9.81,0.00, 0.00
8.55,9.81,0.00, 0.00
8.55,9.81,0.00, 0.00
8.55,9.81,0.00, 0.00
8.55,9.81,0.00, 0.00
8.55,9.81,0.00, 0.00
8.55,9.81,0.00, 0.00
8.55,9.81,0.00, 0.00
8.55,9.81,0.00, 0.00
8.55,9.81,0.00, 0.00
8.55,9.81,0.00, 0.00
8.55,9.81,0.00, 0.00
8.55,9.81,0.00, 0.00
8.55,9.81,0.00, 0.00
8.55,9.81,0.00, 0.00
8.55,9.81,0.00, 0.00
8.55,9.81,0.00, 0.00
8.55,9.81,0.00, 0.00
8.55,9.81,0.00, 0.00
8.55,9.81,0.00, 0.00
8.55,9.81,0.00, 0.00
8.58,9.81,1.48, 0.00
8.58,9.81,1.48, 0.00
8.58,9.81,1.48, 0.00
8.58,9.81,1.48, 0.00
8.58,9.81,1.48, 0.00
8.58,9.81,1.48, 0.00
8.58,9.81,1.48, 0.00
8.58,9.81,0.02, 0.00
8.58,9.81,0.02, 0.00
8.58,9.81,0.02, 0.00
8.58,9.81,0.02, 0.00
8.58,8.95,0.00, 0.00
8.58,8.95,0.00, 0.00
8.58,8.95,0.00, 0.00
8.58,8.95,0.00, 0.00
8.58,8.95,0.00, 0.00
8.58,8.95,0.00, 0.00
8.58,8.95,0.00, 0.00
8.58,5.77,0.00, 0.00
8.58,5.77,0.00, 0.00
8.58,5.77,0.00, 0.00
8.58,5.77,0.00, 0.00
8.58,5.77,0.00, 0.00
8.58,5.77,0.00, 0.00
8.58,5.77,0.00, 0.00
8.58,5.77,0.00, 0.00
8.58,5.77,0.00, 0.00
8.58,5.77,0.00, 0.00
8.58,5.77,0.00, 0.00
8.58,5.77,0.00, 0.00
8.58,5.77,0.00, 0.00
8.58,5.77,0.00, 0.00
8.58,5.77,0.00, 0.00
8.58,5.77,0.00, 0.00
8.58,5.77,0.00, 0.00
8.58,5.77,0.00, 0.00
8.58,5.77,0.00, 0.00
8.58,5.77,0.00, 0.00
8.58,5.77,0.00, 0.00
8.58,5.77,0.00, 0.00
8.58,5.77,0.00, 0.00
8.58,5.77,0.00, 0.00
8.58,5.77,0.00, 0.00
8.58,5.77,0.00, 0.00
8.58,5.77,0.00, 0.00
8.58,5.77,0.00, 0.00
8.58,5.77,0.00, 0.00
8.58,5.77,0.00, 0.00
8.58,5.77,0.00, 0.00
8.58,5.77,0.00, 0.00
8.58,5.77,0.00, 0.00
8.58,5.77,0.00, 0.00
8.58,5.77,0.00, 0.00
8.58,5.77,0.00, 0.00
8.58,5.77,0.00, 0.00
8.58,5.77,0.00, 0.00
8.58,5.77,0.00, 0.00
8.58,5.77,0.00, 0.00
8.58,5.77,0.00, 0.00
8.58,5.77,0.00, 0.00
8.58,5.77,0.00, 0.00
8.58,5.77,0.00, 0.00
8.58,5.77,0.00, 0.00
8.58,5.77,0.00, 0.00
8.58,5.77,0.00, 0.00
8.58,5.77,0.00, 0.00
8.58,5.77,0.00, 0.00
8.58,5.77,0.00, 0.00
8.58,5.77,0.00, 0.00
8.58,5.77,0.00, 0.00
8.58,5.77,0.00, 0.00
8.58,5.77,0.00, 0.00
8.58,5.77,0.00, 0.00
8.58,5.77,0.00, 0.00
8.58,5.77,0.00, 0.00
8.58,5.77,0.00, 0.00
8.58,5.77,0.00, 0.00
8.58,5.77,0.00, 0.00
8.58,5.77,0.00, 0.00
8.58,5.77,0.00, 0.00
8.58,5.77,0.00, 0.00
8.58,5.77,0.00, 0.00
8.58,5.77,0.00, 0.00
8.58,5.77,0.00, 0.00
8.58,5.77,0.00, 0.00
8.58,5.77,0.00, 0.00
8.58,5.77,0.00, 0.00
8.58,5.77,0.00, 0.00
8.58,5.77,0.00, 0.00
8.58,5.77,0.00, 0.00
8.58,5.77,0.00, 0.00
8.58,5.77,0.00, 0.00
8.58,5.77,0.00, 0.00
8.58,5.77,0.00, 0.00
8.58,5.77,0.00, 0.00
8.58,5.77,0.00, 0.00
8.58,5.77,0.00, 0.00
8.58,5.77,0.00, 0.00
8.58,5.77,0.00, 0.00
8.58,5.77,0.00, 0.00
8.58,5.77,0.00, 0.00
8.58,5.77,0.00, 0.00
8.58,5.77,0.00, 0.00
8.58,5.77,0.00, 0.00
8.58,5.77,0.00, 0.00
8.58,5.77,0.00, 0.00
8.58,5.77,0.00, 0.00
8.58,5.77,0.00, 0.00
8.58,5.77,0.00, 0.00
8.58,5.77,0.00, 0.00
8.58,5.77,0.00, 0.00
8.58,5.77,0.00, 0.00
8.58,5.77,0.00, 0.00
8.58,5.77,0.00, 0.00
8.58,5.77,0.00, 0.00
8.58,5.77,0.00, 0.00
8.58,5.77,0.00, 0.00
8.58,5.77,0.00, 0.00
8.58,5.77,0.00, 0.00
8.58,5.77,0.00, 0.00
8.58,5.77,0.00, 0.00
8.58,5.77,0.00, 0.00
8.58,5.77,0.00, 0.00
8.58,5.77,0.00, 0.00
8.58,5.77,0.00, 0.00
8.58,5.77,0.00, 0.00
8.58,5.77,0.00, 0.00
8.58,5.77,0.00, 0.00
8.58,5.77,0.00, 0.00
8.58,5.77,0.00, 0.00
8.58,5.77,0.00, 0.00
8.58,5.77,0.00, 0.00
8.58,5.77,0.00, 0.00
8.58,5.77,0.00, 0.00
8.58,5.77,0.00, 0.00
8.58,5.77,0.00, 0.00
8.58,5.77,0.00, 0.00
8.58,5.77,0.00, 0.00
8.58,5.77,0.00, 0.00
8.02,3.02,0.00, 0.00
8.02,3.02,0.00, 0.00
8.02,3.02,0.00, 0.00
8.02,3.02,0.00, 0.00
8.02,3.02,0.00, 0.00
8.02,3.02,0.00, 0.00
8.02,3.02,0.00, 0.00
8.02,3.02,0.00, 0.00
8.02,3.02,0.00, 0.00
8.02,3.02,0.00, 0.00
8.02,3.02,0.00, 0.00
8.02,3.02,0.00, 0.00
8.02,3.02,0.00, 0.00
8.02,3.02,0.00, 0.00
3.76,2.24,0.00, 0.00
3.76,2.24,0.00, 0.00
3.76,2.24,0.00, 0.00
3.76,2.24,0.00, 0.00
3.76,2.24,0.00, 0.00
3.76,2.24,0.00, 0.00
3.76,2.24,0.00, 0.00
3.76,2.24,0.00, 0.00
3.76,2.24,0.00, 0.00
3.76,2.24,0.00, 0.00
3.76,2.24,0.00, 0.00
3.76,2.24,0.00, 0.00
3.76,2.24,0.00, 0.00
3.76,2.24,0.00, 0.00
3.28,0.89,0.00, 0.00
3.28,0.89,0.00, 0.00
3.28,0.89,0.00, 0.00
3.28,0.89,0.00, 0.00
3.28,0.89,0.00, 0.00
3.28,0.89,0.00, 0.00
3.28,0.89,0.00, 0.00
3.28,0.89,0.00, 0.00
3.28,0.89,0.00, 0.00
3.28,0.89,0.00, 0.00
3.28,0.89,0.00, 0.00
3.28,0.89,0.00, 0.00
3.28,0.89,0.00, 0.00
3.28,0.89,0.00, 0.00
8.58,8.31,261.10, 369.39
8.58,8.31,261.10, 369.39
8.58,8.31,261.10, 369.39
8.58,8.41,3.84, 6.58
8.58,8.41,3.84, 6.58
8.58,8.41,3.84, 6.58
8.58,8.41,3.84, 6.58
8.60,9.80,1.04, 69.02
8.60,9.80,1.04, 69.02
8.60,9.80,1.04, 69.02
8.60,9.80,1.04, 69.02
8.60,9.80,1.04, 69.02
8.60,9.80,1.04, 69.02
8.60,9.80,1.04, 69.02
8.60,9.80,1.04, 69.02
8.60,9.80,1.04, 69.02
8.60,9.80,1.04, 69.02
8.60,9.80,1.04, 69.02
8.60,9.80,1.04, 69.02
8.60,9.80,1.04, 69.02
8.60,9.80,1.04, 69.02
8.60,9.81,0.02, 1.00
8.60,9.81,0.02, 1.00
8.60,9.81,0.02, 1.00
8.60,9.81,0.00, 0.00
8.60,9.81,0.00, 0.00
8.60,9.81,0.00, 0.00
8.60,9.81,0.00, 0.00
8.60,9.81,0.00, 0.00
8.60,9.81,0.00, 0.00
8.60,9.81,0.00, 0.00
8.60,9.81,0.00, 0.00
8.60,9.81,0.00, 0.00
8.62,9.36,0.99, 0.00
8.62,9.36,0.99, 0.00
8.62,9.36,0.99, 0.00
8.62,9.36,0.99, 0.00
8.62,9.36,0.99, 0.00
8.62,9.36,0.99, 0.00
8.62,9.36,0.99, 0.00
8.62,9.36,0.99, 0.00
8.62,9.36,0.99, 0.00
8.60,9.22,0.00, 0.00
8.60,9.22,0.00, 0.00
8.60,9.22,0.00, 0.00
8.60,9.22,0.00, 0.00
8.60,9.22,0.00, 0.00
8.60,9.22,0.00, 0.00
8.60,9.22,0.00, 0.00
8.62,9.07,0.99, 0.00
7.23,6.62,0.00, 0.00
7.23,6.62,0.00, 0.00
7.23,6.62,0.00, 0.00
7.23,6.62,0.00, 0.00
7.23,6.62,0.00, 0.00
7.23,6.62,0.00, 0.00
7.23,6.62,0.00, 0.00
7.23,6.62,0.00, 0.00
7.23,6.62,0.00, 0.00
7.23,6.62,0.00, 0.00
7.23,6.62,0.00, 0.00
7.23,6.62,0.00, 0.00
7.23,6.62,0.00, 0.00
7.23,6.62,0.00, 0.00
7.23,6.62,0.00, 0.00
7.23,6.62,0.00, 0.00
7.23,6.62,0.00, 0.00
7.23,6.62,0.00, 0.00
7.23,6.62,0.00, 0.00
7.23,6.62,0.00, 0.00
7.23,6.62,0.00, 0.00
7.23,6.62,0.00, 0.00
7.23,6.62,0.00, 0.00
7.23,6.62,0.00, 0.00
7.23,6.62,0.00, 0.00
7.23,6.62,0.00, 0.00
7.23,6.62,0.00, 0.00
3.96,2.63,0.00, 0.00
3.96,2.63,0.00, 0.00
3.96,2.63,0.00, 0.00
3.96,2.63,0.00, 0.00
3.96,2.63,0.00, 0.00
3.96,2.63,0.00, 0.00
3.96,2.63,0.00, 0.00
1.54,1.06,0.00, 0.00
1.54,1.06,0.00, 0.00
1.54,1.06,0.00, 0.00
1.09,0.89,0.00, 0.00
1.09,0.89,0.00, 0.00
1.09,0.89,0.00, 0.00
1.09,0.89,0.00, 0.00
0.00,0.05,0.00, 0.00
0.00,0.05,0.00, 0.00
0.00,0.05,0.00, 0.00
0.00,0.05,0.00, 0.00
0.00,0.05,0.00, 0.00
0.00,0.04,0.00, 0.00
0.00,0.04,0.00, 0.00
0.00,0.04,0.00, 0.00
0.00,0.04,0.00, 0.00
0.00,0.04,0.00, 0.00
0.00,0.05,0.00, 0.50
0.00,0.05,0.00, 0.00
0.00,0.05,0.00, 0.00
0.00,0.05,0.00, 0.00
0.00,0.05,0.00, 0.00
0.00,0.05,0.00, 0.00
0.00,0.05,0.00, 0.00
0.00,0.05,0.00, 0.00
0.00,0.05,0.00, 0.00
0.00,0.05,0.00, 0.00
0.00,0.05,0.00, 0.00
0.00,0.05,0.00, 0.00
0.00,0.05,0.00, 0.00
0.00,0.05,0.00, 0.00
0.00,0.05,0.00, 0.00
0.00,0.04,0.00, 0.00
0.00,0.04,0.00, 0.00
0.00,0.04,0.00, 0.00
0.00,0.05,0.00, 0.50
0.00,0.05,0.00, 0.50
0.00,0.05,0.00, 0.50
0.00,0.05,0.00, 0.50
0.00,0.05,0.00, 0.50
0.00,0.05,0.00, 0.50
0.00,0.05,0.00, 0.50
0.00,1.01,0.00, 48.08
0.00,1.01,0.00, 48.08
0.00,1.01,0.00, 48.08
0.00,1.01,0.00, 48.08
0.00,1.01,0.00, 48.08
0.00,1.27,0.00, 13.13
0.00,2.25,0.00, 48.87
2.68,5.30,132.03, 151.87
6.38,6.89,184.22, 80.01
6.38,6.89,184.22, 80.01
6.38,6.89,184.22, 80.01
6.38,6.89,184.22, 80.01
6.38,6.89,184.22, 80.01
6.38,6.89,184.22, 80.01
6.38,6.89,184.22, 80.01
6.38,6.89,184.22, 80.01
6.38,6.89,184.22, 80.01
7.21,7.20,43.60, 15.99
7.59,7.51,19.36, 15.25
7.88,7.80,14.57, 14.50
7.88,7.80,14.57, 14.50
7.88,7.80,14.57, 14.50
7.88,7.80,14.57, 14.50
7.88,7.80,14.57, 14.50
7.88,7.80,14.57, 14.50
7.88,7.80,14.57, 14.50
7.88,7.80,14.57, 14.50
7.88,7.80,14.57, 14.50
7.88,7.80,14.57, 14.50
7.88,7.80,14.57, 14.50
7.88,7.80,14.57, 14.50
7.88,7.80,14.57, 14.50
7.88,7.80,14.57, 14.50
7.88,7.80,14.57, 14.50
7.88,7.80,14.57, 14.50
7.88,7.80,14.57, 14.50
7.88,7.80,14.57, 14.50
7.88,7.80,14.57, 14.50
8.46,9.10,28.79, 64.57
8.49,9.33,1.90, 11.69
8.49,9.33,1.90, 11.69
8.49,9.33,1.90, 11.69
8.49,9.33,1.90, 11.69
8.49,9.33,1.90, 11.69
8.49,9.33,1.90, 11.69
8.49,9.33,1.90, 11.69
8.49,9.33,1.90, 11.69
8.49,9.32,0.03, 0.00
8.49,9.32,0.03, 0.00
8.49,9.32,0.03, 0.00
8.49,9.32,0.03, 0.00
8.49,9.32,0.03, 0.00
8.49,9.32,0.03, 0.00
8.49,9.32,0.03, 0.00
8.49,9.32,0.03, 0.00
8.49,9.32,0.03, 0.00
8.49,9.32,0.03, 0.00
8.49,9.32,0.03, 0.00
8.49,9.32,0.03, 0.00
8.55,8.58,2.96, 0.00
8.55,8.59,0.04, 0.25
8.55,8.59,0.04, 0.25
8.55,8.59,0.04, 0.25
8.55,8.59,0.04, 0.25
8.55,8.59,0.04, 0.25
8.55,8.59,0.04, 0.25
8.55,8.59,0.04, 0.25
8.55,8.59,0.04, 0.25
8.55,8.59,0.04, 0.25
8.55,8.59,0.04, 0.25
8.55,8.59,0.04, 0.25
8.55,8.59,0.04, 0.25
8.55,8.59,0.04, 0.25
8.55,8.59,0.04, 0.25
8.55,8.59,0.04, 0.25
8.55,8.43,0.00, 0.00
8.55,8.43,0.00, 0.00
8.55,8.43,0.00, 0.00
8.55,8.43,0.00, 0.00
8.55,8.43,0.00, 0.00
8.55,8.43,0.00, 0.00
8.55,8.43,0.00, 0.00
8.55,8.43,0.00, 0.00
8.55,8.43,0.00, 0.00
8.55,8.43,0.00, 0.00
8.58,8.56,1.48, 6.48
8.58,8.56,1.48, 6.48
8.58,8.56,1.48, 6.48
8.58,8.56,1.48, 6.48
8.58,8.59,0.02, 1.52
8.58,8.59,0.02, 1.52
8.58,8.59,0.02, 1.52
8.58,8.59,0.02, 1.52
8.58,8.59,0.02, 1.52
8.58,8.59,0.02, 1.52
8.58,8.59,0.02, 1.52
8.58,8.59,0.02, 1.52
8.58,8.59,0.02, 1.52
8.58,8.59,0.02, 1.52
8.58,8.59,0.02, 1.52
8.58,8.59,0.02, 1.52
8.58,9.81,0.00, 60.78
8.58,9.81,0.00, 60.78
8.58,9.81,0.00, 60.78
8.58,9.81,0.00, 60.78
8.58,9.81,0.00, 60.78
8.58,9.81,0.00, 60.78
8.58,9.81,0.00, 60.78
8.58,9.81,0.00, 60.78
8.58,9.81,0.00, 60.78
8.58,9.81,0.00, 60.78
8.58,9.81,0.00, 60.78
8.58,9.81,0.00, 60.78
8.58,9.81,0.00, 60.78
8.58,9.81,0.00, 60.78
8.58,9.81,0.00, 0.22
8.60,9.81,0.99, 0.00
6.02,8.12,0.00, 0.00
6.02,8.12,0.00, 0.00
6.02,8.12,0.00, 0.00
1.83,2.34,0.00, 0.00
1.83,2.34,0.00, 0.00
1.54,1.94,0.00, 0.00
1.54,1.94,0.00, 0.00
1.04,1.60,0.00, 0.00
0.00,1.04,0.00, 0.00
0.00,0.45,0.00, 0.00
0.00,0.32,0.00, 0.00
0.00,0.20,0.00, 0.00
0.00,0.12,0.00, 0.00
0.00,0.08,0.00, 0.00
0.00,0.05,0.00, 0.00
0.00,0.05,0.00, 0.00
0.00,0.05,0.00, 0.00
0.00,0.05,0.00, 0.00
0.00,0.05,0.00, 0.00
0.00,0.04,0.00, 0.00
0.00,0.04,0.00, 0.00
0.00,0.04,0.00, 0.00
0.00,0.04,0.00, 0.00
0.00,0.04,0.00, 0.00
0.00,0.05,0.00, 0.50
0.00,0.05,0.00, 0.50
0.00,0.06,0.00, 0.25
0.00,0.05,0.00, 0.00
0.00,0.05,0.00, 0.00
0.00,0.05,0.00, 0.00
0.00,0.05,0.00, 0.00
0.00,0.05,0.00, 0.00
0.00,0.05,0.00, 0.00
0.00,0.05,0.00, 0.00
0.00,0.04,0.00, 0.00
0.00,0.05,0.00, 0.50
0.00,0.05,0.00, 0.00
0.00,0.05,0.00, 0.50
0.00,0.05,0.00, 0.50
0.00,0.05,0.00, 0.50
0.00,0.05,0.00, 0.50
0.00,0.05,0.00, 0.50
0.00,0.05,0.00, 0.50
0.00,0.05,0.00, 0.50
0.00,0.05,0.00, 0.50
0.00,0.05,0.00, 0.50
0.00,0.05,0.00, 0.50
0.00,0.05,0.00, 0.50
0.00,0.05,0.00, 0.50
0.00,0.05,0.00, 0.50
0.00,0.05,0.00, 0.50
0.00,0.05,0.00, 0.50
0.00,0.05,0.00, 0.50
0.00,0.05,0.00, 0.50
0.00,0.05,0.00, 0.50
0.00,0.05,0.00, 0.50
0.00,0.05,0.00, 0.50
0.00,0.05,0.00, 0.50
0.00,0.05,0.00, 0.50
0.00,0.05,0.00, 0.50
0.00,0.05,0.00, 0.50
0.00,0.05,0.00, 0.50
0.00,0.05,0.00, 0.50
0.00,0.05,0.00, 0.50
0.00,0.05,0.00, 0.50
0.00,0.05,0.00, 0.50
0.00,0.05,0.00, 0.50
0.00,0.05,0.00, 0.50
0.00,0.06,0.00, 0.25
0.00,0.06,0.00, 0.25
0.00,0.06,0.00, 0.25
0.00,0.06,0.00, 0.25
0.00,0.06,0.00, 0.25
0.00,0.06,0.00, 0.25
0.00,0.06,0.00, 0.25
0.00,0.06,0.00, 0.25
0.00,0.06,0.00, 0.25
0.00,0.06,0.00, 0.25
0.00,0.06,0.00, 0.25
0.00,0.06,0.00, 0.25
0.00,0.06,0.00, 0.25
0.00,0.06,0.00, 0.25
0.00,0.06,0.00, 0.25
0.00,0.06,0.00, 0.00
0.00,0.05,0.00, 0.00
1.92,3.64,94.59, 179.34
1.92,3.64,94.59, 179.34
1.92,3.64,94.59, 179.34
1.92,3.64,94.59, 179.34
1.92,3.64,94.59, 179.34
1.92,3.64,94.59, 179.34
1.92,3.64,94.59, 179.34
1.92,3.64,94.59, 179.34
1.92,3.64,94.59, 179.34
1.92,3.64,94.59, 179.34
1.92,3.64,94.59, 179.34
1.92,3.64,94.59, 179.34
1.92,3.64,94.59, 179.34
8.46,8.36,323.58, 235.79
8.46,8.36,323.58, 235.79
8.46,8.36,323.58, 235.79
8.46,8.36,323.58, 235.79
8.46,8.36,323.58, 235.79
8.46,8.36,323.58, 235.79
8.46,8.36,323.58, 235.79
8.46,8.36,323.58, 235.79
8.46,8.36,323.58, 235.79
8.46,8.36,323.58, 235.79
8.46,8.36,323.58, 235.79
8.46,8.36,323.58, 235.79
8.46,8.36,323.58, 235.79
8.46,8.36,323.58, 235.79
8.46,8.36,323.58, 235.79
8.46,8.36,323.58, 235.79
8.46,8.36,323.58, 235.79
8.46,8.36,323.58, 235.79
8.46,8.36,323.58, 235.79
8.46,8.36,323.58, 235.79
8.46,8.36,323.58, 235.79
8.46,8.36,323.58, 235.79
8.46,8.36,323.58, 235.79
8.46,8.36,323.58, 235.79
8.46,8.36,323.58, 235.79
8.46,8.36,323.58, 235.79
8.46,8.36,323.58, 235.79
8.46,8.36,323.58, 235.79
8.46,8.36,323.58, 235.79
8.46,8.36,323.58, 235.79
8.46,8.36,323.58, 235.79
8.46,8.36,323.58, 235.79
8.46,8.36,323.58, 235.79
8.46,8.36,323.58, 235.79
8.46,8.36,323.58, 235.79
8.46,8.36,323.58, 235.79
8.46,8.36,323.58, 235.79
8.46,8.36,323.58, 235.79
8.46,8.36,323.58, 235.79
8.46,8.36,323.58, 235.79
8.46,8.36,323.58, 235.79
8.46,8.36,323.58, 235.79
8.46,8.36,323.58, 235.79
8.46,8.36,323.58, 235.79
8.46,8.36,323.58, 235.79
8.46,8.36,323.58, 235.79
8.46,8.36,323.58, 235.79
8.46,8.36,323.58, 235.79
8.46,8.36,323.58, 235.79
8.46,8.36,323.58, 235.79
8.46,8.36,323.58, 235.79
8.46,8.36,323.58, 235.79
8.46,8.36,323.58, 235.79
8.46,8.36,323.58, 235.79
8.46,8.36,323.58, 235.79
8.46,8.36,323.58, 235.79
8.46,8.36,323.58, 235.79
8.46,8.36,323.58, 235.79
8.46,8.36,323.58, 235.79
8.46,8.36,323.58, 235.79
8.46,8.36,323.58, 235.79
8.46,8.36,323.58, 235.79
8.46,8.36,323.58, 235.79
8.46,8.36,323.58, 235.79
8.46,8.36,323.58, 235.79
8.46,8.36,323.58, 235.79
8.46,8.36,323.58, 235.79
8.46,8.36,323.58, 235.79
8.49,8.51,6.24, 8.09
8.49,8.51,6.24, 8.09
8.49,8.64,0.09, 6.26
8.49,8.64,0.09, 6.26
8.49,8.64,0.09, 6.26
8.49,8.64,0.09, 6.26
8.49,8.64,0.09, 6.26
8.49,8.64,0.09, 6.26
8.49,8.64,0.09, 6.26
8.49,8.64,0.09, 6.26
8.49,8.64,0.09, 6.26
8.49,8.64,0.09, 6.26
8.49,8.64,0.09, 6.26
8.49,8.64,0.09, 6.26
8.49,8.64,0.09, 6.26
8.49,8.64,0.09, 6.26
8.53,8.06,1.97, 0.00
8.53,8.06,1.97, 0.00
8.11,3.84,0.00, 0.00
7.61,3.53,0.00, 0.00
7.61,3.53,0.00, 0.00
7.61,3.53,0.00, 0.00
7.61,3.53,0.00, 0.00
7.61,3.53,0.00, 0.00
7.61,3.53,0.00, 0.00
7.61,3.53,0.00, 0.00
7.61,3.53,0.00, 0.00
7.61,3.53,0.00, 0.00
7.61,3.53,0.00, 0.00
7.61,3.53,0.00, 0.00
7.61,3.53,0.00, 0.00
7.61,3.53,0.00, 0.00
0.73,0.50,0.00, 0.00
0.73,0.50,0.00, 0.00
0.73,0.50,0.00, 0.00
0.00,0.29,0.00, 0.00
0.00,0.26,0.00, 0.00
0.00,0.26,0.00, 0.00
0.00,0.26,0.00, 0.00
0.00,0.26,0.00, 0.00
0.00,0.26,0.00, 0.00
0.00,0.26,0.00, 0.00
0.00,0.26,0.00, 0.00
0.00,0.26,0.00, 0.00
0.00,0.26,0.00, 0.00
0.00,0.26,0.00, 0.00
0.00,0.26,0.00, 0.00
0.00,0.26,0.00, 0.00
0.00,0.26,0.00, 0.00
0.00,0.26,0.00, 0.00
0.00,0.26,0.00, 0.00
0.00,0.26,0.00, 0.00
0.00,0.26,0.00, 0.00
0.00,0.26,0.00, 0.00
0.00,0.26,0.00, 0.00
0.00,0.26,0.00, 0.00
0.00,0.26,0.00, 0.00
0.00,0.26,0.00, 0.00
0.00,0.26,0.00, 0.00
0.00,0.26,0.00, 0.00
0.00,0.26,0.00, 0.00
0.00,0.26,0.00, 0.00
0.00,0.26,0.00, 0.00
0.00,0.26,0.00, 0.00
0.00,0.26,0.00, 0.00
0.00,0.26,0.00, 0.00
0.00,0.26,0.00, 0.00
0.00,0.26,0.00, 0.00
0.00,0.26,0.00, 0.00
0.00,0.26,0.00, 0.00
0.00,0.26,0.00, 0.00
0.00,0.26,0.00, 0.00
0.00,0.26,0.00, 0.00
0.00,0.26,0.00, 0.00
0.00,0.26,0.00, 0.00
0.00,0.05,0.00, 0.00
0.00,0.05,0.00, 0.00
0.00,0.05,0.00, 0.00
0.00,0.05,0.00, 0.00
0.00,0.05,0.00, 0.00
0.00,0.05,0.00, 0.00
0.00,0.05,0.00, 0.00
0.00,0.05,0.00, 0.00
0.00,0.05,0.00, 0.00
0.00,0.05,0.00, 0.00
0.00,0.05,0.00, 0.00
0.00,0.05,0.00, 0.00
0.00,0.05,0.00, 0.00
0.00,0.05,0.00, 0.00
0.00,0.05,0.00, 0.50
0.00,0.05,0.00, 0.00
0.00,0.05,0.00, 0.00
0.00,0.05,0.00, 0.00
0.00,0.05,0.00, 0.00
0.00,0.05,0.00, 0.00
0.00,0.05,0.00, 0.00
0.00,0.05,0.00, 0.00
0.00,0.05,0.00, 0.00
0.00,0.05,0.00, 0.00
0.00,0.05,0.00, 0.00
0.00,0.05,0.00, 0.00
0.00,0.05,0.00, 0.00
0.00,0.05,0.00, 0.00
0.00,0.05,0.00, 0.00
0.00,0.05,0.00, 0.00
0.00,0.05,0.00, 0.00
0.00,0.05,0.00, 0.00
0.00,0.05,0.00, 0.00
0.00,0.05,0.00, 0.00
0.00,0.05,0.00, 0.00
0.00,0.05,0.00, 0.00
0.00,0.05,0.00, 0.00
0.00,0.05,0.00, 0.00
0.00,0.05,0.00, 0.00
0.00,0.05,0.00, 0.00
0.00,0.05,0.00, 0.00
0.00,0.05,0.00, 0.00
0.00,0.05,0.00, 0.00
0.00,0.05,0.00, 0.00
0.00,0.05,0.00, 0.00
0.00,6.38,0.00, 315.59
0.00,6.38,0.00, 315.59
0.00,6.38,0.00, 315.59
0.00,6.38,0.00, 315.59
2.50,9.81,123.16, 172.03
2.50,9.81,123.16, 172.03
2.50,9.81,123.16, 172.03
2.50,9.81,123.16, 172.03
2.50,9.81,123.16, 172.03
2.50,9.81,123.16, 172.03
2.50,9.81,123.16, 172.03
2.50,9.81,123.16, 172.03
2.50,9.81,123.16, 172.03
2.50,9.81,123.16, 172.03
2.50,9.81,123.16, 172.03
2.50,9.81,123.16, 172.03
2.50,9.81,123.16, 172.03
2.50,9.81,123.16, 172.03
2.50,9.81,123.16, 172.03
2.50,9.81,123.16, 172.03
2.50,9.81,123.16, 172.03
2.90,9.81,21.52, 0.63
8.58,9.81,280.14, 0.00
8.60,9.76,5.11, 0.00
8.60,9.76,5.11, 0.00
8.60,9.76,5.11, 0.00
8.60,9.76,5.11, 0.00
8.60,9.76,5.11, 0.00
8.60,9.76,5.11, 0.00
8.60,9.76,5.11, 0.00
8.60,9.76,5.11, 0.00
8.60,9.76,5.11, 0.00
8.60,9.76,5.11, 0.00
8.60,9.76,5.11, 0.00
8.60,9.76,5.11, 0.00
8.60,9.76,5.11, 0.00
8.60,9.76,5.11, 0.00
8.60,9.76,5.11, 0.00
8.60,9.76,5.11, 0.00
8.60,9.76,5.11, 0.00
8.60,9.76,5.11, 0.00
8.60,9.76,5.11, 0.00
8.60,9.76,5.11, 0.00
8.60,9.76,5.11, 0.00
8.60,9.76,5.11, 0.00
8.60,9.76,5.11, 0.00
8.60,9.76,5.11, 0.00
8.60,9.76,5.11, 0.00
8.60,9.76,5.11, 0.00
8.60,9.76,5.11, 0.00
8.60,9.76,5.11, 0.00
8.60,9.76,5.11, 0.00
8.60,9.76,5.11, 0.00
8.60,9.76,5.11, 0.00
8.60,9.76,5.11, 0.00
8.60,9.76,5.11, 0.00
8.60,9.76,5.11, 0.00
8.60,9.76,5.11, 0.00
8.60,9.76,5.11, 0.00
8.60,9.76,5.11, 0.00
8.60,9.76,5.11, 0.00
8.60,9.76,5.11, 0.00
8.60,9.76,5.11, 0.00
8.60,9.76,5.11, 0.00
8.60,9.76,5.11, 0.00
8.60,9.76,5.11, 0.00
8.60,9.76,5.11, 0.00
8.60,9.76,5.11, 0.00
8.60,9.76,5.11, 0.00
8.60,9.76,5.11, 0.00
8.60,9.76,5.11, 0.00
8.60,9.76,5.11, 0.00
8.60,9.76,5.11, 0.00
8.60,9.76,5.11, 0.00
8.60,9.76,5.11, 0.00
8.60,9.76,5.11, 0.00
8.60,9.76,5.11, 0.00
8.60,9.76,5.11, 0.00
8.60,9.76,5.11, 0.00
8.60,9.76,5.11, 0.00
8.60,9.76,5.11, 0.00
8.60,9.76,5.11, 0.00
8.60,9.76,5.11, 0.00
8.60,9.76,5.11, 0.00
8.60,9.76,5.11, 0.00
8.60,9.76,5.11, 0.00
8.60,9.76,5.11, 0.00
8.60,9.76,5.11, 0.00
8.60,9.76,5.11, 0.00
8.60,9.76,5.11, 0.00
8.60,9.76,5.11, 0.00
8.60,9.76,5.11, 0.00
8.60,9.76,5.11, 0.00
8.60,9.76,5.11, 0.00
8.60,9.76,5.11, 0.00
8.60,9.76,5.11, 0.00
8.60,9.76,5.11, 0.00
8.60,9.76,5.11, 0.00
8.60,9.76,5.11, 0.00
8.60,9.76,5.11, 0.00
8.60,9.76,5.11, 0.00
8.60,9.76,5.11, 0.00
8.60,9.76,5.11, 0.00
8.60,9.76,5.11, 0.00
8.60,9.76,5.11, 0.00
8.60,9.76,5.11, 0.00
8.60,9.76,5.11, 0.00
8.60,9.76,5.11, 0.00
8.60,9.76,5.11, 0.00
8.60,9.76,5.11, 0.00
8.60,9.76,5.11, 0.00
8.60,9.76,5.11, 0.00
8.60,9.76,5.11, 0.00
8.60,9.51,0.08, 0.00
8.60,9.51,0.08, 0.00
8.60,9.51,0.08, 0.00
8.60,9.51,0.08, 0.00
8.60,9.51,0.08, 0.00
8.60,9.51,0.08, 0.00
8.60,9.51,0.08, 0.00
8.60,9.52,0.00, 0.50
8.62,9.53,0.99, 0.75
0.00,0.38,0.00, 0.00
0.00,0.16,0.00, 0.00
0.00,0.16,0.00, 0.50
0.00,0.14,0.00, 0.00
0.00,0.14,0.00, 0.00
0.00,0.12,0.00, 0.00
0.00,0.12,0.00, 0.00
0.00,0.14,0.00, 0.75
0.00,0.14,0.00, 0.75
0.00,0.14,0.00, 0.75
0.00,0.14,0.00, 0.75
0.00,0.14,0.00, 0.75
0.00,0.14,0.00, 0.75
0.00,0.14,0.00, 0.75
0.00,0.14,0.00, 0.75
0.00,0.14,0.00, 0.75
0.00,0.14,0.00, 0.75
0.00,0.14,0.00, 0.75
0.00,0.14,0.00, 0.75
0.00,0.14,0.00, 0.75
0.00,0.14,0.00, 0.75
0.00,0.14,0.00, 0.75
0.00,0.14,0.00, 0.75
0.00,0.18,0.00, 2.00
0.00,0.20,0.00, 1.00
0.00,0.20,0.00, 1.00
0.00,0.20,0.00, 0.00
0.00,0.20,0.00, 0.00
0.00,1.05,0.00, 42.10
0.00,1.02,0.00, 0.00
0.00,1.02,0.00, 0.00
0.00,1.02,0.00, 0.00
0.00,1.02,0.00, 0.00
0.00,1.02,0.00, 0.00
0.00,1.02,0.00, 0.00
0.00,1.02,0.00, 0.00
0.00,1.02,0.00, 0.00
0.00,0.99,0.00, 0.00
0.00,0.92,0.00, 0.00
0.00,0.84,0.00, 0.00
0.00,0.41,0.00, 0.00
0.00,0.41,0.00, 0.00
0.00,0.39,0.00, 0.00
0.00,0.38,0.00, 0.00
0.00,0.38,0.00, 0.00
0.00,0.41,0.00, 1.49
0.00,0.41,0.00, 1.49
0.00,0.41,0.00, 1.49
0.00,0.41,0.00, 1.49
0.00,0.41,0.00, 1.49
0.00,0.41,0.00, 1.49
0.00,0.41,0.00, 1.49
0.00,0.41,0.00, 1.49
0.00,0.41,0.00, 1.49
0.00,0.41,0.00, 1.49
0.00,0.41,0.00, 1.49
0.00,0.41,0.00, 1.49
0.00,0.41,0.00, 1.49
0.00,0.41,0.00, 1.49
0.00,0.41,0.00, 1.49
0.00,0.41,0.00, 1.49
0.00,0.41,0.00, 1.49
0.00,0.41,0.00, 1.49
0.00,0.41,0.00, 1.49
0.00,0.41,0.00, 1.49
0.00,0.41,0.00, 1.49
0.00,0.41,0.00, 1.49
0.00,0.41,0.00, 1.49
0.00,0.41,0.00, 1.49
0.00,0.41,0.00, 1.49
0.00,0.41,0.00, 1.49
0.00,0.41,0.00, 1.49
0.00,0.41,0.00, 1.49
0.00,0.40,0.00, 0.00
0.00,0.41,0.00, 0.50
0.00,0.41,0.00, 0.00
0.00,3.49,0.00, 153.69
0.00,4.49,0.00, 50.13
0.57,5.03,28.08, 27.33
1.74,5.59,58.05, 27.75
2.88,6.12,57.02, 26.50
3.93,6.68,52.57, 27.99
4.94,7.17,50.53, 24.51
5.77,7.61,41.63, 21.76
5.77,7.61,41.63, 21.76
5.77,7.61,41.63, 21.76
5.77,7.61,41.63, 21.76
5.77,7.61,41.63, 21.76
5.77,7.61,41.63, 21.76
5.77,7.61,41.63, 21.76
5.77,7.61,41.63, 21.76
5.77,7.61,41.63, 21.76
5.77,7.61,41.63, 21.76
5.77,7.61,41.63, 21.76
5.77,7.61,41.63, 21.76
5.77,7.61,41.63, 21.76
6.67,8.01,44.95, 20.50
6.67,8.01,44.95, 20.50
7.57,8.36,45.00, 17.51
8.06,8.65,24.80, 14.51
8.06,8.65,24.80, 14.51
8.06,8.65,24.80, 14.51
8.06,8.65,24.80, 14.51
8.62,8.80,27.95, 7.28
8.62,8.80,27.95, 7.28
8.62,8.80,27.95, 7.28
8.62,8.80,27.95, 7.28
8.62,8.80,27.95, 7.28
8.62,8.80,27.95, 7.28
8.62,8.80,27.95, 7.28
8.62,8.80,27.95, 7.28
8.62,8.80,27.95, 7.28
8.62,8.80,27.95, 7.28
8.62,8.80,27.95, 7.28
8.62,8.80,27.95, 7.28
8.62,8.80,27.95, 7.28
8.62,8.80,27.95, 7.28
8.62,8.80,27.95, 7.28
8.62,8.80,27.95, 7.28
8.62,8.80,27.95, 7.28
8.62,8.80,27.95, 7.28
8.62,8.80,27.95, 7.28
8.62,8.80,27.95, 7.28
8.62,8.80,27.95, 7.28
8.62,8.75,0.41, 0.00
8.62,8.70,0.01, 0.00
8.62,8.70,0.01, 0.00
8.62,8.70,0.01, 0.00
8.62,8.70,0.01, 0.00
8.62,8.70,0.01, 0.00
8.62,8.70,0.01, 0.00
8.62,8.70,0.01, 0.00
8.62,8.70,0.01, 0.00
8.62,8.70,0.01, 0.00
8.62,8.70,0.01, 0.00
8.62,8.70,0.01, 0.00
8.62,8.70,0.01, 0.00
8.62,8.70,0.01, 0.00
8.62,8.60,0.00, 0.00
8.62,8.60,0.00, 0.00
8.62,8.60,0.00, 0.00
8.62,8.60,0.00, 0.00
8.62,8.60,0.00, 0.00
8.62,8.60,0.00, 0.00
8.62,8.60,0.00, 0.00
8.62,8.60,0.00, 0.00
8.62,8.60,0.00, 0.00
8.62,8.60,0.00, 0.00
8.64,7.99,0.99, 0.00
8.64,7.99,0.99, 0.00
8.64,7.99,0.99, 0.00
8.64,7.99,0.99, 0.00
8.64,7.99,0.99, 0.00
8.64,7.99,0.99, 0.00
8.64,7.99,0.99, 0.00
8.64,7.99,0.99, 0.00
8.64,7.99,0.99, 0.00
8.64,7.88,0.01, 0.00
8.64,7.88,0.01, 0.00
8.64,7.88,0.01, 0.00
8.64,7.47,0.00, 0.00
8.64,7.06,0.00, 0.00
8.64,6.05,0.00, 0.00
7.46,5.92,0.00, 0.00
3.33,5.72,0.00, 0.00
0.00,5.57,0.00, 0.00
0.00,5.57,0.00, 0.00
0.00,5.57,0.00, 0.00
0.00,5.57,0.00, 0.00
0.00,5.57,0.00, 0.00
0.00,5.57,0.00, 0.00
0.00,5.24,0.00, 0.00
3.93,4.72,193.61, 0.00
3.93,4.72,193.61, 0.00
3.93,4.72,193.61, 0.00
3.93,4.72,193.61, 0.00
3.93,4.72,193.61, 0.00
3.93,4.72,193.61, 0.00
3.93,4.72,193.61, 0.00
3.93,4.72,193.61, 0.00
3.93,4.72,193.61, 0.00
3.93,4.72,193.61, 0.00
3.93,4.72,193.61, 0.00
3.93,4.72,193.61, 0.00
3.93,4.72,193.61, 0.00
7.14,4.32,160.99, 0.00
0.00,2.72,0.00, 0.00
0.00,1.97,0.00, 0.00
0.00,0.41,0.00, 0.00
0.00,0.38,0.00, 0.00
0.00,0.30,0.00, 0.00
0.00,0.22,0.00, 0.00
0.00,0.18,0.00, 0.00
0.00,0.18,0.00, 0.00
0.00,0.18,0.00, 0.00
0.00,0.18,0.00, 0.00
0.00,0.18,0.00, 0.00
0.00,0.18,0.00, 0.00
0.00,0.18,0.00, 0.00
0.00,0.18,0.00, 0.00
0.00,0.16,0.00, 0.00
0.00,0.18,0.00, 1.00
0.00,0.14,0.00, 0.00
0.00,0.14,0.00, 0.00
0.00,0.13,0.00, 0.00
0.00,0.13,0.00, 0.00
0.00,0.13,0.00, 0.00
0.00,0.13,0.00, 0.00
0.00,0.13,0.00, 0.00
0.00,0.13,0.00, 0.00
0.00,0.13,0.00, 0.00
0.00,0.13,0.00, 0.00
0.00,0.13,0.00, 0.00
0.00,0.13,0.00, 0.00
0.00,0.13,0.00, 0.00
0.00,0.13,0.00, 0.00
0.00,0.13,0.00, 0.00
0.00,0.13,0.00, 0.00
0.00,0.13,0.00, 0.00
0.00,0.11,0.00, 0.00
0.00,0.12,0.00, 0.25
0.00,0.12,0.00, 0.00
0.00,0.12,0.00, 0.00
0.00,0.12,0.00, 0.00
0.00,0.12,0.00, 0.00
0.00,0.12,0.00, 0.00
0.00,0.12,0.00, 0.00
0.00,0.12,0.00, 0.00
0.00,0.09,0.00, 0.00
0.00,0.09,0.00, 0.00
0.00,0.07,0.00, 0.00
0.00,0.07,0.00, 0.00
0.00,0.07,0.00, 0.00
0.00,0.07,0.00, 0.00
0.00,0.07,0.00, 0.00
0.00,0.07,0.00, 0.00
0.00,0.07,0.00, 0.00
0.00,0.07,0.00, 0.00
0.00,0.07,0.00, 0.00
0.00,0.07,0.00, 0.00
0.00,0.07,0.00, 0.00
0.00,0.07,0.00, 0.00
0.00,0.08,0.00, 0.50
0.00,0.09,0.00, 0.50
0.00,0.09,0.00, 0.50
0.00,0.09,0.00, 0.50
0.00,0.09,0.00, 0.50
0.00,0.09,0.00, 0.50
0.00,0.09,0.00, 0.50
0.00,0.11,0.00, 0.75
0.00,0.05,0.00, 0.00
0.00,0.05,0.00, 0.00
0.00,0.05,0.00, 0.00
0.00,0.05,0.00, 0.00
0.00,0.05,0.00, 0.00
0.00,0.05,0.00, 0.00
0.00,0.05,0.00, 0.00
0.00,0.05,0.00, 0.00
0.00,0.05,0.00, 0.00
0.00,0.05,0.00, 0.00
0.00,0.05,0.00, 0.00
0.00,0.05,0.00, 0.00
0.00,0.05,0.00, 0.00
0.00,0.05,0.00, 0.00
0.00,0.05,0.00, 0.00
0.00,0.05,0.00, 0.00
0.00,0.06,0.00, 0.25
0.00,0.08,0.00, 1.00
0.00,0.09,0.00, 0.50
0.00,3.92,0.00, 190.80
0.00,3.92,0.00, 190.80
0.00,3.92,0.00, 190.80
0.00,3.92,0.00, 190.80
0.00,3.92,0.00, 190.80
0.00,3.92,0.00, 190.80
0.00,4.35,0.00, 21.87
0.00,4.35,0.00, 21.87
0.00,4.35,0.00, 21.87
0.48,4.75,23.65, 20.26
0.48,4.75,23.65, 20.26
1.36,5.12,43.70, 18.76
5.84,6.82,221.35, 84.51
6.49,7.06,35.28, 12.27
8.15,7.68,82.30, 31.18
8.55,7.86,20.92, 8.58
8.51,7.97,0.00, 6.01
8.55,8.07,1.97, 4.51
8.55,8.10,0.03, 1.76
8.58,8.11,1.48, 0.26
8.58,8.06,0.02, 0.00
8.60,8.01,0.99, 0.00
8.60,8.01,0.99, 0.00
8.60,8.00,0.01, 0.00
8.60,7.98,0.00, 0.00
8.60,7.98,0.00, 0.00
8.60,7.98,0.00, 0.00
8.60,7.98,0.00, 0.00
8.60,7.98,0.00, 0.00
8.60,7.98,0.00, 0.00
8.60,7.98,0.00, 0.00
8.60,7.98,0.00, 0.00
8.60,7.98,0.00, 0.00
8.60,7.98,0.00, 0.00
8.60,7.98,0.00, 0.00
8.60,7.98,0.00, 0.00
8.60,7.98,0.00, 0.00
8.60,7.98,0.00, 0.00
8.60,7.98,0.00, 0.00
8.60,7.98,0.00, 0.00
8.60,7.98,0.00, 0.00
8.60,7.98,0.00, 0.00
8.60,7.98,0.00, 0.00
8.60,7.98,0.00, 0.00
8.60,7.98,0.00, 0.00
8.60,7.98,0.00, 0.00
8.60,7.98,0.00, 0.00
8.60,7.98,0.00, 0.00
8.60,7.98,0.00, 0.00
8.60,7.98,0.00, 0.00
8.60,7.98,0.00, 0.00
8.60,7.98,0.00, 0.00
8.60,7.98,0.00, 0.00
8.60,7.98,0.00, 0.00
8.60,7.98,0.00, 0.00
8.60,7.98,0.00, 0.00
8.60,7.98,0.00, 0.00
8.60,7.98,0.00, 0.00
8.60,7.98,0.00, 0.00
8.60,7.98,0.00, 0.00
8.60,7.98,0.00, 0.00
8.60,7.98,0.00, 0.00
8.60,7.98,0.00, 0.00
8.60,7.98,0.00, 0.00
8.60,7.98,0.00, 0.00
8.60,7.98,0.00, 0.00
8.60,7.98,0.00, 0.00
8.60,7.98,0.00, 0.00
8.60,7.98,0.00, 0.00
8.60,7.98,0.00, 0.00
8.60,7.98,0.00, 0.00
8.60,7.98,0.00, 0.00
8.60,7.98,0.00, 0.00
8.60,7.98,0.00, 0.00
8.60,7.98,0.00, 0.00
8.60,7.98,0.00, 0.00
8.60,7.98,0.00, 0.00
8.60,7.98,0.00, 0.00
8.60,7.98,0.00, 0.00
8.60,7.98,0.00, 0.00
8.60,7.98,0.00, 0.00
8.62,7.96,0.99, 0.00
8.62,7.96,0.99, 0.00
8.62,7.96,0.99, 0.00
8.62,7.96,0.99, 0.00
8.62,7.96,0.99, 0.00
8.62,7.96,0.99, 0.00
8.62,7.96,0.99, 0.00
8.60,7.93,0.00, 0.00
8.60,7.93,0.00, 0.00
8.60,7.93,0.00, 0.00
8.62,7.53,0.99, 0.00
8.64,6.77,1.00, 0.00
8.64,7.39,0.01, 30.39
8.64,7.39,0.01, 30.39
8.64,7.39,0.01, 30.39
8.64,7.39,0.01, 30.39
8.64,7.39,0.01, 30.39
8.64,7.39,0.01, 30.39
8.64,7.39,0.01, 30.39
8.64,7.39,0.01, 30.39
8.64,7.39,0.01, 30.39
8.64,7.42,0.00, 1.85
8.62,7.49,0.00, 3.49
8.62,7.55,0.00, 3.00
8.62,7.49,0.00, 0.00
8.13,7.38,0.00, 0.00
6.56,7.26,0.00, 0.00
6.49,7.03,0.00, 0.00
7.52,6.72,50.74, 0.00
8.46,6.36,47.06, 0.00
8.62,6.04,8.57, 0.00
8.11,5.69,0.00, 0.00
6.76,5.36,0.00, 0.00
5.01,4.95,0.00, 0.00
4.02,4.53,0.00, 0.00
4.02,4.05,0.00, 0.00
4.02,4.05,0.00, 0.00
4.02,4.05,0.00, 0.00
4.02,4.05,0.00, 0.00
4.02,4.05,0.00, 0.00
4.02,4.05,0.00, 0.00
4.02,4.05,0.00, 0.00
4.43,3.60,20.20, 0.00
4.43,3.60,20.20, 0.00
4.43,3.60,20.20, 0.00
4.43,3.60,20.20, 0.00
4.43,3.60,20.20, 0.00
4.43,3.60,20.20, 0.00
4.43,3.60,20.20, 0.00
4.43,3.60,20.20, 0.00
4.43,3.60,20.20, 0.00
4.43,3.60,20.20, 0.00
4.43,3.60,20.20, 0.00
4.43,3.60,20.20, 0.00
4.43,3.60,20.20, 0.00
4.43,3.60,20.20, 0.00
4.43,3.60,20.20, 0.00
4.43,3.60,20.20, 0.00
4.43,3.60,20.20, 0.00
4.43,3.60,20.20, 0.00
4.43,3.60,20.20, 0.00
4.43,3.60,20.20, 0.00
4.43,3.60,20.20, 0.00
4.43,3.60,20.20, 0.00
4.43,3.60,20.20, 0.00
4.43,3.60,20.20, 0.00
4.45,3.17,1.28, 0.00
3.73,2.81,0.00, 0.00
1.74,1.22,0.00, 0.00
0.00,0.05,0.00, 0.00
0.00,0.05,0.00, 0.00
0.00,0.05,0.00, 0.50
0.00,0.05,0.00, 0.00
0.00,0.05,0.00, 0.50
0.00,0.05,0.00, 0.50
0.00,0.05,0.00, 0.50
0.00,0.05,0.00, 0.50
0.00,0.06,0.00, 0.25
0.00,0.06,0.00, 0.25
0.00,0.05,0.00, 0.00
0.00,0.05,0.00, 0.00
0.00,0.05,0.00, 0.00
0.00,0.05,0.00, 0.00
0.00,0.05,0.00, 0.00
0.00,0.05,0.00, 0.00
0.00,0.05,0.00, 0.50
0.00,0.06,0.00, 0.25
0.00,0.07,0.00, 0.50
0.00,0.07,0.00, 0.50
0.00,0.07,0.00, 0.50
0.00,0.07,0.00, 0.50
0.00,0.07,0.00, 0.50
0.00,0.07,0.00, 0.50
0.00,0.07,0.00, 0.50
0.00,0.09,0.00, 1.25
0.00,0.09,0.00, 1.25
0.00,0.15,0.00, 2.74
0.00,0.33,0.00, 8.98
0.00,0.33,0.00, 8.98
0.00,0.33,0.00, 8.98
0.00,0.33,0.00, 8.98
0.00,0.33,0.00, 8.98
0.00,0.33,0.00, 8.98
0.00,0.33,0.00, 8.98
0.00,0.33,0.00, 8.98
0.00,0.33,0.00, 8.98
0.00,2.25,0.00, 95.68
0.00,2.25,0.00, 95.68
0.00,2.86,0.00, 30.74
0.00,3.47,0.00, 30.50
0.00,3.47,0.00, 30.50
0.00,3.47,0.00, 30.50
0.00,3.47,0.00, 30.50
0.00,3.47,0.00, 30.50
0.00,3.47,0.00, 30.50
0.00,3.47,0.00, 30.50
0.00,3.47,0.00, 30.50
0.00,3.47,0.00, 30.50
0.00,3.47,0.00, 30.50
0.00,3.47,0.00, 30.50
0.00,3.47,0.00, 30.50
0.00,3.47,0.00, 30.50
0.00,3.47,0.00, 30.50
0.00,3.47,0.00, 30.50
0.00,3.47,0.00, 30.50
0.00,3.47,0.00, 30.50
0.00,3.47,0.00, 30.50
0.00,3.47,0.00, 30.50
0.00,3.47,0.00, 30.50
0.00,3.47,0.00, 30.50
0.00,3.47,0.00, 30.50
0.00,3.47,0.00, 30.50
0.00,3.47,0.00, 30.50
0.00,3.47,0.00, 30.50
0.00,3.47,0.00, 30.50
0.00,3.47,0.00, 30.50
0.00,3.47,0.00, 30.50
0.00,3.47,0.00, 30.50
0.00,3.47,0.00, 30.50
0.00,3.47,0.00, 30.50
0.00,3.47,0.00, 30.50
8.08,8.66,398.06, 258.41
8.08,8.66,398.06, 258.41
8.08,8.66,398.06, 258.41
8.08,8.66,398.06, 258.41
8.08,8.66,398.06, 258.41
8.08,8.66,398.06, 258.41
8.08,8.66,398.06, 258.41
8.08,8.66,398.06, 258.41
8.08,8.66,398.06, 258.41
8.08,8.66,398.06, 258.41
8.08,8.66,398.06, 258.41
8.08,8.66,398.06, 258.41
8.08,8.66,398.06, 258.41
8.08,8.66,398.06, 258.41
8.08,8.66,398.06, 258.41
8.08,8.66,398.06, 258.41
8.08,8.66,398.06, 258.41
8.08,8.66,398.06, 258.41
8.08,8.66,398.06, 258.41
8.08,8.66,398.06, 258.41
8.08,8.66,398.06, 258.41
8.08,8.66,398.06, 258.41
8.08,8.66,398.06, 258.41
8.08,8.66,398.06, 258.41
8.08,8.66,398.06, 258.41
8.08,8.66,398.06, 258.41
8.08,8.66,398.06, 258.41
8.08,8.66,398.06, 258.41
8.08,8.66,398.06, 258.41
8.08,8.66,398.06, 258.41
8.08,8.66,398.06, 258.41
8.08,8.66,398.06, 258.41
8.08,8.66,398.06, 258.41
8.08,8.66,398.06, 258.41
8.08,8.66,398.06, 258.41
8.08,8.66,398.06, 258.41
8.08,8.66,398.06, 258.41
8.08,8.66,398.06, 258.41
8.08,8.66,398.06, 258.41
8.60,9.09,31.47, 22.37
8.60,9.09,31.47, 22.37
8.55,9.46,0.00, 18.76
8.64,7.85,4.43, 0.00
8.64,7.85,4.43, 0.00
8.64,7.85,4.43, 0.00
8.64,7.85,4.43, 0.00
8.67,8.12,1.54, 13.95
8.64,8.19,0.00, 3.54
8.64,8.19,0.00, 3.54
8.64,8.19,0.00, 3.54
8.64,8.19,0.00, 3.54
8.64,8.19,0.00, 3.54
8.64,8.19,0.00, 3.54
8.64,8.18,0.00, 0.00
8.64,8.01,0.00, 0.00
8.64,8.01,0.00, 0.00
8.64,8.01,0.00, 0.00
8.64,8.01,0.00, 0.00
8.64,8.01,0.00, 0.00
8.64,8.01,0.00, 0.00
8.64,8.01,0.00, 0.00
8.64,8.01,0.00, 0.00
8.62,7.99,0.00, 0.00
8.87,7.41,12.32, 0.00
8.87,7.41,12.32, 0.00
8.87,7.41,12.32, 0.00
8.87,7.41,12.32, 0.00
8.67,7.26,0.00, 0.00
8.67,7.26,0.00, 0.00
8.67,7.26,0.00, 0.00
8.67,7.26,0.00, 0.00
8.67,7.26,0.00, 0.00
1.56,4.20,0.00, 0.00
4.07,3.65,123.65, 0.00
3.84,2.52,0.00, 0.00
2.72,1.24,0.00, 0.00
2.75,1.02,1.48, 0.00
2.75,1.02,1.48, 0.00
2.75,1.02,1.48, 0.00
2.75,1.02,1.48, 0.00
2.75,1.02,1.48, 0.00
2.75,1.02,1.48, 0.00
2.75,1.02,1.48, 0.00
1.56,0.87,0.00, 0.00
1.56,0.87,0.00, 0.00
1.56,0.87,0.00, 0.00
1.56,0.87,0.00, 0.00
1.56,0.87,0.00, 0.00
1.56,0.87,0.00, 0.00
1.56,0.87,0.00, 0.00
1.56,0.87,0.00, 0.00
0.10,0.72,0.00, 0.00
0.10,0.72,0.00, 0.00
0.00,0.60,0.00, 0.00
0.00,0.20,0.00, 0.00
0.00,0.20,0.00, 0.00
0.00,0.20,0.00, 0.00
0.00,0.20,0.00, 0.00
0.00,0.07,0.00, 0.00
0.00,0.07,0.00, 0.00
0.00,0.05,0.00, 0.00
0.00,0.05,0.00, 0.00
0.00,0.06,0.00, 0.25
0.00,0.06,0.00, 0.25
0.00,0.06,0.00, 0.25
0.00,0.05,0.00, 0.00
0.00,0.05,0.00, 0.00
0.00,0.05,0.00, 0.00
0.00,0.05,0.00, 0.00
0.00,0.05,0.00, 0.00
0.00,0.05,0.00, 0.00
0.00,0.05,0.00, 0.00
0.00,0.04,0.00, 0.00
0.00,0.04,0.00, 0.00
0.00,0.04,0.00, 0.00
0.00,0.04,0.00, 0.00
0.00,0.04,0.00, 0.00
0.00,0.04,0.00, 0.00
0.00,0.04,0.00, 0.00
0.00,0.05,0.00, 1.00
0.00,0.05,0.00, 1.00
0.00,0.06,0.00, 0.25
0.00,0.05,0.00, 0.00
0.00,0.05,0.00, 0.00
0.00,0.05,0.00, 0.00
0.00,0.05,0.00, 0.00
0.00,0.05,0.00, 0.00
0.00,0.05,0.00, 0.00
0.00,0.05,0.00, 0.00
0.00,0.05,0.00, 0.00
0.00,0.05,0.00, 0.00
0.00,0.05,0.00, 0.00
0.00,0.05,0.00, 0.00
0.00,0.05,0.00, 0.00
0.00,0.05,0.00, 0.00
0.00,0.05,0.00, 0.00
0.00,0.05,0.00, 0.00
0.00,0.05,0.00, 0.00
0.00,0.05,0.00, 0.00
0.00,0.05,0.00, 0.00
0.00,0.05,0.00, 0.00
0.00,0.05,0.00, 0.00
0.00,0.05,0.00, 0.00
0.00,0.05,0.00, 0.00
0.00,0.05,0.00, 0.00
0.00,0.05,0.00, 0.00
0.00,0.05,0.00, 0.00
0.00,0.05,0.00, 0.00
0.00,0.05,0.00, 0.00
0.00,0.05,0.00, 0.00
0.00,0.05,0.00, 0.00
0.00,0.05,0.00, 0.00
0.00,0.05,0.00, 0.00
0.00,0.05,0.00, 0.00
0.00,1.70,0.00, 82.70
0.00,2.13,0.00, 21.72
7.77,7.58,382.78, 271.33
8.33,7.88,33.22, 15.69
8.49,8.14,8.37, 13.01
8.51,8.40,1.11, 13.25
8.51,8.40,1.11, 13.25
8.51,8.40,1.11, 13.25
8.51,8.40,1.11, 13.25
8.51,8.40,1.11, 13.25
8.51,8.40,1.11, 13.25
8.51,8.40,1.11, 13.25
8.51,8.40,1.11, 13.25
8.51,8.40,1.11, 13.25
8.51,8.40,1.11, 13.25
8.51,8.40,1.11, 13.25
8.51,8.40,1.11, 13.25
8.51,8.40,1.11, 13.25
8.51,8.40,1.11, 13.25
8.51,8.40,1.11, 13.25
8.51,8.40,1.11, 13.25
8.51,8.40,1.11, 13.25
8.51,8.40,1.11, 13.25
8.51,8.40,1.11, 13.25
8.51,8.40,1.11, 13.25
8.51,8.40,1.11, 13.25
8.51,8.40,1.11, 13.25
8.51,8.40,1.11, 13.25
8.51,8.40,1.11, 13.25
8.51,8.40,1.11, 13.25
8.51,8.40,1.11, 13.25
8.51,8.40,1.11, 13.25
8.51,8.40,1.11, 13.25
8.51,8.40,1.11, 13.25
8.51,8.40,1.11, 13.25
8.51,8.40,1.11, 13.25
8.51,8.40,1.11, 13.25
8.51,8.40,1.11, 13.25
8.51,8.40,1.11, 13.25
8.51,8.40,1.11, 13.25
8.51,8.40,1.11, 13.25
8.51,8.40,1.11, 13.25
8.51,8.40,1.11, 13.25
8.51,8.40,1.11, 13.25
8.51,8.40,1.11, 13.25
8.51,8.40,1.11, 13.25
8.51,8.40,1.11, 13.25
8.51,8.40,1.11, 13.25
8.51,8.40,1.11, 13.25
8.51,8.40,1.11, 13.25
8.51,8.40,1.11, 13.25
8.51,8.40,1.11, 13.25
8.51,8.40,1.11, 13.25
8.51,8.40,1.11, 13.25
8.51,8.40,1.11, 13.25
8.51,8.40,1.11, 13.25
8.51,8.40,1.11, 13.25
8.51,8.40,1.11, 13.25
8.51,8.40,1.11, 13.25
8.51,8.40,1.11, 13.25
8.51,8.40,1.11, 13.25
8.51,8.40,1.11, 13.25
8.51,8.40,1.11, 13.25
8.51,8.40,1.11, 13.25
8.51,8.40,1.11, 13.25
8.51,8.40,1.11, 13.25
8.51,8.40,1.11, 13.25
8.51,8.40,1.11, 13.25
8.51,8.40,1.11, 13.25
8.51,8.40,1.11, 13.25
8.51,8.40,1.11, 13.25
8.51,8.40,1.11, 13.25
8.51,8.40,1.11, 13.25
8.51,8.40,1.11, 13.25
8.51,8.40,1.11, 13.25
8.51,8.40,1.11, 13.25
8.51,8.40,1.11, 13.25
8.51,8.40,1.11, 13.25
8.51,8.40,1.11, 13.25
8.51,8.40,1.11, 13.25
8.51,8.40,1.11, 13.25
8.