0.02,0.07,0.99, 3.49
0.00,0.06,0.00, 0.00
0.00,0.07,0.00, 0.50
0.00,0.06,0.00, 0.00
0.00,0.06,0.00, 0.00
0.02,0.05,0.99, 0.00
0.02,0.05,0.01, 0.50
0.00,0.06,0.00, 0.25
0.00,0.06,0.00, 0.00
0.04,0.06,1.97, 0.00
0.02,0.06,0.00, 0.00
0.02,0.05,0.00, 0.00
0.00,0.05,0.00, 0.50
0.02,0.05,0.99, 0.00
0.00,0.05,0.00, 0.00
0.00,0.05,0.00, 0.50
0.00,0.06,0.00, 0.25
0.02,0.06,0.99, 0.00
0.02,0.06,0.01, 0.00
0.02,0.06,0.00, 0.00
0.00,0.06,0.00, 0.00
0.02,0.05,0.99, 0.00
0.02,0.05,0.01, 0.50
0.02,0.06,0.00, 0.25
0.02,0.06,0.00, 0.00
0.02,0.06,0.00, 0.00
0.02,0.06,0.00, 0.00
0.00,0.06,0.00, 0.00
0.00,0.07,0.00, 0.50
0.02,0.06,0.99, 0.00
0.02,0.06,0.01, 0.00
0.00,0.06,0.00, 0.00
0.02,0.06,0.99, 0.00
0.02,0.07,0.01, 0.50
0.02,0.06,0.00, 0.00
0.02,0.06,0.00, 0.00
0.00,0.06,0.00, 0.00
0.02,0.05,0.99, 0.00
0.02,0.05,0.01, 0.00
0.00,0.05,0.00, 0.00
0.00,0.05,0.00, 0.00
0.04,0.06,1.97, 1.00
0.00,0.05,0.00, 0.00
0.00,0.05,0.00, 0.50
0.02,0.07,0.99, 0.75
0.02,0.05,0.01, 0.00
0.00,0.05,0.00, 0.50
0.02,0.06,0.99, 0.25
0.02,0.07,0.01, 0.50
0.02,0.06,0.00, 0.00
0.02,0.06,0.00, 0.00
0.02,0.06,0.00, 0.00
0.02,0.07,0.00, 0.50
0.00,0.05,0.00, 0.00
0.00,0.05,0.00, 0.50
0.02,0.06,0.99, 0.25
0.00,0.06,0.00, 0.00
0.00,0.06,0.00, 0.00
0.02,0.05,0.99, 0.00
0.00,0.05,0.00, 0.50
0.00,0.05,0.00, 0.00
0.00,0.05,0.00, 0.50
0.02,0.05,0.99, 0.00
0.02,0.05,0.01, 0.00
0.02,0.05,0.00, 0.50
0.02,0.06,0.00, 0.25
0.02,0.06,0.00, 0.00
0.04,0.06,0.99, 0.00
0.00,0.06,0.00, 0.00
0.00,0.05,0.00, 0.00
0.02,0.05,0.99, 0.50
0.02,0.06,0.01, 0.25
0.02,0.05,0.00, 0.00
0.00,0.06,0.00, 1.00
0.02,0.06,0.99, 0.00
0.02,0.05,0.01, 0.00
0.02,0.05,0.00, 0.50
0.02,0.06,0.00, 0.25
0.00,0.05,0.00, 0.00
0.02,0.05,0.99, 0.50
0.02,0.05,0.01, 0.00
0.02,0.05,0.00, 0.50
0.02,0.07,0.00, 0.75
0.02,0.07,0.00, 0.00
0.02,0.05,0.00, 0.00
0.02,0.05,0.00, 0.50
0.02,0.07,0.00, 0.75
0.02,0.06,0.00, 0.00
0.02,0.06,0.00, 0.00
0.00,0.07,0.00, 0.50
0.02,0.05,0.99, 0.00
0.04,0.05,1.00, 0.50
0.02,0.05,0.00, 0.00
0.00,0.05,0.00, 0.50
0.02,0.06,0.99, 0.25
0.02,0.06,0.01, 0.00
0.00,0.06,0.00, 0.00
0.00,0.05,0.00, 0.00
0.02,0.05,0.99, 0.50
0.02,0.07,0.01, 0.75
0.02,0.06,0.00, 0.00
0.02,0.05,0.00, 0.00
0.02,0.05,0.00, 0.50
0.02,0.06,0.00, 0.25
0.00,0.06,0.00, 0.00
0.02,0.06,0.99, 0.00
0.02,0.06,0.01, 0.00
0.02,0.05,0.00, 0.00
0.00,0.05,0.00, 0.50
0.02,0.06,0.99, 0.25
0.02,0.06,0.01, 0.00
0.02,0.07,0.00, 0.50
0.02,0.05,0.00, 0.00
0.00,0.05,0.00, 0.50
0.00,0.06,0.00, 0.25
0.02,0.06,0.99, 0.00
0.02,0.05,0.01, 0.00
0.02,0.05,0.00, 0.00
0.02,0.05,0.00, 0.00
0.02,0.05,0.00, 0.50
0.02,0.05,0.00, 0.00
0.02,0.05,0.00, 0.00
0.02,0.05,0.00, 0.00
0.00,0.05,0.00, 0.50
0.02,0.06,0.99, 0.25
0.00,0.06,0.00, 0.00
0.00,0.06,0.00, 0.00
0.02,0.06,0.99, 0.00
0.04,0.06,1.00, 0.00
0.02,0.06,0.00, 0.00
0.02,0.06,0.00, 0.00
0.02,0.06,0.00, 0.00
0.00,0.06,0.00, 0.00
0.02,0.05,0.99, 0.00
0.02,0.05,0.01, 0.50
0.04,0.06,0.99, 0.25
0.02,0.07,0.00, 0.50
0.02,0.06,0.00, 0.00
0.00,0.05,0.00, 0.00
0.02,0.05,0.99, 0.50
0.02,0.06,0.01, 0.25
0.00,0.06,0.00, 0.00
0.00,0.06,0.00, 0.00
0.02,0.06,0.99, 0.00
0.02,0.06,0.01, 0.00
0.02,0.07,0.00, 0.50
0.02,0.06,0.00, 0.00
0.02,0.05,0.00, 0.00
0.00,0.06,0.00, 0.25
0.02,0.06,0.99, 0.00
0.02,0.07,0.01, 0.50
0.00,0.06,0.00, 0.00
0.00,0.06,0.00, 0.00
0.04,0.05,1.97, 0.00
0.02,0.05,0.00, 0.50
0.00,0.07,0.00, 0.75
0.00,0.06,0.00, 0.00
0.04,0.06,1.97, 0.00
0.02,0.05,0.00, 0.00
0.00,0.05,0.00, 0.50
0.02,0.05,0.99, 0.00
0.04,0.05,1.00, 0.50
0.02,0.05,0.00, 0.00
0.00,0.05,0.00, 0.00
0.02,0.05,0.99, 0.00
0.02,0.05,0.01, 0.50
0.00,0.06,0.00, 0.25
0.00,0.06,0.00, 0.00
0.02,0.05,0.99, 0.00
0.02,0.05,0.01, 0.50
0.00,0.05,0.00, 0.00
0.02,0.05,0.99, 0.00
0.04,0.05,1.00, 0.00
0.02,0.06,0.00, 1.00
0.02,0.05,0.00, 0.00
0.04,0.05,0.99, 0.50
0.02,0.06,0.00, 0.25
0.02,0.06,0.00, 0.00
0.00,0.06,0.00, 0.00
0.02,0.06,0.99, 0.00
0.02,0.06,0.01, 0.00
0.02,0.06,0.00, 0.00
0.02,0.05,0.00, 0.00
0.02,0.05,0.00, 0.50
0.02,0.05,0.00, 0.00
0.02,0.05,0.00, 0.00
0.00,0.06,0.00, 1.00
0.04,0.06,1.97, 0.00
0.02,0.06,0.00, 0.00
0.02,0.06,0.00, 0.00
0.02,0.06,0.00, 0.00
0.04,0.06,0.99, 0.00
0.02,0.06,0.00, 0.00
0.00,0.06,0.00, 0.00
0.02,0.06,0.99, 0.00
0.02,0.05,0.01, 0.00
0.02,0.05,0.00, 0.50
0.02,0.06,0.00, 0.25
0.00,0.06,0.00, 0.00
0.04,0.06,1.97, 0.00
0.02,0.07,0.00, 0.50
0.00,0.06,0.00, 0.00
0.02,0.06,0.99, 0.00
0.02,0.05,0.01, 0.00
0.00,0.05,0.00, 0.00
0.00,0.05,0.00, 0.00
0.02,0.05,0.99, 0.50
0.02,0.06,0.01, 0.25
0.02,0.05,0.00, 0.00
0.02,0.05,0.00, 0.00
0.02,0.05,0.00, 0.50
0.00,0.05,0.00, 0.00
0.00,0.05,0.00, 0.00
0.02,0.05,0.99, 0.50
0.00,0.06,0.00, 0.25
0.00,0.06,0.00, 0.00
0.00,0.06,0.00, 0.00
0.02,0.05,0.99, 0.00
0.00,0.05,0.00, 0.00
0.00,0.06,0.00, 0.25
0.00,0.06,0.00, 0.00
0.02,0.06,0.99, 0.00
0.00,0.06,0.00, 0.00
0.00,0.05,0.00, 0.00
0.04,0.05,1.97, 0.50
0.06,0.06,1.01, 0.25
0.00,0.06,0.00, 0.00
0.00,0.06,0.00, 0.00
0.04,0.06,1.97, 0.00
0.04,0.06,0.03, 0.00
0.00,0.06,0.00, 0.00
0.02,0.06,0.99, 0.00
0.02,0.06,0.01, 0.00
0.02,0.06,0.00, 0.00
0.00,0.06,0.00, 0.00
0.00,0.06,0.00, 0.00
0.00,0.05,0.00, 0.00
0.00,0.05,0.00, 0.50
0.00,0.05,0.00, 0.00
0.02,0.05,0.99, 0.50
0.02,0.05,0.01, 0.00
0.00,0.06,0.00, 0.25
0.00,0.05,0.00, 0.00
0.02,0.05,0.99, 0.50
0.02,0.05,0.01, 0.00
0.00,0.05,0.00, 0.00
0.00,0.05,0.00, 0.50
0.04,0.05,1.97, 0.00
0.02,0.05,0.00, 0.50
0.00,0.06,0.00, 0.25
0.00,0.06,0.00, 0.00
0.02,0.06,0.99, 0.00
0.00,0.05,0.00, 0.00
0.00,0.06,0.00, 0.50
0.02,0.07,0.99, 0.25
0.04,0.05,1.00, 0.00
0.00,0.05,0.00, 0.00
0.02,0.05,0.99, 0.50
0.04,0.07,1.00, 0.75
0.02,0.06,0.00, 0.00
0.00,0.05,0.00, 0.00
0.02,0.06,0.99, 0.25
0.02,0.06,0.01, 0.00
0.02,0.05,0.00, 0.00
0.00,0.05,0.00, 0.00
0.02,0.05,0.99, 0.00
0.02,0.05,0.01, 0.00
0.00,0.05,0.00, 0.50
0.00,0.06,0.00, 0.25
0.02,0.06,0.99, 0.00
0.00,0.06,0.00, 0.00
0.02,0.06,0.99, 0.00
0.06,0.05,1.99, 0.00
0.02,0.05,0.00, 0.50
0.02,0.05,0.00, 0.00
0.04,0.05,0.99, 0.00
0.02,0.05,0.00, 0.50
0.00,0.06,0.00, 0.25
0.02,0.06,0.99, 0.00
0.00,0.06,0.00, 0.00
0.02,0.06,0.99, 0.00
0.00,0.06,0.00, 0.00
0.00,0.06,0.00, 0.00
0.02,0.07,0.99, 0.50
0.04,0.06,1.00, 0.00
0.02,0.05,0.00, 0.00
0.02,0.05,0.00, 0.50
0.02,0.06,0.00, 0.25
0.04,0.06,0.99, 0.00
0.04,0.07,0.01, 0.50
0.02,0.06,0.00, 0.00
0.02,0.06,0.00, 0.00
0.02,0.05,0.00, 0.00
0.02,0.05,0.00, 0.50
0.02,0.06,0.00, 0.25
0.02,0.06,0.00, 0.00
0.00,0.06,0.00, 0.00
0.02,0.06,0.99, 0.00
0.02,0.06,0.01, 0.00
0.04,0.05,0.99, 0.00
0.00,0.05,0.00, 0.50
0.02,0.05,0.99, 0.00
0.02,0.05,0.01, 0.50
0.02,0.05,0.00, 0.00
0.00,0.05,0.00, 0.50
0.00,0.05,0.00, 0.00
0.02,0.05,0.99, 0.00
0.02,0.05,0.01, 0.00
0.00,0.05,0.00, 0.50
0.00,0.06,0.00, 0.25
0.00,0.06,0.00, 0.00
0.00,0.06,0.00, 0.00
0.02,0.06,0.99, 0.00
0.00,0.06,0.00, 0.00
0.00,0.05,0.00, 0.00
0.02,0.05,0.99, 0.50
0.06,0.06,1.99, 0.25
0.02,0.05,0.00, 0.00
0.02,0.05,0.00, 0.50
0.02,0.06,0.00, 0.25
0.02,0.06,0.00, 0.00
0.00,0.06,0.00, 0.00
0.00,0.06,0.00, 0.00
0.00,0.06,0.00, 0.00
0.02,0.05,0.99, 0.00
0.02,0.05,0.01, 0.50
0.02,0.06,0.00, 0.25
0.00,0.05,0.00, 0.00
0.02,0.05,0.99, 0.00
0.02,0.05,0.01, 0.50
0.00,0.06,0.00, 0.25
0.02,0.06,0.99, 0.00
0.02,0.06,0.01, 0.00
0.02,0.06,0.00, 0.00
0.02,0.06,0.00, 0.00
0.00,0.08,0.00, 1.00
0.00,0.09,0.00, 0.50
0.00,0.11,0.00, 1.25
0.00,0.13,0.00, 0.75
0.00,0.14,0.00, 0.50
0.00,0.16,0.00, 0.75
0.00,0.16,0.00, 0.50
0.00,0.18,0.00, 0.75
0.00,0.18,0.00, 0.00
0.00,0.19,0.00, 0.50
0.00,0.20,0.00, 0.50
0.00,0.22,0.00, 1.25
0.00,0.34,0.00, 5.73
0.00,0.50,0.00, 7.99
0.00,0.67,0.00, 8.75
0.00,0.83,0.00, 8.00
0.00,0.97,0.00, 6.51
0.00,1.08,0.00, 5.50
0.00,1.14,0.00, 3.51
0.00,1.22,0.00, 3.75
0.00,1.25,0.00, 1.51
0.00,1.30,0.00, 2.50
0.00,1.35,0.00, 2.50
0.00,1.43,0.00, 3.99
0.00,1.50,0.00, 3.25
0.00,1.55,0.00, 3.00
0.00,1.62,0.00, 3.50
0.00,1.71,0.00, 4.25
0.00,1.80,0.00, 4.50
0.00,1.93,0.00, 6.49
0.00,2.08,0.00, 7.50
0.00,2.31,0.00, 11.24
0.00,2.57,0.00, 12.99
0.00,2.80,0.00, 11.51
0.00,2.99,0.00, 9.51
0.00,3.18,0.00, 9.75
0.00,3.37,0.00, 9.50
0.00,3.59,0.00, 11.24
0.00,3.83,0.00, 11.75
0.00,4.12,0.00, 14.74
0.00,4.39,0.00, 13.26
0.00,4.61,0.00, 11.26
0.00,4.86,0.00, 12.00
0.00,5.12,0.00, 13.25
0.00,5.36,0.00, 11.76
0.00,5.59,0.00, 11.50
0.00,5.78,0.00, 9.76
0.00,5.99,0.00, 10.50
0.00,6.24,0.00, 12.24
0.00,6.52,0.00, 14.24
0.00,6.76,0.00, 12.01
0.00,6.97,0.00, 10.26
0.09,7.20,4.43, 11.74
0.27,7.39,8.93, 9.76
0.58,7.57,15.40, 9.00
1.12,7.71,26.83, 6.76
1.72,7.89,29.95, 8.99
2.44,8.18,35.91, 14.48
2.96,8.51,26.15, 16.49
3.20,8.84,12.21, 16.75
3.20,9.10,0.18, 13.01
3.23,9.24,1.48, 6.77
3.32,9.32,4.46, 3.76
3.29,9.27,0.00, 0.00
3.32,9.32,1.48, 2.49
3.32,9.41,0.02, 4.74
3.32,9.63,0.00, 10.73
3.32,9.81,0.00, 9.01
3.32,9.81,0.00, 0.03
3.32,9.81,0.00, 0.00
3.29,9.81,0.00, 0.00
3.34,9.81,2.46, 0.00
3.32,9.81,0.00, 0.00
3.32,9.81,0.00, 0.00
3.32,9.81,0.00, 0.00
3.34,9.81,0.99, 0.00
3.32,9.81,0.00, 0.00
3.32,9.81,0.00, 0.00
3.32,9.81,0.00, 0.00
3.34,9.81,0.99, 0.00
3.34,9.81,0.01, 0.00
3.34,9.81,0.00, 0.00
3.34,9.81,0.00, 0.00
3.34,9.81,0.00, 0.00
3.34,9.81,0.00, 0.00
3.34,9.81,0.00, 0.00
3.34,9.81,0.00, 0.00
3.32,9.81,0.00, 0.00
3.34,9.81,0.99, 0.00
3.34,9.81,0.01, 0.00
3.36,9.81,0.99, 0.00
3.34,9.81,0.00, 0.00
3.34,9.81,0.00, 0.00
3.34,9.81,0.00, 0.00
3.34,9.81,0.00, 0.00
3.34,9.81,0.00, 0.00
3.34,9.81,0.00, 0.00
3.34,9.81,0.00, 0.00
3.34,9.81,0.00, 0.00
3.34,9.81,0.00, 0.00
3.34,9.81,0.00, 0.00
3.34,9.81,0.00, 0.00
3.34,9.81,0.00, 0.00
3.36,9.81,0.99, 0.00
3.34,9.81,0.00, 0.00
3.34,9.81,0.00, 0.00
3.34,9.81,0.00, 0.00
3.34,9.81,0.00, 0.00
3.36,9.81,0.99, 0.00
3.36,9.81,0.01, 0.00
3.36,9.81,0.00, 0.00
3.36,9.81,0.00, 0.00
3.36,9.81,0.00, 0.00
3.36,9.81,0.00, 0.00
3.36,9.81,0.00, 0.00
3.36,9.81,0.00, 0.00
3.36,9.81,0.00, 0.00
3.36,9.81,0.00, 0.00
3.36,9.81,0.00, 0.00
3.36,9.81,0.00, 0.00
3.36,9.81,0.00, 0.00
3.38,9.81,0.99, 0.00
3.36,9.81,0.00, 0.00
3.36,9.81,0.00, 0.00
3.36,9.81,0.00, 0.00
3.36,9.81,0.00, 0.00
3.36,9.81,0.00, 0.00
3.36,9.81,0.00, 0.00
3.36,9.81,0.00, 0.00
3.36,9.81,0.00, 0.00
3.36,9.81,0.00, 0.00
3.36,9.81,0.00, 0.00
3.36,9.81,0.00, 0.00
3.36,9.81,0.00, 0.00
3.36,9.81,0.00, 0.00
3.36,9.81,0.00, 0.00
3.36,9.81,0.00, 0.00
3.36,9.81,0.00, 0.00
3.38,9.81,0.99, 0.00
3.38,9.81,0.01, 0.00
3.36,9.81,0.00, 0.00
3.36,9.81,0.00, 0.00
3.36,9.81,0.00, 0.00
3.38,9.81,0.99, 0.00
3.38,9.81,0.99, 0.00
3.36,9.81,0.00, 0.00
3.38,9.81,0.99, 0.00
3.38,9.81,0.01, 0.00
3.36,9.81,0.00, 0.00
3.36,9.81,0.00, 0.00
3.38,9.81,0.99, 0.00
3.38,9.81,0.99, 0.00
3.38,9.81,0.01, 0.00
3.36,9.81,0.00, 0.00
3.36,9.81,0.00, 0.00
1.90,9.81,0.00, 0.00
0.00,9.81,0.00, 0.00
0.00,9.81,0.00, 0.00
0.00,9.81,0.00, 0.00
0.00,9.81,0.00, 0.00
3.20,9.81,157.65, 0.00
3.54,9.81,19.07, 0.00
3.47,9.81,0.00, 0.00
3.45,9.81,0.00, 0.00
3.45,9.81,0.00, 0.00
3.41,9.81,0.00, 0.00
0.00,9.31,0.00, 0.00
0.00,9.31,0.00, 0.00
0.00,8.65,0.00, 0.00
0.00,8.04,0.00, 0.00
0.00,8.04,0.00, 0.00
0.00,8.04,0.00, 0.00
2.37,7.43,116.76, 0.00
1.72,6.76,0.00, 0.00
0.00,6.03,0.00, 0.00
0.00,5.24,0.00, 0.00
0.00,5.24,0.00, 0.00
1.21,4.51,59.61, 0.00
0.72,3.88,0.00, 0.00
0.00,3.33,0.00, 0.00
0.80,2.33,39.41, 0.00
0.60,1.82,0.00, 0.00
0.60,1.82,0.00, 0.00
0.60,1.82,0.00, 0.00
0.60,1.82,0.00, 0.00
0.42,1.30,0.00, 0.00
0.60,0.83,8.87, 0.00
0.85,0.44,12.45, 0.00
0.78,0.17,0.00, 0.00
0.00,0.09,0.00, 0.00
0.00,0.07,0.00, 0.00
0.00,0.05,0.00, 0.00
0.00,0.05,0.00, 0.50
0.00,0.05,0.00, 0.00
0.00,0.05,0.00, 0.50
0.02,0.06,0.99, 0.25
0.00,0.05,0.00, 0.00
0.00,0.05,0.00, 0.50
0.00,0.06,0.00, 0.25
0.00,0.05,0.00, 0.00
0.00,0.05,0.00, 0.50
0.00,0.05,0.00, 0.00
0.00,0.04,0.00, 0.00
0.00,0.05,0.00, 1.00
0.00,0.05,0.00, 0.00
0.00,0.05,0.00, 0.00
0.00,0.05,0.00, 0.50
0.00,0.05,0.00, 0.00
0.00,0.05,0.00, 0.00
0.00,0.05,0.00, 0.50
0.00,0.05,0.00, 0.50
0.00,0.06,0.00, 0.25
0.00,0.05,0.00, 0.00
0.00,0.05,0.00, 0.00
0.00,0.05,0.00, 0.50
0.00,0.05,0.00, 0.00
0.00,0.05,0.00, 0.50
0.00,0.06,0.00, 0.25
0.00,0.05,0.00, 0.00
0.00,0.05,0.00, 0.00
0.00,0.06,0.00, 1.00
0.00,0.05,0.00, 0.00
0.00,0.05,0.00, 0.50
0.00,0.05,0.00, 0.50
0.00,0.06,0.00, 0.25
0.00,0.05,0.00, 0.00
0.00,0.05,0.00, 0.50
0.00,0.06,0.00, 0.25
0.00,0.06,0.00, 0.00
0.00,0.06,0.00, 0.00
0.00,0.06,0.00, 0.00
0.00,0.05,0.00, 0.00
0.00,0.08,0.00, 1.49
0.00,0.16,0.00, 4.24
0.00,0.20,0.00, 1.76
0.00,0.20,0.00, 0.26
0.00,0.21,0.00, 0.50
0.00,0.21,0.00, 0.50
0.00,0.25,0.00, 2.24
0.00,0.43,0.00, 8.48
0.00,0.63,0.00, 10.49
0.00,0.88,0.00, 11.99
0.00,1.11,0.00, 11.75
0.00,1.38,0.00, 13.24
0.00,1.65,0.00, 14.00
0.00,1.97,0.00, 15.99
0.00,1.97,0.00, 15.99
0.11,2.26,5.42, 14.01
0.22,2.56,5.50, 15.25
0.24,2.89,1.07, 16.25
0.24,3.22,0.02, 16.50
0.18,3.57,0.00, 17.50
0.11,3.97,0.00, 19.99
0.11,3.97,0.00, 19.99
0.11,4.40,0.00, 21.74
0.33,4.89,10.84, 24.24
0.65,5.36,15.92, 24.00
1.12,5.82,23.39, 22.75
1.61,6.31,24.48, 24.24
2.24,6.76,31.40, 22.76
2.76,7.20,26.08, 22.25
2.96,7.61,10.24, 20.51
2.98,8.00,1.14, 19.25
2.98,8.00,1.14, 19.25
3.02,8.35,1.99, 17.51
3.09,8.68,3.48, 16.75
3.09,8.68,3.48, 16.75
3.09,8.68,3.48, 16.75
3.27,8.96,8.92, 13.76
3.34,9.20,3.58, 12.26
3.32,9.41,0.00, 10.01
3.34,9.61,0.99, 10.25
3.36,9.79,1.00, 9.00
3.34,9.81,0.00, 1.03
3.36,9.81,0.99, 0.00
3.34,9.81,0.00, 0.00
3.34,9.81,0.00, 0.00
3.36,9.81,0.99, 0.00
3.36,9.81,0.01, 0.00
3.34,9.81,0.00, 0.00
3.36,9.81,0.99, 0.00
3.36,9.81,0.99, 0.00
3.36,9.81,0.01, 0.00
3.36,9.81,0.00, 0.00
3.34,9.81,0.00, 0.00
3.36,9.81,0.99, 0.00
3.36,9.81,0.01, 0.00
3.36,9.81,0.00, 0.00
3.36,9.81,0.00, 0.00
3.36,9.81,0.00, 0.00
3.36,9.81,0.00, 0.00
3.38,9.81,0.99, 0.00
3.36,9.81,0.00, 0.00
3.38,9.81,0.99, 0.00
3.36,9.81,0.00, 0.00
3.38,9.81,0.99, 0.00
3.36,9.81,0.00, 0.00
3.38,9.81,0.99, 0.00
3.38,9.81,0.01, 0.00
3.36,9.81,0.00, 0.00
3.38,9.81,0.99, 0.00
3.38,9.81,0.01, 0.00
3.38,9.81,0.01, 0.00
3.38,9.81,0.00, 0.00
3.38,9.81,0.00, 0.00
3.38,9.81,0.00, 0.00
3.38,9.81,0.00, 0.00
3.38,9.81,0.00, 0.00
3.38,9.81,0.00, 0.00
3.38,9.81,0.00, 0.00
3.38,9.81,0.00, 0.00
3.38,9.81,0.00, 0.00
3.36,9.81,0.00, 0.00
3.38,9.81,0.99, 0.00
3.38,9.81,0.01, 0.00
3.38,9.81,0.00, 0.00
3.41,9.81,1.48, 0.00
3.41,9.81,0.02, 0.00
3.41,9.81,0.02, 0.00
3.38,9.81,0.00, 0.00
3.38,9.81,0.00, 0.00
3.38,9.81,0.00, 0.00
3.38,9.81,0.00, 0.00
3.41,9.81,1.48, 0.00
3.38,9.81,0.00, 0.00
3.38,9.81,0.00, 0.00
3.38,9.81,0.00, 0.00
3.41,9.81,1.48, 0.00
3.41,9.81,0.02, 0.00
3.41,9.81,0.00, 0.00
3.41,9.81,0.00, 0.00
3.41,9.81,0.00, 0.00
3.41,9.81,0.00, 0.00
3.38,9.81,0.00, 0.00
3.41,9.81,1.48, 0.00
3.41,9.81,0.02, 0.00
3.41,9.81,0.00, 0.00
3.41,9.81,0.00, 0.00
3.41,9.81,0.00, 0.00
3.41,9.81,0.00, 0.00
3.41,9.81,0.00, 0.00
3.41,9.81,0.00, 0.00
3.41,9.81,0.00, 0.00
3.41,9.81,0.00, 0.00
3.41,9.81,0.00, 0.00
3.41,9.81,0.00, 0.00
3.41,9.81,0.00, 0.00
3.41,9.81,0.00, 0.00
3.41,9.81,0.00, 0.00
3.41,9.81,0.00, 0.00
3.41,9.81,0.00, 0.00
3.41,9.81,0.00, 0.00
3.41,9.81,0.00, 0.00
3.41,9.81,0.00, 0.00
3.41,9.81,0.00, 0.00
3.41,9.81,0.00, 0.00
3.41,9.81,0.00, 0.00
3.41,9.81,0.00, 0.00
3.41,9.81,0.00, 0.00
3.41,9.81,0.00, 0.00
3.41,9.81,0.00, 0.00
3.41,9.81,0.00, 0.00
3.41,9.81,0.00, 0.00
3.41,9.81,0.00, 0.00
3.41,9.81,0.00, 0.00
3.41,9.81,0.00, 0.00
3.41,9.81,0.00, 0.00
3.41,9.81,0.00, 0.00
3.41,9.81,0.00, 0.00
3.41,9.81,0.00, 0.00
3.41,9.81,0.00, 0.00
3.43,9.81,0.99, 0.00
3.43,9.81,0.01, 0.00
3.43,9.81,0.00, 0.00
3.43,9.81,0.00, 0.00
3.43,9.81,0.00, 0.00
3.43,9.81,0.00, 0.00
3.43,9.81,0.00, 0.00
3.41,9.81,0.00, 0.00
3.41,9.81,0.00, 0.00
3.43,9.81,0.99, 0.00
3.41,9.81,0.00, 0.00
3.41,9.81,0.00, 0.00
3.43,9.81,0.99, 0.00
1.88,9.81,0.00, 0.00
0.89,9.81,0.00, 0.00
1.70,9.81,39.90, 0.00
3.00,9.81,64.63, 0.00
3.41,9.81,21.15, 0.00
3.41,9.81,21.15, 0.00
3.41,9.81,0.31, 0.00
3.38,9.81,0.00, 0.00
3.38,9.81,0.00, 0.00
3.38,9.81,0.00, 0.00
3.41,9.81,1.48, 0.00
3.41,9.81,0.02, 0.00
3.41,9.81,0.00, 0.00
3.41,9.81,0.00, 0.00
3.41,9.81,0.00, 0.00
3.43,9.81,0.99, 0.00
3.05,9.81,0.00, 0.00
3.00,9.81,0.00, 0.00
2.53,9.81,0.00, 0.00
2.67,9.81,6.90, 0.00
2.85,9.81,8.97, 0.00
2.78,9.81,0.00, 0.00
2.55,9.81,0.00, 0.00
2.37,9.81,0.00, 0.00
2.13,9.73,0.00, 0.00
1.93,9.40,0.00, 0.00
1.59,9.01,0.00, 0.00
1.07,8.59,0.00, 0.00
0.45,8.16,0.00, 0.00
0.45,8.16,0.00, 0.00
0.45,8.16,0.00, 0.00
0.00,7.74,0.00, 0.00
0.00,7.39,0.00, 0.00
1.12,7.13,55.18, 0.00
2.13,6.83,50.57, 0.00
1.99,6.51,0.00, 0.00
1.01,6.15,0.00, 0.00
1.01,6.15,0.00, 0.00
0.85,5.83,0.00, 0.00
1.52,5.47,33.01, 0.00
1.46,5.11,0.00, 0.00
0.89,4.74,0.00, 0.00
0.87,4.38,0.00, 0.00
0.98,4.02,5.42, 0.00
0.89,3.64,0.00, 0.00
0.65,3.27,0.00, 0.00
0.60,2.86,0.00, 0.00
0.67,2.42,3.45, 0.00
0.58,2.00,0.00, 0.00
0.33,1.54,0.00, 0.00
0.11,1.10,0.00, 0.00
0.11,1.10,0.00, 0.00
0.09,0.75,0.00, 0.00
0.31,0.43,10.84, 0.00
0.38,0.17,3.61, 0.00
0.00,0.06,0.00, 0.00
0.00,0.06,0.00, 0.00
0.00,0.06,0.00, 0.00
0.00,0.05,0.00, 0.00
0.00,0.04,0.00, 0.00
0.00,0.05,0.00, 0.50
0.00,0.06,0.00, 0.75
0.00,0.05,0.00, 0.00
0.00,0.05,0.00, 0.50
0.00,0.06,0.00, 0.25
0.00,0.05,0.00, 0.00
0.00,0.05,0.00, 0.50
0.00,0.05,0.00, 0.50
0.00,0.05,0.00, 0.00
0.00,0.05,0.00, 0.00
0.00,0.05,0.00, 0.50
0.00,0.05,0.00, 0.00
0.00,0.05,0.00, 0.00
0.00,0.05,0.00, 0.00
0.00,0.05,0.00, 0.50
0.00,0.06,0.00, 0.25
0.00,0.06,0.00, 0.00
0.00,0.06,0.00, 0.00
0.00,0.06,0.00, 0.00
0.00,0.06,0.00, 0.00
0.00,0.06,0.00, 0.00
0.00,0.06,0.00, 0.00
0.00,0.06,0.00, 0.00
0.00,0.05,0.00, 0.00
0.00,0.05,0.00, 0.00
0.00,0.05,0.00, 0.50
0.00,0.06,0.00, 0.25
0.00,0.05,0.00, 0.00
0.00,0.05,0.00, 0.00
0.00,0.05,0.00, 0.50
0.00,0.05,0.00, 0.00
0.00,0.05,0.00, 0.50
0.00,0.05,0.00, 0.50
0.00,0.06,0.00, 0.25
0.00,0.19,0.00, 6.48
0.00,0.28,0.00, 4.76
0.00,0.31,0.00, 1.01
0.00,0.31,0.00, 1.01
0.00,0.25,0.00, 0.00
0.00,0.28,0.00, 1.49
0.00,0.41,0.00, 6.73
0.00,0.58,0.00, 8.24
0.00,0.70,0.00, 6.01
0.00,0.87,0.00, 8.24
0.00,1.07,0.00, 9.99
0.00,1.28,0.00, 10.75
0.00,1.50,0.00, 10.75
0.00,1.72,0.00, 11.50
0.00,1.91,0.00, 9.51
0.00,2.08,0.00, 8.25
0.00,2.26,0.00, 9.25
0.00,2.43,0.00, 8.25
0.00,2.68,0.00, 12.73
0.00,2.68,0.00, 12.73
0.00,2.91,0.00, 11.01
0.00,3.15,0.00, 12.25
0.00,3.45,0.00, 14.99
0.00,3.72,0.00, 13.75
0.00,4.00,0.00, 13.75
0.18,4.33,8.87, 16.49
0.18,4.33,8.87, 16.49
0.60,4.72,20.82, 19.24
1.12,5.11,25.92, 19.75
1.61,5.55,24.52, 21.99
2.11,6.05,24.99, 24.74
2.53,6.52,21.06, 23.75
2.91,7.05,19.03, 26.24
3.11,7.53,10.13, 24.01
3.23,7.89,6.06, 18.27
3.23,7.89,6.06, 18.27
3.27,8.25,2.06, 17.75
3.36,8.57,4.46, 16.01
3.36,8.57,4.46, 16.01
3.36,8.57,4.46, 16.01
3.36,8.57,4.46, 16.01
3.36,8.57,4.46, 16.01
3.36,8.57,4.46, 16.01
3.41,8.86,2.53, 14.75
3.36,9.18,0.00, 16.24
3.41,9.44,2.46, 12.76
3.41,9.71,0.04, 13.50
3.41,9.81,0.00, 5.03
3.41,9.81,0.00, 0.02
3.41,9.81,0.00, 0.02
3.41,9.81,0.00, 0.00
3.41,9.81,0.00, 0.00
3.41,9.81,0.00, 0.00
3.41,9.81,0.00, 0.00
3.41,9.81,0.00, 0.00
3.41,9.81,0.00, 0.00
3.41,9.81,0.00, 0.00
3.43,9.81,0.99, 0.00
3.43,9.81,0.01, 0.00
3.43,9.81,0.00, 0.00
3.41,9.81,0.00, 0.00
3.43,9.81,0.99, 0.00
3.43,9.81,0.01, 0.00
3.41,9.81,0.00, 0.00
3.43,9.81,0.99, 0.00
3.43,9.81,0.99, 0.00
3.43,9.81,0.01, 0.00
3.43,9.81,0.00, 0.00
3.43,9.81,0.00, 0.00
3.43,9.81,0.00, 0.00
3.43,9.81,0.00, 0.00
3.41,9.81,0.00, 0.00
3.41,9.81,0.00, 0.00
3.43,9.81,0.99, 0.00
3.43,9.81,0.01, 0.00
3.43,9.81,0.00, 0.00
3.43,9.81,0.00, 0.00
3.43,9.81,0.00, 0.00
3.41,9.81,0.00, 0.00
3.41,9.81,0.00, 0.00
3.43,9.81,0.99, 0.00
3.41,9.81,0.00, 0.00
3.43,9.81,0.99, 0.00
3.41,9.81,0.00, 0.00
3.41,9.81,0.00, 0.00
3.41,9.81,0.00, 0.00
3.41,9.81,0.00, 0.00
3.41,9.81,0.00, 0.00
3.41,9.81,0.00, 0.00
3.41,9.81,0.00, 0.00
3.41,9.81,0.00, 0.00
3.43,9.81,0.99, 0.00
3.43,9.81,0.01, 0.00
3.43,9.81,0.00, 0.00
3.43,9.81,0.00, 0.00
3.43,9.81,0.00, 0.00
3.43,9.81,0.00, 0.00
3.43,9.81,0.00, 0.00
3.43,9.81,0.00, 0.00
3.43,9.81,0.00, 0.00
3.43,9.81,0.00, 0.00
3.45,9.81,0.99, 0.00
3.45,9.81,0.99, 0.00
3.43,9.81,0.00, 0.00
3.43,9.81,0.00, 0.00
3.43,9.81,0.00, 0.00
3.43,9.81,0.00, 0.00
3.43,9.81,0.00, 0.00
3.43,9.81,0.00, 0.00
3.43,9.81,0.00, 0.00
3.43,9.81,0.00, 0.00
3.43,9.81,0.00, 0.00
3.43,9.81,0.00, 0.00
3.43,9.81,0.00, 0.00
3.43,9.81,0.00, 0.00
3.43,9.81,0.00, 0.00
3.43,9.81,0.00, 0.00
3.43,9.81,0.00, 0.00
3.43,9.81,0.00, 0.00
3.43,9.81,0.00, 0.00
3.43,9.81,0.00, 0.00
3.43,9.81,0.00, 0.00
3.43,9.81,0.00, 0.00
3.43,9.81,0.00, 0.00
3.43,9.81,0.00, 0.00
3.43,9.81,0.00, 0.00
3.43,9.81,0.00, 0.00
3.43,9.81,0.00, 0.00
3.43,9.81,0.00, 0.00
3.43,9.81,0.00, 0.00
3.43,9.81,0.00, 0.00
3.43,9.81,0.00, 0.00
3.43,9.81,0.00, 0.00
3.43,9.81,0.00, 0.00
3.43,9.81,0.00, 0.00
3.43,9.81,0.00, 0.00
3.43,9.81,0.00, 0.00
3.43,9.81,0.00, 0.00
3.43,9.81,0.00, 0.00
3.43,9.81,0.00, 0.00
3.43,9.81,0.00, 0.00
3.43,9.81,0.00, 0.00
3.43,9.81,0.00, 0.00
3.43,9.81,0.00, 0.00
3.43,9.81,0.00, 0.00
3.43,9.81,0.00, 0.00
3.43,9.81,0.00, 0.00
3.45,9.81,0.99, 0.00
0.00,9.81,0.00, 0.00
0.00,9.78,0.00, 0.00
0.00,9.56,0.00, 0.00
0.00,9.41,0.00, 0.00
0.00,9.41,0.00, 0.00
0.00,9.41,0.00, 0.00
1.03,9.24,50.74, 0.00
3.02,9.08,98.78, 0.00
3.38,8.91,19.19, 0.00
2.85,8.72,0.00, 0.00
2.13,8.53,0.00, 0.00
0.65,8.31,0.00, 0.00
0.65,8.31,0.00, 0.00
0.00,8.07,0.00, 0.00
0.00,8.07,0.00, 0.00
0.00,7.82,0.00, 0.00
0.00,7.53,0.00, 0.00
0.00,6.86,0.00, 0.00
0.00,6.53,0.00, 0.00
0.00,6.22,0.00, 0.00
0.00,5.89,0.00, 0.00
0.00,5.50,0.00, 0.00
0.00,5.10,0.00, 0.00
0.00,4.66,0.00, 0.00
0.00,4.19,0.00, 0.00
0.00,3.70,0.00, 0.00
0.00,3.19,0.00, 0.00
0.00,2.68,0.00, 0.00
0.00,2.18,0.00, 0.00
0.00,2.18,0.00, 0.00
0.00,2.18,0.00, 0.00
0.04,1.72,1.97, 0.00
0.15,1.29,5.45, 0.00
0.27,0.92,5.99, 0.00
0.54,0.61,13.39, 0.00
0.72,0.38,9.06, 0.00
0.51,0.25,0.00, 0.00
0.00,0.12,0.00, 0.00
0.00,0.08,0.00, 0.00
0.00,0.04,0.00, 0.00
0.00,0.05,0.00, 0.50
0.00,0.05,0.00, 0.00
0.00,0.05,0.00, 0.00
0.00,0.05,0.00, 0.50
0.00,0.05,0.00, 0.50
0.00,0.06,0.00, 0.25
0.00,0.07,0.00, 0.50
0.00,0.06,0.00, 0.00
0.00,0.06,0.00, 0.00
0.00,0.06,0.00, 0.00
0.00,0.06,0.00, 0.00
0.00,0.06,0.00, 0.00
0.00,0.06,0.00, 0.00
0.00,0.06,0.00, 0.00
0.00,0.06,0.00, 0.00
0.00,0.05,0.00, 0.00
0.00,0.05,0.00, 0.00
0.00,0.05,0.00, 0.50
0.00,0.05,0.00, 0.00
0.00,0.05,0.00, 0.50
0.00,0.05,0.00, 0.00
0.00,0.05,0.00, 0.00
0.00,0.05,0.00, 0.50
0.00,0.06,0.00, 0.25
0.00,0.06,0.00, 0.00
0.00,0.05,0.00, 0.00
0.00,0.05,0.00, 0.00
0.00,0.05,0.00, 0.00
0.00,0.05,0.00, 0.50
0.00,0.07,0.00, 0.75
0.00,0.09,0.00, 1.25
0.00,0.09,0.00, 0.00
0.00,0.09,0.00, 0.00
0.00,0.11,0.00, 0.75
0.00,0.12,0.00, 0.50
0.00,0.14,0.00, 1.00
0.00,0.16,0.00, 1.25
0.00,0.16,0.00, 1.25
0.00,0.16,0.00, 1.25
0.00,0.24,0.00, 3.99
0.00,0.43,0.00, 9.23
0.00,0.68,0.00, 12.74
0.00,1.44,0.00, 38.16
0.00,1.67,0.00, 11.60
0.00,1.93,0.00, 12.99
0.00,2.21,0.00, 13.75
0.00,2.52,0.00, 15.49
0.60,2.77,29.56, 12.51
1.03,2.99,21.62, 10.76
1.21,3.21,9.19, 11.25
1.39,3.49,9.00, 13.99
1.63,3.82,11.96, 16.24
1.88,4.18,12.49, 18.24
2.17,4.58,14.47, 19.99
2.40,4.98,11.54, 20.00
2.73,5.38,16.43, 19.75
3.09,5.77,17.98, 19.50
3.36,6.11,13.57, 17.01
3.36,6.11,13.57, 17.01
3.41,6.38,2.66, 13.76
3.45,6.60,2.01, 11.01
3.43,6.77,0.00, 8.76
3.43,6.77,0.00, 8.76
3.38,6.98,0.00, 10.24
3.41,7.18,1.48, 9.75
3.41,7.32,0.02, 7.26
3.41,7.43,0.00, 5.51
3.41,7.56,0.00, 6.50
3.41,7.66,0.00, 5.01
3.41,7.81,0.00, 7.49
3.41,8.02,0.00, 10.49
3.41,8.19,0.00, 8.51
3.41,8.32,0.00, 6.26
3.41,8.32,0.00, 6.26
3.41,8.32,0.00, 6.26
3.41,8.32,0.00, 6.26
3.41,8.32,0.00, 6.26
3.43,8.39,0.99, 3.76
3.41,8.45,0.00, 3.00
3.41,8.53,0.00, 4.00
3.43,8.57,0.99, 1.76
3.41,8.48,0.00, 0.00
3.43,8.41,0.99, 0.00
3.43,8.36,0.01, 0.00
3.41,8.44,0.00, 3.74
3.43,8.57,0.99, 6.49
3.43,8.74,0.01, 8.49
3.43,8.91,0.00, 8.50
3.43,9.07,0.00, 8.25
3.43,9.24,0.00, 8.25
3.43,9.36,0.00, 6.26
3.43,9.47,0.00, 5.50
3.43,9.47,0.00, 5.50
3.41,9.59,0.00, 6.00
3.43,9.66,0.99, 3.51
3.43,9.69,0.01, 1.76
3.43,9.77,0.00, 3.74
3.43,9.81,0.00, 2.01
3.43,9.81,0.00, 0.01
3.43,9.81,0.00, 0.01
3.43,9.81,0.00, 0.00
3.43,9.81,0.00, 0.00
3.43,9.81,0.00, 0.00
3.43,9.81,0.00, 0.00
3.43,9.81,0.00, 0.00
3.43,9.81,0.00, 0.00
3.43,9.81,0.00, 0.00
3.43,9.81,0.00, 0.00
3.43,9.81,0.00, 0.00
3.43,9.81,0.00, 0.00
3.43,9.81,0.00, 0.00
3.43,9.81,0.00, 0.00
3.43,9.81,0.00, 0.00
3.43,9.81,0.00, 0.00
3.43,9.81,0.00, 0.00
3.43,9.81,0.00, 0.00
3.43,9.81,0.00, 0.00
3.43,9.81,0.00, 0.00
3.45,9.81,0.99, 0.00
3.43,9.81,0.00, 0.00
3.43,9.81,0.00, 0.00
3.45,9.81,0.99, 0.00
3.43,9.81,0.00, 0.00
3.43,9.81,0.00, 0.00
3.45,9.81,0.99, 0.00
3.43,9.81,0.00, 0.00
3.43,9.81,0.00, 0.00
3.43,9.81,0.00, 0.00
3.43,9.81,0.00, 0.00
3.43,9.81,0.00, 0.00
3.43,9.81,0.00, 0.00
3.45,9.81,0.99, 0.00
3.45,9.81,0.01, 0.00
3.45,9.81,0.01, 0.00
3.43,9.81,0.00, 0.00
3.43,9.81,0.00, 0.00
3.43,9.81,0.00, 0.00
3.43,9.81,0.00, 0.00
3.43,9.81,0.00, 0.00
3.45,9.81,0.99, 0.00
3.43,9.81,0.00, 0.00
3.45,9.81,0.99, 0.00
3.45,9.81,0.01, 0.00
3.43,9.81,0.00, 0.00
3.43,9.81,0.00, 0.00
3.43,9.81,0.00, 0.00
3.45,9.81,0.99, 0.00
3.45,9.81,0.01, 0.00
3.43,9.81,0.00, 0.00
3.43,9.81,0.00, 0.00
3.45,9.81,0.99, 0.00
3.45,9.81,0.01, 0.00
3.45,9.81,0.01, 0.00
3.45,9.81,0.00, 0.00
3.43,9.81,0.00, 0.00
3.45,9.81,0.99, 0.00
3.45,9.81,0.01, 0.00
3.45,9.81,0.00, 0.00
3.43,9.81,0.00, 0.00
3.43,9.81,0.00, 0.00
3.45,9.81,0.99, 0.00
3.45,9.81,0.99, 0.00
3.45,9.81,0.01, 0.00
3.43,9.81,0.00, 0.00
3.43,9.81,0.00, 0.00
3.45,9.81,0.99, 0.00
3.45,9.81,0.01, 0.00
3.43,9.81,0.00, 0.00
3.45,9.81,0.99, 0.00
3.43,9.81,0.00, 0.00
3.45,9.81,0.99, 0.00
3.45,9.81,0.01, 0.00
3.45,9.81,0.00, 0.00
3.45,9.81,0.00, 0.00
3.45,9.81,0.00, 0.00
3.45,9.81,0.00, 0.00
3.43,9.81,0.00, 0.00
3.45,9.81,0.99, 0.00
3.45,9.81,0.01, 0.00
3.45,9.78,0.00, 0.00
3.45,9.78,0.00, 0.00
3.09,9.71,0.00, 0.00
0.94,9.57,0.00, 0.00
0.00,9.32,0.00, 0.00
0.18,9.16,8.87, 0.00
1.66,9.05,73.04, 0.00
2.98,9.01,66.10, 0.00
3.41,8.93,22.16, 0.00
3.09,8.82,0.00, 0.00
3.05,8.66,0.00, 0.00
2.28,8.49,0.00, 0.00
2.28,8.49,0.00, 0.00
1.54,8.27,0.00, 0.00
1.10,8.10,0.00, 0.00
0.98,7.90,0.00, 0.00
1.10,7.70,5.91, 0.00
1.23,7.47,6.49, 0.00
1.21,7.24,0.00, 0.00
1.16,6.98,0.00, 0.00
1.19,6.75,1.48, 0.00
1.28,6.55,4.46, 0.00
1.32,6.39,2.04, 0.00
1.25,6.23,0.00, 0.00
1.25,6.23,0.00, 0.00
1.05,6.07,0.00, 0.00
0.80,5.90,0.00, 0.00
0.31,5.66,0.00, 0.00
0.00,5.39,0.00, 0.00
0.00,5.06,0.00, 0.00
0.00,4.79,0.00, 0.00
0.00,4.79,0.00, 0.00
0.00,4.49,0.00, 0.00
0.00,4.27,0.00, 0.00
0.80,4.07,39.41, 0.00
1.12,3.87,16.34, 0.00
0.27,3.72,0.00, 0.00
0.00,3.51,0.00, 0.00
0.00,3.51,0.00, 0.00
0.40,3.29,19.71, 0.00
0.47,3.10,3.74, 0.00
0.47,3.10,3.74, 0.00
0.47,3.10,3.74, 0.00
0.06,2.95,0.00, 0.00
0.00,2.76,0.00, 0.00
0.00,2.76,0.00, 0.00
0.00,2.58,0.00, 0.00
0.00,2.13,0.00, 0.00
0.00,1.92,0.00, 0.00
0.04,1.67,1.97, 0.00
0.09,1.41,2.49, 0.00
0.06,1.14,0.00, 0.00
0.15,0.88,4.43, 0.00
0.27,0.64,5.98, 0.00
0.27,0.44,0.09, 0.00
0.33,0.28,2.96, 0.00
0.33,0.28,2.96, 0.00
0.40,0.15,3.49, 0.00
0.00,0.12,0.00, 0.00
0.00,0.07,0.00, 0.00
0.00,0.07,0.00, 0.00
0.00,0.07,0.00, 0.00
0.00,0.05,0.00, 0.00
0.00,0.05,0.00, 0.25
0.00,0.05,0.00, 0.00
0.00,0.04,0.00, 0.00
0.00,0.05,0.00, 1.00
0.00,0.06,0.00, 0.25
0.00,0.07,0.00, 0.50
0.00,0.06,0.00, 0.00
0.00,0.06,0.00, 0.00
0.00,0.06,0.00, 0.00
0.00,0.06,0.00, 0.00
0.00,0.06,0.00, 0.00
0.00,0.06,0.00, 0.00
0.00,0.05,0.00, 0.00
0.00,0.05,0.00, 0.50
0.00,0.05,0.00, 0.00
0.00,0.05,0.00, 0.00
0.00,0.05,0.00, 0.00
0.00,0.05,0.00, 0.00
0.00,0.05,0.00, 0.00
0.00,0.05,0.00, 0.50
0.00,0.06,0.00, 0.25
0.00,0.11,0.00, 2.74
0.00,0.17,0.00, 2.75
0.00,0.16,0.00, 0.00
0.00,0.14,0.00, 0.00
0.00,0.11,0.00, 0.00
0.00,0.12,0.00, 0.50
0.00,0.13,0.00, 1.00
0.00,0.13,0.00, 1.00
0.00,0.17,0.00, 2.00
0.00,0.20,0.00, 1.25
0.00,0.22,0.00, 1.00
0.00,0.25,0.00, 1.75
0.00,0.30,0.00, 2.25
0.00,0.35,0.00, 2.50
0.00,0.41,0.00, 3.00
0.00,0.44,0.00, 1.75
0.00,0.49,0.00, 2.00
0.00,0.52,0.00, 2.00
0.00,0.59,0.00, 3.00
0.00,0.64,0.00, 3.00
0.00,0.71,0.00, 3.50
0.00,0.75,0.00, 2.01
0.00,0.75,0.00, 2.01
0.00,0.81,0.00, 3.00
0.00,0.94,0.00, 6.24
0.00,1.09,0.00, 7.25
0.00,1.31,0.00, 10.99
0.00,1.62,0.00, 15.48
0.00,2.00,0.00, 19.49
0.00,2.40,0.00, 19.75
0.00,2.80,0.00, 19.75
0.00,3.28,0.00, 23.98
0.00,3.28,0.00, 23.98
0.00,3.28,0.00, 23.98
0.00,3.28,0.00, 23.98
0.00,3.81,0.00, 26.74
0.04,4.40,1.97, 29.74
0.42,5.03,18.75, 31.00
0.89,5.60,23.43, 28.51
1.34,6.15,22.51, 28.00
1.75,6.74,20.53, 29.25
2.13,7.28,19.02, 27.01
2.51,7.81,19.00, 26.75
2.76,8.30,12.60, 24.26
3.00,8.74,12.01, 22.01
3.34,9.05,16.93, 15.52
3.38,9.31,2.22, 13.01
3.38,9.54,0.03, 11.51
3.38,9.70,0.00, 8.26
3.38,9.70,0.00, 8.26
3.38,9.70,0.00, 8.26
3.41,9.81,1.48, 5.26
3.41,9.81,0.02, 0.02
3.38,9.81,0.00, 0.00
3.41,9.81,1.48, 0.00
3.38,9.81,0.00, 0.00
3.38,9.81,0.00, 0.00
3.41,9.81,1.48, 0.00
3.41,9.81,0.02, 0.00
3.41,9.81,0.00, 0.00
3.41,9.81,0.00, 0.00
3.41,9.81,0.00, 0.00
3.41,9.81,0.00, 0.00
3.41,9.81,0.00, 0.00
3.41,9.81,0.00, 0.00
3.41,9.81,0.00, 0.00
3.41,9.81,0.00, 0.00
3.43,9.81,0.99, 0.00
3.43,9.81,0.01, 0.00
3.43,9.81,0.01, 0.00
3.41,9.81,0.00, 0.00
3.43,9.81,0.99, 0.00
3.43,9.81,0.01, 0.00
3.43,9.81,0.00, 0.00
3.43,9.81,0.00, 0.00
3.43,9.81,0.00, 0.00
3.43,9.81,0.00, 0.00
3.43,9.81,0.00, 0.00
3.43,9.81,0.00, 0.00
3.43,9.81,0.00, 0.00
3.43,9.81,0.00, 0.00
3.43,9.81,0.00, 0.00
3.43,9.81,0.00, 0.00
3.43,9.81,0.00, 0.00
3.45,9.81,0.99, 0.00
3.45,9.81,0.99, 0.00
3.43,9.81,0.00, 0.00
3.43,9.81,0.00, 0.00
3.43,9.81,0.00, 0.00
3.43,9.81,0.00, 0.00
3.43,9.81,0.00, 0.00
3.43,9.81,0.00, 0.00
3.43,9.81,0.00, 0.00
3.43,9.81,0.00, 0.00
3.43,9.81,0.00, 0.00
3.43,9.81,0.00, 0.00
3.43,9.81,0.00, 0.00
3.43,9.81,0.00, 0.00
3.43,9.81,0.00, 0.00
3.43,9.81,0.00, 0.00
3.43,9.81,0.00, 0.00
3.43,9.81,0.00, 0.00
3.45,9.81,0.99, 0.00
3.43,9.81,0.00, 0.00
3.43,9.81,0.00, 0.00
3.43,9.81,0.00, 0.00
3.43,9.81,0.00, 0.00
3.45,9.81,0.99, 0.00
3.43,9.81,0.00, 0.00
3.45,9.81,0.99, 0.00
3.45,9.81,0.01, 0.00
3.45,9.81,0.00, 0.00
3.45,9.81,0.00, 0.00
3.45,9.81,0.00, 0.00
3.45,9.81,0.00, 0.00
3.45,9.81,0.00, 0.00
3.43,9.81,0.00, 0.00
3.45,9.81,0.99, 0.00
3.45,9.81,0.01, 0.00
3.43,9.81,0.00, 0.00
3.45,9.81,0.99, 0.00
3.43,9.81,0.00, 0.00
3.45,9.81,0.99, 0.00
3.43,9.81,0.00, 0.00
3.45,9.81,0.99, 0.00
3.45,9.81,0.99, 0.00
3.45,9.81,0.99, 0.00
3.45,9.81,0.01, 0.00
3.45,9.81,0.00, 0.00
3.45,9.81,0.00, 0.00
3.45,9.81,0.00, 0.00
3.45,9.81,0.00, 0.00
3.43,9.81,0.00, 0.00
3.45,9.81,0.99, 0.00
3.45,9.81,0.01, 0.00
3.45,9.81,0.00, 0.00
3.45,9.81,0.00, 0.00
3.45,9.81,0.00, 0.00
3.45,9.81,0.00, 0.00
3.45,9.81,0.00, 0.00
3.45,9.81,0.00, 0.00
3.43,9.81,0.00, 0.00
3.43,9.81,0.00, 0.00
3.43,9.81,0.00, 0.00
3.45,9.81,0.99, 0.00
3.45,9.81,0.01, 0.00
3.45,9.81,0.00, 0.00
3.45,9.81,0.00, 0.00
3.45,9.81,0.00, 0.00
3.45,9.81,0.00, 0.00
3.45,9.81,0.00, 0.00
3.45,9.81,0.00, 0.00
3.45,9.81,0.00, 0.00
3.45,9.81,0.00, 0.00
3.45,9.81,0.00, 0.00
3.45,9.81,0.00, 0.00
3.45,9.81,0.00, 0.00
3.45,9.81,0.00, 0.00
3.45,9.81,0.00, 0.00
0.00,9.81,0.00, 0.00
0.00,9.81,0.00, 0.00
0.00,9.81,0.00, 0.00
0.00,9.81,0.00, 0.00
0.00,9.81,0.00, 0.00
0.00,9.81,0.00, 0.00
2.91,9.81,143.36, 0.00
3.63,9.81,37.58, 0.00
3.65,9.77,1.54, 0.00
3.41,9.59,0.00, 0.00
2.35,9.26,0.00, 0.00
0.02,8.88,0.00, 0.00
0.02,8.88,0.00, 0.00
0.00,8.49,0.00, 0.00
0.00,8.18,0.00, 0.00
0.00,7.84,0.00, 0.00
0.00,7.84,0.00, 0.00
0.96,7.59,47.29, 0.00
0.87,7.36,0.00, 0.00
0.00,7.06,0.00, 0.00
0.00,6.72,0.00, 0.00
0.00,6.36,0.00, 0.00
0.00,6.06,0.00, 0.00
0.00,6.06,0.00, 0.00
0.00,5.72,0.00, 0.00
0.00,5.33,0.00, 0.00
0.00,4.87,0.00, 0.00
0.00,4.34,0.00, 0.00
0.00,3.81,0.00, 0.00
0.00,3.31,0.00, 0.00
0.00,2.82,0.00, 0.00
0.00,2.42,0.00, 0.00
0.00,2.07,0.00, 0.00
0.00,2.07,0.00, 0.00
0.00,1.69,0.00, 0.00
0.00,1.38,0.00, 0.00
0.00,1.10,0.00, 0.00
0.00,0.86,0.00, 0.00
0.00,0.64,0.00, 0.00
0.00,0.44,0.00, 0.00
0.00,0.44,0.00, 0.00
0.00,0.30,0.00, 0.00
0.00,0.19,0.00, 0.00
0.00,0.12,0.00, 0.00
0.00,0.09,0.00, 0.00
0.00,0.07,0.00, 0.00
0.00,0.05,0.00, 0.00
0.00,0.05,0.00, 0.00
0.00,0.05,0.00, 0.00
0.00,0.05,0.00, 0.00
0.00,0.05,0.00, 0.50
0.00,0.05,0.00, 0.50
0.00,0.05,0.00, 0.50
0.00,0.05,0.00, 0.50
0.00,0.05,0.00, 0.50
0.00,0.05,0.00, 0.50
0.00,0.05,0.00, 0.50
0.00,0.06,0.00, 0.25
0.00,0.06,0.00, 0.25
0.00,0.06,0.00, 0.25
0.00,0.06,0.00, 0.25
0.00,0.06,0.00, 0.25
0.00,0.06,0.00, 0.25
0.00,0.06,0.00, 0.25
0.00,0.06,0.00, 0.25
0.00,0.06,0.00, 0.25
0.00,0.06,0.00, 0.00
0.00,0.06,0.00, 0.00
0.00,0.05,0.00, 0.00
0.00,0.05,0.00, 0.00
0.00,0.05,0.00, 0.50
0.00,0.06,0.00, 0.25
0.00,0.05,0.00, 0.00
0.00,0.05,0.00, 0.50
0.00,0.06,0.00, 0.25
0.00,0.06,0.00, 0.00
0.00,0.06,0.00, 0.00
0.00,0.05,0.00, 0.00
0.00,0.06,0.00, 1.00
0.00,0.05,0.00, 0.00
0.00,0.09,0.00, 1.74
0.00,0.13,0.00, 2.00
0.00,0.13,0.00, 2.00
0.00,0.14,0.00, 0.51
0.00,0.16,0.00, 1.25
0.00,0.16,0.00, 0.00
0.00,0.17,0.00, 0.50
0.00,0.19,0.00, 0.50
0.00,0.28,0.00, 4.73
0.00,0.28,0.00, 4.73
0.00,0.28,0.00, 4.73
0.00,0.28,0.00, 4.73
0.00,0.46,0.00, 8.98
0.00,0.46,0.00, 8.98
0.00,0.63,0.00, 8.50
0.00,0.84,0.00, 10.49
0.00,1.22,0.00, 19.22
0.00,1.41,0.00, 9.54
0.00,1.66,0.00, 12.49
0.00,1.90,0.00, 12.00
0.00,2.12,0.00, 10.75
0.15,2.35,7.39, 11.25
0.33,2.62,8.98, 13.49
0.04,2.89,0.00, 13.75
0.20,3.15,7.88, 13.25
0.51,3.46,15.39, 15.24
0.76,3.80,12.54, 16.99
0.89,4.17,6.59, 18.49
0.89,4.17,6.59, 18.49
0.89,4.17,6.59, 18.49
0.89,4.17,6.59, 18.49
1.01,4.61,6.01, 22.24
1.05,5.11,2.06, 24.99
1.14,5.62,4.46, 25.25
1.34,6.11,9.92, 24.75
1.75,6.63,20.34, 25.75
2.28,7.18,26.41, 27.74
2.76,7.68,24.04, 24.76
3.36,8.69,29.91, 50.41
3.36,9.02,0.44, 16.87
3.38,9.24,0.99, 11.02
3.38,9.36,0.01, 5.77
3.38,9.43,0.00, 3.26
3.41,9.51,1.48, 4.00
3.41,9.60,0.02, 4.75
3.41,9.67,0.00, 3.50
3.41,9.67,0.00, 3.50
3.41,9.75,0.00, 3.75
3.41,9.81,0.00, 3.00
3.41,9.81,0.00, 0.26
3.41,9.81,0.00, 0.00
3.41,9.81,0.00, 0.00
3.41,9.81,0.00, 0.00
3.41,9.81,0.00, 0.00
3.43,9.81,0.99, 0.00
3.43,9.81,0.01, 0.00
3.41,9.81,0.00, 0.00
3.43,9.80,0.99, 0.00
3.43,9.80,0.99, 0.00
3.43,9.81,0.01, 0.50
3.43,9.81,0.00, 0.00
3.43,9.81,0.00, 0.00
3.43,9.79,0.00, 0.00
3.43,9.81,0.00, 1.00
3.43,9.81,0.00, 0.00
3.43,9.81,0.00, 0.00
3.45,9.81,0.99, 0.00
3.43,9.81,0.00, 0.00
3.43,9.81,0.00, 0.00
3.45,9.81,0.99, 0.00
3.45,9.81,0.99, 0.00
3.45,9.81,0.99, 0.00
3.45,9.81,0.99, 0.00
3.43,9.81,0.00, 0.00
3.45,9.81,0.99, 0.00
3.43,9.81,0.00, 0.00
3.43,9.81,0.00, 0.00
3.43,9.81,0.00, 0.00
3.43,9.81,0.00, 0.00
3.43,9.81,0.00, 0.00
3.43,9.81,0.00, 0.00
3.43,9.81,0.00, 0.00
3.43,9.81,0.00, 0.00
3.45,9.81,0.99, 0.00
3.43,9.81,0.00, 0.00
3.43,9.81,0.00, 0.00
3.43,9.81,0.00, 0.00
3.45,9.81,0.99, 0.00
3.43,9.81,0.00, 0.00
3.45,9.81,0.99, 0.00
3.45,9.81,0.01, 0.00
3.45,9.81,0.00, 0.00
3.43,9.81,0.00, 0.00
3.45,9.81,0.99, 0.00
3.43,9.81,0.00, 0.00
3.43,9.81,0.00, 0.00
3.45,9.81,0.99, 0.00
3.45,9.81,0.01, 0.00
3.45,9.81,0.01, 0.00
3.45,9.81,0.01, 0.00
3.45,9.81,0.00, 0.00
3.45,9.81,0.00, 0.00
3.45,9.81,0.00, 0.00
3.45,9.81,0.00, 0.00
3.45,9.81,0.00, 0.00
3.45,9.81,0.00, 0.00
3.45,9.81,0.00, 0.00
3.45,9.81,0.00, 0.00
3.45,9.81,0.00, 0.00
3.45,9.81,0.00, 0.00
3.45,9.81,0.00, 0.00
3.45,9.81,0.00, 0.00
3.45,9.81,0.00, 0.00
3.45,9.81,0.00, 0.00
3.45,9.81,0.00, 0.00
3.45,9.81,0.00, 0.00
3.45,9.81,0.00, 0.00
3.45,9.81,0.00, 0.00
3.47,9.81,0.99, 0.00
3.45,9.81,0.00, 0.00
3.45,9.81,0.00, 0.00
3.45,9.81,0.00, 0.00
3.45,9.81,0.00, 0.00
3.45,9.81,0.00, 0.00
3.45,9.81,0.00, 0.00
3.45,9.81,0.00, 0.00
3.45,9.81,0.00, 0.00
3.45,9.81,0.00, 0.00
3.45,9.81,0.00, 0.00
3.45,9.81,0.00, 0.00
3.47,9.81,0.99, 0.00
3.45,9.81,0.00, 0.00
3.45,9.81,0.00, 0.00
3.45,9.81,0.00, 0.00
3.47,9.81,0.99, 0.00
3.45,9.81,0.00, 0.00
3.47,9.81,0.99, 0.00
3.45,9.81,0.00, 0.00
3.47,9.81,0.99, 0.00
3.47,9.81,0.01, 0.00
3.45,9.74,0.00, 0.00
3.45,9.57,0.00, 0.00
3.45,9.57,0.00, 0.00
0.00,9.34,0.00, 0.00
0.00,9.09,0.00, 0.00
0.00,9.09,0.00, 0.00
0.00,9.09,0.00, 0.00
0.00,9.00,0.00, 0.00
2.13,8.88,104.93, 0.00
3.52,8.78,70.02, 0.00
3.45,8.64,0.00, 0.00
3.29,8.43,0.00, 0.00
2.42,8.10,0.00, 0.00
0.78,7.71,0.00, 0.00
0.00,7.28,0.00, 0.00
0.00,6.95,0.00, 0.00
0.00,6.66,0.00, 0.00
0.00,6.40,0.00, 0.00
0.83,6.15,40.89, 0.00
0.83,6.15,40.89, 0.00
0.83,6.15,40.89, 0.00
0.45,5.84,0.00, 0.00
0.00,5.57,0.00, 0.00
0.00,5.30,0.00, 0.00
0.00,5.03,0.00, 0.00
0.00,4.68,0.00, 0.00
0.00,4.34,0.00, 0.00
0.00,3.90,0.00, 0.00
0.00,3.43,0.00, 0.00
0.00,2.97,0.00, 0.00
0.00,2.51,0.00, 0.00
0.00,2.07,0.00, 0.00
0.00,1.63,0.00, 0.00
0.00,1.25,0.00, 0.00
0.00,1.25,0.00, 0.00
0.00,1.25,0.00, 0.00
0.00,1.25,0.00, 0.00
0.00,1.25,0.00, 0.00
0.00,1.25,0.00, 0.00
0.00,1.25,0.00, 0.00
0.00,1.25,0.00, 0.00
0.00,1.25,0.00, 0.00
0.00,0.81,0.00, 0.00
0.00,0.42,0.00, 0.00
0.33,0.09,16.26, 0.00
0.00,0.05,0.00, 0.00
0.00,0.03,0.00, 0.00
0.00,0.05,0.00, 1.49
0.00,0.08,0.00, 1.25
0.00,0.07,0.00, 0.00
0.00,0.07,0.00, 0.00
0.00,0.07,0.00, 0.00
0.00,0.06,0.00, 0.00
0.00,0.06,0.00, 0.00
0.00,0.06,0.00, 0.00
0.00,0.08,0.00, 1.00
0.00,0.09,0.00, 0.75
0.00,0.09,0.00, 0.75
0.00,0.09,0.00, 0.00
0.00,0.09,0.00, 0.00
0.00,0.07,0.00, 0.00
0.00,0.06,0.00, 0.00
0.00,0.06,0.00, 0.00
0.00,0.06,0.00, 0.00
0.00,0.05,0.00, 0.00
0.00,0.04,0.00, 0.00
0.00,0.04,0.00, 0.00
0.00,0.04,0.00, 0.00
0.00,0.05,0.00, 0.50
0.00,0.05,0.00, 0.00
0.00,0.04,0.00, 0.00
0.00,0.05,0.00, 0.50
0.00,0.05,0.00, 0.50
0.00,0.05,0.00, 0.00
0.00,0.05,0.00, 0.50
0.00,0.06,0.00, 0.25
0.00,0.05,0.00, 0.00
0.00,0.05,0.00, 0.00
0.00,0.05,0.00, 0.00
0.00,0.05,0.00, 0.00
0.00,0.05,0.00, 0.00
0.00,0.05,0.00, 0.50
0.00,0.05,0.00, 0.00
0.00,0.05,0.00, 0.00
0.00,0.05,0.00, 0.00
0.00,0.05,0.00, 0.00
0.00,0.05,0.00, 0.00
0.00,0.05,0.00, 0.00
0.00,0.05,0.00, 0.00
0.00,0.05,0.00, 0.00
0.00,0.05,0.00, 0.00
0.00,0.05,0.00, 0.50
0.00,0.17,0.00, 5.73
0.00,0.17,0.00, 5.73
0.00,0.17,0.00, 5.73
0.00,0.17,0.00, 5.73
0.00,0.42,0.00, 12.48
0.00,0.69,0.00, 13.25
0.00,0.94,0.00, 12.50
0.00,1.15,0.00, 10.76
0.00,1.39,0.00, 12.24
0.00,1.58,0.00, 9.01
0.00,1.75,0.00, 9.00
0.00,1.92,0.00, 8.25
0.00,2.10,0.00, 9.00
0.00,2.28,0.00, 9.00
0.00,2.47,0.00, 9.50
0.00,2.70,0.00, 11.24
0.00,2.93,0.00, 11.75
0.00,3.18,0.00, 12.75
0.00,3.41,0.00, 11.26
0.00,3.74,0.00, 16.48
0.00,4.14,0.00, 19.74
0.00,4.59,0.00, 22.49
0.15,5.04,7.39, 22.75
0.58,5.53,21.29, 24.74
0.89,6.08,15.59, 27.24
1.23,6.64,16.98, 28.00
1.54,7.24,15.52, 29.74
1.88,7.76,16.98, 26.01
2.24,8.23,17.98, 23.51
2.55,8.63,15.54, 20.26
2.89,8.95,16.98, 16.26
3.29,9.26,19.96, 15.50
3.29,9.26,19.96, 15.50
3.29,9.26,19.96, 15.50
3.38,9.54,4.73, 13.76
3.38,9.74,0.07, 10.01
3.38,9.81,0.00, 3.52
3.41,9.81,1.48, 0.01
3.41,9.81,0.02, 0.00
3.41,9.81,0.00, 0.00
3.41,9.81,0.00, 0.00
3.41,9.81,0.00, 0.00
3.43,9.81,0.99, 0.00
3.43,9.81,0.01, 0.00
3.43,9.81,0.00, 0.00
3.43,9.81,0.00, 0.00
3.43,9.81,0.00, 0.00
3.43,9.81,0.00, 0.00
3.43,9.81,0.00, 0.00
3.45,9.81,0.99, 0.00
3.43,9.81,0.00, 0.00
3.43,9.81,0.00, 0.00
3.45,9.81,0.99, 0.00
3.45,9.81,0.01, 0.00
3.45,9.81,0.00, 0.00
3.43,9.81,0.00, 0.00
3.43,9.81,0.00, 0.00
3.45,9.81,0.99, 0.00
3.45,9.81,0.01, 0.00
3.45,9.81,0.00, 0.00
3.45,9.81,0.00, 0.00
3.45,9.81,0.00, 0.00
3.45,9.81,0.00, 0.00
3.45,9.81,0.00, 0.00
3.45,9.81,0.00, 0.00
3.45,9.81,0.00, 0.00
3.45,9.81,0.00, 0.00
3.45,9.81,0.00, 0.00
3.45,9.81,0.00, 0.00
3.45,9.81,0.00, 0.00
3.45,9.81,0.00, 0.00
3.45,9.81,0.00, 0.00
3.43,9.81,0.00, 0.00
3.45,9.81,0.99, 0.00
3.45,9.81,0.99, 0.00
3.45,9.81,0.01, 0.00
3.43,9.81,0.00, 0.00
3.43,9.81,0.00, 0.00
3.45,9.81,0.99, 0.00
3.45,9.81,0.01, 0.00
3.45,9.81,0.00, 0.00
3.45,9.81,0.00, 0.00
3.45,9.81,0.00, 0.00
3.45,9.81,0.00, 0.00
3.45,9.81,0.00, 0.00
3.45,9.81,0.00, 0.00
3.45,9.81,0.00, 0.00
3.45,9.81,0.00, 0.00
3.45,9.81,0.00, 0.00
3.45,9.81,0.00, 0.00
3.45,9.81,0.00, 0.00
3.45,9.81,0.00, 0.00
3.45,9.81,0.00, 0.00
3.45,9.81,0.00, 0.00
3.45,9.81,0.00, 0.00
3.47,9.81,0.99, 0.00
3.45,9.81,0.00, 0.00
3.47,9.81,0.99, 0.00
3.47,9.81,0.99, 0.00
3.45,9.81,0.00, 0.00
3.45,9.81,0.00, 0.00
3.45,9.81,0.00, 0.00
3.45,9.81,0.00, 0.00
3.45,9.81,0.00, 0.00
3.45,9.81,0.00, 0.00
3.45,9.81,0.00, 0.00
3.47,9.81,0.99, 0.00
3.47,9.81,0.01, 0.00
3.47,9.81,0.00, 0.00
3.45,9.81,0.00, 0.00
3.47,9.81,0.99, 0.00
3.47,9.81,0.01, 0.00
3.47,9.81,0.00, 0.00
3.47,9.81,0.00, 0.00
3.47,9.81,0.00, 0.00
3.47,9.81,0.00, 0.00
3.47,9.81,0.00, 0.00
3.47,9.81,0.00, 0.00
3.47,9.81,0.00, 0.00
3.47,9.81,0.00, 0.00
3.47,9.81,0.00, 0.00
3.45,9.81,0.00, 0.00
3.47,9.81,0.99, 0.00
3.45,9.81,0.00, 0.00
3.47,9.81,0.99, 0.00
3.45,9.81,0.00, 0.00
3.45,9.81,0.00, 0.00
3.45,9.81,0.00, 0.00
3.45,9.81,0.00, 0.00
3.45,9.61,0.00, 0.00
3.45,9.61,0.00, 0.00
3.47,9.45,0.99, 0.00
3.45,9.29,0.00, 0.00
3.45,9.11,0.00, 0.00
3.47,8.90,0.99, 0.00
3.47,8.90,0.99, 0.00
3.47,8.71,0.01, 0.00
3.47,8.55,0.00, 0.00
0.00,8.27,0.00, 0.00
0.00,8.01,0.00, 0.00
0.00,7.97,0.00, 0.00
0.00,7.97,0.00, 0.25
2.35,7.99,115.77, 1.00
3.56,8.03,61.31, 2.00
3.52,8.02,0.00, 0.00
3.52,8.02,0.00, 0.00
3.52,8.02,0.00, 0.00
3.52,8.02,0.00, 0.00
3.47,7.97,0.00, 0.00
3.50,7.80,1.48, 0.00
3.47,7.52,0.00, 0.00
1.75,7.14,0.00, 0.00
0.00,6.69,0.00, 0.00
0.00,6.20,0.00, 0.00
0.00,6.20,0.00, 0.00
0.00,5.76,0.00, 0.00
0.00,5.40,0.00, 0.00
0.00,5.07,0.00, 0.00
0.00,4.66,0.00, 0.00
0.00,4.26,0.00, 0.00
0.00,3.80,0.00, 0.00
0.00,3.31,0.00, 0.00
0.00,2.83,0.00, 0.00
0.00,2.36,0.00, 0.00
0.00,1.90,0.00, 0.00
0.00,1.48,0.00, 0.00
0.00,1.11,0.00, 0.00
0.00,0.79,0.00, 0.00
0.00,0.53,0.00, 0.00
0.00,0.53,0.00, 0.00
0.00,0.53,0.00, 0.00
0.00,0.32,0.00, 0.00
0.00,0.14,0.00, 0.00
0.00,0.08,0.00, 0.00
0.00,0.05,0.00, 0.00
0.00,0.05,0.00, 0.50
0.00,0.05,0.00, 0.00
0.00,0.05,0.00, 0.00
0.00,0.05,0.00, 0.00
0.00,0.05,0.00, 0.50
0.00,0.06,0.00, 0.25
0.00,0.06,0.00, 0.00
0.00,0.06,0.00, 0.00
0.00,0.06,0.00, 0.00
0.00,0.06,0.00, 0.00
0.00,0.06,0.00, 0.00
0.00,0.06,0.00, 0.00
0.00,0.06,0.00, 0.00
0.00,0.06,0.00, 0.00
0.00,0.05,0.00, 0.00
0.00,0.05,0.00, 0.50
0.00,0.07,0.00, 0.75
0.00,0.05,0.00, 0.00
0.00,0.05,0.00, 0.00
0.00,0.05,0.00, 0.00
0.00,0.05,0.00, 0.50
0.00,0.06,0.00, 0.25
0.00,0.06,0.00, 0.00
0.00,0.06,0.00, 0.00
0.00,0.06,0.00, 0.00
0.00,0.06,0.00, 0.00
0.00,0.06,0.00, 0.00
0.00,0.06,0.00, 0.00
0.00,0.06,0.00, 0.00
0.00,0.06,0.00, 0.00
0.00,0.05,0.00, 0.00
0.00,0.05,0.00, 0.00
0.00,0.05,0.00, 0.00
0.00,0.05,0.00, 0.00
0.00,0.05,0.00, 0.00
0.00,0.05,0.00, 0.00
0.00,0.05,0.00, 0.00
0.00,0.05,0.00, 0.00
0.00,0.05,0.00, 0.00
0.00,0.05,0.00, 0.00
0.00,0.05,0.00, 0.50
0.00,0.06,0.00, 0.25
0.00,0.06,0.00, 0.00
0.00,0.06,0.00, 0.00
0.00,0.06,0.00, 0.00
0.00,0.06,0.00, 0.00
0.00,0.06,0.00, 0.00
0.00,0.06,0.00, 0.00
0.00,0.05,0.00, 0.00
0.00,0.05,0.00, 0.00
0.00,0.05,0.00, 0.00
0.00,0.06,0.00, 1.00
0.00,0.15,0.00, 4.24
0.00,0.19,0.00, 2.26
0.00,0.28,0.00, 3.99
0.00,0.43,0.00, 7.49
0.00,0.43,0.00, 7.49
0.00,0.70,0.00, 13.73
0.00,0.96,0.00, 13.00
0.00,1.18,0.00, 11.26
0.00,1.41,0.00, 11.50
0.00,1.67,0.00, 12.99
0.00,1.95,0.00, 13.75
0.00,1.95,0.00, 13.75
0.00,2.27,0.00, 15.99
0.04,2.58,1.97, 15.50
0.22,2.91,8.90, 16.75
0.29,3.26,3.58, 17.00
0.38,3.61,4.49, 17.75
0.54,3.97,7.95, 18.00
0.54,3.97,7.95, 18.00
0.80,4.37,12.93, 19.99
0.80,4.37,12.93, 19.99
1.05,4.85,12.51, 23.74
1.30,5.31,12.50, 23.25
1.72,5.77,20.87, 22.75
2.26,6.11,26.91, 17.52
2.76,6.36,25.03, 12.27
3.14,6.57,19.09, 10.51
3.34,6.76,10.13, 9.50
3.36,6.93,1.13, 8.25
3.36,7.08,0.02, 7.75
3.38,7.24,0.99, 8.00
3.38,7.39,0.01, 7.75
3.38,7.39,0.01, 7.75
3.41,7.57,1.48, 8.75
3.38,7.74,0.00, 8.25
3.38,7.93,0.00, 9.50
3.41,8.10,1.48, 9.00
3.41,8.30,0.02, 9.50
3.41,8.47,0.00, 8.50
3.41,8.47,0.00, 8.50
3.43,8.62,0.99, 7.75
3.41,8.78,0.00, 8.25
3.43,8.94,0.99, 8.00
3.41,9.11,0.00, 8.25
3.41,9.23,0.00, 6.01
3.43,9.35,0.99, 6.00
3.43,9.35,0.99, 6.00
3.43,9.41,0.01, 3.01
3.43,9.49,0.00, 3.75
3.43,9.62,0.00, 6.74
3.43,9.69,0.00, 3.76
3.45,9.74,0.99, 2.01
3.45,9.74,0.99, 2.01
3.45,9.74,0.99, 2.01
3.43,9.77,0.00, 1.75
3.43,9.81,0.00, 1.75
3.45,9.81,0.99, 0.26
3.45,9.81,0.01, 0.00
3.43,9.81,0.00, 0.00
3.45,9.81,0.99, 0.00
3.45,9.81,0.01, 0.00
3.45,9.81,0.00, 0.00
3.45,9.81,0.00, 0.00
3.45,9.81,0.00, 0.00
3.45,9.81,0.00, 0.00
3.45,9.81,0.00, 0.00
3.45,9.81,0.00, 0.00
3.45,9.81,0.00, 0.00
3.45,9.81,0.00, 0.00
3.45,9.81,0.00, 0.00
3.43,9.81,0.00, 0.00
3.43,9.81,0.00, 0.00
3.45,9.81,0.99, 0.00
3.45,9.81,0.01, 0.00
3.45,9.81,0.00, 0.00
3.45,9.81,0.00, 0.00
3.45,9.81,0.00, 0.00
3.45,9.81,0.00, 0.00
3.43,9.81,0.00, 0.00
3.45,9.81,0.99, 0.00
3.45,9.81,0.01, 0.00
3.45,9.81,0.00, 0.00
3.45,9.81,0.00, 0.00
3.45,9.81,0.00, 0.00
3.45,9.81,0.00, 0.00
3.45,9.81,0.00, 0.00
3.45,9.81,0.00, 0.00
3.45,9.81,0.00, 0.00
3.45,9.81,0.00, 0.00
3.47,9.81,0.99, 0.00
3.45,9.81,0.00, 0.00
3.47,9.81,0.99, 0.00
3.45,9.81,0.00, 0.00
3.47,9.81,0.99, 0.00
3.47,9.81,0.01, 0.00
3.47,9.81,0.01, 0.00
3.45,9.81,0.00, 0.00
3.45,9.81,0.00, 0.00
3.47,9.81,0.99, 0.00
3.45,9.81,0.00, 0.00
3.47,9.81,0.99, 0.00
3.47,9.81,0.01, 0.00
3.45,9.81,0.00, 0.00
3.47,9.81,0.99, 0.00
3.45,9.81,0.00, 0.00
3.47,9.81,0.99, 0.00
3.47,9.81,0.99, 0.00
3.47,9.81,0.01, 0.00
3.47,9.81,0.00, 0.00
3.47,9.81,0.00, 0.00
3.47,9.81,0.00, 0.00
3.47,9.81,0.00, 0.00
3.47,9.81,0.00, 0.00
3.47,9.81,0.00, 0.00
3.47,9.81,0.00, 0.00
3.47,9.81,0.00, 0.00
3.47,9.81,0.00, 0.00
3.47,9.81,0.00, 0.00
3.47,9.81,0.00, 0.00
3.45,9.81,0.00, 0.00
3.45,9.81,0.00, 0.00
3.47,9.81,0.99, 0.00
3.47,9.81,0.01, 0.00
3.47,9.81,0.00, 0.00
3.47,9.81,0.00, 0.00
3.45,9.81,0.00, 0.00
3.47,9.81,0.99, 0.00
3.47,9.81,0.99, 0.00
3.47,9.81,0.01, 0.00
3.47,9.81,0.00, 0.00
3.45,9.81,0.00, 0.00
3.47,9.81,0.99, 0.00
3.47,9.81,0.01, 0.00
3.47,9.81,0.00, 0.00
3.47,9.81,0.00, 0.00
3.47,9.81,0.00, 0.00
3.47,9.81,0.00, 0.00
3.47,9.81,0.00, 0.00
3.47,9.81,0.00, 0.00
3.47,9.81,0.00, 0.00
3.47,9.81,0.00, 0.00
2.08,9.81,0.00, 0.00
1.61,9.81,0.00, 0.00
2.49,9.81,43.35, 0.00
3.18,9.81,34.63, 0.00
3.25,9.81,3.96, 0.00
3.07,9.81,0.00, 0.00
2.96,9.81,0.00, 0.00
2.58,9.81,0.00, 0.00
2.24,9.81,0.00, 0.00
1.86,9.81,0.00, 0.00
1.86,9.81,0.00, 0.00
1.48,9.81,0.00, 0.00
1.10,9.81,0.00, 0.00
0.92,9.69,0.00, 0.00
1.01,9.49,4.43, 0.00
1.23,9.29,10.90, 0.00
1.28,9.10,2.62, 0.00
1.28,9.10,2.62, 0.00
1.07,8.93,0.00, 0.00
0.67,8.80,0.00, 0.00
0.20,8.60,0.00, 0.00
0.00,8.36,0.00, 0.00
0.00,8.08,0.00, 0.00
0.00,7.73,0.00, 0.00
0.00,7.73,0.00, 0.00
0.00,7.38,0.00, 0.00
0.00,6.99,0.00, 0.00
0.00,6.57,0.00, 0.00
0.00,6.20,0.00, 0.00
0.00,5.86,0.00, 0.00
0.00,5.86,0.00, 0.00
0.00,5.86,0.00, 0.00
0.00,5.86,0.00, 0.00
0.00,5.86,0.00, 0.00
0.00,5.86,0.00, 0.00
0.00,5.86,0.00, 0.00
0.00,5.57,0.00, 0.00
0.00,5.57,0.00, 0.00
0.00,5.57,0.00, 0.00
0.00,5.30,0.00, 0.00
0.00,5.30,0.00, 0.00
0.00,4.99,0.00, 0.00
0.00,3.49,0.00, 0.00
0.00,3.14,0.00, 0.00
0.00,2.08,0.00, 0.00
0.00,1.71,0.00, 0.00
0.00,1.37,0.00, 0.00
0.00,1.05,0.00, 0.00
0.00,0.76,0.00, 0.00
0.00,0.54,0.00, 0.00
0.00,0.34,0.00, 0.00
0.00,0.20,0.00, 0.00
0.00,0.20,0.00, 0.00
0.00,0.13,0.00, 0.00
0.00,0.13,0.00, 0.00
0.00,0.11,0.00, 0.00
0.00,0.08,0.00, 0.00
0.00,0.07,0.00, 0.00
0.00,0.07,0.00, 0.00
0.00,0.07,0.00, 0.00
0.00,0.05,0.00, 0.00
0.00,0.06,0.00, 0.25
0.00,0.06,0.00, 0.00
0.00,0.06,0.00, 0.00
0.00,0.06,0.00, 0.00
0.00,0.06,0.00, 0.00
0.00,0.06,0.00, 0.00
0.00,0.06,0.00, 0.00
0.00,0.06,0.00, 0.00
0.00,0.06,0.00, 0.00
0.00,0.06,0.00, 0.00
0.00,0.05,0.00, 0.00
0.00,0.05,0.00, 0.00
0.00,0.05,0.00, 0.00
0.00,0.04,0.00, 0.00
0.00,0.04,0.00, 0.00
0.00,0.05,0.00, 0.50
0.00,0.05,0.00, 0.50
0.00,0.05,0.00, 0.00
0.00,0.05,0.00, 0.00
0.00,0.05,0.00, 0.50
0.00,0.06,0.00, 0.25
0.00,0.06,0.00, 0.25
0.00,0.06,0.00, 0.00
0.00,0.06,0.00, 0.00
0.00,0.05,0.00, 0.00
0.00,0.05,0.00, 0.50
0.00,0.06,0.00, 0.25
0.00,0.04,0.00, 0.00
0.00,0.05,0.00, 0.50
0.00,0.05,0.00, 0.00
0.00,0.05,0.00, 0.00
0.00,0.05,0.00, 0.00
0.00,0.05,0.00, 0.00
0.00,0.05,0.00, 0.00
0.00,0.05,0.00, 0.00
0.00,0.05,0.00, 0.00
0.00,0.07,0.00, 1.25
0.00,0.36,0.00, 14.45
0.00,0.79,0.00, 21.47
0.00,0.79,0.00, 21.47
0.00,0.79,0.00, 21.47
0.00,0.79,0.00, 21.47
0.00,1.20,0.00, 20.50
0.00,1.49,0.00, 14.77
0.00,1.78,0.00, 14.25
0.00,2.79,0.00, 50.37
0.00,3.16,0.00, 18.62
0.11,3.49,5.42, 16.26
0.54,3.78,21.26, 15.00
0.96,4.12,21.00, 16.99
1.32,4.43,18.04, 15.51
1.57,4.78,12.58, 17.24
1.84,5.14,13.49, 17.75
2.13,5.53,14.49, 19.74
2.46,5.92,16.47, 19.50
2.87,6.31,20.44, 19.50
3.23,6.75,18.04, 21.99
3.38,7.11,7.65, 18.26
3.38,7.11,7.65, 18.26
3.36,7.40,0.00, 14.26
3.36,7.40,0.00, 14.26
3.38,7.70,0.99, 15.00
3.38,8.03,0.01, 16.74
3.41,8.36,1.48, 16.50
3.41,8.70,0.02, 16.75
3.41,8.99,0.00, 14.76
3.41,9.27,0.00, 13.75
3.41,9.52,0.00, 12.26
3.41,9.68,0.00, 8.26
3.41,9.77,0.00, 4.26
3.43,9.81,0.99, 2.26
3.43,9.81,0.01, 0.01
3.43,9.81,0.01, 0.01
3.43,9.81,0.00, 0.00
3.43,9.81,0.00, 0.00
3.43,9.81,0.00, 0.00
3.43,9.81,0.00, 0.00
3.43,9.81,0.00, 0.00
3.43,9.81,0.00, 0.00
3.43,9.81,0.00, 0.00
3.43,9.81,0.00, 0.00
3.43,9.81,0.00, 0.00
3.45,9.81,0.99, 0.00
3.43,9.81,0.00, 0.00
3.43,9.81,0.00, 0.00
3.45,9.81,0.99, 0.00
3.43,9.81,0.00, 0.00
3.45,9.81,0.99, 0.00
3.45,9.81,0.01, 0.00
3.45,9.81,0.00, 0.00
3.45,9.81,0.00, 0.00
3.45,9.81,0.00, 0.00
3.45,9.81,0.00, 0.00
3.45,9.81,0.00, 0.00
3.43,9.81,0.00, 0.00
3.45,9.81,0.99, 0.00
3.45,9.81,0.01, 0.00
3.45,9.81,0.01, 0.00
3.45,9.81,0.00, 0.00
3.45,9.81,0.00, 0.00
3.45,9.81,0.00, 0.00
3.45,9.81,0.00, 0.00
3.45,9.81,0.00, 0.00
3.45,9.81,0.00, 0.00
3.45,9.81,0.00, 0.00
3.45,9.81,0.00, 0.00
3.45,9.81,0.00, 0.00
3.45,9.81,0.00, 0.00
3.45,9.81,0.00, 0.00
3.45,9.81,0.00, 0.00
3.45,9.81,0.00, 0.00
3.45,9.81,0.00, 0.00
3.45,9.81,0.00, 0.00
3.45,9.81,0.00, 0.00
3.45,9.81,0.00, 0.00
3.47,9.81,0.99, 0.00
3.47,9.81,0.01, 0.00
3.45,9.81,0.00, 0.00
3.47,9.81,0.99, 0.00
3.47,9.81,0.01, 0.00
3.47,9.81,0.00, 0.00
3.47,9.81,0.00, 0.00
3.47,9.81,0.00, 0.00
3.47,9.81,0.00, 0.00
3.47,9.81,0.00, 0.00
3.45,9.81,0.00, 0.00
3.45,9.81,0.00, 0.00
3.47,9.81,0.99, 0.00
3.47,9.81,0.01, 0.00
3.45,9.81,0.00, 0.00
3.45,9.81,0.00, 0.00
3.47,9.81,0.99, 0.00
3.47,9.81,0.01, 0.00
3.47,9.81,0.00, 0.00
3.45,9.81,0.00, 0.00
3.47,9.81,0.99, 0.00
3.47,9.81,0.01, 0.00
3.45,9.81,0.00, 0.00
3.45,9.81,0.00, 0.00
3.47,9.81,0.99, 0.00
3.47,9.81,0.01, 0.00
3.47,9.81,0.00, 0.00
3.47,9.81,0.00, 0.00
3.47,9.81,0.00, 0.00
3.47,9.81,0.00, 0.00
3.47,9.81,0.00, 0.00
3.47,9.81,0.00, 0.00
3.47,9.81,0.00, 0.00
3.47,9.81,0.00, 0.00
3.47,9.81,0.00, 0.00
3.47,9.81,0.00, 0.00
3.45,9.81,0.00, 0.00
3.47,9.81,0.99, 0.00
3.47,9.81,0.01, 0.00
3.47,9.81,0.00, 0.00
3.47,9.81,0.00, 0.00
3.47,9.81,0.00, 0.00
3.47,9.81,0.00, 0.00
3.47,9.81,0.00, 0.00
3.47,9.81,0.00, 0.00
3.47,9.81,0.00, 0.00
3.47,9.81,0.00, 0.00
3.47,9.81,0.00, 0.00
3.47,9.81,0.00, 0.00
3.47,9.81,0.00, 0.00
3.47,9.81,0.00, 0.00
3.47,9.81,0.00, 0.00
3.47,9.81,0.00, 0.00
3.47,9.81,0.00, 0.00
3.47,9.81,0.00, 0.00
3.47,9.81,0.00, 0.00
3.47,9.81,0.00, 0.00
3.47,9.81,0.00, 0.00
3.47,9.81,0.00, 0.00
3.47,9.81,0.00, 0.00
2.87,9.81,0.00, 0.00
1.19,9.81,0.00, 0.00
0.00,9.81,0.00, 0.00
0.00,9.81,0.00, 0.00
1.07,9.81,52.71, 0.00
2.26,9.81,59.40, 0.00
2.96,9.81,35.36, 0.00
2.96,9.81,35.36, 0.00
3.05,9.81,4.95, 0.00
2.73,9.81,0.00, 0.00
2.06,9.81,0.00, 0.00
1.10,9.76,0.00, 0.00
0.11,9.67,0.00, 0.00
0.00,9.56,0.00, 0.00
0.00,9.38,0.00, 0.00
0.00,9.18,0.00, 0.00
0.00,9.18,0.00, 0.00
0.02,8.93,0.99, 0.00
0.65,8.68,31.05, 0.00
0.92,8.40,13.76, 0.00
0.92,8.40,13.76, 0.00
0.76,8.20,0.00, 0.00
0.00,7.97,0.00, 0.00
0.00,7.74,0.00, 0.00
0.00,7.74,0.00, 0.00
0.00,7.74,0.00, 0.00
0.00,7.40,0.00, 0.00
0.56,7.06,27.59, 0.00
0.65,6.69,4.84, 0.00
0.00,6.28,0.00, 0.00
0.00,5.88,0.00, 0.00
0.00,5.45,0.00, 0.00
0.00,5.03,0.00, 0.00
0.00,4.61,0.00, 0.00
0.00,4.22,0.00, 0.00
0.00,3.84,0.00, 0.00
0.00,3.42,0.00, 0.00
0.00,3.42,0.00, 0.00
0.00,3.01,0.00, 0.00
0.00,2.60,0.00, 0.00
0.00,2.18,0.00, 0.00
0.00,1.81,0.00, 0.00
0.00,1.46,0.00, 0.00
0.00,1.14,0.00, 0.00
0.00,1.14,0.00, 0.00
0.00,0.85,0.00, 0.00
0.00,0.53,0.00, 0.00
0.00,0.25,0.00, 0.00
0.00,0.08,0.00, 0.00
0.00,0.04,0.00, 0.00
0.00,0.05,0.00, 0.50
0.00,0.04,0.00, 0.00
0.00,0.05,0.00, 1.00
0.00,0.07,0.00, 0.75
0.00,0.05,0.00, 0.00
0.00,0.05,0.00, 0.00
0.00,0.05,0.00, 0.50
0.00,0.05,0.00, 0.50
0.00,0.05,0.00, 0.50
0.00,0.06,0.00, 0.25
0.00,0.06,0.00, 0.00
0.00,0.05,0.00, 0.00
0.00,0.05,0.00, 0.50
0.00,0.07,0.00, 0.75
0.00,0.04,0.00, 0.00
0.00,0.04,0.00, 0.00
0.00,0.05,0.00, 0.50
0.00,0.05,0.00, 0.00
0.00,0.05,0.00, 0.50
0.00,0.05,0.00, 0.00
0.00,0.05,0.00, 0.00
0.00,0.05,0.00, 0.00
0.00,0.05,0.00, 0.00
0.00,0.05,0.00, 0.00
0.00,0.05,0.00, 0.00
0.00,0.05,0.00, 0.00
0.00,0.05,0.00, 0.50
0.00,0.05,0.00, 0.50
0.00,0.06,0.00, 0.25
0.00,0.05,0.00, 0.00
0.00,0.06,0.00, 0.25
0.00,0.06,0.00, 0.00
0.00,0.05,0.00, 0.00
0.00,0.05,0.00, 0.00
0.00,0.05,0.00, 0.00
0.00,0.05,0.00, 0.00
0.00,0.05,0.00, 0.00
0.00,0.05,0.00, 0.00
0.00,0.05,0.00, 0.00
0.00,0.05,0.00, 0.00
0.00,0.12,0.00, 3.74
0.00,0.22,0.00, 4.75
0.00,0.25,0.00, 2.01
0.00,0.44,0.00, 8.97
0.00,0.67,0.00, 11.49
0.00,0.96,0.00, 14.49
0.00,1.23,0.00, 13.75
0.00,1.55,0.00, 15.99
0.00,1.87,0.00, 16.00
0.00,2.25,0.00, 18.99
0.00,2.25,0.00, 18.99
0.00,2.64,0.00, 19.50
0.00,2.64,0.00, 19.50
0.00,3.03,0.00, 19.75
0.00,3.45,0.00, 20.75
0.00,3.89,0.00, 22.00
0.36,4.30,17.74, 20.51
0.69,4.73,16.52, 21.50
1.12,5.15,21.43, 21.25
1.12,5.15,21.43, 21.25
1.75,5.55,31.35, 19.76
2.44,5.93,34.45, 19.25
2.91,6.27,23.66, 17.01
3.23,6.58,16.11, 15.26
3.41,6.91,9.10, 16.50
3.43,7.31,1.12, 19.99
3.45,7.72,1.00, 20.25
3.43,8.18,0.00, 23.49
3.43,8.66,0.00, 24.00
3.43,9.13,0.00, 23.25
3.45,9.56,0.99, 21.51
3.45,9.56,0.99, 21.51
3.45,9.75,0.01, 9.54
3.45,9.81,0.00, 3.02
3.45,9.81,0.00, 0.01
3.45,9.81,0.00, 0.00
3.45,9.81,0.00, 0.00
3.47,9.81,0.99, 0.00
3.47,9.81,0.99, 0.00
3.45,9.81,0.00, 0.00
3.45,9.81,0.00, 0.00
3.47,9.81,0.99, 0.00
3.45,9.81,0.00, 0.00
3.45,9.81,0.00, 0.00
3.47,9.81,0.99, 0.00
3.45,9.81,0.00, 0.00
3.45,9.81,0.00, 0.00
3.47,9.81,0.99, 0.00
3.47,9.81,0.01, 0.00
3.47,9.81,0.00, 0.00
3.47,9.81,0.00, 0.00
3.47,9.81,0.00, 0.00
3.47,9.81,0.00, 0.00
3.47,9.81,0.00, 0.00
3.47,9.81,0.00, 0.00
3.47,9.81,0.00, 0.00
3.47,9.81,0.00, 0.00
3.47,9.81,0.00, 0.00
3.47,9.81,0.00, 0.00
3.47,9.81,0.00, 0.00
3.45,9.81,0.00, 0.00
3.45,9.81,0.00, 0.00
3.47,9.81,0.99, 0.00
3.47,9.81,0.01, 0.00
3.45,9.81,0.00, 0.00
3.47,9.81,0.99, 0.00
3.47,9.81,0.01, 0.00
3.47,9.81,0.00, 0.00
3.47,9.81,0.00, 0.00
3.47,9.81,0.00, 0.00
3.47,9.81,0.00, 0.00
3.47,9.81,0.00, 0.00
3.47,9.81,0.00, 0.00
3.47,9.81,0.00, 0.00
3.47,9.81,0.00, 0.00
3.47,9.81,0.00, 0.00
3.47,9.81,0.00, 0.00
3.45,9.81,0.00, 0.00
3.45,9.81,0.00, 0.00
3.47,9.81,0.99, 0.00
3.47,9.81,0.01, 0.00
3.47,9.81,0.00, 0.00
3.47,9.81,0.00, 0.00
3.47,9.81,0.00, 0.00
3.47,9.81,0.00, 0.00
3.47,9.81,0.00, 0.00
3.47,9.81,0.00, 0.00
3.47,9.81,0.00, 0.00
3.47,9.81,0.00, 0.00
3.47,9.81,0.00, 0.00
3.47,9.81,0.00, 0.00
3.50,9.81,1.48, 0.00
3.50,9.81,1.48, 0.00
3.47,9.81,0.00, 0.00
3.47,9.81,0.00, 0.00
3.47,9.81,0.00, 0.00
3.47,9.81,0.00, 0.00
3.47,9.81,0.00, 0.00
3.47,9.81,0.00, 0.00
3.47,9.81,0.00, 0.00
3.47,9.81,0.00, 0.00
3.47,9.81,0.00, 0.00
3.47,9.81,0.00, 0.00
3.47,9.81,0.00, 0.00
3.47,9.81,0.00, 0.00
3.47,9.81,0.00, 0.00
3.47,9.81,0.00, 0.00
3.50,9.81,1.48, 0.00
3.47,9.81,0.00, 0.00
3.50,9.81,1.48, 0.00
3.50,9.81,1.48, 0.00
3.50,9.81,0.02, 0.00
3.47,9.81,0.00, 0.00
3.47,9.81,0.00, 0.00
3.47,9.81,0.00, 0.00
3.47,9.81,0.00, 0.00
3.50,9.81,1.48, 0.00
3.50,9.81,0.02, 0.00
3.47,9.81,0.00, 0.00
3.50,9.81,1.48, 0.00
3.50,9.81,1.48, 0.00
3.50,9.81,1.48, 0.00
3.50,9.81,1.48, 0.00
3.47,9.81,0.00, 0.00
3.47,9.81,0.00, 0.00
3.47,9.81,0.00, 0.00
3.47,9.61,0.00, 0.00
2.53,9.42,0.00, 0.00
0.00,9.05,0.00, 0.00
0.00,8.82,0.00, 0.00
1.05,8.68,51.73, 0.00
2.51,8.61,72.69, 0.00
2.85,8.60,17.82, 0.00
2.55,8.52,0.00, 0.00
2.04,8.40,0.00, 0.00
1.43,8.19,0.00, 0.00
0.80,7.98,0.00, 0.00
0.29,7.73,0.00, 0.00
0.29,7.73,0.00, 0.00
0.00,7.47,0.00, 0.00
0.00,7.16,0.00, 0.00
0.00,6.80,0.00, 0.00
0.00,6.36,0.00, 0.00
0.00,5.88,0.00, 0.00
0.00,5.32,0.00, 0.00
0.00,5.32,0.00, 0.00
0.00,4.72,0.00, 0.00
0.00,4.15,0.00, 0.00
0.00,3.61,0.00, 0.00
0.00,3.11,0.00, 0.00
0.00,3.11,0.00, 0.00
0.00,3.11,0.00, 0.00
0.00,3.11,0.00, 0.00
0.00,2.71,0.00, 0.00
0.00,2.30,0.00, 0.00
0.00,1.93,0.00, 0.00
0.00,0.89,0.00, 0.00
0.00,0.56,0.00, 0.00
0.00,0.29,0.00, 0.00
0.00,0.29