0.02,0.05,0.99, 2.24
0.06,0.06,1.99, 0.76
0.09,0.06,1.51, 0.00
0.06,0.05,0.00, 0.00
0.06,0.05,0.00, 0.00
0.06,0.05,0.00, 0.00
0.04,0.05,0.00, 0.50
0.00,0.06,0.00, 0.25
0.02,0.06,0.99, 0.00
0.04,0.06,1.00, 0.00
0.00,0.06,0.00, 0.00
0.02,0.06,0.99, 0.00
0.02,0.06,0.01, 0.00
0.02,0.07,0.00, 0.50
0.02,0.06,0.00, 0.00
0.02,0.07,0.00, 0.50
0.04,0.05,0.99, 0.00
0.04,0.05,0.01, 0.50
0.06,0.06,0.99, 0.25
0.04,0.06,0.00, 0.00
0.06,0.06,0.99, 0.00
0.02,0.05,0.00, 0.00
0.02,0.05,0.00, 0.00
0.00,0.05,0.00, 0.00
0.00,0.05,0.00, 0.00
0.02,0.05,0.99, 0.00
0.02,0.05,0.01, 0.50
0.06,0.06,1.97, 0.25
0.09,0.06,1.51, 0.00
0.04,0.06,0.00, 0.00
0.09,0.06,2.46, 0.00
0.11,0.07,1.02, 0.50
0.00,0.06,0.00, 0.00
0.00,0.06,0.00, 0.00
0.00,0.06,0.00, 0.00
0.06,0.06,2.96, 0.00
0.04,0.06,0.00, 0.00
0.09,0.07,2.46, 0.50
0.00,0.06,0.00, 0.00
0.22,0.06,10.84, 0.00
0.11,0.05,0.00, 0.00
0.00,0.05,0.00, 0.50
0.06,0.06,2.96, 0.25
0.02,0.05,0.00, 0.00
0.00,0.05,0.00, 0.50
0.00,0.05,0.00, 0.00
0.04,0.05,1.97, 0.00
0.00,0.05,0.00, 0.50
0.00,0.05,0.00, 0.00
0.00,0.06,0.00, 0.25
0.02,0.06,0.99, 0.00
0.02,0.06,0.01, 0.00
0.02,0.06,0.00, 0.00
0.04,0.06,0.99, 0.00
0.04,0.06,0.01, 0.00
0.02,0.06,0.00, 0.00
0.04,0.06,0.99, 0.00
0.06,0.05,1.00, 0.00
0.04,0.05,0.00, 0.00
0.02,0.06,0.00, 0.75
0.02,0.06,0.00, 0.00
0.02,0.06,0.00, 0.00
0.04,0.06,0.99, 0.00
0.04,0.06,0.01, 0.00
0.04,0.06,0.00, 0.00
0.02,0.06,0.00, 0.00
0.02,0.06,0.00, 0.00
0.06,0.06,1.97, 0.00
0.04,0.05,0.00, 0.00
0.04,0.06,0.00, 1.00
0.06,0.06,0.99, 0.00
0.04,0.06,0.00, 0.00
0.04,0.06,0.00, 0.00
0.02,0.06,0.00, 0.00
0.02,0.05,0.00, 0.00
0.04,0.05,0.99, 0.50
0.02,0.06,0.00, 0.25
0.02,0.06,0.00, 0.00
0.02,0.06,0.00, 0.00
0.02,0.06,0.00, 0.00
0.02,0.06,0.00, 0.00
0.04,0.06,0.99, 0.00
0.04,0.05,0.01, 0.00
0.04,0.05,0.00, 0.50
0.02,0.06,0.00, 0.25
0.02,0.06,0.00, 0.00
0.02,0.06,0.00, 0.00
0.04,0.06,0.99, 0.00
0.04,0.06,0.01, 0.00
0.04,0.06,0.00, 0.00
0.04,0.06,0.00, 0.00
0.04,0.06,0.00, 0.00
0.04,0.06,0.00, 0.00
0.04,0.06,0.00, 0.00
0.02,0.05,0.00, 0.00
0.02,0.05,0.00, 0.50
0.02,0.07,0.00, 0.75
0.00,0.06,0.00, 0.00
0.00,0.06,0.00, 0.00
0.02,0.06,0.99, 0.00
0.02,0.06,0.01, 0.00
0.09,0.06,3.45, 0.00
0.06,0.05,0.00, 0.00
0.04,0.06,0.00, 0.75
0.02,0.06,0.00, 0.00
0.02,0.06,0.00, 0.00
0.02,0.06,0.00, 0.00
0.02,0.06,0.00, 0.00
0.00,0.06,0.00, 0.00
0.00,0.06,0.00, 0.00
0.00,0.06,0.00, 0.00
0.02,0.06,0.99, 0.00
0.02,0.06,0.99, 0.00
0.02,0.06,0.01, 0.00
0.02,0.06,0.01, 0.00
0.04,0.06,0.99, 0.00
0.04,0.06,0.99, 0.00
0.04,0.06,0.99, 0.00
0.04,0.06,0.99, 0.00
0.04,0.06,0.99, 0.00
0.04,0.06,0.99, 0.00
0.04,0.06,0.99, 0.00
0.04,0.06,0.99, 0.00
0.04,0.06,0.99, 0.00
0.04,0.06,0.99, 0.00
0.04,0.06,0.99, 0.00
0.04,0.06,0.99, 0.00
0.04,0.06,0.99, 0.00
0.02,0.06,0.00, 0.00
0.02,0.06,0.00, 0.00
0.04,0.06,0.99, 0.00
0.04,0.06,0.01, 0.00
0.04,0.06,0.01, 0.00
0.04,0.06,0.01, 0.00
0.04,0.06,0.01, 0.00
0.04,0.06,0.01, 0.00
0.04,0.06,0.01, 0.00
0.04,0.06,0.01, 0.00
0.04,0.06,0.01, 0.00
0.04,0.06,0.01, 0.00
0.04,0.06,0.01, 0.00
0.02,0.06,0.00, 0.00
0.04,0.06,0.99, 0.00
0.04,0.06,0.01, 0.00
0.04,0.06,0.00, 0.00
0.02,0.06,0.00, 0.00
0.02,0.07,0.00, 0.50
0.02,0.06,0.00, 0.00
0.04,0.06,0.99, 0.00
0.04,0.05,0.01, 0.00
0.04,0.05,0.00, 0.50
0.04,0.06,0.00, 0.25
0.04,0.06,0.00, 0.00
0.04,0.06,0.00, 0.00
0.04,0.05,0.00, 0.00
0.04,0.05,0.00, 0.50
0.02,0.05,0.00, 0.00
0.04,0.06,0.99, 0.25
0.04,0.06,0.01, 0.00
0.02,0.06,0.00, 0.00
0.02,0.06,0.00, 0.00
0.02,0.07,0.00, 0.50
0.02,0.06,0.00, 0.00
0.02,0.06,0.00, 0.00
0.02,0.06,0.00, 0.00
0.02,0.06,0.00, 0.00
0.02,0.06,0.00, 0.00
0.02,0.06,0.00, 0.00
0.04,0.06,0.99, 0.00
0.04,0.06,0.01, 0.00
0.04,0.06,0.00, 0.00
0.04,0.06,0.00, 0.00
0.04,0.05,0.00, 0.00
0.04,0.05,0.00, 0.50
0.02,0.06,0.00, 0.25
0.02,0.06,0.00, 0.00
0.02,0.05,0.00, 0.00
0.02,0.05,0.00, 0.00
0.02,0.05,0.00, 0.00
0.02,0.05,0.00, 0.50
0.02,0.07,0.00, 0.75
0.02,0.05,0.00, 0.00
0.04,0.05,0.99, 0.00
0.04,0.05,0.01, 0.50
0.04,0.06,0.00, 0.25
0.04,0.05,0.00, 0.00
0.04,0.05,0.00, 0.00
0.04,0.05,0.00, 0.00
0.04,0.05,0.00, 0.50
0.02,0.06,0.00, 0.25
0.02,0.06,0.00, 0.00
0.02,0.06,0.00, 0.00
0.04,0.06,0.99, 0.00
0.02,0.06,0.00, 0.00
0.02,0.06,0.00, 0.00
0.02,0.06,0.00, 0.00
0.02,0.06,0.00, 0.00
0.02,0.06,0.00, 0.00
0.02,0.06,0.00, 0.00
0.02,0.06,0.00, 0.00
0.02,0.06,0.00, 0.00
0.04,0.06,0.99, 0.00
0.04,0.06,0.99, 0.00
0.02,0.06,0.00, 0.00
0.04,0.06,0.99, 0.00
0.04,0.06,0.99, 0.00
0.02,0.05,0.00, 0.00
0.02,0.05,0.00, 0.00
0.02,0.06,0.00, 0.25
0.02,0.06,0.00, 0.00
0.04,0.06,0.99, 0.00
0.04,0.06,0.01, 0.00
0.04,0.06,0.00, 0.00
0.06,0.06,0.99, 0.00
0.06,0.06,0.01, 0.00
0.02,0.06,0.00, 0.00
0.02,0.06,0.00, 0.00
0.02,0.06,0.00, 0.00
0.02,0.06,0.00, 0.00
0.02,0.06,0.00, 0.00
0.02,0.06,0.00, 0.00
0.04,0.06,0.99, 0.00
0.04,0.06,0.01, 0.00
0.02,0.05,0.00, 0.00
0.04,0.05,0.99, 0.00
0.02,0.05,0.00, 0.50
0.00,0.06,0.00, 0.25
0.02,0.06,0.99, 0.00
0.04,0.06,1.00, 0.00
0.04,0.05,0.01, 0.00
0.06,0.05,0.99, 0.50
0.04,0.06,0.00, 0.25
0.04,0.06,0.00, 0.25
0.04,0.05,0.00, 0.00
0.04,0.05,0.00, 0.50
0.00,0.06,0.00, 0.25
0.02,0.06,0.99, 0.00
0.02,0.06,0.01, 0.00
0.02,0.06,0.00, 0.00
0.02,0.05,0.00, 0.00
0.04,0.05,0.99, 0.50
0.04,0.06,0.01, 0.25
0.02,0.05,0.00, 0.00
0.04,0.05,0.99, 0.50
0.02,0.06,0.00, 0.25
0.02,0.05,0.00, 0.00
0.02,0.05,0.00, 0.00
0.02,0.05,0.00, 0.00
0.02,0.05,0.00, 0.00
0.02,0.05,0.00, 0.00
0.02,0.05,0.00, 0.00
0.02,0.05,0.00, 0.50
0.04,0.06,0.99, 0.25
0.04,0.06,0.01, 0.00
0.04,0.06,0.00, 0.00
0.06,0.06,0.99, 0.00
0.04,0.06,0.00, 0.00
0.02,0.06,0.00, 0.00
0.02,0.05,0.00, 0.00
0.02,0.05,0.00, 0.00
0.00,0.05,0.00, 0.50
0.02,0.06,0.99, 0.50
0.04,0.06,1.00, 0.00
0.04,0.06,0.01, 0.00
0.04,0.06,0.00, 0.00
0.04,0.06,0.00, 0.00
0.04,0.06,0.00, 0.00
0.02,0.06,0.00, 0.00
0.02,0.06,0.00, 0.00
0.02,0.06,0.00, 0.00
0.02,0.06,0.00, 0.00
0.02,0.07,0.00, 0.50
0.04,0.05,0.99, 0.00
0.02,0.06,0.00, 0.75
0.04,0.06,0.99, 0.00
0.04,0.07,0.01, 0.50
0.02,0.05,0.00, 0.00
0.02,0.05,0.00, 0.50
0.02,0.06,0.00, 0.25
0.02,0.05,0.00, 0.00
0.02,0.05,0.00, 0.50
0.04,0.06,0.99, 0.25
0.04,0.06,0.01, 0.00
0.04,0.05,0.00, 0.00
0.04,0.05,0.00, 0.50
0.04,0.05,0.00, 0.50
0.06,0.06,0.99, 0.25
0.09,0.06,1.49, 0.00
0.09,0.06,0.02, 0.00
0.09,0.06,0.00, 0.00
0.11,0.06,0.99, 0.00
0.11,0.07,0.01, 0.50
0.13,0.09,0.99, 0.75
0.15,0.07,1.00, 0.00
0.15,0.07,1.00, 0.00
0.22,0.07,3.46, 0.00
0.27,0.09,2.51, 1.25
0.31,0.11,2.01, 0.50
0.31,0.11,0.03, 0.00
0.31,0.11,0.03, 0.00
0.31,0.11,0.03, 0.00
0.27,0.13,0.00, 1.49
0.13,0.24,0.00, 5.24
0.13,0.24,0.00, 5.24
0.06,0.34,0.00, 4.75
0.00,0.56,0.00, 11.23
0.00,0.64,0.00, 4.28
0.00,0.75,0.00, 5.50
0.00,0.84,0.00, 4.01
0.00,0.92,0.00, 4.25
0.00,1.06,0.00, 6.99
0.00,1.20,0.00, 7.25
0.00,1.35,0.00, 7.25
0.00,1.51,0.00, 8.25
0.00,1.66,0.00, 7.25
0.00,1.80,0.00, 7.00
0.00,1.94,0.00, 7.25
0.00,2.07,0.00, 6.50
0.00,2.23,0.00, 7.75
0.00,2.39,0.00, 8.25
0.00,2.57,0.00, 8.75
0.00,2.76,0.00, 9.75
0.00,3.10,0.00, 16.72
0.00,3.45,0.00, 17.25
0.00,3.80,0.00, 17.75
0.00,3.80,0.00, 17.75
0.00,3.80,0.00, 17.75
0.00,3.80,0.00, 17.75
0.00,3.80,0.00, 17.75
0.00,3.80,0.00, 17.75
0.00,4.18,0.00, 19.00
0.00,4.18,0.00, 19.00
0.00,4.57,0.00, 19.50
0.00,4.98,0.00, 20.75
0.00,6.68,0.00, 84.76
0.00,7.14,0.00, 22.98
0.00,7.64,0.00, 24.99
0.00,8.16,0.00, 26.00
0.00,8.73,0.00, 28.49
0.00,9.27,0.00, 27.01
0.00,9.70,0.00, 21.77
0.00,9.81,0.00, 5.31
0.20,9.81,9.85, 0.02
0.53,9.81,16.40, 0.00
0.94,9.81,20.44, 0.00
1.36,9.81,20.99, 0.00
1.77,9.81,20.51, 0.00
2.06,9.81,14.59, 0.00
2.33,9.81,13.52, 0.00
2.71,9.81,18.92, 0.00
3.25,9.81,26.88, 0.00
3.79,9.81,27.00, 0.00
3.99,9.81,10.25, 0.00
3.97,9.81,0.00, 0.00
3.97,9.81,0.00, 0.00
3.99,9.81,0.99, 0.00
3.99,9.81,0.01, 0.00
3.99,9.81,0.00, 0.00
3.99,9.81,0.00, 0.00
3.99,9.81,0.00, 0.00
3.99,9.81,0.00, 0.00
3.99,9.81,0.00, 0.00
3.99,9.81,0.00, 0.00
3.99,9.81,0.00, 0.00
3.99,9.81,0.00, 0.00
3.99,9.81,0.00, 0.00
3.99,9.81,0.00, 0.00
4.01,9.81,0.99, 0.00
4.01,9.81,0.01, 0.00
4.01,9.81,0.00, 0.00
4.01,9.81,0.00, 0.00
4.03,9.81,0.99, 0.00
4.03,9.81,0.99, 0.00
4.03,9.81,0.99, 0.00
4.03,9.81,0.99, 0.00
4.03,9.81,0.99, 0.00
4.01,9.81,0.00, 0.00
4.01,9.81,0.00, 0.00
4.01,9.81,0.00, 0.00
4.01,9.81,0.00, 0.00
4.01,9.81,0.00, 0.00
4.03,9.81,0.99, 0.00
4.03,9.81,0.01, 0.00
4.03,9.81,0.00, 0.00
4.01,9.81,0.00, 0.00
4.01,9.81,0.00, 0.00
4.03,9.81,0.99, 0.00
4.03,9.81,0.01, 0.00
4.03,9.81,0.00, 0.00
4.03,9.81,0.00, 0.00
4.01,9.81,0.00, 0.00
4.01,9.81,0.00, 0.00
4.03,9.81,0.99, 0.00
4.03,9.81,0.01, 0.00
4.03,9.81,0.00, 0.00
4.03,9.81,0.00, 0.00
4.03,9.81,0.00, 0.00
4.03,9.81,0.00, 0.00
4.03,9.81,0.00, 0.00
4.03,9.81,0.00, 0.00
4.03,9.81,0.00, 0.00
4.03,9.81,0.00, 0.00
4.03,9.81,0.00, 0.00
4.01,9.81,0.00, 0.00
4.03,9.81,0.99, 0.00
4.06,9.81,1.49, 0.00
4.03,9.81,0.00, 0.00
4.03,9.81,0.00, 0.00
4.03,9.81,0.00, 0.00
4.03,9.81,0.00, 0.00
4.03,9.81,0.00, 0.00
4.06,9.81,1.48, 0.00
4.03,9.81,0.00, 0.00
4.03,9.81,0.00, 0.00
4.03,9.81,0.00, 0.00
4.06,9.81,1.48, 0.00
4.06,9.81,0.02, 0.00
4.03,9.81,0.00, 0.00
4.03,9.81,0.00, 0.00
4.03,9.81,0.00, 0.00
4.03,9.81,0.00, 0.00
4.03,9.81,0.00, 0.00
4.03,9.81,0.00, 0.00
4.03,9.81,0.00, 0.00
4.03,9.81,0.00, 0.00
4.03,9.81,0.00, 0.00
4.03,9.81,0.00, 0.00
4.03,9.81,0.00, 0.00
4.03,9.81,0.00, 0.00
4.03,9.81,0.00, 0.00
4.03,9.81,0.00, 0.00
4.03,9.81,0.00, 0.00
4.03,9.81,0.00, 0.00
4.03,9.81,0.00, 0.00
4.03,9.81,0.00, 0.00
4.03,9.81,0.00, 0.00
4.03,9.81,0.00, 0.00
4.03,9.81,0.00, 0.00
4.03,9.81,0.00, 0.00
4.03,9.81,0.00, 0.00
4.03,9.81,0.00, 0.00
4.03,9.81,0.00, 0.00
4.03,9.81,0.00, 0.00
4.03,9.81,0.00, 0.00
4.06,9.81,1.48, 0.00
4.06,9.81,0.02, 0.00
4.03,9.81,0.00, 0.00
4.03,9.81,0.00, 0.00
4.03,9.81,0.00, 0.00
4.03,9.81,0.00, 0.00
4.03,9.81,0.00, 0.00
4.03,9.81,0.00, 0.00
4.03,9.81,0.00, 0.00
4.03,9.81,0.00, 0.00
4.03,9.81,0.00, 0.00
4.06,9.81,1.48, 0.00
4.03,9.81,0.00, 0.00
4.03,9.81,0.00, 0.00
4.03,9.81,0.00, 0.00
4.03,9.81,0.00, 0.00
4.03,9.81,0.00, 0.00
4.03,9.81,0.00, 0.00
4.03,9.81,0.00, 0.00
4.06,9.81,1.48, 0.00
4.06,9.81,1.48, 0.00
4.06,9.81,0.02, 0.00
4.03,9.81,0.00, 0.00
4.06,9.81,1.48, 0.00
4.03,9.81,0.00, 0.00
4.06,9.81,1.48, 0.00
4.03,9.81,0.00, 0.00
4.03,9.81,0.00, 0.00
4.06,9.81,1.48, 0.00
4.06,9.81,1.48, 0.00
4.06,9.81,0.02, 0.00
4.06,9.81,0.00, 0.00
4.03,9.81,0.00, 0.00
4.06,9.81,1.48, 0.00
4.06,9.81,0.02, 0.00
1.79,9.81,0.00, 0.00
0.00,9.81,0.00, 0.00
0.00,9.81,0.00, 0.00
0.00,9.81,0.00, 0.00
0.00,9.81,0.00, 0.00
1.57,9.81,77.35, 0.00
3.56,9.81,99.17, 0.00
4.12,9.81,29.05, 0.00
4.10,9.81,0.00, 0.00
4.10,9.81,0.00, 0.00
3.88,9.81,0.00, 0.00
3.16,9.81,0.00, 0.00
2.55,9.64,0.00, 0.00
3.27,9.25,35.47, 0.00
3.18,8.92,0.00, 0.00
2.78,8.55,0.00, 0.00
2.49,8.19,0.00, 0.00
2.44,7.79,0.00, 0.00
2.40,7.43,0.00, 0.00
2.28,7.10,0.00, 0.00
2.17,6.84,0.00, 0.00
2.17,6.84,0.00, 0.00
2.17,6.84,0.00, 0.00
2.17,6.84,0.00, 0.00
2.06,6.57,0.00, 0.00
2.06,6.57,0.00, 0.00
2.06,6.57,0.00, 0.00
2.06,6.57,0.00, 0.00
2.06,6.57,0.00, 0.00
2.04,6.30,0.00, 0.00
2.04,6.30,0.00, 0.00
2.01,6.07,0.00, 0.00
1.90,5.52,0.00, 0.00
1.77,4.33,0.00, 0.00
1.72,3.92,0.00, 0.00
1.61,3.45,0.00, 0.00
1.50,2.97,0.00, 0.00
1.30,2.53,0.00, 0.00
1.03,2.12,0.00, 0.00
0.71,1.77,0.00, 0.00
0.42,1.42,0.00, 0.00
0.27,1.11,0.00, 0.00
0.09,0.79,0.00, 0.00
0.00,0.52,0.00, 0.00
0.00,0.52,0.00, 0.00
0.00,0.52,0.00, 0.00
0.00,0.52,0.00, 0.00
0.00,0.52,0.00, 0.00
0.00,0.52,0.00, 0.00
0.00,0.31,0.00, 0.00
0.00,0.16,0.00, 0.00
0.00,0.07,0.00, 0.00
0.00,0.05,0.00, 0.00
0.02,0.05,0.99, 0.00
0.24,0.07,10.85, 1.25
0.24,0.07,10.85, 1.25
0.24,0.07,10.85, 1.25
0.24,0.07,10.85, 1.25
0.24,0.07,10.85, 1.25
0.24,0.07,10.85, 1.25
0.24,0.07,10.85, 1.25
0.20,0.07,0.00, 0.00
0.18,0.08,0.00, 0.50
0.18,0.08,0.00, 0.50
0.18,0.08,0.00, 0.50
0.36,0.07,8.87, 0.00
0.15,0.07,0.00, 0.00
0.00,0.05,0.00, 0.00
0.00,0.05,0.00, 0.00
0.00,0.05,0.00, 0.00
0.00,0.06,0.00, 1.00
0.02,0.06,0.99, 0.00
0.13,0.06,5.43, 0.00
0.18,0.06,2.54, 0.00
0.18,0.06,0.04, 0.00
0.15,0.06,0.00, 0.00
0.15,0.06,0.00, 0.00
0.15,0.06,0.00, 0.00
0.15,0.06,0.00, 0.00
0.15,0.06,0.00, 0.00
0.15,0.06,0.00, 0.00
0.11,0.06,0.00, 0.00
0.06,0.06,0.00, 0.00
0.09,0.06,1.48, 0.00
0.00,0.05,0.00, 0.00
0.00,0.06,0.00, 1.00
0.00,0.19,0.00, 6.23
0.00,0.24,0.00, 2.51
0.00,0.62,0.00, 18.69
0.00,0.62,0.00, 18.69
0.00,0.86,0.00, 12.27
0.00,0.86,0.00, 12.27
0.00,1.07,0.00, 10.51
0.00,1.38,0.00, 15.73
0.00,1.38,0.00, 15.73
0.15,2.36,7.39, 48.63
0.60,3.01,22.28, 32.56
0.78,3.81,9.20, 39.72
0.78,4.69,0.14, 44.23
0.92,5.72,6.90, 51.72
1.12,6.74,9.95, 51.00
1.41,7.76,14.43, 50.75
1.70,8.80,14.50, 51.75
1.95,9.72,12.53, 46.02
2.19,9.81,12.01, 4.90
2.19,9.81,12.01, 4.90
2.60,9.81,20.38, 0.02
3.07,9.81,23.45, 0.00
3.56,9.81,24.48, 0.00
3.90,9.81,17.11, 0.00
3.94,9.81,2.22, 0.00
3.97,9.81,1.51, 0.00
3.97,9.81,0.02, 0.00
3.99,9.81,0.99, 0.00
3.99,9.81,0.99, 0.00
3.99,9.81,0.01, 0.00
3.99,9.81,0.00, 0.00
3.99,9.81,0.00, 0.00
4.01,9.81,0.99, 0.00
4.01,9.81,0.99, 0.00
4.01,9.81,0.01, 0.00
4.01,9.81,0.00, 0.00
4.01,9.81,0.00, 0.00
4.03,9.81,0.99, 0.00
4.03,9.81,0.01, 0.00
4.03,9.81,0.00, 0.00
4.03,9.81,0.00, 0.00
4.03,9.81,0.00, 0.00
4.03,9.81,0.00, 0.00
4.03,9.81,0.00, 0.00
4.03,9.81,0.00, 0.00
4.03,9.81,0.00, 0.00
4.06,9.81,1.48, 0.00
4.06,9.81,0.02, 0.00
4.06,9.81,0.00, 0.00
4.06,9.81,0.00, 0.00
4.06,9.81,0.00, 0.00
4.06,9.81,0.00, 0.00
4.06,9.81,0.00, 0.00
4.06,9.81,0.00, 0.00
4.06,9.81,0.00, 0.00
4.06,9.81,0.00, 0.00
4.06,9.81,0.00, 0.00
4.06,9.81,0.00, 0.00
4.06,9.81,0.00, 0.00
4.08,9.81,0.99, 0.00
4.06,9.81,0.00, 0.00
4.06,9.81,0.00, 0.00
4.08,9.81,0.99, 0.00
4.08,9.81,0.01, 0.00
4.08,9.81,0.00, 0.00
4.06,9.81,0.00, 0.00
4.08,9.81,0.99, 0.00
4.08,9.81,0.01, 0.00
4.06,9.81,0.00, 0.00
4.06,9.81,0.00, 0.00
4.06,9.81,0.00, 0.00
4.08,9.81,0.99, 0.00
4.08,9.81,0.01, 0.00
4.08,9.81,0.00, 0.00
4.06,9.81,0.00, 0.00
4.06,9.81,0.00, 0.00
4.06,9.81,0.00, 0.00
4.06,9.81,0.00, 0.00
4.06,9.81,0.00, 0.00
4.06,9.81,0.00, 0.00
4.06,9.81,0.00, 0.00
4.06,9.81,0.00, 0.00
4.06,9.81,0.00, 0.00
4.06,9.81,0.00, 0.00
4.08,9.81,0.99, 0.00
4.08,9.81,0.01, 0.00
4.08,9.81,0.00, 0.00
4.08,9.81,0.00, 0.00
4.08,9.81,0.00, 0.00
4.08,9.81,0.00, 0.00
4.06,9.81,0.00, 0.00
4.06,9.81,0.00, 0.00
4.06,9.81,0.00, 0.00
4.08,9.81,0.99, 0.00
4.08,9.81,0.01, 0.00
4.08,9.81,0.01, 0.00
4.08,9.81,0.00, 0.00
4.08,9.81,0.00, 0.00
4.06,9.81,0.00, 0.00
4.06,9.81,0.00, 0.00
4.08,9.81,0.99, 0.00
4.06,9.81,0.00, 0.00
4.06,9.81,0.00, 0.00
4.08,9.81,0.99, 0.00
4.08,9.81,0.01, 0.00
4.08,9.81,0.00, 0.00
4.08,9.81,0.00, 0.00
4.08,9.81,0.00, 0.00
4.08,9.81,0.00, 0.00
4.06,9.81,0.00, 0.00
4.06,9.81,0.00, 0.00
4.06,9.81,0.00, 0.00
4.06,9.81,0.00, 0.00
4.08,9.81,0.99, 0.00
4.06,9.81,0.00, 0.00
4.08,9.81,0.99, 0.00
4.08,9.81,0.01, 0.00
4.06,9.81,0.00, 0.00
4.06,9.81,0.00, 0.00
4.08,9.81,0.99, 0.00
4.08,9.81,0.01, 0.00
4.08,9.81,0.00, 0.00
4.08,9.81,0.00, 0.00
4.08,9.81,0.00, 0.00
4.08,9.81,0.00, 0.00
4.08,9.81,0.00, 0.00
4.08,9.81,0.00, 0.00
4.08,9.81,0.00, 0.00
4.08,9.81,0.00, 0.00
4.08,9.81,0.00, 0.00
4.08,9.81,0.00, 0.00
4.08,9.81,0.00, 0.00
4.08,9.81,0.00, 0.00
4.08,9.81,0.00, 0.00
4.06,9.81,0.00, 0.00
4.06,9.81,0.00, 0.00
4.08,9.81,0.99, 0.00
4.08,9.81,0.01, 0.00
4.08,9.81,0.00, 0.00
4.08,9.81,0.00, 0.00
4.08,9.81,0.00, 0.00
4.08,9.81,0.00, 0.00
4.08,9.81,0.00, 0.00
4.08,9.81,0.00, 0.00
4.08,9.81,0.00, 0.00
4.08,9.81,0.00, 0.00
4.08,9.81,0.00, 0.00
4.08,9.81,0.00, 0.00
4.08,9.81,0.00, 0.00
4.08,9.81,0.00, 0.00
4.08,9.81,0.00, 0.00
4.08,9.81,0.00, 0.00
4.08,9.81,0.00, 0.00
4.08,9.81,0.00, 0.00
4.08,9.81,0.00, 0.00
4.08,9.81,0.00, 0.00
4.08,9.81,0.00, 0.00
4.08,9.81,0.00, 0.00
4.08,9.81,0.00, 0.00
4.08,9.81,0.00, 0.00
4.08,9.81,0.00, 0.00
4.08,9.81,0.00, 0.00
4.08,9.81,0.00, 0.00
4.08,9.81,0.00, 0.00
4.08,9.81,0.00, 0.00
4.08,9.81,0.00, 0.00
4.06,9.81,0.00, 0.00
4.06,9.81,0.00, 0.00
4.06,9.81,0.00, 0.00
4.08,9.81,0.99, 0.00
3.97,9.81,0.00, 0.00
1.93,9.81,0.00, 0.00
3.97,9.50,100.50, 0.00
3.99,9.25,2.46, 0.00
3.99,8.90,0.04, 0.00
3.99,8.90,0.04, 0.00
2.17,8.45,0.00, 0.00
2.17,8.45,0.00, 0.00
2.17,8.45,0.00, 0.00
2.17,8.45,0.00, 0.00
2.17,8.45,0.00, 0.00
2.17,8.45,0.00, 0.00
2.17,8.45,0.00, 0.00
2.17,8.45,0.00, 0.00
2.17,8.45,0.00, 0.00
2.17,8.45,0.00, 0.00
2.17,8.45,0.00, 0.00
2.17,8.45,0.00, 0.00
2.17,8.45,0.00, 0.00
2.17,8.45,0.00, 0.00
1.57,7.98,0.00, 0.00
2.44,7.43,42.86, 0.00
3.11,6.88,33.64, 0.00
0.98,1.61,0.00, 0.00
0.98,1.61,0.00, 0.00
0.98,1.61,0.00, 0.00
0.98,1.61,0.00, 0.00
1.01,1.34,1.48, 0.00
0.96,1.11,0.00, 0.00
0.71,0.87,0.00, 0.00
0.11,0.40,0.00, 0.00
0.04,0.30,0.00, 0.00
0.04,0.30,0.00, 0.00
0.04,0.30,0.00, 0.00
0.04,0.30,0.00, 0.00
0.04,0.30,0.00, 0.00
0.04,0.30,0.00, 0.00
0.04,0.30,0.00, 0.00
0.00,0.23,0.00, 0.00
0.00,0.23,0.00, 0.00
0.00,0.23,0.00, 0.00
0.00,0.19,0.00, 0.00
0.00,0.13,0.00, 0.00
0.78,0.09,38.43, 0.00
0.78,0.09,38.43, 0.00
0.74,0.07,0.00, 0.00
0.56,0.06,0.00, 0.00
0.60,0.06,1.97, 0.00
0.69,0.06,4.46, 0.00
0.78,0.06,4.50, 0.00
0.78,0.06,0.07, 0.00
0.78,0.06,0.07, 0.00
0.71,0.06,0.00, 0.00
0.62,0.05,0.00, 0.00
0.47,0.05,0.00, 0.00
0.40,0.05,0.00, 0.50
0.38,0.05,0.00, 0.00
0.42,0.05,1.97, 0.00
0.49,0.05,3.48, 0.50
0.58,0.06,4.48, 0.25
0.67,0.06,4.50, 0.00
0.67,0.06,4.50, 0.00
0.67,0.06,4.50, 0.00
0.67,0.06,4.50, 0.00
0.67,0.06,4.50, 0.00
0.67,0.06,4.50, 0.00
0.71,0.06,2.04, 0.00
0.71,0.06,0.03, 0.00
0.65,0.06,0.00, 0.00
0.56,0.05,0.00, 0.00
0.56,0.05,0.00, 0.00
0.56,0.05,0.00, 0.00
0.56,0.05,0.00, 0.00
0.58,0.05,0.99, 0.00
0.58,0.05,0.01, 0.00
0.58,0.05,0.00, 0.50
0.58,0.06,0.00, 0.25
0.60,0.06,0.99, 0.00
0.60,0.06,0.01, 0.00
0.58,0.06,0.00, 0.00
0.58,0.06,0.00, 0.00
0.53,0.08,0.00, 1.00
0.49,0.09,0.00, 0.75
0.49,0.09,0.00, 0.75
0.42,0.11,0.00, 1.00
0.36,0.14,0.00, 1.25
0.27,0.17,0.00, 1.75
0.15,0.22,0.00, 2.25
0.00,0.59,0.00, 18.44
0.00,0.59,0.00, 18.44
0.00,0.73,0.00, 6.79
0.06,1.15,2.96, 21.20
0.22,1.52,7.93, 18.51
0.33,1.95,5.54, 21.49
0.51,2.53,8.95, 28.72
0.83,3.18,15.90, 32.98
0.89,3.94,3.19, 37.73
0.89,3.94,3.19, 37.73
0.89,3.94,3.19, 37.73
0.89,3.94,3.19, 37.73
0.89,3.94,3.19, 37.73
0.89,3.94,3.19, 37.73
0.89,4.85,0.05, 45.47
1.12,5.86,11.33, 50.73
1.52,6.91,19.87, 52.24
2.78,9.81,62.37, 144.66
3.23,9.81,23.09, 0.53
3.74,9.81,25.46, 0.00
3.97,9.81,11.71, 0.00
3.99,9.81,1.16, 0.00
3.99,9.81,0.02, 0.00
3.99,9.81,0.00, 0.00
3.99,9.81,0.00, 0.00
4.01,9.81,0.99, 0.00
4.01,9.81,0.99, 0.00
4.01,9.81,0.99, 0.00
4.01,9.81,0.01, 0.00
4.01,9.81,0.01, 0.00
4.01,9.81,0.00, 0.00
4.03,9.81,0.99, 0.00
4.03,9.81,0.01, 0.00
4.03,9.81,0.01, 0.00
4.03,9.81,0.01, 0.00
4.01,9.81,0.00, 0.00
4.01,9.81,0.00, 0.00
4.03,9.81,0.99, 0.00
4.03,9.81,0.99, 0.00
4.03,9.81,0.99, 0.00
4.03,9.81,0.99, 0.00
4.03,9.81,0.01, 0.00
4.03,9.81,0.00, 0.00
4.03,9.81,0.00, 0.00
4.03,9.81,0.00, 0.00
4.06,9.81,1.48, 0.00
4.06,9.81,0.02, 0.00
4.03,9.81,0.00, 0.00
4.06,9.81,1.48, 0.00
4.06,9.81,0.02, 0.00
4.06,9.81,0.00, 0.00
4.06,9.81,0.00, 0.00
4.06,9.81,0.00, 0.00
4.06,9.81,0.00, 0.00
4.06,9.81,0.00, 0.00
4.06,9.81,0.00, 0.00
4.06,9.81,0.00, 0.00
4.06,9.81,0.00, 0.00
4.06,9.81,0.00, 0.00
4.06,9.81,0.00, 0.00
4.06,9.81,0.00, 0.00
4.06,9.81,0.00, 0.00
4.06,9.81,0.00, 0.00
4.06,9.81,0.00, 0.00
4.08,9.81,0.99, 0.00
4.06,9.81,0.00, 0.00
4.06,9.81,0.00, 0.00
4.08,9.81,0.99, 0.00
4.08,9.81,0.01, 0.00
4.06,9.81,0.00, 0.00
4.06,9.81,0.00, 0.00
4.06,9.81,0.00, 0.00
4.06,9.81,0.00, 0.00
4.06,9.81,0.00, 0.00
4.06,9.81,0.00, 0.00
4.06,9.81,0.00, 0.00
4.06,9.81,0.00, 0.00
4.08,9.81,0.99, 0.00
4.08,9.81,0.01, 0.00
4.08,9.81,0.00, 0.00
4.06,9.81,0.00, 0.00
4.06,9.81,0.00, 0.00
4.08,9.81,0.99, 0.00
4.06,9.81,0.00, 0.00
4.06,9.81,0.00, 0.00
4.06,9.81,0.00, 0.00
4.06,9.81,0.00, 0.00
4.06,9.81,0.00, 0.00
4.06,9.81,0.00, 0.00
4.08,9.81,0.99, 0.00
4.06,9.81,0.00, 0.00
4.06,9.81,0.00, 0.00
4.06,9.81,0.00, 0.00
4.08,9.81,0.99, 0.00
4.06,9.81,0.00, 0.00
4.06,9.81,0.00, 0.00
4.06,9.81,0.00, 0.00
4.08,9.81,0.99, 0.00
4.08,9.81,0.01, 0.00
4.06,9.81,0.00, 0.00
4.06,9.81,0.00, 0.00
4.06,9.81,0.00, 0.00
4.06,9.81,0.00, 0.00
4.06,9.81,0.00, 0.00
4.06,9.81,0.00, 0.00
4.06,9.81,0.00, 0.00
4.06,9.81,0.00, 0.00
4.06,9.81,0.00, 0.00
4.06,9.81,0.00, 0.00
4.06,9.81,0.00, 0.00
4.06,9.81,0.00, 0.00
4.06,9.81,0.00, 0.00
4.06,9.81,0.00, 0.00
4.06,9.81,0.00, 0.00
4.06,9.81,0.00, 0.00
4.06,9.81,0.00, 0.00
4.06,9.81,0.00, 0.00
4.08,9.81,0.99, 0.00
4.06,9.81,0.00, 0.00
4.06,9.81,0.00, 0.00
4.06,9.81,0.00, 0.00
4.06,9.81,0.00, 0.00
4.06,9.81,0.00, 0.00
4.06,9.81,0.00, 0.00
4.06,9.81,0.00, 0.00
4.06,9.81,0.00, 0.00
4.06,9.81,0.00, 0.00
4.06,9.81,0.00, 0.00
4.06,9.81,0.00, 0.00
4.06,9.81,0.00, 0.00
4.06,9.81,0.00, 0.00
4.06,9.81,0.00, 0.00
4.06,9.81,0.00, 0.00
4.06,9.81,0.00, 0.00
4.06,9.81,0.00, 0.00
4.06,9.81,0.00, 0.00
4.06,9.81,0.00, 0.00
4.06,9.81,0.00, 0.00
4.06,9.81,0.00, 0.00
4.06,9.81,0.00, 0.00
4.06,9.50,0.00, 0.00
4.06,8.94,0.00, 0.00
4.08,8.33,0.99, 0.00
4.08,8.33,0.99, 0.00
4.06,7.77,0.00, 0.00
4.06,7.77,0.00, 0.00
4.06,7.31,0.00, 0.00
1.79,6.93,0.00, 0.00
1.79,6.93,0.00, 0.00
1.79,6.93,0.00, 0.00
1.79,6.93,0.00, 0.00
1.79,6.93,0.00, 0.00
1.79,6.93,0.00, 0.00
1.79,6.93,0.00, 0.00
1.79,6.93,0.00, 0.00
1.79,6.93,0.00, 0.00
1.79,6.93,0.00, 0.00
1.79,6.93,0.00, 0.00
1.79,6.93,0.00, 0.00
1.79,6.93,0.00, 0.00
0.76,6.19,0.00, 0.00
4.03,5.76,161.09, 0.00
4.06,5.31,3.85, 0.00
1.48,0.89,0.00, 0.00
1.39,0.71,0.00, 0.00
1.30,0.49,0.00, 0.00
1.39,0.31,4.43, 0.00
1.43,0.17,2.04, 0.00
1.43,0.04,0.03, 0.00
1.48,0.01,2.46, 0.00
1.41,0.00,0.00, 0.00
1.16,0.01,0.00, 0.50
1.16,0.01,0.00, 0.50
1.16,0.01,0.00, 0.50
1.16,0.01,0.00, 0.50
1.16,0.01,0.00, 0.50
1.16,0.01,0.00, 0.50
1.16,0.01,0.00, 0.50
0.80,0.03,0.00, 1.00
0.69,0.06,0.00, 1.75
0.69,0.06,0.00, 1.75
0.44,0.05,0.00, 0.00
0.36,0.05,0.00, 0.00
0.60,0.06,11.82, 0.25
0.80,0.06,10.03, 0.00
0.92,0.06,6.06, 0.00
0.85,0.05,0.00, 0.00
0.85,0.05,0.00, 0.00
0.71,0.05,0.00, 0.00
0.49,0.05,0.00, 0.00
0.31,0.05,0.00, 0.50
0.24,0.05,0.00, 0.00
0.24,0.05,0.00, 0.00
0.24,0.05,0.00, 0.00
0.24,0.05,0.00, 0.00
0.33,0.05,4.43, 0.00
0.33,0.05,4.43, 0.00
0.51,0.05,8.93, 0.50
0.62,0.06,5.55, 0.25
0.58,0.06,0.00, 0.00
0.51,0.06,0.00, 0.00
0.44,0.06,0.00, 0.00
0.42,0.06,0.00, 0.00
0.42,0.06,0.00, 0.00
0.42,0.06,0.00, 0.00
0.42,0.06,0.00, 0.00
0.49,0.06,3.45, 0.00
0.49,0.06,3.45, 0.00
0.49,0.06,3.45, 0.00
0.51,0.05,1.04, 0.00
0.49,0.05,0.00, 0.00
0.49,0.05,0.00, 0.00
0.49,0.05,0.00, 0.00
0.49,0.05,0.00, 0.00
0.49,0.05,0.00, 0.00
0.49,0.05,0.00, 0.00
0.42,0.05,0.00, 0.50
0.42,0.06,0.00, 0.25
0.44,0.06,0.99, 0.00
0.31,0.08,0.00, 1.00
0.31,0.08,0.00, 1.00
0.31,0.08,0.00, 1.00
0.31,0.08,0.00, 1.00
0.31,0.08,0.00, 1.00
0.31,0.08,0.00, 1.00
0.31,0.08,0.00, 1.00
0.31,0.08,0.00, 1.00
0.31,0.08,0.00, 1.00
0.31,0.08,0.00, 1.00
0.31,0.08,0.00, 1.00
0.31,0.08,0.00, 1.00
0.31,0.08,0.00, 1.00
0.27,0.10,0.00, 1.00
0.27,0.10,0.00, 1.00
0.18,0.12,0.00, 1.25
0.09,0.15,0.00, 1.25
0.44,3.40,17.24, 161.91
0.44,3.40,17.24, 161.91
0.44,3.40,17.24, 161.91
0.44,3.40,17.24, 161.91
0.44,3.40,17.24, 161.91
0.42,4.09,0.00, 34.97
0.33,4.81,0.00, 35.75
0.40,5.59,3.45, 39.24
1.21,9.14,39.95, 176.99
1.59,9.81,19.31, 34.03
1.97,9.81,19.00, 0.12
1.97,9.81,19.00, 0.12
2.22,9.81,12.60, 0.00
2.46,9.81,12.01, 0.00
2.71,9.81,12.49, 0.00
3.11,9.81,19.89, 0.00
3.61,9.81,24.92, 0.00
3.61,9.81,24.92, 0.00
3.61,9.81,24.92, 0.00
3.61,9.81,24.92, 0.00
3.61,9.81,24.92, 0.00
3.94,9.81,16.62, 0.00
3.97,9.81,1.72, 0.00
3.94,9.81,0.00, 0.00
3.99,9.81,2.46, 0.00
3.99,9.81,2.46, 0.00
3.99,9.81,2.46, 0.00
3.99,9.81,2.46, 0.00
3.99,9.81,2.46, 0.00
3.99,9.81,2.46, 0.00
3.99,9.81,2.46, 0.00
3.99,9.81,2.46, 0.00
3.99,9.81,2.46, 0.00
3.99,9.81,2.46, 0.00
3.99,9.81,2.46, 0.00
4.01,9.81,1.02, 0.00
4.01,9.81,0.02, 0.00
3.99,9.81,0.00, 0.00
4.03,9.81,1.97, 0.00
4.03,9.81,1.97, 0.00
4.03,9.81,1.97, 0.00
4.03,9.81,1.97, 0.00
4.03,9.81,0.03, 0.00
4.03,9.81,0.03, 0.00
4.03,9.81,0.00, 0.00
4.03,9.81,0.00, 0.00
4.03,9.81,0.00, 0.00
4.06,9.81,1.48, 0.00
4.03,9.81,0.00, 0.00
4.03,9.81,0.00, 0.00
4.06,9.81,1.48, 0.00
4.03,9.81,0.00, 0.00
4.06,9.81,1.48, 0.00
4.06,9.81,1.48, 0.00
4.06,9.81,1.48, 0.00
4.06,9.81,1.48, 0.00
4.06,9.81,1.48, 0.00
4.06,9.81,1.48, 0.00
4.06,9.81,0.02, 0.00
4.06,9.81,0.02, 0.00
4.06,9.81,0.00, 0.00
4.06,9.81,0.00, 0.00
4.06,9.81,0.00, 0.00
4.06,9.81,0.00, 0.00
4.06,9.81,0.00, 0.00
4.06,9.81,0.00, 0.00
4.06,9.81,0.00, 0.00
4.06,9.81,0.00, 0.00
4.06,9.81,0.00, 0.00
4.06,9.81,0.00, 0.00
4.06,9.81,0.00, 0.00
4.06,9.81,0.00, 0.00
4.06,9.81,0.00, 0.00
4.06,9.81,0.00, 0.00
4.06,9.81,0.00, 0.00
4.06,9.81,0.00, 0.00
4.06,9.81,0.00, 0.00
4.06,9.81,0.00, 0.00
4.06,9.81,0.00, 0.00
4.06,9.81,0.00, 0.00
4.06,9.81,0.00, 0.00
4.06,9.81,0.00, 0.00
4.06,9.81,0.00, 0.00
4.06,9.81,0.00, 0.00
4.06,9.81,0.00, 0.00
4.06,9.81,0.00, 0.00
4.06,9.81,0.00, 0.00
4.06,9.81,0.00, 0.00
4.06,9.81,0.00, 0.00
4.06,9.81,0.00, 0.00
4.06,9.81,0.00, 0.00
4.06,9.81,0.00, 0.00
4.06,9.81,0.00, 0.00
4.06,9.81,0.00, 0.00
4.06,9.81,0.00, 0.00
4.06,9.81,0.00, 0.00
4.06,9.81,0.00, 0.00
4.03,9.81,0.00, 0.00
4.06,9.81,1.48, 0.00
4.06,9.81,0.02, 0.00
4.03,9.81,0.00, 0.00
4.03,9.81,0.00, 0.00
4.03,9.81,0.00, 0.00
4.03,9.81,0.00, 0.00
4.03,9.81,0.00, 0.00
4.03,9.81,0.00, 0.00
4.03,9.81,0.00, 0.00
4.03,9.81,0.00, 0.00
4.03,9.81,0.00, 0.00
4.03,9.81,0.00, 0.00
4.03,9.81,0.00, 0.00
4.03,9.81,0.00, 0.00
4.03,9.81,0.00, 0.00
4.03,9.81,0.00, 0.00
4.03,9.81,0.00, 0.00
4.03,9.81,0.00, 0.00
4.03,9.81,0.00, 0.00
4.03,9.81,0.00, 0.00
4.03,9.81,0.00, 0.00
4.03,9.81,0.00, 0.00
4.06,9.81,1.48, 0.00
4.06,9.81,0.02, 0.00
4.06,9.81,0.02, 0.00
4.06,9.81,0.02, 0.00
4.06,9.81,0.02, 0.00
4.06,9.81,0.02, 0.00
4.06,9.81,0.02, 0.00
4.06,9.81,0.00, 0.00
4.06,9.81,0.00, 0.00
4.06,9.81,0.00, 0.00
4.06,9.81,0.00, 0.00
4.06,9.81,0.00, 0.00
4.06,9.81,0.00, 0.00
4.03,9.81,0.00, 0.00
4.03,9.81,0.00, 0.00
0.00,9.81,0.00, 0.00
0.00,9.81,0.00, 0.00
3.34,9.81,164.54, 0.00
4.08,9.81,38.88, 0.00
4.06,9.81,0.00, 0.00
4.06,9.81,0.00, 0.00
4.03,9.67,0.00, 0.00
1.41,9.06,0.00, 0.00
0.00,8.06,0.00, 0.00
2.62,7.06,129.07, 0.00
3.14,6.10,27.52, 0.00
1.90,5.27,0.00, 0.00
0.96,4.49,0.00, 0.00
0.96,4.49,0.00, 0.00
0.96,4.49,0.00, 0.00
1.25,3.85,14.29, 0.00
1.27,3.24,1.20, 0.00
0.62,2.72,0.00, 0.00
0.04,2.25,0.00, 0.00
0.09,1.87,2.46, 0.00
0.11,1.51,1.02, 0.00
0.02,1.23,0.00, 0.00
0.04,0.96,0.99, 0.00
0.09,0.75,2.48, 0.00
0.09,0.75,2.48, 0.00
0.09,0.75,2.48, 0.00
0.18,0.56,4.47, 0.00
0.36,0.41,8.93, 0.00
0.49,0.28,6.54, 0.00
0.89,0.02,19.80, 0.00
0.89,0.02,19.80, 0.00
1.01,0.04,6.20, 0.50
0.98,0.05,0.00, 0.50
1.05,0.05,3.45, 0.00
1.07,0.05,1.04, 0.50
0.94,0.07,0.00, 0.75
0.53,0.06,0.00, 0.00
0.53,0.06,0.00, 0.00
0.53,0.06,0.00, 0.00
0.53,0.06,0.00, 0.00
0.53,0.06,0.00, 0.00
0.53,0.06,0.00, 0.00
0.78,0.06,12.32, 0.00
0.80,0.05,1.17, 0.00
0.76,0.05,0.00, 0.00
1.19,0.05,21.18, 0.50
1.16,0.05,0.00, 0.00
1.07,0.05,0.00, 0.00
0.94,0.05,0.00, 0.50
0.78,0.06,0.00, 0.25
0.67,0.06,0.00, 0.00
0.65,0.06,0.00, 0.00
0.76,0.06,5.42, 0.00
0.89,0.05,6.48, 0.00
0.89,0.05,6.48, 0.00
0.89,0.05,6.48, 0.00
0.89,0.05,6.48, 0.00
0.89,0.05,6.48, 0.00
0.96,0.05,3.54, 0.50
0.98,0.05,1.04, 0.00
1.01,0.05,1.49, 0.00
0.92,0.05,0.00, 0.00
0.94,0.05,0.99, 0.50
0.94,0.05,0.99, 0.50
0.94,0.05,0.99, 0.50
0.92,0.05,0.00, 0.00
0.87,0.05,0.00, 0.50
0.83,0.06,0.00, 0.25
0.83,0.06,0.00, 0.00
0.83,0.06,0.00, 0.00
0.85,0.06,0.99, 0.00
0.85,0.05,0.01, 0.00
0.94,0.05,4.43, 0.00
0.96,0.05,1.05, 0.00
0.96,0.05,0.02, 0.00
0.98,0.05,0.99, 0.50
0.94,0.05,0.00, 0.00
0.87,0.05,0.00, 0.00
0.85,0.06,0.00, 0.25
0.83,0.06,0.00, 0.00
0.80,0.07,0.00, 0.50
0.69,0.26,0.00, 9.47
0.42,0.38,0.00, 5.76
0.20,0.68,0.00, 15.22
0.00,1.02,0.00, 17.24
0.00,1.42,0.00, 19.99
0.00,1.85,0.00, 21.00
0.00,1.85,0.00, 21.00
0.00,2.32,0.00, 23.74
0.00,2.97,0.00, 32.72
0.13,3.74,6.40, 38.23
0.49,4.60,17.83, 42.98
0.80,5.44,15.53, 41.75
1.07,6.28,13.53, 42.50
1.25,7.38,9.07, 54.46
1.25,7.38,9.07, 54.46
1.25,7.38,9.07, 54.46
1.25,7.38,9.07, 54.46
1.25,7.38,9.07, 54.46
1.34,8.52,4.57, 57.49
1.50,9.72,7.95, 59.49
1.86,9.81,17.85, 4.95
2.82,9.81,47.56, 0.02
3.14,9.81,16.46, 0.00
3.47,9.81,16.50, 0.00
3.88,9.81,20.44, 0.00
3.92,9.81,2.27, 0.00
3.97,9.81,2.50, 0.00
3.97,9.81,0.04, 0.00
3.99,9.81,0.99, 0.00
3.99,9.81,0.01, 0.00
4.01,9.81,0.99, 0.00
4.01,9.81,0.01, 0.00
4.01,9.81,0.00, 0.00
4.01,9.81,0.00, 0.00
4.01,9.81,0.00, 0.00
4.01,9.81,0.00, 0.00
4.01,9.81,0.00, 0.00
4.01,9.81,0.00, 0.00
4.01,9.81,0.00, 0.00
4.01,9.81,0.00, 0.00
4.01,9.81,0.00, 0.00
4.01,9.81,0.00, 0.00
4.01,9.81,0.00, 0.00
4.01,9.81,0.00, 0.00
4.03,9.81,0.99, 0.00
4.03,9.81,0.01, 0.00
4.03,9.81,0.01, 0.00
4.03,9.81,0.01, 0.00
4.03,9.81,0.00, 0.00
4.03,9.81,0.00, 0.00
4.03,9.81,0.00, 0.00
4.03,9.81,0.00, 0.00
4.03,9.81,0.00, 0.00
4.03,9.81,0.00, 0.00
4.03,9.81,0.00, 0.00
4.03,9.81,0.00, 0.00
4.03,9.81,0.00, 0.00
4.03,9.81,0.00, 0.00
4.03,9.81,0.00, 0.00
4.03,9.81,0.00, 0.00
4.03,9.81,0.00, 0.00
4.03,9.81,0.00, 0.00
4.03,9.81,0.00, 0.00
4.06,9.81,1.48, 0.00
4.06,9.81,1.48, 0.00
4.06,9.81,1.48, 0.00
4.06,9.81,1.48, 0.00
4.06,9.81,1.48, 0.00
4.06,9.81,1.48, 0.00
4.06,9.81,1.48, 0.00
4.06,9.81,1.48, 0.00
4.06,9.81,1.48, 0.00
4.06,9.81,1.48, 0.00
4.06,9.81,1.48, 0.00
4.06,9.81,1.48, 0.00
4.06,9.81,1.48, 0.00
4.06,9.81,0.02, 0.00
4.06,9.81,0.00, 0.00
4.06,9.81,0.00, 0.00
4.06,9.81,0.00, 0.00
4.06,9.81,0.00, 0.00
4.06,9.81,0.00, 0.00
4.06,9.81,0.00, 0.00
4.06,9.81,0.00, 0.00
4.06,9.81,0.00, 0.00
4.06,9.81,0.00, 0.00
4.06,9.81,0.00, 0.00
4.06,9.81,0.00, 0.00
4.06,9.81,0.00, 0.00
4.06,9.81,0.00, 0.00
4.06,9.81,0.00, 0.00
4.06,9.81,0.00, 0.00
4.06,9.81,0.00, 0.00
4.06,9.81,0.00, 0.00
4.06,9.81,0.00, 0.00
4.06,9.81,0.00, 0.00
4.06,9.81,0.00, 0.00
4.06,9.81,0.00, 0.00
4.06,9.81,0.00, 0.00
4.03,9.81,0.00, 0.00
4.03,9.81,0.00, 0.00
4.06,9.81,1.48, 0.00
4.03,9.81,0.00, 0.00
4.03,9.81,0.00, 0.00
4.03,9.81,0.00, 0.00
4.03,9.81,0.00, 0.00
4.03,9.81,0.00, 0.00
4.03,9.81,0.00, 0.00
4.03,9.81,0.00, 0.00
4.03,9.81,0.00, 0.00
4.03,9.81,0.00, 0.00
4.06,9.81,1.48, 0.00
4.06,9.81,1.48, 0.00
4.03,9.81,0.00, 0.00
4.03,9.81,0.00, 0.00
4.03,9.81,0.00, 0.00
4.03,9.81,0.00, 0.00
4.03,9.81,0.00, 0.00
4.03,9.81,0.00, 0.00
4.03,9.81,0.00, 0.00
4.03,9.81,0.00, 0.00
4.03,9.81,0.00, 0.00
4.06,9.81,1.48, 0.00
4.06,9.81,1.48, 0.00
4.06,9.81,1.48, 0.00
4.06,9.81,1.48, 0.00
4.06,9.81,1.48, 0.00
4.06,9.81,1.48, 0.00
4.06,9.81,1.48, 0.00
4.06,9.81,1.48, 0.00
4.06,9.81,1.48, 0.00
4.06,9.81,1.48, 0.00
4.06,9.81,1.48, 0.00
4.06,9.81,1.48, 0.00
4.06,9.81,1.48, 0.00
4.06,9.81,1.48, 0.00
4.06,9.81,1.48, 0.00
4.06,9.81,1.48, 0.00
4.06,9.81,1.48, 0.00
4.06,9.81,1.48, 0.00
4.06,9.81,0.02, 0.00
4.06,9.81,0.02, 0.00
4.06,9.81,0.02, 0.00
4.06,9.81,0.02, 0.00
4.06,9.81,0.02, 0.00
4.06,9.81,0.02, 0.00
4.06,9.81,0.02, 0.00
4.03,9.81,0.00, 0.00
4.03,9.81,0.00, 0.00
4.06,9.81,1.48, 0.00
4.06,9.81,0.02, 0.00
4.06,9.43,0.00, 0.00
4.03,8.52,0.00, 0.00
4.06,8.05,1.48, 0.00
4.06,7.66,0.02, 0.00
4.06,7.66,0.02, 0.00
4.06,7.32,0.00, 0.00
0.38,7.07,0.00, 0.00
0.00,6.91,0.00, 0.00
0.13,6.78,6.40, 0.00
4.17,6.72,199.12, 0.00
4.10,6.62,0.00, 0.00
4.06,6.59,0.00, 0.00
4.03,6.45,0.00, 0.00
4.03,6.45,0.00, 0.00
4.03,6.45,0.00, 0.00
4.03,6.45,0.00, 0.00
3.47,6.24,0.00, 0.00
3.47,6.24,0.00, 0.00
3.47,6.24,0.00, 0.00
3.47,6.24,0.00, 0.00
0.00,5.90,0.00, 0.00
2.26,5.41,111.34, 0.00
2.26,5.41,111.34, 0.00
2.69,4.41,22.82, 0.00
1.97,2.41,0.00, 0.00
1.77,1.71,0.00, 0.00
1.72,1.45,0.00, 0.00
1.68,1.25,0.00, 0.00
1.63,0.98,0.00, 0.00
1.63,0.98,0.00, 0.00
1.63,0.98,0.00, 0.00
1.63,0.98,0.00, 0.00
1.63,0.98,0.00, 0.00
1.63,0.98,0.00, 0.00
1.63,0.98,0.00, 0.00
1.63,0.98,0.00, 0.00
1.63,0.98,0.00, 0.00
1.63,0.98,0.00, 0.00
1.63,0.98,0.00, 0.00
1.59,0.76,0.00, 0.00
1.61,0.55,0.99, 0.00
1.57,0.38,0.00, 0.00
1.10,0.01,0.00, 0.00
1.05,0.04,0.00, 1.49
0.94,0.05,0.00, 0.25
0.71,0.05,0.00, 0.50
0.33,0.05,0.00, 0.00
0.20,0.06,0.00, 0.25
0.31,0.06,5.42, 0.00
0.60,0.06,14.37, 0.00
0.89,0.07,14.50, 0.50
0.89,0.07,14.50, 0.50
0.89,0.07,14.50, 0.50
0.89,0.07,14.50, 0.50
0.89,0.07,14.50, 0.50
1.05,0.06,8.10, 0.00
0.87,0.05,0.00, 0.00
0.65,0.05,0.00, 0.00
0.65,0.05,0.00, 0.00
0.65,0.05,0.00, 0.00
0.65,0.05,0.00, 0.00
0.65,0.05,0.00, 0.00
0.65,0.05,0.00, 0.00
0.65,0.05,0.00, 0.00
0.31,0.05,0.00, 0.00
0.31,0.05,0.00, 0.00
0.31,0.05,0.00, 0.00
0.65,0.05,16.75, 0.50
0.76,0.06,5.67, 0.50
0.40,0.11,0.00, 1.99
0.29,0.11,0.00, 0.01
0.29,0.12,0.00, 1.00
0.27,0.12,0.00, 0.00
0.20,0.15,0.00, 1.25
0.15,0.17,0.00, 1.00
0.15,0.17,0.00, 1.00
0.15,0.17,0.00, 1.00
0.15,0.17,0.00, 1.00
0.15,0.17,0.00, 1.00
0.15,0.17,0.00, 1.00
0.15,0.17,0.00, 1.00
0.13,0.19,0.00, 1.00
0.04,0.20,0.00, 0.50
0.00,0.21,0.00, 0.50
0.00,1.32,0.00, 55.05
0.00,1.52,0.00, 10.16
0.00,1.52,0.00, 10.16
0.00,1.52,0.00, 10.16
0.31,1.72,15.27, 10.00
0.33,1.95,1.21, 11.74
0.29,2.25,0.00, 14.99
0.29,2.25,0.00, 14.99
0.53,2.99,11.82, 36.92
0.53,2.99,11.82, 36.92
0.53,2.99,11.82, 36.92
0.62,3.38,4.61, 19.31
1.12,4.09,24.70, 35.69
1.32,4.51,10.22, 20.80
1.45,4.91,6.55, 20.25
1.72,5.32,13.40, 20.75
2.04,5.74,15.96, 20.75
2.60,6.47,27.82, 36.44
2.91,6.87,15.68, 20.06
3.25,7.26,16.98, 19.25
3.63,7.68,18.97, 20.99
3.99,8.06,18.01, 19.26
3.97,8.35,0.00, 14.77
3.99,8.66,0.99, 15.00
3.99,8.66,0.99, 15.00
3.99,8.66,0.99, 15.00
3.99,8.66,0.99, 15.00
3.99,8.66,0.99, 15.00
3.99,8.66,0.99, 15.00
3.99,8.96,0.01, 15.25
3.99,9.26,0.00, 15.00
4.01,9.54,0.99, 14.00
4.01,9.54,0.99, 14.00
4.01,9.54,0.99, 14.00
4.01,9.54,0.99, 14.00
4.01,9.54,0.99, 14.00
4.01,9.54,0.99, 14.00
4.01,9.54,0.99, 14.00
4.01,9.81,0.01, 13.50
4.01,9.81,0.01, 13.50
4.01,9.81,0.01, 13.50
4.01,9.81,0.01, 13.50
4.01,9.81,0.01, 13.50
4.01,9.81,0.01, 13.50
4.01,9.81,0.01, 13.50
4.01,9.81,0.01, 13.50
4.01,9.81,0.01, 13.50
4.01,9.81,0.01, 13.50
4.01,9.81,0.01, 13.50
4.01,9.81,0.01, 13.50
4.01,9.81,0.01, 13.50
4.01,9.81,0.01, 13.50
4.01,9.81,0.00, 0.05
4.03,9.81,0.99, 0.00
4.03,9.81,0.01, 0.00
4.03,9.81,0.01, 0.00
4.03,9.81,0.01, 0.00
4.03,9.81,0.01, 0.00
4.03,9.81,0.01, 0.00
4.03,9.81,0.01, 0.00
4.03,9.81,0.01, 0.00
4.03,9.81,0.01, 0.00
4.03,9.81,0.01, 0.00
4.03,9.81,0.01, 0.00
4.03,9.81,0.01, 0.00
4.03,9.81,0.00, 0.00
4.06,9.81,1.48, 0.00
4.06,9.81,1.48, 0.00
4.06,9.81,1.48, 0.00
4.06,9.81,0.02, 0.00
4.06,9.81,0.00, 0.00
4.03,9.81,0.00, 0.00
4.06,9.81,1.48, 0.00
4.06,9.81,0.02, 0.00
4.06,9.81,0.00, 0.00
4.06,9.81,0.00, 0.00
4.06,9.81,0.00, 0.00
4.06,9.81,0.00, 0.00
4.03,9.81,0.00, 0.00
4.08,9.81,2.46, 0.00
4.06,9.81,0.00, 0.00
4.06,9.81,0.00, 0.00
4.06,9.81,0.00, 0.00
4.06,9.81,0.00, 0.00
4.06,9.81,0.00, 0.00
4.06,9.81,0.00, 0.00
4.06,9.81,0.00, 0.00
4.06,9.81,0.00, 0.00
4.06,9.81,0.00, 0.00
4.06,9.81,0.00, 0.00
4.06,9.81,0.00, 0.00
4.03,9.81,0.00, 0.00
4.06,9.81,1.48, 0.00
4.03,9.81,0.00, 0.00
4.03,9.81,0.00, 0.00
4.06,9.81,1.48, 0.00
4.03,9.81,0.00, 0.00
4.06,9.81,1.48, 0.00
4.06,9.81,0.02, 0.00
4.06,9.81,0.02, 0.00
4.06,9.81,0.02, 0.00
4.06,9.81,0.02, 0.00
4.06,9.81,0.00, 0.00
4.06,9.81,0.00, 0.00
4.06,9.81,0.00, 0.00
4.06,9.81,0.00, 0.00
4.06,9.81,0.00, 0.00
4.06,9.81,0.00, 0.00
4.03,9.81,0.00, 0.00
4.03,9.81,0.00, 0.00
4.06,9.81,1.48, 0.00
4.06,9.81,0.02, 0.00
4.06,9.81,0.00, 0.00
4.06,9.81,0.00, 0.00
4.06,9.81,0.00, 0.00
4.06,9.81,0.00, 0.00
4.03,9.81,0.00, 0.00
4.06,9.81,1.48, 0.00
4.06,9.81,0.02, 0.00
4.06,9.81,0.02, 0.00
4.06,9.81,0.02, 0.00
4.06,9.81,0.02, 0.00
4.06,9.81,0.02, 0.00
4.06,9.81,0.00, 0.00
4.06,9.81,0.00, 0.00
4.06,9.81,0.00, 0.00
4.06,9.81,0.00, 0.00
4.03,9.76,0.00, 0.00
4.06,9.64,1.48, 0.00
4.03,9.46,0.00, 0.00
4.03,9.46,0.00, 0.00
4.03,9.46,0.00, 0.00
4.03,9.46,0.00, 0.00
4.03,9.46,0.00, 0.00
4.03,9.46,0.00, 0.00
4.03,9.46,0.00, 0.00
4.03,9.46,0.00, 0.00
4.03,9.46,0.00, 0.00
4.03,9.46,0.00, 0.00
4.06,9.18,1.48, 0.00
4.06,9.18,1.48, 0.00
4.06,9.18,1.48, 0.00
4.06,9.18,1.48, 0.00
4.06,9.18,1.48, 0.00
4.06,9.18,1.48, 0.00
4.06,9.18,1.48, 0.00
4.06,9.18,1.48, 0.00
4.06,9.18,1.48, 0.00
4.06,9.18,1.48, 0.00
4.06,9.18,1.48, 0.00
4.06,9.18,1.48, 0.00
4.06,9.18,1.48, 0.00
4.06,9.18,1.48, 0.00
4.06,8.90,0.02, 0.00
4.03,8.67,0.00, 0.00
4.01,6.47,0.00, 0.00
2.04,1.66,0.00, 0.00
1.88,1.36,0.00, 0.00
1.77,1.08,0.00, 0.00
1.77,1.08,0.00, 0.00
1.77,1.08,0.00, 0.00
1.77,1.08,0.00, 0.00
1.77,1.08,0.00, 0.00
1.77,1.08,0.00, 0.00
1.77,1.08,0.00, 0.00
1.77,1.08,0.00, 0.00
1.77,1.08,0.00, 0.00
1.77,1.08,0.00, 0.00
1.77,1.08,0.00, 0.00
1.77,1.08,0.00, 0.00
1.77,1.08,0.00, 0.00
1.77,1.08,0.00, 0.00
1.59,0.82,0.00, 0.00
1.57,0.61,0.00, 0.00
1.52,0.43,0.00, 0.00
0.98,0.05,0.00, 0.00
0.89,0.04,0.00, 0.00
0.96,0.05,3.45, 0.50
0.38,0.05,0.00, 0.50
0.00,0.05,0.00, 0.00
0.00,0.05,0.00, 0.50
0.00,0.05,0.00, 0.50
0.00,0.05,0.00, 0.50
0.13,0.05,6.40, 0.00
0.40,0.05,13.40, 0.50
0.40,0.05,13.40, 0.50
0.62,0.06,11.04, 0.25
1.03,0.05,20.36, 0.00
0.94,0.05,0.00, 0.50
0.69,0.05,0.00, 0.00
0.42,0.05,0.00, 0.00
0.24,0.05,0.00, 0.00
0.24,0.05,0.00, 0.00
0.24,0.05,0.00, 0.00
0.24,0.05,0.00, 0.00
0.18,0.04,0.00, 0.00
0.22,0.04,1.97, 0.00
0.36,0.05,6.93, 0.50
0.69,0.05,16.36, 0.00
0.62,0.05,0.00, 0.00
0.56,0.05,0.00, 0.00
0.44,0.05,0.00, 0.00
0.40,0.07,0.00, 1.25
0.40,0.07,0.00, 0.00
0.47,0.11,3.45, 2.24
0.76,0.17,14.34, 3.00
0.53,0.31,0.00, 6.74
0.51,0.47,0.00, 8.00
0.60,0.70,4.43, 11.49
0.58,0.85,0.00, 7.51
0.56,1.03,0.00, 9.24
0.42,1.24,0.00, 10.25
0.40,1.48,0.00, 12.24
0.47,1.72,3.45, 12.00
0.47,1.98,0.05, 12.75
0.47,1.98,0.05, 12.75
0.40,2.27,0.00, 14.49
0.38,2.59,0.00, 15.75
0.49,2.97,5.42, 19.24
0.60,3.25,5.50, 14.02
0.67,3.56,3.53, 15.49
0.67,3.56,3.53, 15.49
0.67,3.56,3.53, 15.49
0.67,3.56,3.53, 15.49
0.67,3.56,3.53, 15.49
0.67,3.56,3.53, 15.49
0.67,3.56,3.53, 15.49
0.71,3.86,2.02, 14.75
0.71,3.86,2.02, 14.75
0.71,3.86,2.02, 14.75
0.94,4.22,11.36, 18.24
1.27,4.65,16.42, 21.74
2.73,7.15,72.17, 124.37
3.11,7.68,19.78, 27.11
3.54,8.18,21.47, 25.01
3.85,8.64,15.59, 22.51
3.94,9.03,4.66, 19.76
3.97,9.33,1.55, 15.02
3.97,9.53,0.02, 10.27
3.99,9.65,0.99, 5.52
3.99,9.73,0.01, 4.25
3.99,9.80,0.00, 3.25
3.99,9.81,0.00, 0.76
3.99,9.81,0.00, 0.00
3.99,9.81,0.00, 0.00
4.01,9.81,0.99, 0.00
4.01,9.81,0.99, 0.00
4.01,9.81,0.99, 0.00
3.99,9.81,0.00, 0.00
3.99,9.81,0.00, 0.00
3.99,9.81,0.00, 0.00
4.01,9.81,0.99, 0.00
4.01,9.81,0.01, 0.00
4.01,9.81,0.00, 0.00
4.01,9.81,0.00, 0.00
4.01,9.81,0.00, 0.00
4.01,9.81,0.00, 0.00
4.03,9.81,0.99, 0.00
4.01,9.81,0.00, 0.00
4.01,9.81,0.00, 0.00
4.01,9.81,0.00, 0.00
4.01,9.81,0.00, 0.00
4.01,9.81,0.00, 0.00
4.03,9.81,0.99, 0.00
4.03,9.81,0.99, 0.00
4.03,9.81,0.99, 0.00
4.03,9.81,0.99, 0.00
4.03,9.81,0.01, 0.00
4.01,9.81,0.00, 0.00
4.03,9.81,0.99, 0.00
4.03,9.81,0.01, 0.00
4.03,9.81,0.00, 0.00
4.06,9.81,1.48, 0.00
4.01,9.81,0.00, 0.00
4.03,9.81,0.99, 0.00
4.03,9.81,0.01, 0.00
4.06,9.81,1.48, 0.00
4.06,9.81,0.02, 0.00
4.06,9.81,0.00, 0.00
4.03,9.81,0.00, 0.00
4.06,9.81,1.48, 0.00
4.06,9.81,0.02, 0.00
4.03,9.81,0.00, 0.00
4.03,9.81,0.00, 0.00
4.03,9.81,0.00, 0.00
4.03,9.81,0.00, 0.00
4.03,9.81,0.00, 0.00
4.06,9.81,1.48, 0.00
4.03,9.81,0.00, 0.00
4.06,9.81,1.48, 0.00
4.06,9.81,0.02, 0.00
4.06,9.81,0.00, 0.00
4.06,9.81,0.00, 0.00
4.06,9.81,0.00, 0.00
4.06,9.81,0.00, 0.00
4.06,9.81,0.00, 0.00
4.06,9.81,0.00, 0.00
4.03,9.81,0.00, 0.00
4.06,9.81,1.48, 0.00
4.06,9.81,0.02, 0.00
4.06,9.81,0.00, 0.00
4.03,9.81,0.00, 0.00
4.03,9.81,0.00, 0.00
4.06,9.81,1.48, 0.00
4.03,9.81,0.00, 0.00
4.06,9.81,1.48, 0.00
4.06,9.81,0.02, 0.00
4.03,9.81,0.00, 0.00
4.03,9.81,0.00, 0.00
4.03,9.81,0.00, 0.00
4.03,9.81,0.00, 0.00
4.06,9.81,1.48, 0.00
4.06,9.81,0.02, 0.00
4.06,9.81,0.00, 0.00
4.03,9.81,0.00, 0.00
4.03,9.81,0.00, 0.00
4.06,9.81,1.48, 0.00
4.03,9.81,0.00, 0.00
4.06,9.81,1.48, 0.00
4.03,9.81,0.00, 0.00
4.03,9.81,0.00, 0.00
4.06,9.81,1.48, 0.00
4.06,9.81,0.02, 0.00
4.06,9.81,0.02, 0.00
4.06,9.81,0.02, 0.00
4.03,9.81,0.00, 0.00
4.03,9.81,0.00, 0.00
4.03,9.81,0.00, 0.00
4.03,9.81,0.00, 0.00
4.03,9.81,0.00, 0.00
4.03,9.81,0.00, 0.00
4.03,9.81,0.00, 0.00
4.03,9.81,0.00, 0.00
4.03,9.81,0.00, 0.00
4.03,9.81,0.00, 0.00
4.03,9.81,0.00, 0.00
4.03,9.81,0.00, 0.00
4.03,9.81,0.00, 0.00
4.06,9.81,1.48, 0.00
4.06,9.81,0.02, 0.00
4.06,9.81,0.00, 0.00
4.03,9.81,0.00, 0.00
4.03,9.81,0.00, 0.00
4.03,9.81,0.00, 0.00
4.03,9.81,0.00, 0.00
4.03,9.81,0.00, 0.00
4.03,9.81,0.00, 0.00
4.03,9.58,0.00, 0.00
4.03,9.58,0.00, 0.00
4.03,9.58,0.00, 0.00
4.03,9.58,0.00, 0.00
4.03,9.38,0.00, 0.00
4.03,9.38,0.00, 0.00
4.06,8.11,1.48, 0.00
4.03,7.69,0.00, 0.00
4.03,6.77,0.00, 0.00
4.06,6.55,1.48, 0.00
4.06,6.27,0.02, 0.00
4.06,5.97,0.00, 0.00
4.06,5.67,0.00, 0.00
4.03,5.31,0.00, 0.00
4.01,4.91,0.00, 0.00
0.00,4.43,0.00, 0.00
0.00,4.43,0.00, 0.00
0.00,4.43,0.00, 0.00
0.00,4.43,0.00, 0.00
0.00,4.43,0.00, 0.00
0.00,4.43,0.00, 0.00
0.00,4.43,0.00, 0.00
0.00,3.80,0.00, 0.00
4.10,3.45,201.98, 0.00
3.99,3.17,0.00, 0.00
2.06,1.85,0.00, 0.00
0.87,1.63,0.00, 0.00
0.20,1.42,0.00, 0.00
1.27,1.21,52.71, 0.00
1.50,1.01,12.11, 0.00
1.50,1.01,12.11, 0.00
1.50,1.01,12.11, 0.00
1.50,1.01,12.11, 0.00
1.50,1.01,12.11, 0.00
1.50,1.01,12.11, 0.00
1.50,1.01,12.11, 0.00
1.03,0.88,0.00, 0.00
0.83,0.74,0.00, 0.00
0.83,0.74,0.00, 0.00
0.83,0.74,0.00, 0.00
0.83,0.74,0.00, 0.00
0.83,0.74,0.00, 0.00
0.83,0.74,0.00, 0.00
0.83,0.74,0.00, 0.00
0.83,0.74,0.00, 0.00
1.10,0.62,13.30, 0.00
1.07,0.09,0.00, 0.00
1.16,0.09,4.43, 0.00
0.44,0.05,0.00, 0.00
0.44,0.05,0.00, 0.00
0.42,0.05,0.00, 0.00
0.42,0.05,0.00, 0.50
0.47,0.05,2.46, 0.00
0.47,0.05,2.46, 0.00
0.47,0.05,2.46, 0.00
0.58,0.06,5.46, 0.50
0.71,0.06,6.48, 0.00
0.76,0.06,2.56, 0.00
0.76,0.06,2.56, 0.00
0.78,0.06,1.02, 0.00
0.74,0.06,0.00, 0.00
0.74,0.06,0.00, 0.00
0.71,0.06,0.00, 0.00
0.71,0.06,0.00, 0.00
0.71,0.06,0.00, 0.00
0.71,0.06,0.00, 0.00
0.71,0.06,0.00, 0.00
0.71,0.06,0.00, 0.00
0.71,0.06,0.00, 0.00
0.71,0.06,0.00, 0.00
0.71,0.06,0.00, 0.00
0.58,0.06,0.00, 0.00
0.58,0.06,0.00, 0.00
0.58,0.06,0.00, 0.00
0.58,0.06,0.00, 0.00
0.58,0.06,0.00, 0.00
0.58,0.06,0.00, 0.00
0.58,0.06,0.00, 0.00
0.51,0.05,0.00, 0.00
0.51,0.05,0.00, 0.00
0.51,0.05,0.00, 0.00
0.47,0.08,0.00, 1.25
0.00,0.32,0.00, 11.96
0.40,0.74,19.71, 20.97
0.29,0.85,0.00, 5.56
0.00,1.21,0.00, 18.20
0.00,1.40,0.00, 9.53
0.00,1.40,0.00, 9.53
0.00,1.58,0.00, 8.50
0.00,1.75,0.00, 8.75
0.00,1.95,0.00, 10.24
0.00,2.18,0.00, 11.25
0.00,2.43,0.00, 12.25
0.00,2.78,0.00, 17.73
0.00,2.78,0.00, 17.73
0.00,3.17,0.00, 19.49
0.24,3.60,11.82, 21.24
0.65,4.03,20.37, 21.50
0.83,4.48,9.17, 22.99
0.96,4.92,6.54, 21.75
1.30,5.36,16.85, 21.75
1.30,5.36,16.85, 21.75
1.30,5.36,16.85, 21.75
1.30,5.36,16.85, 21.75
1.30,5.36,16.85, 21.75
1.30,5.36,16.85, 21.75
1.66,5.81,17.98, 22.75
1.66,5.81,17.98, 22.75
1.66,5.81,17.98, 22.75
1.99,6.30,16.52, 24.49
1.99,6.30,16.52, 24.49
1.99,6.30,16.52, 24.49
1.99,6.30,16.52, 24.49
1.99,6.30,16.52, 24.49
1.99,6.30,16.52, 24.49
1.99,6.30,16.52, 24.49
1.99,6.30,16.52, 24.49
1.99,6.30,16.52, 24.49
1.99,6.30,16.52, 24.49
1.99,6.30,16.52, 24.49
1.99,6.30,16.52, 24.49
1.99,6.30,16.52, 24.49
1.99,6.30,16.52, 24.49
1.99,6.30,16.52, 24.49
1.99,6.30,16.52, 24.49
1.99,6.30,16.52, 24.49
1.99,6.30,16.52, 24.49
2.35,6.70,17.98, 20.27
2.35,6.70,17.98, 20.27
2.35,6.70,17.98, 20.27
2.35,6.70,17.98, 20.27
2.35,6.70,17.98, 20.27
3.97,8.26,80.07, 77.54
3.97,8.26,80.07, 77.54
3.97,8.26,80.07, 77.54
3.97,8.26,80.07, 77.54
3.97,8.26,80.07, 77.54
3.99,8.49,2.16, 11.74
4.03,9.63,2.00, 56.83
4.03,9.81,0.03, 9.18
4.03,9.81,0.03, 9.18
4.03,9.81,0.00, 0.03
4.03,9.81,0.00, 0.03
4.03,9.81,0.00, 0.03
4.03,9.81,0.00, 0.00
4.03,9.81,0.00, 0.00
4.03,9.81,0.00, 0.00
4.03,9.81,0.00, 0.00
4.03,9.81,0.00, 0.00
4.03,9.81,0.00, 0.00
4.03,9.81,0.00, 0.00
4.03,9.81,0.00, 0.00
4.03,9.81,0.00, 0.00
4.06,9.81,1.48, 0.00
4.06,9.81,0.02, 0.00
4.06,9.81,0.02, 0.00
4.06,9.81,0.02, 0.00
4.06,9.81,0.02, 0.00
4.06,9.81,0.02, 0.00
4.06,9.81,0.02, 0.00
4.03,9.81,0.00, 0.00
4.03,9.81,0.00, 0.00
4.03,9.81,0.00, 0.00
4.03,9.81,0.00, 0.00
4.03,9.81,0.00, 0.00
4.03,9.81,0.00, 0.00
4.03,9.81,0.00, 0.00
4.03,9.81,0.00, 0.00
4.03,9.81,0.00, 0.00
4.06,9.81,1.48, 0.00
4.06,9.81,0.02, 0.00
4.06,9.81,0.00, 0.00
4.06,9.81,0.00, 0.00
4.06,9.81,0.00, 0.00
4.03,9.81,0.00, 0.00
4.03,9.81,0.00, 0.00
4.06,9.81,1.48, 0.00
4.03,9.81,0.00, 0.00
4.03,9.81,0.00, 0.00
4.06,9.81,1.48, 0.00
4.03,9.81,0.00, 0.00
4.03,9.81,0.00, 0.00
4.03,9.81,0.00, 0.00
4.06,9.81,1.48, 0.00
4.06,9.81,0.02, 0.00
4.06,9.81,0.02, 0.00
4.06,9.81,0.02, 0.00
4.06,9.81,0.02, 0.00
4.03,9.81,0.00, 0.00
4.03,9.81,0.00, 0.00
4.03,9.81,0.00, 0.00
4.03,9.81,0.00, 0.00
4.03,9.81,0.00, 0.00
4.03,9.81,0.00, 0.00
4.03,9.81,0.00, 0.00
4.03,9.81,0.00, 0.00
4.03,9.81,0.00, 0.00
4.06,9.81,1.48, 0.00
4.06,9.81,0.02, 0.00
4.03,9.77,0.00, 0.00
4.06,8.97,1.48, 0.00
4.06,8.97,1.48, 0.00
4.06,8.97,1.48, 0.00
4.06,8.97,1.48, 0.00
4.06,8.97,1.48, 0.00
4.06,8.97,1.48, 0.00
4.06,8.97,1.48, 0.00
4.06,8.97,1.48, 0.00
4.06,8.97,1.48, 0.00
4.06,8.97,1.48, 0.00
4.06,8.97,1.48, 0.00
4.06,8.97,1.48, 0.00
4.06,8.97,1.48, 0.00
4.06,8.97,1.48, 0.00
4.06,8.97,1.48, 0.00
4.06,8.97,1.48, 0.00
4.06,8.97,1.48, 0.00
4.06,8.97,1.48, 0.00
4.06,8.97,1.48, 0.00
4.06,8.97,1.48, 0.00
4.06,8.97,1.48, 0.00
4.06,8.97,1.48, 0.00
4.06,8.97,1.48, 0.00
4.06,8.97,1.48, 0.00
4.06,8.97,1.48, 0.00
4.06,8.97,1.48, 0.00
4.06,8.97,1.48, 0.00
4.03,9.01,0.00, 2.24
4.06,9.03,1.48, 1.25
4.06,9.03,1.48, 1.25
4.03,9.01,0.00, 0.00
4.03,9.01,0.00, 0.00
4.03,9.01,0.00, 0.00
4.03,9.01,0.00, 0.00
4.03,9.01,0.00, 0.00
4.03,9.01,0.00, 0.00
4.03,9.01,0.00, 0.00
4.03,9.01,0.00, 0.00
4.03,9.01,0.00, 0.00
4.03,9.01,0.00, 0.00
4.03,9.01,0.00, 0.00
4.03,9.01,0.00, 0.00
4.03,9.01,0.00, 0.00
4.03,9.01,0.00, 0.00
4.03,9.01,0.00, 0.00
4.03,9.01,0.00, 0.00
3.74,8.22,0.00, 0.00
3.74,8.22,0.00, 0.00
3.74,8.22,0.00, 0.00
3.74,8.22,0.00, 0.00
3.74,8.22,0.00, 0.00
3.74,8.22,0.00, 0.00
3.74,8.22,0.00, 0.00
3.74,8.22,0.00, 0.00
3.74,8.22,0.00, 0.00
3.74,8.22,0.00, 0.00
3.74,8.22,0.00, 0.00
3.74,8.22,0.00, 0.00
3.74,8.22,0.00, 0.00
3.74,8.22,0.00, 0.00
3.41,7.78,0.00, 0.00
3.70,7.53,14.29, 0.00
3.70,7.53,14.29, 0.00
3.70,7.53,14.29, 0.00
3.70,7.53,14.29, 0.00
3.70,7.53,14.29, 0.00
3.70,7.53,14.29, 0.00
3.70,7.53,14.29, 0.00
3.70,7.53,14.29, 0.00
3.70,7.53,14.29, 0.00
3.70,7.53,14.29, 0.00
3.70,7.53,14.29, 0.00
3.70,7.53,14.29, 0.00
3.70,7.53,14.29, 0.00
2.28,4.18,0.00, 0.00
2.28,4.18,0.00, 0.00
2.28,4.18,0.00, 0.00
2.28,4.18,0.00, 0.00
2.28,4.18,0.00, 0.00
2.28,4.18,0.00, 0.00
2.28,4.18,0.00, 0.00
2.28,4.18,0.00, 0.00
2.28,4.18,0.00, 0.00
2.28,4.18,0.00, 0.00
2.28,4.18,0.00, 0.00
2.28,4.18,0.00, 0.00
2.28,4.18,0.00, 0.00
2.28,4.18,0.00, 0.00
2.28,4.18,0.00, 0.00
2.28,4.18,0.00, 0.00
2.28,4.18,0.00, 0.00
2.28,4.18,0.00, 0.00
2.28,4.18,0.00, 0.00
2.28,4.18,0.00, 0.00
2.28,4.18,0.00, 0.00
0.96,0.15,0.00, 0.00
0.96,0.15,0.00, 0.00
0.96,0.15,0.00, 0.00
1.07,0.09,5.42, 0.00
1.07,0.09,5.42, 0.00
0.85,0.05,0.00, 0.00
0.80,0.12,0.00, 3.49
0.56,0.37,0.00, 12.47
0.60,0.44,1.97, 4.03
0.60,0.44,1.97, 4.03
0.76,0.62,7.91, 8.73
0.78,0.77,1.10, 7.75
0.78,0.92,0.02, 7.00
0.78,0.92,0.02, 7.00
0.80,1.20,0.99, 14.47
0.69,1.34,0.00, 6.78
0.60,1.48,0.00, 7.00
0.60,1.48,0.00, 7.00
0.60,1.48,0.00, 7.00
0.60,1.48,0.00, 7.00
0.60,1.48,0.00, 7.00
0.60,1.48,0.00, 7.00
0.60,1.48,0.00, 7.00
0.60,1.48,0.00, 7.00
0.44,1.65,0.00, 8.74
0.44,1.65,0.00, 8.74
0.44,1.65,0.00, 8.74
0.44,1.65,0.00, 8.74
0.44,1.65,0.00, 8.74
0.44,1.65,0.00, 8.74
0.44,1.65,0.00, 8.74
0.44,1.65,0.00, 8.74
0.44,1.65,0.00, 8.74
0.44,1.65,0.00, 8.74
0.44,1.65,0.00, 8.74
0.44,1.65,0.00, 8.74
0.44,1.65,0.00, 8.74
0.44,1.65,0.00, 8.74
0.44,1.65,0.00, 8.74
0.44,1.65,0.00, 8.74
0.44,1.65,0.00, 8.74
0.44,1.65,0.00, 8.74
0.44,1.65,0.00, 8.74
0.44,1.65,0.00, 8.74
0.27,1.87,0.00, 10.49
0.27,1.87,0.00, 10.49
0.27,1.87,0.00, 10.49
0.27,1.87,0.00, 10.49
0.27,1.87,0.00, 10.49
0.27,1.87,0.00, 10.49
0.27,1.87,0.00, 10.49
0.27,1.87,0.00, 10.49
0.27,1.87,0.00, 10.49
0.27,1.87,0.00, 10.49
0.27,1.87,0.00, 10.49
0.27,1.87,0.00, 10.49
0.27,1.87,0.00, 10.49
0.27,1.87,0.00, 10.49
0.27,1.87,0.00, 10.49
0.27,1.87,0.00, 10.49
0.27,1.87,0.00, 10.49
0.27,1.87,0.00, 10.49
0.27,1.87,0.00, 10.49
0.15,2.07,0.00, 10.25
0.13,3.59,0.00, 75.76
3.97,9.56,189.18, 297.68
4.01,9.81,4.75, 13.54
4.01,9.81,4.75, 13.54
4.03,9.81,1.06, 0.05
4.03,9.81,0.02, 0.00
4.03,9.81,0.00, 0.00
4.01,9.81,0.00, 0.00
4.03,9.81,0.99, 0.00
4.03,9.81,0.01, 0.00
4.03,9.81,0.00, 0.00
4.03,9.81,0.00, 0.00
4.03,9.81,0.00, 0.00
4.03,9.81,0.00, 0.00
4.03,9.81,0.00, 0.00
4.03,9.81,0.00, 0.00
4.03,9.81,0.00, 0.00
4.06,9.81,1.48, 0.00
4.03,9.81,0.00, 0.00
4.03,9.81,0.00, 0.00
4.03,9.81,0.00, 0.00
4.03,9.81,0.00, 0.00
4.03,9.81,0.00, 0.00
4.03,9.81,0.00, 0.00
4.03,9.81,0.00, 0.00
4.03,9.81,0.00, 0.00
4.03,9.81,0.00, 0.00
4.06,9.81,1.48, 0.00
4.06,9.81,1.48, 0.00
4.03,9.81,0.00, 0.00
4.03,9.81,0.00, 0.00
4.03,9.81,0.00, 0.00
4.03,9.81,0.00, 0.00
4.03,9.81,0.00, 0.00
4.03,9.81,0.00, 0.00
4.03,9.81,0.00, 0.00
4.06,9.81,1.48, 0.00
4.03,9.81,0.00, 0.00
4.03,9.81,0.00, 0.00
4.03,9.81,0.00, 0.00
4.03,9.81,0.00, 0.00
4.03,9.81,0.00, 0.00
4.03,9.81,0.00, 0.00
4.06,9.81,1.48, 0.00
4.03,9.81,0.00, 0.00
4.03,9.81,0.00, 0.00
4.03,9.81,0.00, 0.00
4.03,9.81,0.00, 0.00
4.03,9.81,0.00, 0.00
4.03,9.81,0.00, 0.00
4.03,9.81,0.00, 0.00
4.03,9.81,0.00, 0.00
4.03,9.81,0.00, 0.00
4.03,9.81,0.00, 0.00
4.03,9.81,0.00, 0.00
4.03,9.81,0.00, 0.00
4.03,9.81,0.00, 0.00
4.03,9.81,0.00, 0.00
4.03,9.81,0.00, 0.00
4.03,9.81,0.00, 0.00
4.03,9.81,0.00, 0.00
4.03,9.81,0.00, 0.00
4.03,9.81,0.00, 0.00
4.03,9.81,0.00, 0.00
4.03,9.81,0.00, 0.00
4.03,9.81,0.00, 0.00
4.03,9.81,0.00, 0.00
4.03,9.81,0.00, 0.00
4.03,9.81,0.00, 0.00
4.03,9.81,0.00, 0.00
4.03,9.81,0.00, 0.00
4.03,9.81,0.00, 0.00
4.03,9.81,0.00, 0.00
4.03,9.81,0.00, 0.00
4.03,9.81,0.00, 0.00
4.03,9.81,0.00, 0.00
4.03,9.81,0.00, 0.00
4.03,9.81,0.00, 0.00
4.03,9.81,0.00, 0.00
4.03,9.81,0.00, 0.00
4.03,9.81,0.00, 0.00
4.03,9.81,0.00, 0.00
4.03,9.81,0.00, 0.00
4.03,9.65,0.00, 0.00
4.03,9.51,0.00, 0.00
4.03,9.36,0.00, 0.00
4.03,9.27,0.00, 0.00
4.03,9.20,0.00, 0.00
4.03,9.11,0.00, 0.00
4.03,9.11,0.00, 0.00
4.03,9.11,0.00, 0.00
4.03,9.11,0.00, 0.00
4.03,9.11,0.00, 0.00
4.03,9.11,0.00, 0.00
4.03,9.11,0.00, 0.00
4.03,9.11,0.00, 0.00
4.03,9.11,0.00, 0.00
4.03,9.01,0.00, 0.00
4.03,8.67,0.00, 0.00
4.03,8.45,0.00, 0.00
4.03,7.97,0.00, 0.00
4.03,7.90,0.00, 0.00
4.03,7.77,0.00, 0.00
4.03,7.61,0.00, 0.00
4.03,7.39,0.00, 0.00
4.03,7.14,0.00, 0.00
4.03,6.83,0.00, 0.00
0.00,6.44,0.00, 0.00
0.09,5.91,4.43, 0.00
2.71,5.35,129.14, 0.00
3.79,4.81,55.11, 0.00
3.14,4.32,0.00, 0.00
1.95,3.82,0.00, 0.00
2.22,3.33,13.30, 0.00
2.49,2.89,13.50, 0.00
2.10,2.50,0.00, 0.00
1.63,2.12,0.00, 0.00
1.63,2.12,0.00, 0.00
1.72,1.76,4.43, 0.00
1.81,1.41,4.50, 0.00
1.61,1.12,0.00, 0.00
1.61,1.12,0.00, 0.00
1.61,1.12,0.00, 0.00
1.61,1.12,0.00, 0.00
1.61,1.12,0.00, 0.00
1.61,1.12,0.00, 0.00
1.61,1.12,0.00, 0.00
1.61,1.12,0.00, 0.00
1.61,1.12,0.00, 0.00
1.61,1.12,0.00, 0.00
1.61,1.12,0.00, 0.00
1.61,1.12,0.00, 0.00
1.61,1.12,0.00, 0.00
1.61,1.12,0.00, 0.00
1.45,0.86,0.00, 0.00
1.52,0.66,3.45, 0.00
1.52,0.46,0.05, 0.00
0.09,0.07,0.00, 0.00
0.00,0.07,0.00, 0.00
0.00,0.07,0.00, 0.00
0.00,0.07,0.00, 0.00
0.22,0.06,10.84, 0.00
0.65,0.05,21.34, 0.00
0.96,0.05,15.59, 0.00
1.12,0.05,8.11, 0.50
0.98,0.05,0.00, 0.00
0.98,0.05,0.00, 0.00
0.98,0.05,0.00, 0.00
0.78,0.05,0.00, 0.00
0.62,0.05,0.00, 0.00
0.56,0.05,0.00, 0.50
0.56,0.06,0.00, 0.25
0.56,0.06,0.00, 0.25
0.56,0.06,0.00, 0.25
0.56,0.06,0.00, 0.25
0.56,0.06,0.00, 0.25
0.56,0.06,0.00, 0.25
0.56,0.06,0.00, 0.25
0.56,0.06,0.00, 0.25
0.56,0.06,0.00, 0.25
0.56,0.06,0.00, 0.25
0.56,0.06,0.00, 0.25
0.56,0.06,0.00, 0.25
0.56,0.06,0.00, 0.25
0.65,0.06,4.43, 0.00
0.65,0.06,4.43, 0.00
0.65,0.06,4.43, 0.00
0.65,0.06,4.43, 0.00
0.65,0.06,4.43, 0.00
0.65,0.06,4.43, 0.00
0.65,0.06,4.43, 0.00
0.69,0.05,2.04, 0.00
0.71,0.05,1.02, 0.50
0.62,0.09,0.00, 1.99
0.65,0.21,1.48, 5.74
0.60,0.25,0.00, 2.26
0.47,0.55,0.00, 14.70
0.47,0.55,0.00, 14.70
0.60,0.63,6.40, 4.04
0.78,0.94,8.96, 15.46
0.78,0.94,8.96, 15.46
0.78,0.94,8.96, 15.46
0.78,0.94,8.96, 15.46
0.78,0.94,8.96, 15.46
0.78,0.94,8.96, 15.46
0.78,0.94,8.96, 15.46
0.78,0.94,8.96, 15.46
0.78,0.94,8.96, 15.46
0.78,0.94,8.96, 15.46
0.78,0.94,8.96, 15.46
0.78,0.94,8.96, 15.46
0.78,0.94,8.96, 15.46
0.71,1.19,0.00, 12.76
0.71,1.19,0.00, 12.76
0.71,1.19,0.00, 12.76
0.49,1.47,0.00, 13.75
0.49,1.47,0.00, 13.75
0.18,1.75,0.00, 13.75
2.75,7.67,126.61, 295.22
3.11,8.28,19.60, 31.72
3.94,9.41,41.18, 56.16
3.97,9.66,2.08, 12.66
3.97,9.81,0.03, 7.52
3.97,9.81,0.00, 0.03
3.97,9.81,0.00, 0.00
3.97,9.81,0.00, 0.00
3.99,9.81,0.99, 0.00
3.99,9.81,0.01, 0.00
3.99,9.81,0.00, 0.00
3.99,9.81,0.00, 0.00
3.99,9.81,0.00, 0.00
4.01,9.81,0.99, 0.00
4.01,9.81,0.01, 0.00
3.99,9.81,0.00, 0.00
3.99,9.81,0.00, 0.00
3.99,9.81,0.00, 0.00
3.99,9.81,0.00, 0.00
3.99,9.81,0.00, 0.00
3.99,9.81,0.00, 0.00
3.99,9.81,0.00, 0.00
3.99,9.81,0.00, 0.00
3.99,9.81,0.00, 0.00
3.99,9.81,0.00, 0.00
4.01,9.81,0.99, 0.00
4.01,9.81,0.99, 0.00
4.01,9.81,0.01, 0.00
4.01,9.81,0.01, 0.00
4.01,9.81,0.01, 0.00
4.01,9.81,0.01, 0.00
4.01,9.81,0.01, 0.00
4.01,9.81,0.01, 0.00
4.01,9.81,0.01, 0.00
4.01,9.81,0.00, 0.00
4.03,9.81,0.99, 0.00
4.01,9.81,0.00, 0.00
4.03,9.81,0.99, 0.00
4.03,9.81,0.01, 0.00
4.03,9.81,0.00, 0.00
4.03,9.81,0.00, 0.00
4.03,9.81,0.00, 0.00
4.03,9.81,0.00, 0.00
4.03,9.81,0.00, 0.00
4.03,9.81,0.00, 0.00
4.03,9.81,0.00, 0.00
4.03,9.81,0.00, 0.00
4.03,9.81,0.00, 0.00
4.03,9.81,0.00, 0.00
4.03,9.81,0.00, 0.00
4.03,9.81,0.00, 0.00
4.03,9.81,0.00, 0.00
4.03,9.81,0.00, 0.00
4.03,9.81,0.00, 0.00
4.03,9.81,0.00, 0.00
4.03,9.81,0.00, 0.00
4.06,9.81,1.48, 0.00
4.03,9.81,0.00, 0.00
4.03,9.81,0.00, 0.00
4.03,9.81,0.00, 0.00
4.03,9.81,0.00, 0.00
4.03,9.81,0.00, 0.00
4.03,9.81,0.00, 0.00
4.03,9.81,0.00, 0.00
4.03,9.81,0.00, 0.00
4.03,9.81,0.00, 0.00
4.03,9.81,0.00, 0.00
4.03,9.81,0.00, 0.00
4.03,9.81,0.00, 0.00
4.03,9.81,0.00, 0.00
4.03,9.81,0.00, 0.00
4.03,9.81,0.00, 0.00
4.03,9.81,0.00, 0.00
4.03,9.81,0.00, 0.00
4.03,9.81,0.00, 0.00
4.03,9.81,0.00, 0.00
4.03,9.81,0.00, 0.00
4.03,9.81,0.00, 0.00
4.03,9.81,0.00, 0.00
4.03,9.81,0.00, 0.00
4.03,9.81,0.00, 0.00
4.03,9.81,0.00, 0.00
4.03,9.81,0.00, 0.00
4.03,9.81,0.00, 0.00
4.03,9.81,0.00, 0.00
4.03,9.81,0.00, 0.00
4.03,9.81,0.00, 0.00
4.03,9.81,0.00, 0.00
4.03,9.81,0.00, 0.00
4.03,9.81,0.00, 0.00
4.03,9.81,0.00, 0.00
4.03,9.81,0.00, 0.00
4.03,9.81,0.00, 0.00
4.03,9.81,0.00, 0.00
4.03,9.81,0.00, 0.00
4.03,9.81,0.00, 0.00
4.03,9.81,0.00, 0.00
4.03,9.81,0.00, 0.00
4.03,9.81,0.00, 0.00
4.03,9.81,0.00, 0.00
4.03,9.81,0.00, 0.00
4.03,9.81,0.00, 0.00
4.03,9.81,0.00, 0.00
4.03,9.81,0.00, 0.00
4.03,9.81,0.00, 0.00
4.03,9.81,0.00, 0.00
4.03,9.81,0.00, 0.00
4.03,9.81,0.00, 0.00
4.03,9.81,0.00, 0.00
4.03,9.81,0.00, 0.00
4.03,9.81,0.00, 0.00
4.03,9.81,0.00, 0.00
4.01,9.81,0.00, 0.00
4.01,9.81,0.00, 0.00
4.03,9.81,0.99, 0.00
4.03,9.81,0.01, 0.00
4.03,9.12,0.00, 0.00
4.03,8.77,0.00, 0.00
4.03,8.52,0.00, 0.00
4.03,8.22,0.00, 0.00
4.03,7.84,0.00, 0.00
0.00,7.32,0.00, 0.00
0.00,6.68,0.00, 0.00
0.00,6.68,0.00, 0.00
0.00,6.68,0.00, 0.00
0.00,6.68,0.00, 0.00
0.00,6.68,0.00, 0.00
0.00,6.68,0.00, 0.00
1.43,6.12,70.45, 0.00
1.43,6.12,70.45, 0.00
1.43,6.12,70.45, 0.00
4.08,5.61,131.59, 0.00
4.08,5.18,1.94, 0.00
0.00,3.51,0.00, 0.00
2.46,2.74,121.19, 0.00
2.46,2.74,121.19, 0.00
2.46,2.74,121.19, 0.00
2.46,2.74,121.19, 0.00
2.46,2.74,121.19, 0.00
2.46,2.74,121.19, 0.00
1.77,2.42,0.00, 0.00
1.77,2.42,0.00, 0.00
0.65,2.13,0.00, 0.00
0.94,1.84,14.29, 0.00
0.94,1.84,14.29, 0.00
1.45,0.61,25.34, 0.00
1.30,0.47,0.00, 0.00
1.27,0.35,0.00, 0.00
1.27,0.35,0.00, 0.00
1.30,0.27,1.48, 0.00
1.21,0.20,0.00, 0.00
1.07,0.16,0.00, 0.00
0.96,0.11,0.00, 0.00
0.96,0.11,0.00, 0.00
0.96,0.11,0.00, 0.00
0.96,0.11,0.00, 0.00
0.96,0.11,0.00, 0.00
0.96,0.11,0.00, 0.00
0.96,0.11,0.00, 0.00
0.96,0.11,0.00, 0.00
0.96,0.11,0.00, 0.00
0.80,0.12,0.00, 0.50
0.80,0.12,0.00, 0.50
0.80,0.12,0.00, 0.50
0.80,0.12,0.00, 0.50
0.80,0.12,0.00, 0.50
0.80,0.12,0.00, 0.50
0.80,0.12,0.00, 0.50
0.80,0.12,0.00, 0.50
0.80,0.12,0.00, 0.5