3.39,0.00,0.00, 0.00
0.03,0.06,0.00, 2.99
0.03,0.06,0.00, 0.01
0.03,0.06,0.00, 0.00
0.00,0.05,0.00, 0.00
0.05,0.05,2.46, 0.50
0.00,0.05,0.00, 0.00
0.00,0.05,0.00, 0.50
0.07,0.06,3.45, 0.25
0.00,0.06,0.00, 0.00
0.00,0.06,0.00, 0.00
0.05,0.06,2.46, 0.00
0.00,0.05,0.00, 0.00
0.00,0.05,0.00, 0.00
0.00,0.05,0.00, 0.50
0.03,0.07,1.48, 0.75
0.12,0.06,4.46, 0.00
0.09,0.07,0.00, 0.50
0.00,0.06,0.00, 0.00
0.00,0.06,0.00, 0.00
0.03,0.06,1.48, 0.00
0.03,0.06,0.02, 0.00
0.00,0.06,0.00, 0.00
0.03,0.07,1.48, 0.50
0.03,0.06,0.02, 0.00
0.03,0.06,0.00, 0.00
0.03,0.06,0.00, 0.00
0.03,0.05,0.00, 0.00
0.00,0.05,0.00, 0.50
0.03,0.07,1.48, 0.75
0.00,0.07,0.00, 0.00
0.00,0.06,0.00, 0.00
0.03,0.06,1.48, 0.00
0.05,0.05,1.01, 0.00
0.00,0.05,0.00, 0.50
0.03,0.06,1.48, 0.25
0.00,0.06,0.00, 0.00
0.03,0.06,1.48, 0.00
0.00,0.06,0.00, 0.00
0.05,0.06,2.46, 0.00
0.05,0.06,0.04, 0.00
0.03,0.06,0.00, 0.00
0.03,0.06,0.00, 0.00
0.03,0.05,0.00, 0.00
0.00,0.05,0.00, 0.00
0.00,0.05,0.00, 0.00
0.05,0.05,2.46, 0.00
0.03,0.05,0.00, 0.50
0.00,0.06,0.00, 0.25
0.03,0.05,1.48, 0.00
0.00,0.05,0.00, 0.50
0.03,0.06,1.48, 0.25
0.00,0.05,0.00, 0.00
0.00,0.05,0.00, 0.50
0.03,0.06,1.48, 0.25
0.00,0.06,0.00, 0.00
0.00,0.05,0.00, 0.00
0.00,0.05,0.00, 0.50
0.00,0.05,0.00, 0.00
0.00,0.05,0.00, 0.50
0.00,0.05,0.00, 0.00
0.03,0.05,1.48, 0.00
0.03,0.05,0.02, 0.00
0.07,0.05,1.97, 0.00
0.00,0.06,0.00, 0.25
0.05,0.06,2.46, 0.00
0.05,0.06,0.04, 0.00
0.00,0.06,0.00, 0.00
0.05,0.06,2.46, 0.00
0.03,0.06,0.00, 0.00
0.00,0.06,0.00, 0.00
0.00,0.05,0.00, 0.00
0.05,0.05,2.46, 0.50
0.03,0.07,0.00, 0.75
0.03,0.06,0.00, 0.00
0.12,0.06,4.43, 0.00
0.00,0.06,0.00, 0.00
0.00,0.06,0.00, 0.00
0.03,0.05,1.48, 0.00
0.03,0.05,0.02, 0.50
0.00,0.06,0.00, 0.25
0.03,0.06,1.48, 0.00
0.00,0.06,0.00, 0.00
0.00,0.06,0.00, 0.00
0.03,0.05,1.48, 0.00
0.03,0.05,0.02, 0.50
0.00,0.06,0.00, 0.25
0.00,0.05,0.00, 0.00
0.00,0.05,0.00, 0.50
0.05,0.06,2.46, 0.25
0.05,0.06,0.04, 0.00
0.00,0.06,0.00, 0.00
0.00,0.06,0.00, 0.00
0.05,0.06,2.46, 0.00
0.03,0.06,0.00, 0.00
0.03,0.06,0.00, 0.00
0.03,0.06,0.00, 0.00
0.00,0.06,0.00, 0.00
0.03,0.06,1.48, 0.00
0.05,0.05,1.01, 0.00
0.00,0.05,0.00, 0.00
0.00,0.06,0.00, 1.00
0.07,0.06,3.45, 0.00
0.05,0.06,0.00, 0.00
0.00,0.06,0.00, 0.00
0.05,0.05,2.46, 0.00
0.05,0.05,0.04, 0.50
0.05,0.06,0.00, 0.25
0.03,0.06,0.00, 0.00
0.00,0.06,0.00, 0.00
0.03,0.05,1.48, 0.00
0.00,0.05,0.00, 0.00
0.03,0.05,1.48, 0.50
0.00,0.05,0.00, 0.00
0.05,0.05,2.46, 0.50
0.05,0.05,0.04, 0.00
0.00,0.05,0.00, 0.50
0.03,0.05,1.48, 0.00
0.03,0.05,0.02, 0.50
0.00,0.06,0.00, 0.25
0.03,0.06,1.48, 0.00
0.00,0.05,0.00, 0.00
0.00,0.05,0.00, 0.50
0.09,0.06,4.43, 0.25
0.34,0.06,12.38, 0.00
0.38,0.06,2.15, 0.00
0.43,0.05,2.49, 0.00
0.52,0.05,4.47, 0.00
0.54,0.07,1.05, 0.75
0.38,0.06,0.00, 0.00
0.34,0.05,0.00, 0.00
0.34,0.05,0.00, 0.00
0.32,0.06,0.00, 0.25
0.45,0.05,6.40, 0.00
0.56,0.05,5.51, 0.00
0.45,0.05,0.00, 0.50
0.41,0.05,0.00, 0.00
0.52,0.05,5.42, 0.50
0.43,0.05,0.00, 0.00
0.50,0.05,3.45, 0.00
0.43,0.05,0.00, 0.50
0.43,0.06,0.00, 0.25
0.32,0.06,0.00, 0.00
0.16,0.06,0.00, 0.00
0.09,0.05,0.00, 0.00
0.00,0.05,0.00, 0.50
0.03,0.05,1.48, 0.00
0.00,0.06,0.00, 0.75
0.00,0.06,0.00, 0.75
0.00,0.06,0.00, 0.75
0.00,0.06,0.00, 0.75
0.00,0.06,0.00, 0.75
0.00,0.06,0.00, 0.75
0.00,0.06,0.00, 0.75
0.00,0.06,0.00, 0.75
0.00,0.06,0.00, 0.75
0.00,0.06,0.00, 0.75
0.00,0.06,0.00, 0.75
0.00,0.06,0.00, 0.75
0.00,0.06,0.00, 0.75
0.00,0.06,0.00, 0.75
0.00,0.06,0.00, 0.75
0.00,0.06,0.00, 0.75
0.00,0.06,0.00, 0.75
0.00,0.06,0.00, 0.75
0.00,0.06,0.00, 0.75
0.00,0.06,0.00, 0.75
0.00,0.06,0.00, 0.75
0.00,0.06,0.00, 0.75
0.03,0.06,1.48, 0.00
0.12,0.05,4.46, 0.00
0.05,0.05,0.00, 0.50
0.03,0.05,0.00, 0.00
0.05,0.06,0.99, 0.25
0.00,0.06,0.00, 0.00
0.00,0.06,0.00, 0.00
0.00,0.06,0.00, 0.00
0.00,0.06,0.00, 0.00
0.00,0.06,0.00, 0.00
0.00,0.06,0.00, 0.00
0.00,0.06,0.00, 0.00
0.00,0.06,0.00, 0.00
0.03,0.06,1.48, 0.00
0.03,0.06,1.48, 0.00
0.03,0.06,1.48, 0.00
0.03,0.06,1.48, 0.00
0.03,0.06,1.48, 0.00
0.03,0.06,0.02, 0.00
0.03,0.05,0.00, 0.00
0.00,0.06,0.00, 0.25
0.00,0.06,0.00, 0.25
0.03,0.05,1.48, 0.00
0.00,0.06,0.00, 0.25
0.00,0.06,0.00, 0.00
0.00,0.06,0.00, 0.00
0.00,0.06,0.00, 0.00
0.00,0.06,0.00, 0.00
0.00,0.06,0.00, 0.00
0.05,0.06,2.46, 0.00
0.03,0.06,0.00, 0.00
0.03,0.06,0.00, 0.00
0.03,0.05,0.00, 0.00
0.03,0.05,0.00, 0.00
0.00,0.05,0.00, 0.50
0.05,0.05,2.46, 0.00
0.00,0.05,0.00, 0.00
0.00,0.05,0.00, 0.00
0.00,0.05,0.00, 0.00
0.00,0.05,0.00, 0.00
0.05,0.05,2.46, 0.50
0.05,0.05,2.46, 0.50
0.00,0.06,0.00, 0.25
0.03,0.05,1.48, 0.00
0.05,0.05,1.01, 0.00
0.07,0.05,1.00, 0.50
0.03,0.06,0.00, 0.25
0.00,0.06,0.00, 0.00
0.00,0.06,0.00, 0.00
0.05,0.06,2.46, 0.00
0.05,0.06,2.46, 0.00
0.00,0.05,0.00, 0.00
0.00,0.05,0.00, 0.00
0.03,0.05,1.48, 0.00
0.03,0.05,1.48, 0.00
0.03,0.05,1.48, 0.00
0.03,0.05,1.48, 0.00
0.00,0.05,0.00, 0.00
0.00,0.05,0.00, 0.00
0.00,0.05,0.00, 0.00
0.05,0.05,2.46, 0.00
0.00,0.04,0.00, 0.00
0.00,0.05,0.00, 1.00
0.05,0.06,2.46, 0.25
0.00,0.05,0.00, 0.00
0.03,0.05,1.48, 0.50
0.07,0.06,1.99, 0.25
0.00,0.06,0.00, 0.00
0.03,0.06,1.48, 0.00
0.12,0.06,4.46, 0.00
0.12,0.06,4.46, 0.00
0.00,0.06,0.00, 0.00
0.03,0.06,1.48, 0.00
0.05,0.06,1.01, 0.00
0.00,0.05,0.00, 0.00
0.00,0.05,0.00, 0.00
0.00,0.05,0.00, 0.00
0.00,0.05,0.00, 0.00
0.00,0.05,0.00, 0.00
0.00,0.05,0.00, 0.00
0.03,0.06,1.48, 0.25
0.00,0.06,0.00, 0.00
0.00,0.06,0.00, 0.00
0.00,0.06,0.00, 0.00
0.00,0.06,0.00, 0.00
0.00,0.06,0.00, 0.00
0.00,0.06,0.00, 0.00
0.00,0.06,0.00, 0.00
0.03,0.06,1.48, 0.00
0.03,0.06,1.48, 0.00
0.03,0.06,1.48, 0.00
0.03,0.06,1.48, 0.00
0.03,0.06,0.02, 0.00
0.03,0.06,0.00, 0.00
0.00,0.06,0.00, 0.00
0.03,0.06,1.48, 0.00
0.03,0.06,0.02, 0.00
0.05,0.06,0.99, 0.00
0.03,0.06,0.00, 0.00
0.00,0.06,0.00, 0.00
0.00,0.06,0.00, 0.00
0.03,0.06,1.48, 0.00
0.03,0.06,1.48, 0.00
0.00,0.06,0.00, 0.00
0.00,0.06,0.00, 0.00
0.00,0.06,0.00, 0.00
0.00,0.06,0.00, 0.00
0.00,0.06,0.00, 0.00
0.00,0.06,0.00, 0.00
0.00,0.06,0.00, 0.00
0.00,0.06,0.00, 0.00
0.05,0.06,2.46, 0.00
0.00,0.06,0.00, 0.00
0.05,0.05,2.46, 0.00
0.00,0.07,0.00, 1.25
0.00,0.06,0.00, 0.00
0.03,0.06,1.48, 0.00
0.03,0.06,0.02, 0.00
0.00,0.06,0.00, 0.00
0.03,0.06,1.48, 0.00
0.00,0.11,0.00, 2.24
0.00,0.18,0.00, 3.74
0.00,0.19,0.00, 0.51
0.00,0.25,0.00, 2.74
0.00,0.27,0.00, 1.26
0.00,0.31,0.00, 1.75
0.05,0.31,2.46, 0.50
0.05,0.40,0.04, 3.99
0.12,0.55,3.45, 7.74
0.25,0.65,6.46, 5.26
0.43,0.72,8.96, 3.26
0.54,0.78,5.55, 3.00
0.74,0.88,9.93, 4.99
0.97,0.99,11.48, 5.50
1.26,1.16,14.46, 8.74
1.26,1.16,14.46, 8.74
1.69,1.38,21.40, 10.99
2.22,1.68,26.42, 14.74
2.72,1.99,25.02, 15.50
3.08,2.30,18.10, 15.50
3.30,2.62,11.10, 16.25
3.37,2.88,3.61, 13.01
3.32,3.16,0.00, 13.75
3.30,3.39,0.00, 11.51
3.30,3.65,0.00, 12.99
3.30,3.89,0.00, 12.25
3.30,4.12,0.00, 11.25
3.28,4.34,0.00, 10.75
3.30,4.53,0.99, 9.50
3.30,4.53,0.99, 9.50
3.30,4.67,0.01, 7.26
3.30,4.67,0.01, 7.26
3.30,4.80,0.00, 6.75
3.30,4.88,0.00, 3.76
3.28,4.97,0.00, 4.25
3.30,5.01,0.99, 2.51
3.30,5.05,0.01, 1.75
3.28,5.06,0.00, 0.26
3.30,5.06,0.99, 0.00
3.30,5.02,0.01, 0.00
3.30,5.01,0.00, 0.00
3.28,4.98,0.00, 0.00
3.28,4.93,0.00, 0.00
3.28,4.86,0.00, 0.00
3.28,4.86,0.00, 0.00
3.28,4.82,0.00, 0.00
3.28,4.75,0.00, 0.00
3.32,4.65,1.97, 0.00
3.32,4.65,1.97, 0.00
3.28,4.61,0.00, 0.00
3.26,4.53,0.00, 0.00
3.28,4.49,0.99, 0.00
3.28,4.46,0.01, 0.00
3.30,4.47,0.99, 0.50
3.30,4.47,0.01, 0.00
3.30,4.46,0.00, 0.00
3.30,4.41,0.00, 0.00
3.30,4.37,0.00, 0.00
3.30,4.35,0.00, 0.00
3.26,4.39,0.00, 1.74
3.28,4.39,0.99, 0.01
3.30,4.42,1.00, 1.74
3.30,4.44,0.01, 1.00
3.30,4.49,0.00, 2.49
3.28,4.55,0.00, 3.00
3.28,4.59,0.00, 2.00
3.30,4.62,0.99, 1.50
3.28,4.65,0.00, 1.25
3.30,4.65,0.99, 0.00
3.28,4.65,0.00, 0.00
3.30,4.64,0.99, 0.00
3.30,4.64,0.99, 0.00
3.30,4.64,0.99, 0.00
3.30,4.65,0.01, 0.50
3.30,4.61,0.00, 0.00
3.30,4.57,0.00, 0.00
3.28,4.53,0.00, 0.00
3.30,4.48,0.99, 0.00
3.28,4.45,0.00, 0.00
3.30,4.39,0.99, 0.00
3.30,4.32,0.01, 0.00
3.28,4.24,0.00, 0.00
3.30,4.18,0.99, 0.00
3.28,4.12,0.00, 0.00
3.30,4.07,0.99, 0.00
3.30,4.03,0.01, 0.00
3.30,3.97,0.00, 0.00
3.30,3.93,0.00, 0.00
3.28,3.91,0.00, 0.00
3.28,3.88,0.00, 0.00
3.30,3.87,0.99, 0.00
3.30,3.85,0.01, 0.00
3.28,3.82,0.00, 0.00
3.28,3.82,0.00, 0.00
3.28,3.78,0.00, 0.00
3.30,3.74,0.99, 0.00
3.28,3.62,0.00, 0.00
3.30,3.51,0.99, 0.00
3.30,3.36,0.01, 0.00
3.30,3.20,0.00, 0.00
3.28,3.04,0.00, 0.00
3.28,2.86,0.00, 0.00
3.28,2.72,0.00, 0.00
3.28,2.72,0.00, 0.00
3.28,2.72,0.00, 0.00
0.00,2.53,0.00, 0.00
0.00,2.45,0.00, 0.00
2.02,2.18,99.51, 0.00
2.92,1.95,45.80, 0.00
2.29,1.80,0.00, 0.00
1.42,1.63,0.00, 0.00
0.00,1.33,0.00, 0.00
0.81,1.12,39.90, 0.00
0.81,1.12,39.90, 0.00
2.04,0.91,61.18, 0.00
1.82,0.70,0.00, 0.00
0.00,0.49,0.00, 0.00
0.00,0.36,0.00, 0.00
1.19,0.25,58.62, 0.00
0.32,0.19,0.00, 0.00
0.00,0.10,0.00, 0.00
0.25,0.07,12.32, 0.00
0.21,0.06,0.00, 0.00
0.07,0.06,0.00, 0.00
0.00,0.05,0.00, 0.00
0.09,0.05,4.43, 0.00
0.09,0.05,4.43, 0.00
0.18,0.05,4.50, 0.00
0.00,0.05,0.00, 0.50
0.12,0.07,5.91, 0.75
0.07,0.06,0.00, 0.00
0.00,0.07,0.00, 0.50
0.14,0.06,6.90, 0.00
0.07,0.06,0.00, 0.00
0.12,0.06,2.46, 0.00
0.00,0.06,0.00, 0.00
0.00,0.06,0.00, 0.00
0.16,0.06,7.88, 0.00
0.16,0.06,7.88, 0.00
0.16,0.06,7.88, 0.00
0.16,0.06,7.88, 0.00
0.16,0.06,7.88, 0.00
0.07,0.08,0.00, 1.00
0.05,0.08,0.00, 0.00
0.18,0.09,6.40, 0.75
0.50,0.33,15.86, 11.96
0.43,0.46,0.00, 6.27
0.00,0.61,0.00, 7.25
0.00,0.81,0.00, 9.99
0.36,1.01,17.74, 10.50
0.18,1.24,0.00, 11.25
0.03,1.42,0.00, 9.26
0.47,1.63,21.68, 10.25
0.79,1.87,16.08, 11.74
0.79,1.87,16.08, 11.74
0.99,2.11,10.09, 12.00
1.35,2.33,17.88, 11.00
1.75,2.53,19.97, 10.25
2.18,2.90,21.48, 18.47
2.49,3.07,15.59, 8.29
2.78,3.26,14.52, 9.50
2.96,3.42,9.08, 8.25
3.14,3.56,9.00, 6.76
3.19,3.70,2.60, 7.50
3.37,3.85,8.91, 7.25
3.30,4.01,0.00, 7.75
3.30,4.14,0.00, 6.50
3.28,4.24,0.00, 5.01
3.28,4.31,0.00, 4.00
3.28,4.40,0.00, 4.25
3.28,4.40,0.00, 4.25
3.30,4.44,0.99, 2.01
3.30,4.48,0.01, 1.75
3.30,4.51,0.00, 2.00
3.30,4.51,0.00, 2.00
3.30,4.51,0.00, 2.00
3.30,4.51,0.00, 2.00
3.30,4.55,0.00, 1.75
3.28,4.54,0.00, 0.00
3.30,4.55,0.99, 0.25
3.30,4.49,0.01, 0.00
3.30,4.49,0.01, 0.00
3.28,4.41,0.00, 0.00
3.30,4.31,0.99, 0.00
3.28,4.18,0.00, 0.00
3.28,4.06,0.00, 0.00
3.30,3.89,0.99, 0.00
3.30,3.75,0.01, 0.00
3.28,3.64,0.00, 0.00
3.30,3.55,0.99, 0.00
3.30,3.55,0.99, 0.00
3.30,3.50,0.01, 0.00
3.30,3.45,0.00, 0.00
3.28,3.49,0.00, 2.24
3.28,3.51,0.00, 0.76
3.28,3.51,0.00, 0.76
3.28,3.51,0.00, 0.76
3.28,3.51,0.00, 0.76
3.30,3.51,0.99, 0.50
3.30,3.53,0.01, 1.00
3.30,3.55,0.00, 0.75
3.30,3.54,0.00, 0.00
3.30,3.54,0.00, 0.00
3.28,3.55,0.00, 0.50
3.28,3.53,0.00, 0.00
3.30,3.53,0.99, 0.00
3.30,3.51,0.01, 0.00
3.28,3.48,0.00, 0.00
3.28,3.48,0.00, 0.00
3.28,3.44,0.00, 0.00
3.28,3.44,0.00, 0.00
3.30,3.43,0.99, 0.00
3.30,3.43,0.01, 0.00
3.30,3.38,0.00, 0.00
3.28,3.36,0.00, 0.00
3.30,3.33,0.99, 0.00
3.30,3.28,0.01, 0.00
3.28,3.22,0.00, 0.00
3.28,3.15,0.00, 0.00
3.28,3.10,0.00, 0.00
3.28,3.10,0.00, 0.00
3.30,3.02,0.99, 0.00
3.28,2.95,0.00, 0.00
3.28,2.90,0.00, 0.00
3.28,2.87,0.00, 0.00
3.28,2.84,0.00, 0.00
3.30,2.81,0.99, 0.00
3.28,2.78,0.00, 0.00
3.30,2.74,0.99, 0.00
3.30,2.74,0.99, 0.00
3.28,2.70,0.00, 0.00
3.28,2.65,0.00, 0.00
3.30,2.59,0.99, 0.00
3.28,2.53,0.00, 0.00
3.28,2.49,0.00, 0.00
3.30,2.43,0.99, 0.00
3.28,2.38,0.00, 0.00
3.30,2.32,0.99, 0.00
3.30,2.32,0.99, 0.00
3.28,2.28,0.00, 0.00
3.28,2.21,0.00, 0.00
3.28,2.21,0.00, 0.00
3.28,2.21,0.00, 0.00
3.28,2.21,0.00, 0.00
3.28,2.21,0.00, 0.00
3.28,2.16,0.00, 0.00
2.76,2.08,0.00, 0.00
0.23,2.01,0.00, 0.00
1.64,1.89,69.46, 0.00
3.01,1.80,68.51, 0.00
2.81,1.79,0.00, 0.00
1.91,1.72,0.00, 0.00
1.35,1.58,0.00, 0.00
1.42,1.51,3.45, 0.00
1.75,1.45,16.31, 0.00
1.60,1.38,0.00, 0.00
0.99,1.27,0.00, 0.00
0.77,1.15,0.00, 0.00
0.90,1.04,6.40, 0.00
0.52,0.89,0.00, 0.00
0.41,0.75,0.00, 0.00
0.52,0.60,5.42, 0.00
0.32,0.45,0.00, 0.00
0.25,0.32,0.00, 0.00
0.25,0.21,0.00, 0.00
0.21,0.12,0.00, 0.00
0.21,0.08,0.00, 0.00
0.00,0.06,0.00, 0.00
0.00,0.06,0.00, 0.00
0.00,0.06,0.00, 0.00
0.00,0.06,0.00, 0.00
0.00,0.06,0.00, 0.00
0.00,0.06,0.00, 0.00
0.07,0.06,3.45, 0.00
0.07,0.06,3.45, 0.00
0.03,0.06,0.00, 0.00
0.00,0.05,0.00, 0.00
0.00,0.06,0.00, 0.25
0.00,0.06,0.00, 0.25
0.05,0.05,2.46, 0.00
0.03,0.05,0.00, 0.50
0.00,0.05,0.00, 0.00
0.00,0.05,0.00, 0.00
0.00,0.05,0.00, 0.00
0.00,0.05,0.00, 0.00
0.00,0.05,0.00, 0.00
0.03,0.05,1.48, 0.50
0.00,0.06,0.00, 0.25
0.03,0.06,1.48, 0.00
0.00,0.10,0.00, 1.99
0.00,0.10,0.00, 1.99
0.00,0.10,0.00, 0.26
0.00,0.10,0.00, 0.26
0.00,0.14,0.00, 1.74
0.00,0.23,0.00, 4.24
0.05,0.46,2.46, 11.97
0.00,0.61,0.00, 7.02
0.00,0.61,0.00, 7.02
0.14,0.75,6.90, 7.25
0.43,0.98,14.39, 11.48
0.90,1.22,23.37, 12.00
1.19,1.43,14.63, 10.75
1.39,1.65,10.07, 10.75
1.64,1.86,12.46, 10.25
1.98,2.07,16.93, 10.75
2.34,2.28,17.98, 10.25
2.72,2.52,18.99, 12.24
3.05,2.78,16.54, 13.25
3.30,3.11,12.56, 16.24
3.19,3.39,0.00, 14.26
3.37,3.68,8.87, 14.50
3.30,3.93,0.00, 12.01
3.28,4.14,0.00, 10.75
3.28,4.31,0.00, 8.51
3.28,4.42,0.00, 5.51
3.28,4.42,0.00, 5.51
3.28,4.49,0.00, 3.76
3.28,4.49,0.00, 3.76
3.30,4.53,0.99, 2.01
3.30,4.52,0.01, 0.00
3.28,4.51,0.00, 0.00
3.30,4.47,0.99, 0.00
3.30,4.47,0.99, 0.00
3.30,4.41,0.01, 0.00
3.28,4.36,0.00, 0.00
3.28,4.31,0.00, 0.00
3.30,4.30,0.99, 0.00
3.30,4.24,0.01, 0.00
3.30,4.24,0.01, 0.00
3.28,4.19,0.00, 0.00
3.30,4.12,0.99, 0.00
3.30,4.07,0.01, 0.00
3.30,3.99,0.00, 0.00
3.28,3.95,0.00, 0.00
3.30,3.95,0.99, 0.00
3.30,3.95,0.99, 0.00
3.28,3.92,0.00, 0.00
3.30,3.96,0.99, 1.49
3.30,3.97,0.01, 0.50
3.30,3.96,0.00, 0.00
3.30,3.94,0.00, 0.00
3.30,3.94,0.00, 0.00
3.30,3.94,0.00, 0.00
3.30,3.94,0.00, 0.00
3.30,3.94,0.00, 0.00
3.30,3.94,0.00, 0.00
3.30,3.94,0.00, 0.00
3.30,3.93,0.00, 0.00
3.30,3.90,0.00, 0.00
3.30,3.90,0.00, 0.00
3.30,3.90,0.00, 0.00
3.30,3.90,0.00, 0.00
3.30,3.90,0.00, 0.00
3.30,3.90,0.00, 0.00
3.30,3.87,0.00, 0.00
3.28,3.68,0.00, 0.00
3.28,3.68,0.00, 0.00
3.30,3.69,0.99, 0.50
3.30,3.72,0.01, 1.75
3.28,3.72,0.00, 0.00
3.28,3.76,0.00, 1.99
3.30,3.78,0.99, 0.75
3.30,3.78,0.01, 0.00
3.30,3.78,0.01, 0.00
3.30,3.78,0.01, 0.00
3.30,3.78,0.01, 0.00
3.30,3.78,0.01, 0.00
3.30,3.78,0.01, 0.00
3.30,3.78,0.01, 0.00
3.30,3.78,0.01, 0.00
3.30,3.78,0.01, 0.00
3.30,3.78,0.01, 0.00
3.30,3.78,0.01, 0.00
3.30,3.78,0.01, 0.00
3.28,3.78,0.00, 0.50
3.28,3.82,0.00, 1.75
3.30,3.80,0.99, 0.00
3.30,3.80,0.99, 0.00
3.30,3.80,0.99, 0.00
3.30,3.80,0.99, 0.00
3.30,3.80,0.99, 0.00
3.30,3.96,0.01, 8.22
3.30,3.92,0.00, 0.00
3.30,3.93,0.00, 0.50
3.30,3.93,0.00, 0.50
3.30,3.93,0.00, 0.50
3.30,3.93,0.00, 0.50
3.30,3.93,0.00, 0.50
3.30,3.93,0.00, 0.50
3.30,3.93,0.00, 0.50
3.30,3.93,0.00, 0.50
3.30,3.93,0.00, 0.50
3.30,3.93,0.00, 0.50
3.30,3.93,0.00, 0.50
3.30,3.93,0.00, 0.50
3.30,3.93,0.00, 0.50
3.30,3.93,0.00, 0.50
3.30,3.93,0.00, 0.50
3.30,3.93,0.00, 0.50
3.30,3.77,0.00, 0.00
3.30,3.77,0.00, 0.00
3.28,3.73,0.00, 0.00
3.28,3.73,0.00, 0.00
3.28,3.73,0.00, 0.00
3.28,3.73,0.00, 0.00
3.28,3.73,0.00, 0.00
3.28,3.73,0.00, 0.00
3.28,3.73,0.00, 0.00
3.28,3.73,0.00, 0.00
3.28,3.73,0.00, 0.00
3.28,3.73,0.00, 0.00
3.28,3.73,0.00, 0.00
3.28,3.73,0.00, 0.00
3.28,3.73,0.00, 0.00
3.28,3.73,0.00, 0.00
3.28,3.70,0.00, 0.00
3.28,3.70,0.00, 0.00
3.28,3.70,0.00, 0.00
3.28,3.70,0.00, 0.00
3.28,2.55,0.00, 0.00
3.28,2.40,0.00, 0.00
1.24,0.65,0.00, 0.00
1.24,0.65,0.00, 0.00
1.24,0.65,0.00, 0.00
0.81,0.22,0.00, 0.00
0.81,0.22,0.00, 0.00
0.07,0.17,0.00, 0.00
0.07,0.17,0.00, 0.00
0.07,0.17,0.00, 0.00
0.07,0.17,0.00, 0.00
0.07,0.17,0.00, 0.00
0.07,0.17,0.00, 0.00
0.07,0.17,0.00, 0.00
0.63,0.12,27.59, 0.00
0.63,0.12,27.59, 0.00
0.00,0.06,0.00, 0.00
0.00,0.06,0.00, 0.00
0.00,0.06,0.00, 0.00
0.00,0.06,0.00, 0.00
0.00,0.06,0.00, 0.00
0.00,0.06,0.00, 0.00
0.00,0.06,0.00, 0.00
0.00,0.06,0.00, 0.00
0.00,0.06,0.00, 0.00
0.00,0.06,0.00, 0.00
0.00,0.06,0.00, 0.00
0.00,0.06,0.00, 0.00
0.00,0.06,0.00, 0.00
0.00,0.06,0.00, 0.00
0.00,0.06,0.00, 0.00
0.00,0.06,0.00, 0.00
0.00,0.06,0.00, 0.00
0.00,0.06,0.00, 0.00
0.00,0.06,0.00, 0.00
0.00,0.06,0.00, 0.00
0.00,0.06,0.00, 0.00
0.00,0.06,0.00, 0.00
0.00,0.06,0.00, 0.00
0.00,0.06,0.00, 0.00
0.00,0.06,0.00, 0.00
0.00,0.06,0.00, 0.00
0.00,0.06,0.00, 0.00
0.00,0.06,0.00, 0.00
0.07,0.06,3.45, 0.00
0.00,0.05,0.00, 0.00
0.03,0.06,1.48, 0.25
0.03,0.06,1.48, 0.25
0.03,0.06,1.48, 0.25
0.03,0.06,1.48, 0.25
0.03,0.06,1.48, 0.25
0.03,0.06,1.48, 0.25
0.03,0.06,1.48, 0.25
0.00,0.28,0.00, 10.96
0.00,0.28,0.00, 10.96
0.00,0.28,0.00, 10.96
0.00,0.28,0.00, 10.96
0.00,0.28,0.00, 10.96
0.00,0.28,0.00, 10.96
0.00,0.28,0.00, 10.96
0.00,0.28,0.00, 10.96
0.00,0.28,0.00, 10.96
0.00,0.28,0.00, 10.96
0.00,0.28,0.00, 10.96
0.07,0.35,3.45, 3.53
0.07,0.35,3.45, 3.53
0.07,0.35,3.45, 3.53
0.07,0.35,3.45, 3.53
0.07,0.35,3.45, 3.53
0.21,0.50,6.95, 7.24
0.21,0.50,6.95, 7.24
0.21,0.50,6.95, 7.24
0.21,0.50,6.95, 7.24
0.21,0.50,6.95, 7.24
0.21,0.50,6.95, 7.24
0.21,0.50,6.95, 7.24
0.21,0.50,6.95, 7.24
0.21,0.50,6.95, 7.24
0.21,0.50,6.95, 7.24
0.21,0.50,6.95, 7.24
1.75,1.76,75.97, 63.04
2.52,2.18,39.05, 20.90
1.86,1.45,0.00, 0.00
0.72,0.41,0.00, 0.00
0.72,0.41,0.00, 0.00
0.72,0.41,0.00, 0.00
0.72,0.41,0.00, 0.00
0.72,0.41,0.00, 0.00
0.72,0.41,0.00, 0.00
0.72,0.41,0.00, 0.00
0.72,0.41,0.00, 0.00
0.72,0.41,0.00, 0.00
0.63,0.37,0.00, 0.00
0.63,0.37,0.00, 0.00
0.63,0.37,0.00, 0.00
0.63,0.37,0.00, 0.00
0.61,0.32,0.00, 0.00
0.61,0.32,0.00, 0.00
0.63,0.28,0.99, 0.00
0.63,0.28,0.99, 0.00
0.43,0.10,0.00, 0.00
0.09,0.07,0.00, 0.00
0.09,0.07,0.00, 0.00
0.07,0.06,0.00, 0.00
0.07,0.06,0.00, 0.00
0.07,0.06,0.00, 0.00
0.07,0.06,0.00, 0.00
0.07,0.06,0.00, 0.00
0.07,0.06,0.00, 0.00
0.07,0.07,0.00, 0.50
0.09,0.07,0.99, 0.00
0.14,0.10,2.48, 1.74
1.10,0.76,47.33, 32.89
1.24,0.98,7.59, 10.58
1.42,1.21,8.98, 11.75
1.42,1.21,8.98, 11.75
1.42,1.21,8.98, 11.75
1.42,1.21,8.98, 11.75
1.62,1.42,9.98, 10.50
1.78,1.61,8.03, 9.50
1.82,1.77,2.09, 7.76
1.82,1.77,2.09, 7.76
2.38,2.14,27.62, 18.71
2.63,2.24,12.72, 5.30
2.94,2.42,15.46, 8.99
3.05,2.49,5.65, 3.52
3.17,2.57,5.99, 3.75
3.26,2.66,4.52, 4.50
3.26,2.66,4.52, 4.50
3.30,2.72,2.04, 3.25
3.30,2.77,0.03, 2.25
3.32,2.81,0.99, 2.00
3.30,2.87,0.00, 2.75
3.30,2.91,0.00, 2.50
3.30,2.99,0.00, 3.50
3.30,3.06,0.00, 3.50
3.30,3.12,0.00, 3.50
3.28,3.17,0.00, 2.50
3.28,3.24,0.00, 3.50
3.28,3.32,0.00, 3.50
3.30,3.34,0.99, 1.01
3.30,3.34,0.99, 1.01
3.30,3.34,0.99, 1.01
3.30,3.40,0.01, 3.49
3.30,3.40,0.00, 0.01
3.30,3.45,0.00, 2.24
3.30,3.45,0.00, 2.24
3.30,3.45,0.00, 2.24
3.30,3.45,0.00, 2.24
3.30,3.45,0.00, 2.24
3.28,3.48,0.00, 1.75
3.28,3.49,0.00, 0.26
3.30,3.54,0.99, 2.24
3.30,3.47,0.01, 0.00
3.28,3.42,0.00, 0.00
3.28,3.35,0.00, 0.00
3.30,3.29,0.99, 0.00
3.28,3.23,0.00, 0.00
3.30,3.17,0.99, 0.00
3.30,3.17,0.99, 0.00
3.30,3.17,0.99, 0.00
3.28,3.15,0.00, 0.00
3.28,3.15,0.00, 0.00
3.28,3.15,0.00, 0.00
3.28,3.15,0.00, 0.00
3.28,3.12,0.00, 0.00
3.28,3.09,0.00, 0.00
3.28,3.09,0.00, 0.00
3.30,3.12,0.99, 1.74
3.30,3.12,0.99, 1.74
3.30,3.12,0.99, 1.74
3.30,3.12,0.99, 1.74
3.30,3.13,0.01, 0.50
3.30,3.13,0.00, 0.00
3.30,3.12,0.00, 0.00
3.28,3.14,0.00, 1.00
3.28,3.11,0.00, 0.00
3.30,3.11,0.99, 0.00
3.30,3.10,0.01, 0.00
3.28,3.05,0.00, 0.00
3.30,3.04,0.99, 0.00
3.28,3.03,0.00, 0.00
3.28,3.01,0.00, 0.00
3.28,3.01,0.00, 0.00
3.28,3.01,0.00, 0.00
3.28,3.01,0.00, 0.00
3.28,2.99,0.00, 0.00
3.28,2.98,0.00, 0.00
3.30,2.95,0.99, 0.00
3.28,2.91,0.00, 0.00
3.28,2.93,0.00, 0.75
3.28,2.93,0.00, 0.75
3.28,2.93,0.00, 0.75
3.30,2.91,0.99, 0.00
3.30,2.90,0.01, 0.00
3.30,2.89,0.00, 0.00
3.30,2.88,0.00, 0.00
3.30,2.87,0.00, 0.00
3.30,2.84,0.00, 0.00
3.28,2.80,0.00, 0.00
3.28,2.76,0.00, 0.00
3.28,2.76,0.00, 0.00
3.28,2.68,0.00, 0.00
3.28,2.60,0.00, 0.00
3.30,2.53,0.99, 0.00
3.30,2.53,0.99, 0.00
3.30,2.47,0.01, 0.00
3.30,2.40,0.00, 0.00
3.30,2.40,0.00, 0.00
3.30,2.40,0.00, 0.00
3.30,2.40,0.00, 0.00
3.30,2.36,0.00, 0.00
3.30,2.30,0.00, 0.00
3.30,2.27,0.00, 0.00
3.28,2.10,0.00, 0.00
3.28,2.10,0.00, 0.00
3.28,2.02,0.00, 0.00
1.35,1.96,0.00, 0.00
0.00,1.80,0.00, 0.00
2.87,1.73,141.39, 0.00
3.39,1.64,27.70, 0.00
2.99,1.58,0.00, 0.00
2.99,1.58,0.00, 0.00
1.37,1.54,0.00, 0.00
1.60,1.46,11.33, 0.00
1.42,1.35,0.00, 0.00
0.81,1.26,0.00, 0.00
1.19,1.16,18.72, 0.00
0.83,1.06,0.00, 0.00
0.61,0.94,0.00, 0.00
0.74,0.88,6.40, 0.00
0.30,0.76,0.00, 0.00
0.68,0.69,18.72, 0.00
0.47,0.59,0.00, 0.00
0.27,0.48,0.00, 0.00
0.54,0.38,13.30, 0.00
0.32,0.29,0.00, 0.00
0.32,0.29,0.00, 0.00
0.32,0.29,0.00, 0.00
0.34,0.22,0.99, 0.00
0.43,0.14,4.45, 0.00
0.36,0.09,0.00, 0.00
0.47,0.06,5.42, 0.00
0.00,0.06,0.00, 0.00
0.00,0.06,0.00, 0.00
0.00,0.06,0.00, 0.00
0.00,0.06,0.00, 0.00
0.23,0.06,11.33, 0.00
0.03,0.06,0.00, 0.00
0.00,0.06,0.00, 0.00
0.03,0.06,1.48, 0.00
0.09,0.06,2.98, 0.00
0.00,0.05,0.00, 0.00
0.00,0.05,0.00, 0.50
0.09,0.06,4.43, 0.25
0.03,0.06,0.00, 0.00
0.00,0.05,0.00, 0.00
0.07,0.05,3.45, 0.50
0.09,0.07,1.04, 0.75
0.12,0.07,1.49, 0.00
0.12,0.08,0.02, 0.50
0.18,0.08,2.96, 0.00
0.18,0.09,0.04, 0.75
0.18,0.09,0.04, 0.75
0.18,0.12,0.00, 1.50
0.34,0.17,7.88, 2.25
0.34,0.19,0.12, 1.25
0.23,0.22,0.00, 1.25
0.32,0.23,4.43, 0.75
0.34,0.27,1.05, 1.75
0.36,0.28,1.00, 0.50
0.36,0.27,0.01, 0.00
0.43,0.27,3.45, 0.00
0.43,0.27,3.45, 0.00
0.43,0.27,3.45, 0.00
0.43,0.28,0.05, 0.50
0.45,0.28,0.99, 0.00
0.47,0.28,1.00, 0.25
0.38,0.27,0.00, 0.00
0.56,0.29,8.87, 1.00
0.65,0.32,4.56, 1.50
0.68,0.33,1.55, 0.50
0.86,0.38,8.89, 2.74
0.97,0.44,5.55, 3.00
1.01,0.52,2.05, 3.75
1.01,0.52,2.05, 3.75
1.01,0.52,2.05, 3.75
1.04,0.62,1.51, 5.24
1.12,0.71,3.96, 4.25
1.26,0.85,6.96, 6.99
1.46,0.99,9.96, 7.00
1.66,1.16,10.00, 8.74
1.80,1.32,7.04, 7.75
1.80,1.32,7.04, 7.75
1.93,1.46,6.51, 7.25
2.22,1.61,14.38, 7.00
2.52,1.75,14.99, 7.25
2.72,1.91,10.07, 8.25
2.85,2.07,6.55, 7.75
2.85,2.07,6.55, 7.75
2.94,2.20,4.53, 6.75
3.08,2.35,6.96, 7.00
3.19,2.43,5.52, 4.51
3.30,2.53,5.50, 4.75
3.30,2.62,0.08, 4.25
3.32,2.70,0.99, 4.25
3.30,2.77,0.00, 3.50
3.30,2.85,0.00, 4.00
3.28,2.91,0.00, 3.25
3.28,2.91,0.00, 3.25
3.30,2.97,0.99, 3.00
3.28,3.03,0.00, 3.00
3.30,3.06,0.99, 1.26
3.30,3.12,0.01, 2.99
3.30,3.13,0.00, 0.51
3.30,3.16,0.00, 1.50
3.28,3.18,0.00, 1.00
3.28,3.18,0.00, 1.00
3.28,3.18,0.00, 1.00
3.30,3.17,0.99, 0.00
3.30,3.18,0.01, 0.75
3.30,3.12,0.00, 0.00
3.30,3.11,0.00, 0.00
3.30,3.03,0.00, 0.00
3.28,2.97,0.00, 0.00
3.28,2.89,0.00, 0.00
3.30,2.83,0.99, 0.00
3.28,2.72,0.00, 0.00
3.30,2.68,0.99, 0.00
3.30,2.61,0.01, 0.00
3.30,2.61,0.01, 0.00
3.30,2.61,0.01, 0.00
3.30,2.61,0.01, 0.00
3.30,2.61,0.01, 0.00
3.30,2.61,0.01, 0.00
3.30,2.58,0.00, 0.00
3.30,2.53,0.00, 0.00
3.28,2.51,0.00, 0.00
3.28,2.47,0.00, 0.00
3.30,2.47,0.99, 0.00
3.28,2.45,0.00, 0.00
3.30,2.45,0.99, 0.50
3.30,2.49,0.01, 1.75
3.30,2.49,0.01, 1.75
3.30,2.50,0.00, 0.50
3.28,2.53,0.00, 1.75
3.28,2.56,0.00, 1.25
3.30,2.56,0.99, 0.00
3.28,2.59,0.00, 1.25
3.30,2.60,0.99, 0.50
3.28,2.61,0.00, 0.50
3.28,2.61,0.00, 0.00
3.30,2.59,0.99, 0.00
3.30,2.59,0.01, 0.00
3.30,2.57,0.00, 0.00
3.28,2.58,0.00, 0.50
3.30,2.55,0.99, 0.00
3.28,2.53,0.00, 0.00
3.28,2.53,0.00, 0.00
3.28,2.53,0.00, 0.00
3.30,2.51,0.99, 0.00
3.30,2.51,0.99, 0.00
3.30,2.49,0.01, 0.00
3.30,2.45,0.00, 0.00
3.28,2.39,0.00, 0.00
3.30,2.36,0.99, 0.00
3.30,2.36,0.99, 0.00
3.30,2.32,0.01, 0.00
3.30,2.29,0.00, 0.00
3.28,2.26,0.00, 0.00
3.28,2.23,0.00, 0.00
3.30,2.20,0.99, 0.00
3.30,2.20,0.01, 0.00
3.28,2.16,0.00, 0.00
3.28,2.13,0.00, 0.00
3.28,2.09,0.00, 0.00
3.28,2.05,0.00, 0.00
3.28,2.01,0.00, 0.00
3.28,1.97,0.00, 0.00
3.28,1.92,0.00, 0.00
1.64,1.88,0.00, 0.00
0.43,1.84,0.00, 0.00
3.19,1.83,135.97, 0.00
3.19,1.83,135.97, 0.00
3.19,1.83,135.97, 0.00
3.21,1.75,2.99, 0.00
2.65,1.71,0.00, 0.00
1.78,1.65,0.00, 0.00
2.11,1.60,16.26, 0.00
2.52,1.54,20.44, 0.00
2.27,1.48,0.00, 0.00
1.84,1.41,0.00, 0.00
1.21,1.33,0.00, 0.00
1.10,1.24,0.00, 0.00
1.30,1.14,9.85, 0.00
0.97,1.03,0.00, 0.00
0.30,0.89,0.00, 0.00
0.56,0.77,12.81, 0.00
0.56,0.77,12.81, 0.00
0.65,0.64,4.62, 0.00
0.38,0.54,0.00, 0.00
0.18,0.42,0.00, 0.00
0.41,0.36,11.33, 0.00
0.34,0.28,0.00, 0.00
0.07,0.22,0.00, 0.00
0.07,0.22,0.00, 0.00
0.23,0.18,7.88, 0.00
0.14,0.12,0.00, 0.00
0.14,0.12,0.00, 0.00
0.14,0.12,0.00, 0.00
0.14,0.12,0.00, 0.00
0.14,0.12,0.00, 0.00
0.03,0.09,0.00, 0.00
0.16,0.07,6.40, 0.00
0.14,0.06,0.00, 0.00
0.07,0.05,0.00, 0.00
0.00,0.06,0.00, 0.25
0.05,0.06,2.46, 0.00
0.05,0.06,2.46, 0.00
0.05,0.06,2.46, 0.00
0.05,0.06,2.46, 0.00
0.07,0.06,1.02, 0.00
0.00,0.06,0.00, 0.00
0.00,0.06,0.00, 0.00
0.03,0.05,1.48, 0.00
0.03,0.06,0.02, 0.25
0.00,0.06,0.00, 0.00
0.03,0.06,1.48, 0.00
0.00,0.05,0.00, 0.00
0.00,0.05,0.00, 0.00
0.00,0.05,0.00, 0.50
0.03,0.07,1.48, 0.75
0.03,0.07,0.02, 0.00
0.05,0.08,0.99, 0.50
0.07,0.09,1.00, 0.75
0.03,0.09,0.00, 0.00
0.00,0.10,0.00, 0.50
0.00,0.10,0.00, 0.00
0.00,0.10,0.00, 0.00
0.00,0.13,0.00, 1.25
0.00,0.13,0.00, 0.00
0.03,0.14,1.48, 0.75
0.05,0.16,1.01, 0.50
0.05,0.16,1.01, 0.50
0.03,0.22,0.00, 2.99
0.12,0.31,4.43, 4.49
0.07,0.38,0.00, 3.50
0.07,0.38,0.00, 3.50
0.07,0.38,0.00, 3.50
0.07,0.38,0.00, 3.50
0.07,0.38,0.00, 3.50
0.00,0.46,0.00, 4.25
0.00,0.54,0.00, 4.25
0.14,0.63,6.90, 4.50
0.36,0.79,10.94, 7.74
0.50,0.87,7.06, 3.76
0.50,0.87,7.06, 3.76
0.50,0.87,7.06, 3.76
0.50,0.87,7.06, 3.76
0.50,0.87,7.06, 3.76
0.68,0.95,8.97, 4.50
0.83,1.05,7.52, 4.50
1.06,1.14,11.44, 4.75
1.66,1.45,29.73, 15.46
1.66,1.45,29.73, 15.46
1.66,1.45,29.73, 15.46
1.66,1.45,29.73, 15.46
1.86,1.53,10.29, 4.04
2.04,1.64,9.02, 5.49
2.29,1.76,12.45, 5.75
3.05,2.09,37.62, 16.71
3.05,2.09,37.62, 16.71
3.05,2.09,37.62, 16.71
3.12,2.17,4.00, 4.05
3.21,2.26,4.49, 4.25
3.28,2.30,3.51, 2.51
3.28,2.51,0.05, 10.22
3.28,2.57,0.00, 3.03
3.28,2.62,0.00, 2.75
3.30,2.71,0.99, 4.24
3.30,2.77,0.01, 3.00
3.30,2.83,0.00, 3.00
3.30,2.83,0.00, 3.00
3.28,2.89,0.00, 3.00
3.28,2.95,0.00, 3.00
3.30,2.97,0.99, 1.26
3.30,2.97,0.99, 1.26
3.28,3.03,0.00, 2.99
3.30,3.06,0.99, 1.26
3.28,3.08,0.00, 0.75
3.30,3.10,0.99, 1.00
3.30,3.10,0.99, 1.00
3.30,3.12,0.01, 1.25
3.30,3.13,0.00, 0.50
3.30,3.12,0.00, 0.00
3.30,3.11,0.00, 0.00
3.30,3.09,0.00, 0.00
3.30,3.09,0.00, 0.00
3.30,3.09,0.00, 0.00
3.30,3.10,0.00, 0.50
3.30,3.05,0.00, 0.00
3.30,3.03,0.00, 0.00
3.28,2.99,0.00, 0.00
3.28,2.97,0.00, 0.00
3.28,2.95,0.00, 0.00
3.30,2.92,0.99, 0.00
3.28,2.88,0.00, 0.00
3.30,2.86,0.99, 0.00
3.30,2.84,0.01, 0.00
3.30,2.83,0.00, 0.00
3.30,2.81,0.00, 0.00
3.30,2.80,0.00, 0.00
3.28,2.78,0.00, 0.00
3.28,2.76,0.00, 0.00
3.28,2.76,0.00, 0.00
3.28,2.76,0.00, 0.00
3.28,2.76,0.00, 0.00
3.28,2.76,0.00, 0.00
3.30,2.78,0.99, 0.50
3.30,2.75,0.01, 0.00
3.30,2.75,0.01, 0.00
3.30,2.75,0.01, 0.00
3.30,2.75,0.01, 0.00
3.30,2.75,0.01, 0.00
3.30,2.75,0.01, 0.00
3.30,2.75,0.01, 0.00
3.28,2.71,0.00, 0.00
3.28,2.68,0.00, 0.00
3.30,2.70,0.99, 1.00
3.30,2.64,0.01, 0.00
3.28,2.65,0.00, 0.25
3.28,2.66,0.00, 0.75
3.30,2.65,0.99, 0.00
3.28,2.62,0.00, 0.00
3.30,2.64,0.99, 1.00
3.28,2.61,0.00, 0.00
3.28,2.62,0.00, 0.50
3.30,2.61,0.99, 0.00
3.30,2.60,0.01, 0.00
3.30,2.60,0.00, 0.00
3.28,2.59,0.00, 0.00
3.28,2.59,0.00, 0.00
3.28,2.59,0.00, 0.00
3.28,2.59,0.00, 0.00
3.28,2.59,0.00, 0.00
3.28,2.59,0.00, 0.00
3.28,2.59,0.00, 0.00
3.30,2.57,0.99, 0.00
3.30,2.57,0.01, 0.00
3.30,2.56,0.00, 0.00
3.30,2.51,0.00, 0.00
3.30,2.49,0.00, 0.00
3.30,2.44,0.00, 0.00
3.30,2.40,0.00, 0.00
3.28,2.36,0.00, 0.00
3.30,2.32,0.99, 0.00
3.28,2.26,0.00, 0.00
3.28,2.22,0.00, 0.00
3.28,2.14,0.00, 0.00
3.30,2.10,0.99, 0.00
3.28,2.05,0.00, 0.00
3.28,1.98,0.00, 0.00
3.28,1.98,0.00, 0.00
2.31,1.92,0.00, 0.00
0.30,1.86,0.00, 0.00
3.05,1.82,135.48, 0.00
3.26,1.73,12.34, 0.00
3.23,1.65,0.00, 0.00
2.67,1.56,0.00, 0.00
1.86,1.50,0.00, 0.00
1.86,1.43,0.00, 0.00
0.25,1.35,0.00, 0.00
1.10,1.19,41.87, 0.00
1.46,1.10,18.35, 0.00
1.04,1.02,0.00, 0.00
0.52,0.93,0.00, 0.00
0.34,0.86,0.00, 0.00
0.88,0.77,26.60, 0.00
0.43,0.66,0.00, 0.00
0.27,0.56,0.00, 0.00
0.54,0.50,13.30, 0.00
0.18,0.40,0.00, 0.00
0.32,0.31,6.90, 0.00
0.25,0.23,0.00, 0.00
0.30,0.17,2.46, 0.00
0.30,0.17,2.46, 0.00
0.36,0.11,2.99, 0.00
0.27,0.09,0.00, 0.00
0.16,0.07,0.00, 0.00
0.00,0.06,0.00, 0.00
0.00,0.06,0.00, 0.00
0.00,0.06,0.00, 0.00
0.00,0.06,0.00, 0.00
0.00,0.06,0.00, 0.00
0.12,0.05,5.91, 0.00
0.12,0.05,5.91, 0.00
0.12,0.05,5.91, 0.00
0.00,0.05,0.00, 0.50
0.00,0.05,0.00, 0.50
0.00,0.05,0.00, 0.50
0.00,0.05,0.00, 0.50
0.00,0.05,0.00, 0.50
0.00,0.06,0.00, 0.25
0.05,0.06,2.46, 0.00
0.00,0.05,0.00, 0.00
0.09,0.07,4.43, 0.75
0.14,0.07,2.53, 0.00
0.09,0.06,0.00, 0.00
0.03,0.05,0.00, 0.00
0.00,0.05,0.00, 0.50
0.00,0.05,0.00, 0.50
0.00,0.05,0.00, 0.00
0.09,0.06,4.43, 0.25
0.05,0.06,0.00, 0.00
0.00,0.06,0.00, 0.00
0.00,0.06,0.00, 0.00
0.03,0.05,1.48, 0.00
0.00,0.08,0.00, 1.74
0.05,0.10,2.46, 1.25
0.05,0.10,2.46, 1.25
0.34,0.23,14.32, 6.48
0.61,0.23,13.51, 0.02
0.61,0.23,13.51, 0.02
0.23,0.28,0.00, 2.24
0.30,0.34,3.45, 3.00
0.34,0.37,2.02, 1.26
0.18,0.40,0.00, 1.75
0.27,0.44,4.43, 1.75
0.27,0.44,4.43, 1.75
0.27,0.44,4.43, 1.75
0.27,0.44,4.43, 1.75
0.27,0.44,4.43, 1.75
0.45,0.50,8.93, 3.00
0.45,0.54,0.13, 2.25
0.59,0.62,6.90, 4.24
0.90,0.78,15.37, 7.99
0.97,0.82,3.67, 1.77
1.04,0.86,3.50, 1.75
1.04,0.87,0.05, 0.75
1.12,0.87,3.94, 0.00
1.24,0.90,5.97, 1.74
1.28,0.95,2.06, 2.25
1.42,1.02,6.93, 3.50
1.62,1.10,9.95, 4.00
1.86,1.18,11.97, 4.00
1.86,1.18,11.97, 4.00
2.07,1.27,10.52, 4.50
2.25,1.35,9.02, 3.75
2.38,1.41,6.54, 3.50
2.56,1.48,8.96, 3.00
2.72,1.58,8.01, 5.24
2.85,1.68,6.52, 5.25
2.99,1.78,6.99, 4.75
3.21,1.91,10.94, 6.49
3.23,2.03,1.15, 6.25
3.30,2.16,3.47, 6.00
3.30,2.30,0.05, 7.25
3.30,2.43,0.00, 6.50
3.30,2.55,0.00, 6.00
3.28,2.65,0.00, 5.00
3.30,2.74,0.99, 4.75
3.30,2.83,0.01, 4.25
3.28,2.89,0.00, 3.00
3.28,2.89,0.00, 3.00
3.28,2.91,0.00, 1.26
3.28,2.91,0.00, 1.26
3.30,2.97,0.99, 2.50
3.30,3.00,0.01, 1.75
3.28,3.03,0.00, 1.75
3.30,3.07,0.99, 1.75
3.30,3.07,0.99, 1.75
3.28,3.11,0.00, 1.75
3.30,3.16,0.99, 3.00
3.30,3.22,0.01, 3.00
3.30,3.22,0.01, 3.00
3.30,3.31,0.00, 4.00
3.30,3.36,0.00, 2.51
3.28,3.35,0.00, 0.00
3.30,3.28,0.99, 0.00
3.30,3.28,0.99, 0.00
3.30,3.28,0.99, 0.00
3.30,3.28,0.99, 0.00
3.30,3.18,0.01, 0.00
3.28,3.07,0.00, 0.00
3.28,2.97,0.00, 0.00
3.28,2.85,0.00, 0.00
3.28,2.87,0.00, 1.00
3.30,2.88,0.99, 0.50
3.30,2.90,0.01, 1.25
3.30,2.90,0.01, 1.25
3.28,2.90,0.00, 0.00
3.28,2.91,0.00, 0.50
3.28,2.90,0.00, 0.00
3.28,2.89,0.00, 0.00
3.30,2.87,0.99, 0.00
3.28,2.87,0.00, 0.00
3.28,2.85,0.00, 0.00
3.28,2.85,0.00, 0.00
3.30,2.87,0.99, 1.25
3.28,2.87,0.00, 0.00
3.28,2.87,0.00, 0.00
3.28,2.87,0.00, 0.00
3.28,2.87,0.00, 0.00
3.28,2.87,0.00, 0.00
3.28,2.89,0.00, 1.00
3.28,2.90,0.00, 0.75
3.30,2.90,0.99, 0.00
3.28,2.94,0.00, 1.74
3.28,2.94,0.00, 1.74
3.28,2.94,0.00, 1.74
3.28,2.94,0.00, 1.74
3.26,2.95,0.00, 0.75
3.28,2.99,0.99, 1.50
3.30,3.01,1.00, 1.00
3.30,3.01,0.01, 0.50
3.30,3.03,0.00, 1.00
3.30,3.04,0.00, 0.25
3.28,3.03,0.00, 0.00
3.28,3.01,0.00, 0.00
3.30,3.00,0.99, 0.00
3.28,2.97,0.00, 0.00
3.30,2.93,0.99, 0.00
3.30,2.90,0.01, 0.00
3.30,2.84,0.00, 0.00
3.28,2.79,0.00, 0.00
3.28,2.74,0.00, 0.00
3.28,2.70,0.00, 0.00
3.28,2.65,0.00, 0.00
3.28,2.61,0.00, 0.00
3.30,2.55,0.99, 0.00
3.28,2.49,0.00, 0.00
3.28,2.43,0.00, 0.00
3.30,2.40,0.99, 0.00
3.30,2.34,0.01, 0.00
3.30,2.28,0.00, 0.00
3.30,2.28,0.00, 0.00
3.30,2.23,0.00, 0.00
3.28,2.21,0.00, 0.00
3.30,2.15,0.99, 0.00
3.30,2.11,0.01, 0.00
3.28,2.08,0.00, 0.00
3.30,2.05,0.99, 0.00
3.30,2.04,0.01, 0.00
3.28,2.02,0.00, 0.00
3.28,1.99,0.00, 0.00
3.30,2.00,0.99, 0.50
3.28,1.96,0.00, 0.00
3.28,1.95,0.00, 0.00
3.28,1.92,0.00, 0.00
0.00,1.88,0.00, 0.00
0.00,1.79,0.00, 0.00
3.26,1.71,160.60, 0.00
3.28,1.64,3.35, 0.00
2.43,1.66,0.00, 1.00
1.24,1.63,0.00, 0.00
1.84,1.56,29.56, 0.00
1.80,1.48,0.00, 0.00
1.24,1.40,0.00, 0.00
1.33,1.31,4.43, 0.00
1.08,1.25,0.00, 0.00
1.08,1.25,0.00, 0.00
1.57,1.12,24.14, 0.00
1.30,1.02,0.00, 0.00
0.83,0.93,0.00, 0.00
1.28,0.79,22.17, 0.00
1.28,0.79,22.17, 0.00
1.28,0.79,22.17, 0.00
1.28,0.79,22.17, 0.00
0.79,0.69,0.00, 0.00
0.79,0.58,0.00, 0.00
0.90,0.47,5.42, 0.00
0.56,0.35,0.00, 0.00
0.38,0.26,0.00, 0.00
0.27,0.17,0.00, 0.00
0.41,0.12,6.90, 0.00
0.16,0.07,0.00, 0.00
0.00,0.05,0.00, 0.00
0.03,0.05,1.48, 0.00
0.09,0.05,2.98, 0.00
0.00,0.05,0.00, 0.00
0.00,0.05,0.00, 0.50
0.00,0.06,0.00, 0.25
0.14,0.06,6.90, 0.00
0.03,0.06,0.00, 0.00
0.03,0.06,0.00, 0.00
0.03,0.06,0.00, 0.00
0.00,0.06,0.00, 0.00
0.07,0.05,3.45, 0.00
0.07,0.05,0.05, 0.00
0.00,0.05,0.00, 0.00
0.05,0.05,2.46, 0.50
0.07,0.06,1.02, 0.25
0.00,0.06,0.00, 0.00
0.00,0.06,0.00, 0.00
0.00,0.05,0.00, 0.00
0.00,0.05,0.00, 0.50
0.07,0.05,3.45, 0.00
0.03,0.05,0.00, 0.50
0.03,0.05,0.00, 0.50
0.03,0.05,0.00, 0.50
0.03,0.05,0.00, 0.50
0.03,0.05,0.00, 0.50
0.00,0.06,0.00, 0.25
0.00,0.06,0.00, 0.25
0.07,0.06,3.45, 0.00
0.03,0.06,0.00, 0.00
0.03,0.06,0.00, 0.00
0.03,0.06,0.00, 0.00
0.03,0.06,0.00, 0.00
0.03,0.05,0.00, 0.00
0.03,0.05,0.00, 0.00
0.03,0.05,0.00, 0.00
0.03,0.05,0.00, 0.00
0.03,0.05,0.00, 0.00
0.03,0.05,0.00, 0.00
0.03,0.05,0.00, 0.00
0.03,0.05,0.00, 0.50
0.03,0.05,0.00, 0.50
0.03,0.05,0.00, 0.50
0.03,0.05,0.00, 0.50
0.03,0.05,0.00, 0.50
0.03,0.06,0.00, 0.25
0.00,0.05,0.00, 0.00
0.03,0.06,1.48, 0.25
0.00,0.08,0.00, 1.00
0.00,0.12,0.00, 2.25
0.00,0.17,0.00, 2.50
0.00,0.21,0.00, 1.75
0.00,0.25,0.00, 2.25
0.00,0.32,0.00, 3.50
0.00,0.40,0.00, 3.50
0.03,0.48,1.48, 4.25
0.09,0.60,2.98, 5.74
0.25,0.75,7.93, 7.74
0.54,0.93,14.40, 8.75
0.86,1.15,15.98, 11.24
1.19,1.35,16.49, 9.76
1.53,1.57,16.99, 11.24
1.73,1.73,10.10, 8.01
1.80,1.87,3.60, 6.75
2.04,1.99,11.88, 6.50
2.45,2.11,20.37, 5.50
2.76,2.26,15.57, 7.99
2.96,2.45,10.08, 9.25
3.19,2.60,11.48, 7.26
3.28,2.73,4.60, 6.75
3.30,2.87,1.05, 6.75
3.30,2.95,0.02, 4.51
3.30,3.01,0.00, 3.01
3.30,3.11,0.00, 4.49
3.30,3.17,0.00, 3.50
3.30,3.26,0.00, 4.25
3.28,3.31,0.00, 2.51
3.30,3.38,0.99, 3.25
3.30,3.43,0.01, 3.00
3.30,3.49,0.00, 2.50
3.28,3.53,0.00, 2.00
3.28,3.53,0.00, 0.51
3.28,3.53,0.00, 0.51
3.28,3.57,0.00, 1.50
3.30,3.58,0.99, 0.50
3.30,3.61,0.01, 1.75
3.30,3.63,0.00, 1.00
3.28,3.62,0.00, 0.00
3.30,3.63,0.99, 0.50
3.30,3.60,0.01, 0.00
3.28,3.59,0.00, 0.00
3.30,3.56,0.99, 0.00
3.28,3.53,0.00, 0.00
3.28,3.48,0.00, 0.00
3.28,3.46,0.00, 0.00
3.28,3.46,0.00, 0.00
3.30,3.46,0.99, 0.00
3.30,3.43,0.01, 0.00
3.28,3.41,0.00, 0.00
3.30,3.39,0.99, 0.00
3.28,3.37,0.00, 0.00
3.30,3.36,0.99, 0.00
3.28,3.37,0.00, 0.50
3.30,3.37,0.99, 0.25
3.30,3.37,0.99, 0.25
3.28,3.37,0.00, 0.00
3.28,3.36,0.00, 0.00
3.30,3.37,0.99, 0.50
3.30,3.36,0.01, 0.00
3.30,3.36,0.01, 0.00
3.30,3.36,0.01, 0.00
3.30,3.36,0.01, 0.00
3.28,3.32,0.00, 0.00
3.28,3.31,0.00, 0.00
3.28,3.29,0.00, 0.00
3.28,3.26,0.00, 0.00
3.28,3.24,0.00, 0.00
3.28,3.21,0.00, 0.00
3.30,3.17,0.99, 0.00
3.28,3.15,0.00, 0.00
3.28,3.13,0.00, 0.00
3.28,3.11,0.00, 0.00
3.28,3.09,0.00, 0.00
3.28,3.05,0.00, 0.00
3.28,3.03,0.00, 0.00
3.30,3.04,0.99, 0.50
3.28,3.03,0.00, 0.00
3.30,2.99,0.99, 0.00
3.28,2.98,0.00, 0.00
3.28,2.91,0.00, 0.00
3.30,2.88,0.99, 0.00
3.30,2.88,0.99, 0.00
3.30,2.83,0.01, 0.00
3.28,2.76,0.00, 0.00
3.30,2.69,0.99, 0.00
3.28,2.63,0.00, 0.00
3.30,2.54,0.99, 0.00
3.28,2.46,0.00, 0.00
3.30,2.38,0.99, 0.00
3.30,2.27,0.01, 0.00
3.28,2.17,0.00, 0.00
3.28,2.08,0.00, 0.00
3.28,1.98,0.00, 0.00
3.30,1.88,0.99, 0.00
3.30,1.78,0.01, 0.00
3.28,1.65,0.00, 0.00
3.28,1.58,0.00, 0.00
3.28,1.50,0.00, 0.00
3.28,1.50,0.00, 0.00
0.56,1.40,0.00, 0.00
0.00,1.31,0.00, 0.00
2.11,1.32,103.95, 0.50
1.60,1.16,0.00, 0.00
1.04,1.05,0.00, 0.00
0.77,0.97,0.00, 0.00
0.77,0.97,0.00, 0.00
0.77,0.97,0.00, 0.00
0.77,0.97,0.00, 0.00
1.53,0.87,37.44, 0.00
1.26,0.81,0.00, 0.00
0.03,0.73,0.00, 0.00
0.79,0.59,37.44, 0.00
0.27,0.47,0.00, 0.00
0.50,0.39,11.33, 0.00
0.23,0.28,0.00, 0.00
0.43,0.21,9.85, 0.00
0.25,0.15,0.00, 0.00
0.05,0.09,0.00, 0.00
0.34,0.09,14.29, 0.00
0.00,0.07,0.00, 0.00
0.00,0.06,0.00, 0.00
0.00,0.05,0.00, 0.00
0.00,0.05,0.00, 0.00
0.05,0.05,2.46, 0.00
0.00,0.05,0.00, 0.50
0.07,0.07,3.45, 0.75
0.52,0.07,22.22, 0.00
0.00,0.05,0.00, 0.00
0.00,0.04,0.00, 0.00
0.00,0.04,0.00, 0.00
0.00,0.04,0.00, 0.00
0.00,0.04,0.00, 0.00
0.00,0.04,0.00, 0.00
0.00,0.04,0.00, 0.00
0.00,0.04,0.00, 0.00
0.00,0.05,0.00, 0.50
0.00,0.05,0.00, 0.50
0.07,0.05,3.45, 0.50
0.05,0.06,0.00, 0.25
0.03,0.05,0.00, 0.00
0.03,0.05,0.00, 0.00
0.03,0.05,0.00, 0.00
0.05,0.06,0.99, 0.25
0.05,0.06,0.01, 0.00
0.03,0.05,0.00, 0.00
0.00,0.05,0.00, 0.50
0.00,0.05,0.00, 0.00
0.12,0.05,5.91, 0.00
0.00,0.05,0.00, 0.50
0.03,0.07,1.48, 0.75
0.03,0.07,1.48, 0.75
0.03,0.07,1.48, 0.75
0.03,0.07,1.48, 0.75
0.03,0.07,1.48, 0.75
0.03,0.07,1.48, 0.75
0.07,0.07,1.99, 0.00
0.14,0.06,3.48, 0.00
0.03,0.05,0.00, 0.00
0.07,0.05,1.97, 0.00
0.03,0.05,0.00, 0.50
0.00,0.07,0.00, 0.75
0.00,0.07,0.00, 0.00
0.03,0.09,1.48, 1.00
0.00,0.08,0.00, 0.00
0.00,0.10,0.00, 1.25
0.00,0.16,0.00, 2.74
0.00,0.23,0.00, 3.75
0.00,0.29,0.00, 2.75
0.00,0.37,0.00, 3.75
0.00,0.44,0.00, 4.00
0.00,0.54,0.00, 4.75
0.00,0.63,0.00, 4.50
0.07,0.71,3.45, 3.75
0.07,0.71,3.45, 3.75
0.21,0.78,6.95, 3.75
0.27,0.87,3.06, 4.25
0.43,0.97,7.93, 5.25
0.59,1.09,8.00, 6.00
0.70,1.22,5.54, 6.50
0.86,1.34,7.96, 6.00
0.86,1.34,7.96, 6.00
1.08,1.45,10.96, 5.50
1.26,1.54,9.03, 4.25
1.64,1.63,18.85, 4.75
1.84,1.71,10.13, 4.00
1.89,1.80,2.61, 4.25
2.25,1.86,17.77, 3.00
2.25,1.86,17.77, 3.00
2.65,1.92,19.97, 3.50
2.81,2.01,8.18, 4.50
2.94,2.09,6.52, 3.75
3.05,2.14,5.52, 2.50
3.21,2.20,7.96, 3.00
3.23,2.24,1.10, 2.00
3.23,2.24,1.10, 2.00
3.32,2.30,4.45, 3.25
3.30,2.37,0.00, 3.00
3.30,2.42,0.00, 3.00
3.30,2.47,0.00, 2.00
3.28,2.55,0.00, 3.99
3.30,2.61,0.99, 3.00
3.30,2.67,0.01, 3.50
3.30,2.72,0.00, 2.50
3.30,2.74,0.00, 1.01
3.30,2.74,0.00, 1.01
3.30,2.74,0.00, 1.01
3.30,2.81,0.00, 2.99
3.28,2.83,0.00, 1.26
3.30,2.86,0.99, 1.50
3.30,2.88,0.01, 1.00
3.28,2.89,0.00, 0.50
3.28,2.92,0.00, 1.75
3.28,2.92,0.00, 1.75
3.30,2.95,0.99, 1.00
3.30,2.97,0.01, 1.50
3.30,3.01,0.00, 1.75
3.28,3.03,0.00, 1.00
3.30,3.01,0.99, 0.00
3.30,3.00,0.01, 0.00
3.30,3.01,0.00, 0.50
3.28,3.01,0.00, 0.25
3.28,3.00,0.00, 0.00
3.28,3.00,0.00, 0.00
3.28,3.00,0.00, 0.00
3.30,2.97,0.99, 0.00
3.30,2.97,0.01, 0.00
3.28,2.95,0.00, 0.00
3.30,2.94,0.99, 0.00
3.28,2.93,0.00, 0.00
3.28,2.94,0.00, 0.50
3.28,2.94,0.00, 0.25
3.28,2.94,0.00, 0.00
3.28,2.93,0.00, 0.00
3.28,2.93,0.00, 0.00
3.30,2.94,0.99, 0.50
3.28,2.93,0.00, 0.00
3.30,2.94,0.99, 0.50
3.28,2.93,0.00, 0.00
3.28,2.93,0.00, 0.00
3.30,2.93,0.99, 0.00
3.30,2.93,0.99, 0.00
3.30,2.93,0.01, 0.00
3.28,2.91,0.00, 0.00
3.28,2.93,0.00, 0.75
3.28,2.88,0.00, 0.00
3.28,2.89,0.00, 0.25
3.28,2.87,0.00, 0.00
3.28,2.85,0.00, 0.00
3.30,2.81,0.99, 0.00
3.30,2.78,0.01, 0.00
3.28,2.75,0.00, 0.00
3.30,2.71,0.99, 0.00
3.28,2.68,0.00, 0.00
3.30,2.64,0.99, 0.00
3.30,2.64,0.99, 0.00
3.28,2.61,0.00, 0.00
3.28,2.57,0.00, 0.00
3.28,2.52,0.00, 0.00
3.28,2.45,0.00, 0.00
3.30,2.38,0.99, 0.00
3.28,2.32,0.00, 0.00
3.30,2.26,0.99, 0.00
3.30,2.26,0.99, 0.00
3.30,2.26,0.99, 0.00
3.28,2.18,0.00, 0.00
3.30,2.08,0.99, 0.00
3.28,2.03,0.00, 0.00
3.30,1.94,0.99, 0.00
3.30,1.90,0.01, 0.00
3.30,1.85,0.00, 0.00
3.30,1.83,0.00, 0.00
3.28,1.79,0.00, 0.00
3.30,1.73,0.99, 0.00
3.28,1.67,0.00, 0.00
1.73,1.61,0.00, 0.00
0.00,1.54,0.00, 0.00
3.19,1.47,157.15, 0.00
3.19,1.47,157.15, 0.00
3.23,1.39,4.28, 0.00
3.23,1.39,4.28, 0.00
3.17,1.25,0.00, 0.00
0.00,1.06,0.00, 0.00
0.00,0.86,0.00, 0.00
2.11,0.77,103.95, 0.00
1.78,0.66,0.00, 0.00
0.83,0.53,0.00, 0.00
0.00,0.45,0.00, 0.00
0.59,0.37,29.07, 0.00
0.59,0.37,29.07, 0.00
0.90,0.28,15.70, 0.00
0.00,0.16,0.00, 0.00
0.23,0.09,11.33, 0.00
0.03,0.06,0.00, 0.00
0.00,0.06,0.00, 0.00
0.16,0.06,7.88, 0.00
0.00,0.06,0.00, 0.00
0.14,0.06,6.90, 0.00
0.14,0.06,6.90, 0.00
0.03,0.05,0.00, 0.00
0.00,0.05,0.00, 0.50
0.14,0.05,6.90, 0.00
0.00,0.05,0.00, 0.00
0.03,0.05,1.48, 0.50
0.05,0.06,1.01, 0.25
0.05,0.06,1.01, 0.25
0.00,0.05,0.00, 0.00
0.07,0.05,3.45, 0.50
0.00,0.06,0.00, 0.25
0.03,0.06,1.48, 0.00
0.07,0.05,1.99, 0.00
0.00,0.05,0.00, 0.50
0.05,0.06,2.46, 0.25
0.03,0.06,0.00, 0.00
0.03,0.06,0.00, 0.00
0.03,0.06,0.00, 0.00
0.00,0.06,0.00, 0.00
0.03,0.06,1.48, 0.00
0.00,0.06,0.00, 0.00
0.05,0.06,2.46, 0.00
0.03,0.06,0.00, 0.00
0.03,0.06,0.00, 0.00
0.03,0.06,0.00, 0.00
0.00,0.05,0.00, 0.00
0.03,0.05,1.48, 0.50
0.03,0.06,0.02, 0.25
0.00,0.06,0.00, 0.00
0.00,0.09,0.00, 1.74
0.00,0.13,0.00, 1.75
0.00,0.16,0.00, 1.50
0.00,0.16,0.00, 1.50
0.00,0.16,0.00, 1.50
0.00,0.20,0.00, 2.25
0.00,0.26,0.00, 2.75
0.00,0.31,0.00, 2.25
0.00,0.31,0.00, 0.51
0.00,0.39,0.00, 3.74
0.00,0.43,0.00, 2.01
0.00,0.51,0.00, 4.24
0.00,0.57,0.00, 3.00
0.00,0.64,0.00, 3.50
0.00,0.71,0.00, 3.25
0.00,0.71,0.00, 3.25
0.00,0.71,0.00, 3.25
0.00,0.80,0.00, 4.50
0.25,0.92,12.32, 5.99
0.47,1.03,11.02, 5.75
0.63,1.18,8.04, 7.24
0.81,1.32,8.99, 6.75
1.10,1.41,14.42, 4.76
1.30,1.53,10.07, 6.00
1.51,1.63,10.49, 5.25
1.84,1.75,16.41, 5.50
2.27,1.86,21.43, 5.75
2.67,1.98,20.02, 6.00
2.90,2.12,11.63, 7.00
3.14,2.24,11.99, 6.00
3.26,2.38,6.09, 7.25
3.23,2.54,0.00, 7.75
3.23,2.54,0.00, 7.75
3.23,2.54,0.00, 7.75
3.23,2.54,0.00, 7.75
3.23,2.54,0.00, 7.75
3.23,2.54,0.00, 7.75
3.14,2.69,0.00, 7.75
3.34,2.85,9.85, 7.50
3.34,2.98,0.14, 6.75
3.32,3.09,0.00, 5.50
3.30,3.18,0.00, 4.75
3.26,3.24,0.00, 2.51
3.28,3.28,0.99, 2.00
3.30,3.31,1.00, 1.50
3.30,3.33,0.01, 1.00
3.28,3.33,0.00, 0.00
3.30,3.35,0.99, 1.00
3.30,3.31,0.01, 0.00
3.28,3.29,0.00, 0.00
3.30,3.26,0.99, 0.00
3.30,3.22,0.01, 0.00
3.30,3.19,0.00, 0.00
3.28,3.16,0.00, 0.00
3.28,3.12,0.00, 0.00
3.28,3.10,0.00, 0.00
3.28,3.08,0.00, 0.00
3.30,3.08,0.99, 0.00
3.30,3.07,0.01, 0.00
3.30,3.03,0.00, 0.00
3.28,3.03,0.00, 0.00
3.28,3.03,0.00, 0.00
3.30,3.01,0.99, 0.00
3.28,2.95,0.00, 0.00
3.30,2.93,0.99, 0.00
3.30,2.93,0.99, 0.00
3.30,2.93,0.99, 0.00
3.30,2.86,0.01, 0.00
3.30,2.82,0.00, 0.00
3.30,2.79,0.00, 0.00
3.30,2.79,0.00, 0.00
3.30,2.79,0.00, 0.00
3.30,2.78,0.00, 0.00
3.30,2.76,0.00, 0.00
3.30,2.75,0.00, 0.00
3.28,2.76,0.00, 0.75
3.28,2.75,0.00, 0.00
3.30,2.73,0.99, 0.00
3.30,2.73,0.99, 0.00
3.30,2.75,0.01, 1.00
3.30,2.75,0.00, 0.00
3.28,2.75,0.00, 0.00
3.28,2.76,0.00, 0.25
3.28,2.76,0.00, 0.00
3.30,2.74,0.99, 0.00
3.30,2.74,0.01, 0.00
3.28,2.73,0.00, 0.00
3.30,2.73,0.99, 0.00
3.30,2.73,0.99, 0.00
3.30,2.73,0.99, 0.00
3.30,2.73,0.99, 0.00
3.30,2.73,0.99, 0.00
3.30,2.73,0.99, 0.00
3.30,2.73,0.99, 0.00
3.30,2.73,0.99, 0.00
3.30,2.74,0.01, 0.50
3.30,2.74,0.00, 0.00
3.30,2.70,0.00, 0.00
3.28,2.46,0.00, 0.00
3.28,2.40,0.00, 0.00
3.30,2.34,0.99, 0.00
3.30,2.34,0.99, 0.00
3.30,2.32,0.01, 0.00
3.30,2.31,0.00, 0.00
3.30,2.30,0.00, 0.00
3.30,2.28,0.00, 0.00
3.30,2.22,0.00, 0.00
3.30,2.17,0.00, 0.00
3.30,2.11,0.00, 0.00
3.28,2.00,0.00, 0.00
3.28,2.00,0.00, 0.00
3.28,1.89,0.00, 0.00
0.95,1.74,0.00, 0.00
0.00,1.58,0.00, 0.00
2.76,1.40,135.97, 0.00
3.39,1.25,33.04, 0.00
2.34,1.14,0.00, 0.00
2.34,1.14,0.00, 0.00
0.25,1.09,0.00, 0.00
0.70,0.97,22.17, 0.00
0.45,0.84,0.00, 0.00
0.12,0.74,0.00, 0.00
1.10,0.63,48.28, 0.00
0.00,0.56,0.00, 0.00
0.00,0.56,0.00, 0.00
0.00,0.48,0.00, 0.00
0.36,0.41,17.74, 0.00
0.00,0.32,0.00, 0.00
0.00,0.26,0.00, 0.00
0.00,0.26,0.00, 0.00
0.00,0.20,0.00, 0.00
0.00,0.16,0.00, 0.00
0.00,0.12,0.00, 0.00
0.00,0.12,0.00, 0.00
0.00,0.11,0.00, 0.00
0.00,0.11,0.00, 0.00
0.00,0.11,0.00, 0.00
0.00,0.11,0.00, 0.00
0.00,0.11,0.00, 0.00
0.00,0.11,0.00, 0.00
0.00,0.11,0.00, 0.00
0.00,0.09,0.00, 0.00
0.00,0.09,0.00, 0.00
0.00,0.09,0.00, 0.00
0.03,0.05,1.48, 0.00
0.03,0.06,0.02, 0.25
0.00,0.06,0.00, 0.00
0.00,0.06,0.00, 0.00
0.00,0.06,0.00, 0.00
0.00,0.06,0.00, 0.00
0.00,0.06,0.00, 0.00
0.00,0.05,0.00, 0.00
0.03,0.05,1.48, 0.50
0.03,0.06,0.02, 0.25
0.03,0.06,0.00, 0.00
0.03,0.07,0.00, 0.50
0.07,0.07,1.97, 0.00
0.09,0.09,1.01, 1.00
0.18,0.14,4.45, 2.49
0.12,0.16,0.00, 1.25
0.00,0.19,0.00, 1.00
0.00,0.19,0.00, 1.00
0.00,0.21,0.00, 1.25
0.00,0.22,0.00, 0.50
0.00,0.25,0.00, 1.50
0.00,0.25,0.00, 1.50
0.00,0.25,0.00, 1.50
0.00,0.25,0.00, 1.50
0.00,0.25,0.00, 1.50
0.00,0.25,0.00, 1.50
0.00,0.25,0.00, 1.50
0.00,0.25,0.00, 0.01
0.00,0.25,0.00, 0.00
0.00,0.26,0.00, 0.50
0.00,0.33,0.00, 3.49
0.00,0.33,0.00, 3.49
0.00,0.36,0.00, 1.26
0.03,0.40,1.48, 2.25
0.09,0.44,2.98, 2.25
0.38,0.59,14.33, 6.98
0.52,0.69,7.11, 5.26
0.52,0.69,7.11, 5.26
0.52,0.69,7.11, 5.26
0.70,0.81,8.97, 6.00
0.88,0.94,9.00, 6.75
1.01,1.07,6.54, 6.00
1.28,1.31,13.40, 12.23
1.46,1.44,9.06, 6.52
1.71,1.56,12.45, 6.00
1.89,1.68,9.05, 6.00
2.07,1.78,9.00, 5.25
2.31,1.90,11.96, 6.00
2.31,1.90,11.96, 6.00
2.31,1.90,11.96, 6.00
2.31,1.90,11.96, 6.00
2.31,1.90,11.96, 6.00
2.31,1.90,11.96, 6.00
2.56,2.03,12.49, 6.00
2.85,2.18,14.47, 7.74
3.05,2.32,10.07, 6.75
3.21,2.64,8.03, 16.22
3.32,2.71,5.54, 3.55
3.30,2.80,0.00, 4.25
3.28,2.85,0.00, 2.51
3.28,2.91,0.00, 3.50
3.30,2.96,0.99, 2.50
3.30,3.02,0.01, 2.75
3.30,3.09,0.00, 3.50
3.28,3.15,0.00, 3.00
3.28,3.15,0.00, 3.00
3.28,3.15,0.00, 3.00
3.28,3.19,0.00, 2.00
3.30,3.25,0.99, 3.00
3.28,3.28,0.00, 1.26
3.30,3.30,0.99, 1.00
3.30,3.31,0.01, 0.75
3.30,3.32,0.00, 0.50
3.30,3.32,0.00, 0.50
3.28,3.30,0.00, 0.00
3.28,3.29,0.00, 0.00
3.30,3.28,0.99, 0.00
3.28,3.23,0.00, 0.00
3.30,3.17,0.99, 0.00
3.30,3.17,0.99, 0.00
3.30,3.17,0.99, 0.00
3.30,3.16,0.01, 0.00
3.28,3.11,0.00, 0.00
3.30,3.09,0.99, 0.00
3.28,3.04,0.00, 0.00
3.30,3.04,0.99, 0.00
3.30,3.03,0.01, 0.00
3.30,3.02,0.00, 0.00
3.30,3.05,0.00, 1.49
3.28,3.05,0.00, 0.25
3.30,3.05,0.99, 0.00
3.30,3.05,0.01, 0.00
3.30,3.03,0.00, 0.00
3.28,3.05,0.00, 0.50
3.28,3.05,0.00, 0.50
3.28,3.05,0.00, 0.00
3.28,3.05,0.00, 0.50
3.28,3.07,0.00, 0.75
3.28,3.07,0.00, 0.75
3.30,3.08,0.99, 0.25
3.30,3.08,0.01, 0.00
3.28,3.08,0.00, 0.00
3.28,3.10,0.00, 1.00
3.30,3.12,0.99, 1.00
3.28,3.16,0.00, 2.49
3.30,3.18,0.99, 0.51
3.28,3.20,0.00, 1.25
3.28,3.21,0.00, 0.50
3.28,3.21,0.00, 0.50
3.30,3.22,0.99, 0.50
3.28,3.24,0.00, 1.00
3.30,3.24,0.99, 0.00
3.30,3.21,0.01, 0.00
3.28,3.22,0.00, 0.75
3.28,3.22,0.00, 0.75
3.30,3.21,0.99, 0.00
3.28,3.21,0.00, 0.00
3.30,3.22,0.99, 0.75
3.30,3.20,0.01, 0.00
3.30,3.19,0.00, 0.00
3.28,3.16,0.00, 0.00
3.28,3.16,0.00, 0.00
3.30,3.15,0.99, 0.00
3.30,3.15,0.01, 0.25
3.30,3.10,0.00, 0.00
3.30,3.09,0.00, 0.00
3.28,3.05,0.00, 0.00
3.28,3.01,0.00, 0.00
3.28,2.99,0.00, 0.00
3.30,2.93,0.99, 0.00
3.28,2.90,0.00, 0.00
3.30,2.88,0.99, 0.00
3.28,2.84,0.00, 0.00
3.28,2.84,0.00, 0.00
3.30,2.80,0.99, 0.00
3.30,2.79,0.01, 0.00
3.28,2.77,0.00, 0.00
3.30,2.76,0.99, 0.00
3.30,2.76,0.01, 0.00
3.30,2.76,0.01, 0.00
3.30,2.76,0.01, 0.00
3.28,2.75,0.00, 0.00
3.30,2.75,0.99, 0.00
3.30,2.73,0.01, 0.00
3.28,2.72,0.00, 0.00
3.28,2.71,0.00, 0.00
3.30,2.70,0.99, 0.00
3.30,2.70,0.99, 0.00
3.30,2.68,0.01, 0.00
3.30,2.65,0.00, 0.00
3.30,2.63,0.00, 0.00
3.30,2.63,0.00, 0.00
3.30,2.60,0.00, 0.00
3.30,2.60,0.00, 0.00
3.30,2.55,0.00, 0.00
3.30,2.55,0.00, 0.00
3.30,2.55,0.00, 0.00
3.30,2.54,0.00, 0.00
3.30,2.54,0.00, 0.00
3.30,2.54,0.00, 0.00
3.30,2.54,0.00, 0.00
3.30,2.54,0.00, 0.00
3.30,2.54,0.00, 0.00
3.30,2.54,0.00, 0.00
3.30,2.41,0.00, 0.00
3.28,2.37,0.00, 0.00
3.30,2.33,0.99, 0.00
3.28,2.00,0.00, 0.00
3.30,1.92,0.99, 0.00
3.28,1.83,0.00, 0.00
0.00,1.63,0.00, 0.00
0.00,1.63,0.00, 0.00
0.00,1.63,0.00, 0.00
0.00,1.63,0.00, 0.00
0.00,1.63,0.00, 0.00
0.00,1.50,0.00, 0.00
1.69,1.36,83.26, 0.00
2.00,1.26,16.50, 0.00
0.00,1.16,0.00, 0.00
0.00,1.01,0.00, 0.00
0.54,0.93,26.60, 0.00
0.54,0.93,26.60, 0.00
0.54,0.93,26.60, 0.00
0.54,0.93,26.60, 0.00
0.21,0.85,0.00, 0.00
0.00,0.76,0.00, 0.00
0.00,0.76,0.00, 0.00
0.00,0.47,0.00, 0.00
0.00,0.20,0.00, 0.00
0.00,0.14,0.00, 0.00
0.05,0.10,2.46, 0.00
0.00,0.07,0.00, 0.00
0.03,0.06,1.48, 0.00
0.07,0.05,1.99, 0.00
0.03,0.05,0.00, 0.00
0.00,0.05,0.00, 0.50
0.00,0.06,0.00, 0.25
0.00,0.06,0.00, 0.00
0.09,0.06,4.43, 0.00
0.00,0.06,0.00, 0.00
0.00,0.06,0.00, 0.00
0.03,0.06,1.48, 0.00
0.03,0.06,1.48, 0.00
0.03,0.06,1.48, 0.00
0.03,0.06,1.48, 0.00
0.05,0.06,1.01, 0.00
0.05,0.06,1.01, 0.00
0.05,0.06,1.01, 0.00
0.05,0.06,1.01, 0.00
0.05,0.06,1.01, 0.00
0.05,0.06,1.01, 0.00
0.05,0.06,1.01, 0.00
0.09,0.06,1.99, 0.00
0.09,0.06,1.99, 0.00
0.09,0.06,1.99, 0.00
0.09,0.06,1.99, 0.00
0.09,0.06,1.99, 0.00
0.09,0.06,1.99, 0.00
0.09,0.06,1.99, 0.00
0.09