0.05,0.06,2.46, 2.99
0.00,0.06,0.00, 0.01
0.00,0.06,0.00, 0.00
0.00,0.05,0.00, 0.00
0.00,0.05,0.00, 0.50
0.00,0.06,0.00, 0.25
0.00,0.06,0.00, 0.00
0.00,0.06,0.00, 0.00
0.03,0.06,1.48, 0.00
0.03,0.05,0.02, 0.00
0.00,0.05,0.00, 0.50
0.00,0.05,0.00, 0.00
0.03,0.05,1.48, 0.50
0.00,0.05,0.00, 0.00
0.00,0.05,0.00, 0.00
0.03,0.05,1.48, 0.50
0.00,0.06,0.00, 0.25
0.00,0.05,0.00, 0.00
0.00,0.05,0.00, 0.50
0.00,0.06,0.00, 0.25
0.00,0.06,0.00, 0.00
0.00,0.05,0.00, 0.00
0.00,0.05,0.00, 0.00
0.00,0.05,0.00, 0.50
0.00,0.06,0.00, 0.25
0.03,0.05,1.48, 0.00
0.00,0.06,0.00, 0.75
0.03,0.05,1.48, 0.00
0.00,0.05,0.00, 0.50
0.00,0.05,0.00, 0.00
0.00,0.05,0.00, 0.00
0.00,0.06,0.00, 0.75
0.00,0.05,0.00, 0.00
0.03,0.05,1.48, 0.50
0.00,0.06,0.00, 0.25
0.00,0.06,0.00, 0.00
0.03,0.06,1.48, 0.00
0.03,0.05,0.02, 0.00
0.00,0.05,0.00, 0.50
0.00,0.05,0.00, 0.00
0.00,0.05,0.00, 0.50
0.00,0.05,0.00, 0.00
0.00,0.05,0.00, 0.50
0.00,0.05,0.00, 0.00
0.00,0.05,0.00, 0.00
0.00,0.05,0.00, 0.50
0.00,0.05,0.00, 0.00
0.00,0.05,0.00, 0.00
0.00,0.05,0.00, 0.00
0.03,0.05,1.48, 0.00
0.03,0.05,1.48, 0.00
0.03,0.05,1.48, 0.00
0.03,0.05,1.48, 0.00
0.03,0.05,1.48, 0.00
0.03,0.05,1.48, 0.00
0.03,0.05,1.48, 0.00
0.03,0.05,1.48, 0.00
0.00,0.05,0.00, 0.50
0.00,0.06,0.00, 0.25
0.03,0.06,1.48, 0.00
0.03,0.06,1.48, 0.00
0.03,0.06,1.48, 0.00
0.03,0.06,1.48, 0.00
0.03,0.06,1.48, 0.00
0.03,0.06,1.48, 0.00
0.00,0.06,0.00, 0.00
0.03,0.06,1.48, 0.00
0.03,0.06,1.48, 0.00
0.03,0.06,1.48, 0.00
0.03,0.06,1.48, 0.00
0.00,0.06,0.00, 0.00
0.00,0.06,0.00, 0.00
0.00,0.06,0.00, 0.00
0.00,0.06,0.00, 0.00
0.00,0.06,0.00, 0.00
0.00,0.06,0.00, 0.00
0.00,0.06,0.00, 0.00
0.00,0.06,0.00, 0.00
0.00,0.06,0.00, 0.00
0.00,0.06,0.00, 0.00
0.03,0.06,1.48, 0.00
0.03,0.06,1.48, 0.00
0.00,0.05,0.00, 0.00
0.00,0.05,0.00, 0.00
0.00,0.05,0.00, 0.00
0.00,0.05,0.00, 0.00
0.00,0.05,0.00, 0.00
0.00,0.06,0.00, 0.75
0.03,0.06,1.48, 0.00
0.00,0.05,0.00, 0.00
0.00,0.05,0.00, 0.00
0.00,0.05,0.00, 0.00
0.03,0.06,1.48, 0.25
0.03,0.06,1.48, 0.25
0.03,0.06,1.48, 0.25
0.03,0.06,1.48, 0.25
0.00,0.06,0.00, 0.00
0.00,0.05,0.00, 0.00
0.00,0.10,0.00, 2.99
0.00,0.20,0.00, 4.99
0.00,0.29,0.00, 4.25
0.00,0.29,0.00, 4.25
0.00,0.29,0.00, 4.25
0.00,0.29,0.00, 4.25
0.00,0.29,0.00, 4.25
0.00,0.29,0.00, 4.25
0.00,0.29,0.00, 4.25
0.00,0.31,0.00, 0.76
0.00,0.34,0.00, 1.75
0.00,0.34,0.00, 1.75
0.00,0.34,0.00, 1.75
0.00,0.37,0.00, 1.25
0.00,0.37,0.00, 1.25
0.00,0.37,0.00, 1.25
0.00,0.51,0.00, 7.48
0.00,0.56,0.00, 2.52
0.00,0.56,0.00, 2.52
0.00,0.56,0.00, 2.52
0.00,0.56,0.00, 2.52
1.12,1.08,55.18, 25.66
1.12,1.08,55.18, 25.66
1.19,1.23,4.26, 7.82
1.39,1.38,9.92, 7.50
2.13,1.97,36.60, 29.42
2.13,1.97,36.60, 29.42
2.13,1.97,36.60, 29.42
2.13,1.97,36.60, 29.42
2.13,1.97,36.60, 29.42
2.13,1.97,36.60, 29.42
2.13,1.97,36.60, 29.42
2.13,1.97,36.60, 29.42
2.13,1.97,36.60, 29.42
2.13,1.97,36.60, 29.42
2.51,2.21,19.26, 11.81
2.51,2.21,19.26, 11.81
2.51,2.21,19.26, 11.81
2.51,2.21,19.26, 11.81
2.51,2.21,19.26, 11.81
2.51,2.21,19.26, 11.81
2.74,2.36,11.61, 7.52
2.74,2.36,11.61, 7.52
3.03,2.47,14.46, 5.51
6.57,4.51,174.61, 101.40
6.57,4.51,2.57, 0.87
6.73,4.51,7.92, 0.00
6.73,4.55,0.12, 1.74
6.73,4.59,0.00, 1.75
6.73,4.66,0.00, 3.99
6.73,4.74,0.00, 3.50
6.73,4.81,0.00, 3.50
6.73,4.87,0.00, 3.25
6.71,4.96,0.00, 4.50
6.71,5.05,0.00, 4.25
6.71,5.05,0.00, 4.25
6.71,5.05,0.00, 4.25
6.71,5.05,0.00, 4.25
6.71,5.05,0.00, 4.25
6.71,5.05,0.00, 4.25
6.73,5.12,0.99, 3.75
6.73,5.22,0.01, 5.00
6.73,5.28,0.00, 3.26
6.73,5.60,0.00, 15.46
6.71,5.60,0.00, 0.31
6.73,5.60,0.99, 0.00
6.73,5.61,0.01, 0.50
6.73,5.61,0.00, 0.00
6.71,5.59,0.00, 0.00
6.71,5.60,0.00, 0.50
6.71,5.65,0.00, 2.74
6.73,5.72,0.99, 3.00
6.73,5.76,0.01, 2.00
6.71,5.77,0.00, 1.00
6.71,5.78,0.00, 0.25
6.71,5.80,0.00, 1.00
6.73,5.77,0.99, 0.00
6.71,5.74,0.00, 0.00
6.73,5.73,0.99, 0.00
6.73,5.68,0.01, 0.00
6.71,5.61,0.00, 0.00
6.71,5.56,0.00, 0.00
6.73,5.49,0.99, 0.00
6.71,5.41,0.00, 0.00
6.73,5.32,0.99, 0.00
6.73,5.24,0.01, 0.00
6.71,5.18,0.00, 0.00
6.73,5.14,0.99, 0.00
6.73,5.11,0.01, 0.00
6.71,5.07,0.00, 0.00
6.71,5.09,0.00, 1.00
6.71,5.10,0.00, 0.50
6.73,5.14,0.99, 2.49
6.71,5.16,0.00, 1.01
6.71,5.19,0.00, 1.25
6.73,5.22,0.99, 1.50
6.73,5.25,0.01, 1.50
6.71,5.25,0.00, 0.01
6.71,5.26,0.00, 0.75
6.71,5.26,0.00, 0.75
6.71,5.26,0.00, 0.00
6.71,5.26,0.00, 0.00
6.73,5.22,0.99, 0.00
6.71,5.27,0.00, 2.24
6.73,5.14,0.99, 0.00
6.71,5.09,0.00, 0.00
6.73,5.05,0.99, 0.00
6.71,4.97,0.00, 0.00
6.73,4.86,0.99, 0.00
6.71,4.73,0.00, 0.00
4.98,4.57,0.00, 0.00
4.98,4.57,0.00, 0.00
0.00,4.43,0.00, 0.00
2.31,4.26,113.80, 0.00
6.75,4.07,220.41, 0.00
6.64,3.82,0.00, 0.00
6.69,3.63,2.46, 0.00
6.62,3.45,0.00, 0.00
0.00,3.22,0.00, 0.00
0.00,2.88,0.00, 0.00
0.00,2.88,0.00, 0.00
2.58,2.63,127.10, 0.00
4.24,2.38,83.65, 0.00
3.23,2.15,0.00, 0.00
1.66,1.91,0.00, 0.00
1.03,1.65,0.00, 0.00
1.03,1.40,0.00, 0.00
1.26,1.14,11.33, 0.00
0.83,0.91,0.00, 0.00
0.16,0.65,0.00, 0.00
0.81,0.46,32.02, 0.00
0.94,0.29,6.88, 0.00
0.59,0.17,0.00, 0.00
0.50,0.09,0.00, 0.00
0.00,0.06,0.00, 0.00
0.00,0.06,0.00, 0.00
0.20,0.05,9.85, 0.00
0.03,0.05,0.00, 0.00
0.00,0.05,0.00, 0.50
0.00,0.05,0.00, 0.00
0.27,0.05,13.30, 0.50
0.27,0.05,13.30, 0.50
0.16,0.06,0.00, 0.25
0.16,0.06,0.00, 0.25
0.00,0.06,0.00, 0.00
0.00,0.06,0.00, 0.00
0.05,0.05,2.46, 0.00
0.00,0.06,0.00, 0.25
0.00,0.06,0.00, 0.00
0.11,0.06,5.42, 0.00
0.00,0.06,0.00, 0.00
0.00,0.06,0.00, 0.00
0.00,0.06,0.00, 0.00
0.00,0.06,0.00, 0.00
0.00,0.07,0.00, 0.50
0.00,0.11,0.00, 1.75
0.00,0.11,0.00, 1.75
0.00,0.15,0.00, 2.25
0.00,0.19,0.00, 1.75
0.00,0.20,0.00, 0.75
0.00,0.21,0.00, 0.50
0.00,0.19,0.00, 0.00
0.00,0.19,0.00, 0.00
0.00,0.21,0.00, 1.25
0.00,0.21,0.00, 1.25
0.18,0.22,8.87, 0.50
0.32,0.23,7.03, 0.75
0.41,0.20,4.54, 0.00
0.43,0.17,1.05, 0.00
0.27,0.16,0.00, 0.00
0.25,0.14,0.00, 0.00
0.16,0.13,0.00, 0.00
0.23,0.14,3.45, 0.50
0.23,0.13,0.05, 0.00
0.23,0.13,0.00, 0.00
0.23,0.13,0.00, 0.00
0.27,0.16,1.97, 1.25
0.29,0.14,1.01, 0.00
0.32,0.19,1.49, 1.99
0.29,0.21,0.00, 1.25
0.32,0.26,1.48, 2.50
0.34,0.31,1.01, 2.75
0.36,0.39,1.00, 3.75
0.43,0.47,3.46, 4.00
0.47,0.59,2.02, 5.74
0.47,0.59,2.02, 5.74
0.47,0.59,2.02, 5.74
0.65,0.72,8.90, 6.50
0.97,0.89,15.90, 8.99
1.17,1.11,10.09, 10.49
1.42,1.55,12.46, 22.21
1.62,1.82,10.04, 13.53
1.82,2.09,10.00, 13.50
2.11,2.38,14.43, 14.50
2.36,2.65,12.53, 13.50
2.36,2.65,12.53, 13.50
2.78,2.87,20.88, 11.01
3.23,3.10,22.48, 11.50
3.68,3.30,22.50, 10.01
3.68,3.30,22.50, 10.01
3.68,3.30,22.50, 10.01
4.17,3.51,24.47, 10.75
4.76,3.74,29.43, 11.25
5.34,3.95,29.01, 10.25
5.59,4.14,12.74, 10.00
5.70,4.32,5.61, 9.00
6.15,4.53,22.25, 10.00
6.57,4.66,21.02, 6.76
6.69,4.76,6.22, 4.76
6.64,4.88,0.00, 6.00
6.73,4.99,4.43, 6.00
6.73,5.14,0.07, 7.00
6.73,5.28,0.00, 7.25
6.73,5.28,0.00, 7.25
6.73,5.43,0.00, 7.50
6.73,5.43,0.00, 7.50
6.71,5.59,0.00, 7.75
6.71,5.59,0.00, 7.75
6.71,5.59,0.00, 7.75
6.73,5.73,0.99, 7.25
6.73,5.73,0.99, 7.25
6.73,5.86,0.01, 6.50
6.73,5.84,0.00, 0.00
6.73,5.80,0.00, 0.00
6.71,5.80,0.00, 0.25
6.71,5.80,0.00, 0.25
6.73,5.79,0.99, 0.00
6.73,5.79,0.99, 0.00
6.71,5.78,0.00, 0.00
6.73,5.74,0.99, 0.00
6.73,5.71,0.01, 0.00
6.73,5.67,0.00, 0.00
6.71,5.61,0.00, 0.00
6.71,5.55,0.00, 0.00
6.71,5.49,0.00, 0.00
6.73,5.44,0.99, 0.00
6.71,5.38,0.00, 0.00
6.71,5.38,0.00, 0.00
6.71,5.36,0.00, 0.00
6.71,5.38,0.00, 0.75
6.71,5.39,0.00, 0.50
6.71,5.39,0.00, 0.50
6.71,5.39,0.00, 0.50
6.71,5.38,0.00, 0.00
6.71,5.38,0.00, 0.00
6.71,5.38,0.00, 0.00
6.71,5.38,0.00, 0.00
6.71,5.38,0.00, 0.00
6.73,5.35,0.99, 0.00
6.71,5.31,0.00, 0.00
6.73,5.20,0.99, 0.00
6.73,5.14,0.01, 0.00
6.73,5.14,0.00, 0.00
6.71,5.12,0.00, 0.00
6.73,5.12,0.99, 0.00
6.73,5.11,0.01, 0.00
6.73,5.09,0.00, 0.00
6.73,5.11,0.00, 1.00
6.71,5.10,0.00, 0.00
6.73,5.10,0.99, 0.00
6.73,5.12,0.01, 1.25
6.73,5.12,0.00, 0.25
6.71,5.11,0.00, 0.00
6.73,5.09,0.99, 0.00
6.71,5.06,0.00, 0.00
6.73,5.04,0.99, 0.00
6.73,5.01,0.01, 0.00
6.73,4.97,0.00, 0.00
6.73,4.88,0.00, 0.00
6.73,4.81,0.00, 0.00
6.71,4.72,0.00, 0.00
6.73,4.64,0.99, 0.00
6.73,4.64,0.99, 0.00
6.73,4.64,0.99, 0.00
6.73,4.64,0.99, 0.00
6.71,4.61,0.00, 0.00
6.71,4.61,0.00, 0.00
6.71,4.61,0.00, 0.00
6.71,4.55,0.00, 0.00
6.73,4.50,0.99, 0.00
6.82,3.63,4.45, 0.00
6.60,3.51,0.00, 0.00
3.14,3.22,0.00, 0.00
3.14,3.22,0.00, 0.00
1.53,2.92,0.00, 0.00
0.43,2.63,0.00, 0.00
0.43,2.63,0.00, 0.00
2.67,1.92,110.35, 0.00
1.95,1.60,0.00, 0.00
1.06,1.33,0.00, 0.00
0.36,1.07,0.00, 0.00
0.09,0.85,0.00, 0.00
1.48,0.68,68.48, 0.00
0.56,0.55,0.00, 0.00
0.00,0.40,0.00, 0.00
0.20,0.29,9.85, 0.00
0.16,0.21,0.00, 0.00
0.32,0.12,7.88, 0.00
0.09,0.06,0.00, 0.00
0.00,0.06,0.00, 0.00
0.27,0.06,13.30, 0.00
0.00,0.06,0.00, 0.00
0.00,0.06,0.00, 0.00
0.00,0.06,0.00, 0.00
0.09,0.06,4.43, 0.00
0.00,0.05,0.00, 0.00
0.03,0.05,1.48, 0.00
0.07,0.05,1.99, 0.50
0.07,0.05,1.99, 0.50
0.07,0.05,1.99, 0.50
0.07,0.05,1.99, 0.50
0.07,0.05,1.99, 0.50
0.07,0.05,1.99, 0.50
0.00,0.06,0.00, 0.25
0.00,0.06,0.00, 0.00
0.00,0.05,0.00, 0.00
0.09,0.06,4.43, 0.75
0.07,0.06,0.00, 0.00
0.05,0.06,0.00, 0.00
0.00,0.06,0.00, 0.00
0.00,0.05,0.00, 0.00
0.05,0.05,2.46, 0.50
0.05,0.05,2.46, 0.50
0.00,0.05,0.00, 0.00
0.00,0.07,0.00, 1.25
0.09,0.08,4.43, 0.50
0.07,0.08,0.00, 0.00
0.07,0.09,0.00, 0.75
0.03,0.10,0.00, 0.50
0.09,0.10,2.96, 0.00
0.11,0.12,1.03, 0.75
0.07,0.14,0.00, 1.00
0.09,0.17,0.99, 1.75
0.09,0.17,0.99, 1.75
0.03,0.22,0.00, 2.00
0.00,0.23,0.00, 1.00
0.00,0.29,0.00, 2.74
0.00,0.33,0.00, 2.00
0.00,0.41,0.00, 3.99
0.00,0.49,0.00, 4.00
0.00,0.63,0.00, 6.99
0.11,0.79,5.42, 8.00
0.11,0.79,5.42, 8.00
0.29,1.04,8.95, 12.73
0.52,1.33,11.46, 14.00
0.83,1.61,15.44, 14.25
1.08,1.87,12.54, 12.76
1.44,2.13,17.92, 13.25
1.86,2.39,20.95, 13.00
1.86,2.39,20.95, 13.00
2.33,2.66,23.46, 13.50
2.72,2.95,19.56, 14.50
3.05,3.19,16.54, 12.01
3.25,3.41,10.10, 10.75
3.25,3.41,10.10, 10.75
3.48,3.61,11.48, 10.25
3.70,3.78,11.01, 8.51
3.88,3.90,9.03, 6.01
4.15,4.00,13.43, 5.00
4.47,4.09,15.96, 4.75
4.71,4.16,12.06, 3.50
4.71,4.16,12.06, 3.50
4.71,4.16,12.06, 3.50
4.71,4.16,12.06, 3.50
4.82,4.25,5.60, 4.25
4.89,4.28,3.53, 1.76
5.05,4.34,7.93, 2.75
5.36,4.43,15.39, 4.49
5.45,4.41,4.66, 0.00
5.54,4.42,4.50, 0.50
5.54,4.42,4.50, 0.50
5.63,4.48,4.50, 2.74
5.63,4.48,4.50, 2.74
5.77,4.53,6.96, 3.00
5.95,4.61,8.97, 3.75
6.35,4.70,19.84, 4.25
6.44,4.69,4.73, 0.00
6.53,4.67,4.50, 0.00
6.60,4.61,3.51, 0.00
6.64,4.55,2.02, 0.00
6.66,4.51,1.02, 0.00
6.66,4.51,1.02, 0.00
6.66,4.51,0.01, 0.00
6.69,4.54,1.48, 1.74
6.75,4.60,2.98, 2.75
6.73,4.71,0.00, 5.74
6.73,4.71,0.00, 5.74
6.71,4.83,0.00, 6.00
6.73,4.93,0.99, 4.75
6.73,5.05,0.01, 6.00
6.71,5.11,0.00, 3.01
6.71,5.14,0.00, 2.00
6.71,5.19,0.00, 2.50
6.73,5.22,0.99, 1.25
6.71,5.23,0.00, 0.50
6.71,5.23,0.00, 0.50
6.73,5.24,0.99, 0.75
6.73,5.28,0.01, 1.75
6.73,5.31,0.00, 1.25
6.73,5.31,0.00, 0.00
6.71,5.30,0.00, 0.00
6.73,5.27,0.99, 0.00
6.73,5.23,0.01, 0.00
6.71,5.17,0.00, 0.00
6.71,5.10,0.00, 0.00
6.73,5.03,0.99, 0.00
6.71,5.01,0.00, 0.00
6.73,5.01,0.99, 0.00
6.71,5.01,0.00, 0.00
6.73,5.00,0.99, 0.00
6.71,5.00,0.00, 0.00
6.73,5.00,0.99, 0.00
6.73,5.01,0.01, 0.50
6.73,5.02,0.00, 0.50
6.71,5.02,0.00, 0.00
6.71,5.00,0.00, 0.00
6.71,5.00,0.00, 0.00
6.71,5.00,0.00, 0.00
6.71,5.00,0.00, 0.00
6.71,4.97,0.00, 0.00
6.73,4.96,0.99, 0.00
6.73,4.94,0.01, 0.00
6.73,4.94,0.01, 0.00
6.73,4.94,0.01, 0.00
6.73,4.93,0.00, 0.00
6.73,4.93,0.00, 0.00
6.71,4.93,0.00, 0.50
6.73,4.90,0.99, 0.00
6.73,4.89,0.01, 0.00
6.73,4.84,0.00, 0.00
6.71,4.84,0.00, 0.00
6.73,4.83,0.99, 0.00
6.73,4.82,0.01, 0.00
6.73,4.82,0.00, 0.00
6.73,4.80,0.00, 0.00
6.73,4.77,0.00, 0.00
6.71,4.75,0.00, 0.00
6.71,4.70,0.00, 0.00
6.71,4.70,0.00, 0.00
6.71,4.70,0.00, 0.00
6.71,4.68,0.00, 0.00
6.73,4.63,0.99, 0.00
6.71,4.61,0.00, 0.00
6.71,4.58,0.00, 0.00
6.71,4.56,0.00, 0.00
6.73,4.53,0.99, 0.00
6.71,4.45,0.00, 0.00
6.66,4.35,0.00, 0.00
6.66,4.35,0.00, 0.00
0.00,4.15,0.00, 0.00
0.00,3.70,0.00, 0.00
6.42,3.45,316.28, 0.00
6.82,3.18,24.36, 0.00
4.91,2.91,0.00, 0.00
1.19,2.68,0.00, 0.00
0.81,2.43,0.00, 0.00
0.81,2.20,0.00, 0.00
2.20,1.98,68.48, 0.00
2.42,1.76,11.85, 0.00
0.90,1.58,0.00, 0.00
0.00,1.37,0.00, 0.00
0.00,1.14,0.00, 0.00
0.72,0.94,35.47, 0.00
1.37,0.75,32.54, 0.00
1.37,0.75,32.54, 0.00
0.32,0.58,0.00, 0.00
0.00,0.43,0.00, 0.00
0.25,0.33,12.32, 0.00
0.61,0.23,17.92, 0.00
0.61,0.23,17.92, 0.00
0.38,0.14,0.00, 0.00
0.00,0.12,0.00, 0.00
0.00,0.09,0.00, 0.00
0.43,0.07,21.18, 0.00
0.00,0.05,0.00, 0.00
0.00,0.05,0.00, 0.00
0.00,0.05,0.00, 0.50
0.00,0.06,0.00, 0.25
0.00,0.06,0.00, 0.25
0.00,0.06,0.00, 0.25
0.00,0.06,0.00, 0.25
0.00,0.07,0.00, 0.50
0.00,0.06,0.00, 0.00
0.32,0.05,15.76, 0.00
0.03,0.06,0.00, 0.75
0.03,0.06,0.00, 0.75
0.00,0.08,0.00, 1.00
0.00,0.09,0.00, 0.75
0.00,0.13,0.00, 1.75
0.00,0.14,0.00, 0.75
0.00,0.14,0.00, 0.00
0.00,0.14,0.00, 0.00
0.00,0.12,0.00, 0.00
0.00,0.13,0.00, 0.50
0.00,0.13,0.00, 0.50
0.05,0.12,2.46, 0.00
0.05,0.12,2.46, 0.00
0.05,0.12,0.04, 0.00
0.00,0.12,0.00, 0.00
0.00,0.13,0.00, 0.50
0.00,0.33,0.00, 9.97
0.00,0.41,0.00, 4.27
0.00,0.49,0.00, 3.75
0.00,0.60,0.00, 5.24
0.00,0.68,0.00, 4.25
0.00,0.80,0.00, 5.74
0.00,0.93,0.00, 7.00
0.00,1.11,0.00, 8.49
0.00,1.26,0.00, 7.75
0.34,1.45,16.75, 9.49
0.79,1.65,22.42, 10.00
0.94,1.86,7.72, 10.25
0.94,1.86,7.72, 10.25
1.44,2.03,24.75, 8.76
1.75,2.24,15.64, 10.24
2.04,2.39,14.52, 8.01
2.04,2.39,14.52, 8.01
2.04,2.39,14.52, 8.01
2.29,2.59,12.53, 9.49
2.63,2.74,16.93, 7.76
3.03,2.90,19.95, 8.25
3.75,3.28,35.76, 18.71
3.75,3.28,35.76, 18.71
4.04,3.50,14.81, 11.03
4.38,3.72,16.97, 11.25
4.98,3.91,29.81, 9.51
4.98,3.91,29.81, 9.51
5.45,4.09,23.59, 8.50
5.90,4.24,22.52, 7.75
5.90,4.24,22.52, 7.75
6.24,4.36,17.08, 6.26
6.44,4.49,10.10, 6.00
6.60,4.56,8.03, 3.76
6.69,4.66,4.55, 5.24
6.77,4.77,4.01, 5.50
6.82,4.84,2.52, 3.01
6.77,4.89,0.00, 3.00
6.73,4.97,0.00, 3.50
6.73,4.97,0.00, 3.50
6.73,4.98,0.00, 0.76
6.73,5.03,0.00, 2.24
6.73,5.04,0.00, 0.76
6.73,5.07,0.00, 1.75
6.71,5.11,0.00, 1.75
6.73,5.16,0.99, 2.50
6.73,5.17,0.01, 0.51
6.71,5.18,0.00, 0.75
6.71,5.18,0.00, 0.75
6.73,5.16,0.99, 0.00
6.73,5.16,0.99, 0.00
6.73,5.14,0.01, 0.00
6.73,5.11,0.00, 0.00
6.73,5.06,0.00, 0.00
6.73,5.06,0.00, 0.00
6.73,5.06,0.00, 0.00
6.71,4.98,0.00, 0.00
6.71,4.98,0.00, 0.00
6.73,4.89,0.99, 0.00
6.73,4.89,0.99, 0.00
6.73,4.89,0.99, 0.00
6.73,4.82,0.01, 0.00
6.73,4.63,0.00, 0.00
6.73,4.37,0.00, 0.00
6.71,4.33,0.00, 0.00
6.71,4.33,0.00, 0.00
6.71,4.33,0.00, 0.00
6.71,4.33,0.00, 0.00
6.71,4.33,0.00, 0.00
6.71,4.33,0.00, 0.00
6.71,4.33,0.00, 0.00
6.71,4.30,0.00, 0.00
6.73,4.29,0.99, 0.00
6.71,4.34,0.00, 2.24
6.73,4.44,0.99, 5.24
6.71,4.49,0.00, 2.51
6.71,4.53,0.00, 2.00
6.73,4.58,0.99, 2.50
6.73,4.62,0.01, 2.00
6.71,4.65,0.00, 1.75
6.71,4.68,0.00, 1.25
6.71,4.70,0.00, 0.75
6.73,4.70,0.99, 0.50
6.71,4.71,0.00, 0.25
6.73,4.72,0.99, 0.50
6.73,4.71,0.01, 0.00
6.73,4.76,0.00, 2.24
6.71,4.77,0.00, 1.00
6.73,4.78,0.99, 0.25
6.73,4.81,0.01, 1.50
6.73,4.84,0.00, 1.50
6.73,4.84,0.00, 0.01
6.71,4.88,0.00, 1.99
6.71,4.88,0.00, 1.99
6.71,4.88,0.00, 1.99
6.71,4.88,0.00, 1.99
6.73,4.89,0.99, 0.51
6.71,4.91,0.00, 1.00
6.73,4.93,0.99, 1.25
6.71,4.95,0.00, 1.00
6.71,4.97,0.00, 0.50
6.71,4.96,0.00, 0.00
6.71,4.94,0.00, 0.00
6.73,4.93,0.99, 0.00
6.71,4.88,0.00, 0.00
6.73,4.81,0.99, 0.00
6.71,4.73,0.00, 0.00
6.71,4.73,0.00, 0.00
6.73,4.63,0.99, 0.00
6.71,4.51,0.00, 0.00
6.73,4.16,0.99, 0.00
6.73,3.96,0.01, 0.00
6.71,3.72,0.00, 0.00
6.71,3.44,0.00, 0.00
0.00,3.16,0.00, 0.00
0.00,2.88,0.00, 0.00
0.00,2.88,0.00, 0.00
1.42,2.62,69.96, 0.00
5.63,2.43,208.43, 0.00
5.34,2.13,0.00, 0.00
0.65,1.74,0.00, 0.00
0.65,1.74,0.00, 0.00
0.65,1.74,0.00, 0.00
0.65,1.74,0.00, 0.00
0.65,1.74,0.00, 0.00
0.65,1.74,0.00, 0.00
0.00,1.58,0.00, 0.00
0.00,1.38,0.00, 0.00
1.33,1.16,65.52, 0.00
0.00,0.31,0.00, 0.00
0.83,0.20,40.89, 0.00
0.83,0.20,40.89, 0.00
0.83,0.20,40.89, 0.00
0.00,0.13,0.00, 0.00
0.00,0.09,0.00, 0.00
0.00,0.09,0.00, 0.00
0.00,0.09,0.00, 0.00
0.00,0.09,0.00, 0.00
0.00,0.09,0.00, 0.00
0.00,0.09,0.00, 0.00
0.00,0.09,0.00, 0.00
0.00,0.09,0.00, 0.00
0.00,0.09,0.00, 0.00
0.00,0.09,0.00, 0.00
0.00,0.09,0.00, 0.00
0.00,0.09,0.00, 0.00
0.00,0.09,0.00, 0.00
0.00,0.09,0.00, 0.00
0.00,0.09,0.00, 0.00
0.00,0.09,0.00, 0.00
0.00,0.09,0.00, 0.00
0.00,0.09,0.00, 0.00
0.56,0.06,27.59, 0.00
0.00,0.05,0.00, 0.00
0.03,0.05,1.48, 0.00
0.00,0.09,0.00, 1.99
0.00,0.09,0.00, 1.99
0.00,0.09,0.00, 1.99
0.00,0.09,0.00, 1.99
0.00,0.09,0.00, 1.99
0.00,0.09,0.00, 1.99
0.00,0.11,0.00, 1.50
0.00,0.15,0.00, 1.75
0.00,0.16,0.00, 0.75
0.00,0.38,0.00, 10.46
0.00,0.39,0.00, 0.79
0.00,0.46,0.00, 3.49
0.00,0.48,0.00, 1.26
0.00,0.53,0.00, 2.25
0.00,0.53,0.00, 2.25
0.00,0.58,0.00, 2.50
0.00,0.58,0.00, 2.50
0.00,0.58,0.00, 2.50
0.00,0.58,0.00, 2.50
0.00,0.58,0.00, 2.50
0.00,0.64,0.00, 3.00
0.00,0.72,0.00, 4.00
0.07,1.01,3.45, 14.71
1.15,1.72,53.26, 35.17
1.46,1.94,16.06, 11.09
1.89,2.14,21.42, 10.00
2.31,2.32,21.01, 9.25
2.54,2.45,11.64, 6.01
2.60,2.59,3.13, 7.49
2.76,2.73,7.93, 6.75
2.76,2.73,7.93, 6.75
3.05,2.87,14.40, 7.00
3.28,3.01,11.54, 6.75
3.52,3.10,11.99, 4.76
3.81,3.18,14.46, 4.00
4.06,3.28,12.53, 5.00
4.17,3.38,5.60, 4.75
4.26,3.48,4.52, 5.25
4.44,3.59,8.93, 5.50
4.53,3.66,4.57, 3.76
4.71,3.76,8.93, 4.75
4.98,3.88,13.43, 5.75
5.25,3.96,13.50, 4.26
5.68,4.08,21.38, 5.99
5.83,4.22,7.70, 7.00
6.01,4.33,8.98, 5.51
6.01,4.33,8.98, 5.51
6.24,4.44,11.46, 5.25
6.46,4.53,11.01, 4.75
6.62,4.60,8.04, 3.26
6.73,4.66,5.54, 3.00
6.73,4.70,0.08, 2.00
6.73,4.73,0.00, 1.75
6.73,4.76,0.00, 1.25
6.71,4.78,0.00, 1.50
6.73,4.81,0.99, 1.00
6.73,4.82,0.01, 1.00
6.73,4.85,0.00, 1.25
6.73,4.85,0.00, 1.25
6.71,4.87,0.00, 1.00
6.71,4.92,0.00, 2.49
6.71,4.98,0.00, 3.25
6.71,5.03,0.00, 2.50
6.73,5.10,0.99, 3.25
6.73,5.14,0.01, 1.76
6.73,5.14,0.01, 1.76
6.71,5.17,0.00, 1.75
6.73,5.19,0.99, 1.25
6.71,5.19,0.00, 0.00
6.71,5.19,0.00, 0.00
6.73,5.16,0.99, 0.00
6.71,5.15,0.00, 0.00
6.71,5.15,0.00, 0.00
6.73,5.11,0.99, 0.00
6.73,5.08,0.01, 0.00
6.73,5.03,0.00, 0.00
6.71,4.99,0.00, 0.00
6.73,4.94,0.99, 0.00
6.71,4.90,0.00, 0.00
6.71,4.90,0.00, 0.00
6.71,4.86,0.00, 0.00
6.73,4.82,0.99, 0.00
6.71,4.81,0.00, 0.00
6.71,4.81,0.00, 0.00
6.71,4.80,0.00, 0.00
6.71,4.82,0.00, 1.25
6.71,4.83,0.00, 0.25
6.73,4.87,0.99, 1.99
6.73,4.87,0.99, 1.99
6.71,4.89,0.00, 0.75
6.73,4.91,0.99, 1.25
6.71,4.91,0.00, 0.00
6.71,4.92,0.00, 0.50
6.73,4.91,0.99, 0.00
6.71,4.91,0.00, 0.00
6.71,4.86,0.00, 0.00
6.73,4.83,0.99, 0.00
6.71,4.80,0.00, 0.00
6.71,4.80,0.00, 0.00
6.71,4.80,0.00, 0.00
6.71,4.74,0.00, 0.00
6.73,4.73,0.99, 0.00
6.71,4.70,0.00, 0.00
6.71,4.70,0.00, 0.00
6.71,4.70,0.00, 0.00
6.71,4.70,0.00, 0.50
6.71,4.70,0.00, 0.50
6.71,4.69,0.00, 0.00
6.73,4.70,0.99, 0.50
6.71,4.71,0.00, 0.25
6.71,4.70,0.00, 0.00
6.71,4.69,0.00, 0.00
6.71,4.68,0.00, 0.00
6.71,4.66,0.00, 0.00
6.71,4.65,0.00, 0.00
6.71,4.64,0.00, 0.00
6.71,4.60,0.00, 0.00
6.71,4.58,0.00, 0.00
6.71,4.55,0.00, 0.00
6.71,4.55,0.00, 0.00
6.71,4.55,0.00, 0.00
6.73,4.51,0.99, 0.00
6.73,4.49,0.01, 0.00
6.71,4.44,0.00, 0.00
6.71,4.39,0.00, 0.00
6.71,4.32,0.00, 0.00
6.71,4.23,0.00, 0.00
6.71,4.13,0.00, 0.00
6.71,3.99,0.00, 0.00
6.71,3.99,0.00, 0.00
6.73,3.84,0.99, 0.00
6.71,3.63,0.00, 0.00
0.00,3.42,0.00, 0.00
0.00,3.19,0.00, 0.00
1.44,2.85,70.94, 0.00
1.44,2.85,70.94, 0.00
1.44,2.85,70.94, 0.00
5.34,2.62,193.17, 0.00
5.77,2.36,24.03, 0.00
3.30,2.11,0.00, 0.00
2.69,1.88,0.00, 0.00
1.35,1.65,0.00, 0.00
0.34,1.44,0.00, 0.00
0.63,1.17,14.29, 0.00
0.74,0.89,5.63, 0.00
0.92,0.65,8.95, 0.00
0.88,0.49,0.00, 0.00
0.09,0.34,0.00, 0.00
0.09,0.34,0.00, 0.00
0.09,0.34,0.00, 0.00
0.09,0.34,0.00, 0.00
0.09,0.34,0.00, 0.00
0.09,0.34,0.00, 0.00
0.25,0.20,7.88, 0.00
0.41,0.13,8.00, 0.00
0.18,0.09,0.00, 0.00
0.09,0.05,0.00, 0.00
0.00,0.06,0.00, 0.25
0.14,0.06,6.90, 0.00
0.09,0.06,0.00, 0.00
0.09,0.05,0.00, 0.00
0.07,0.05,0.00, 0.50
0.00,0.05,0.00, 0.00
0.00,0.05,0.00, 0.50
0.09,0.06,4.43, 0.25
0.00,0.05,0.00, 0.00
0.00,0.05,0.00, 0.50
0.00,0.05,0.00, 0.50
0.00,0.05,0.00, 0.50
0.00,0.05,0.00, 0.50
0.00,0.05,0.00, 0.50
0.07,0.06,3.45, 0.25
0.07,0.06,3.45, 0.25
0.07,0.06,3.45, 0.25
0.11,0.06,2.02, 0.00
0.00,0.06,0.00, 0.00
0.09,0.06,4.43, 0.00
0.09,0.06,4.43, 0.00
0.11,0.06,1.05, 0.00
0.00,0.05,0.00, 0.00
0.00,0.05,0.00, 0.50
0.00,0.06,0.00, 0.25
0.03,0.06,1.48, 0.00
0.00,0.06,0.00, 0.00
0.00,0.06,0.00, 0.00
0.16,0.06,7.88, 0.00
0.16,0.06,7.88, 0.00
0.16,0.06,7.88, 0.00
0.16,0.06,7.88, 0.00
0.16,0.06,7.88, 0.00
0.03,0.06,0.00, 0.00
0.00,0.05,0.00, 0.00
0.00,0.05,0.00, 0.50
0.00,0.05,0.00, 0.50
0.00,0.05,0.00, 0.50
0.00,0.05,0.00, 0.50
0.00,0.05,0.00, 0.50
0.05,0.06,2.46, 0.25
0.03,0.06,0.00, 0.00
0.00,0.06,0.00, 0.00
0.07,0.05,3.45, 0.00
0.07,0.05,3.45, 0.00
0.07,0.05,3.45, 0.00
0.07,0.05,3.45, 0.00
0.07,0.06,0.05, 0.50
0.00,0.07,0.00, 0.25
0.00,0.07,0.00, 0.00
0.00,0.09,0.00, 0.75
0.00,0.11,0.00, 1.00
0.00,0.09,0.00, 0.00
0.03,0.12,1.48, 1.49
0.03,0.12,1.48, 1.49
0.03,0.12,1.48, 1.49
0.03,0.12,1.48, 1.49
0.03,0.12,1.48, 1.49
0.00,0.13,0.00, 0.25
0.03,0.16,1.48, 1.74
0.09,0.16,2.98, 0.01
0.07,0.24,0.00, 3.74
0.11,0.25,1.97, 0.51
0.14,0.26,1.51, 0.50
0.16,0.28,1.01, 0.75
0.18,0.28,1.00, 0.50
0.16,0.30,0.00, 0.75
0.16,0.28,0.00, 0.00
0.16,0.28,0.00, 0.00
0.16,0.28,0.00, 0.00
0.14,0.27,0.00, 0.00
0.14,0.26,0.00, 0.00
0.16,0.26,0.99, 0.00
0.18,0.23,1.00, 0.00
0.14,0.23,0.00, 0.00
0.11,0.21,0.00, 0.00
0.16,0.22,2.46, 0.75
0.18,0.22,1.02, 0.00
0.16,0.25,0.00, 1.49
0.18,0.26,0.99, 1.00
0.23,0.31,2.48, 2.00
0.27,0.37,2.01, 3.00
0.29,0.44,1.01, 4.00
0.29,0.44,1.01, 4.00
0.29,0.44,1.01, 4.00
0.29,0.44,1.01, 4.00
0.29,0.44,1.01, 4.00
0.29,0.44,1.01, 4.00
0.34,0.53,2.48, 4.25
0.43,0.64,4.47, 5.74
0.50,0.78,3.51, 7.00
0.50,0.78,3.51, 7.00
0.50,0.78,3.51, 7.00
1.44,1.40,46.36, 30.91
1.44,1.40,46.36, 30.91
1.71,1.53,13.98, 6.34
1.89,1.66,9.07, 6.50
2.40,1.91,25.26, 12.48
2.94,2.18,26.97, 13.75
3.19,2.34,12.71, 7.52
3.43,2.50,12.01, 8.25
3.75,2.64,15.94, 7.25
4.08,2.80,16.49, 7.75
4.42,2.97,16.99, 8.75
4.73,3.12,15.52, 7.01
4.73,3.12,15.52, 7.01
4.73,3.12,15.52, 7.01
5.05,3.26,15.99, 7.50
5.05,3.26,15.99, 7.50
5.36,3.40,15.51, 6.75
5.63,3.53,13.53, 6.50
5.99,3.76,17.93, 11.48
6.21,3.89,11.10, 6.52
6.19,3.99,0.00, 4.76
6.46,4.07,13.30, 4.25
6.73,4.14,13.50, 3.50
6.73,4.20,0.20, 3.00
6.73,4.26,0.00, 3.00
6.73,4.29,0.00, 1.51
6.73,4.30,0.00, 0.50
6.73,4.32,0.00, 1.00
6.71,4.34,0.00, 1.00
6.73,4.34,0.99, 0.00
6.73,4.36,0.01, 1.25
6.73,4.36,0.01, 1.25
6.73,4.40,0.00, 2.25
6.71,4.45,0.00, 2.25
6.73,4.49,0.99, 2.00
6.73,4.52,0.01, 1.75
6.71,4.55,0.00, 1.25
6.71,4.55,0.00, 1.25
6.71,4.55,0.00, 1.25
6.71,4.55,0.00, 0.00
6.71,4.59,0.00, 1.74
6.73,4.59,0.99, 0.01
6.71,4.59,0.00, 0.00
6.73,4.59,0.99, 0.00
6.73,4.59,0.99, 0.00
6.73,4.59,0.99, 0.00
6.73,4.59,0.99, 0.00
6.73,4.59,0.99, 0.00
6.73,4.59,0.01, 0.00
6.71,4.61,0.00, 1.00
6.73,4.61,0.99, 0.25
6.73,4.61,0.01, 0.00
6.73,4.60,0.00, 0.00
6.71,4.59,0.00, 0.00
6.73,4.56,0.99, 0.00
6.71,4.55,0.00, 0.00
6.73,4.52,0.99, 0.00
6.71,4.51,0.00, 0.00
6.71,4.52,0.00, 0.50
6.71,4.48,0.00, 0.00
6.73,4.47,0.99, 0.00
6.71,4.47,0.00, 0.50
6.71,4.47,0.00, 0.00
6.71,4.47,0.00, 0.00
6.71,4.47,0.00, 0.50
6.73,4.49,0.99, 0.75
6.71,4.50,0.00, 0.50
6.73,4.49,0.99, 0.00
6.71,4.53,0.00, 1.74
6.73,4.53,0.99, 0.01
6.71,4.56,0.00, 1.74
6.71,4.59,0.00, 1.25
6.71,4.60,0.00, 0.50
6.73,4.63,0.99, 1.75
6.73,4.63,0.99, 1.75
6.73,4.63,0.99, 1.75
6.73,4.64,0.01, 0.75
6.73,4.65,0.00, 0.50
6.73,4.66,0.00, 0.50
6.71,4.68,0.00, 1.00
6.71,4.69,0.00, 0.50
6.71,4.70,0.00, 0.50
6.71,4.72,0.00, 0.50
6.71,4.73,0.00, 0.50
6.71,4.72,0.00, 0.00
6.73,4.70,0.99, 0.00
6.71,4.72,0.00, 0.50
6.73,4.70,0.99, 0.00
6.71,4.66,0.00, 0.00
6.73,4.62,0.99, 0.00
6.71,4.64,0.00, 1.00
6.71,4.53,0.00, 0.00
6.71,4.47,0.00, 0.00
6.71,4.47,0.00, 0.00
6.73,4.40,0.99, 0.00
6.71,4.32,0.00, 0.00
6.71,4.22,0.00, 0.00
6.71,4.09,0.00, 0.00
6.71,3.97,0.00, 0.00
6.71,3.83,0.00, 0.00
6.71,3.83,0.00, 0.00
6.73,3.70,0.99, 0.00
6.73,3.70,0.99, 0.00
6.71,3.62,0.00, 0.00
0.00,3.51,0.00, 0.00
0.00,3.33,0.00, 0.00
4.98,3.21,245.34, 0.00
6.82,3.07,94.26, 0.00
6.71,2.89,0.00, 0.00
6.64,2.71,0.00, 0.00
0.83,2.61,0.00, 0.00
0.83,2.61,0.00, 0.00
0.00,2.44,0.00, 0.00
1.39,2.19,68.48, 0.00
4.40,1.93,149.29, 0.00
3.19,1.76,0.00, 0.00
0.00,1.57,0.00, 0.00
0.00,1.38,0.00, 0.00
0.77,1.18,37.93, 0.00
1.37,1.01,30.12, 0.00
0.83,0.88,0.00, 0.00
0.00,0.72,0.00, 0.00
0.38,0.56,18.72, 0.00
0.43,0.43,2.74, 0.00
0.20,0.33,0.00, 0.00
0.23,0.22,1.48, 0.00
0.00,0.16,0.00, 0.00
0.00,0.16,0.00, 0.00
0.14,0.11,6.90, 0.00
0.16,0.07,1.09, 0.00
0.00,0.05,0.00, 0.00
0.03,0.05,1.48, 0.00
0.00,0.05,0.00, 0.00
0.11,0.05,5.42, 0.50
0.14,0.06,1.56, 0.25
0.00,0.06,0.00, 0.00
0.03,0.05,1.48, 0.00
0.03,0.05,1.48, 0.00
0.03,0.05,1.48, 0.00
0.00,0.05,0.00, 0.00
0.03,0.05,1.48, 0.00
0.09,0.05,2.98, 0.00
0.00,0.05,0.00, 0.50
0.07,0.06,3.45, 0.25
0.03,0.06,0.00, 0.00
0.00,0.06,0.00, 0.00
0.00,0.06,0.00, 0.00
0.00,0.06,0.00, 0.00
0.05,0.06,2.46, 0.00
0.00,0.05,0.00, 0.00
0.00,0.05,0.00, 0.50
0.05,0.06,2.46, 0.25
0.09,0.06,2.01, 0.00
0.00,0.06,0.00, 0.00
0.00,0.06,0.00, 0.00
0.00,0.06,0.00, 0.00
0.05,0.06,2.46, 0.00
0.03,0.05,0.00, 0.00
0.00,0.05,0.00, 0.50
0.00,0.05,0.00, 0.50
0.00,0.10,0.00, 2.49
0.00,0.09,0.00, 0.00
0.00,0.09,0.00, 0.00
0.00,0.09,0.00, 0.00
0.07,0.12,3.45, 1.49
0.11,0.13,2.02, 0.75
0.03,0.16,0.00, 1.25
0.09,0.25,2.96, 4.99
0.20,0.31,5.46, 2.51
0.11,0.36,0.00, 2.75
0.11,0.43,0.00, 3.25
0.25,0.49,6.90, 3.25
0.47,0.57,10.94, 4.25
0.47,0.57,10.94, 4.25
0.47,0.57,10.94, 4.25
0.47,0.57,10.94, 4.25
0.59,0.65,6.07, 3.75
0.65,0.73,3.05, 4.00
0.83,0.81,8.91, 4.25
1.15,0.94,15.90, 6.49
1.42,1.07,13.54, 6.00
1.59,1.22,8.57, 7.74
1.73,1.36,7.02, 6.75
2.09,1.51,17.84, 7.75
2.45,1.64,18.00, 6.50
2.76,1.82,15.54, 8.74
3.03,1.99,13.53, 8.75
3.28,2.18,12.52, 9.50
3.64,2.39,17.92, 10.50
4.06,2.59,20.95, 10.25
4.49,2.82,21.49, 11.25
4.80,3.07,15.59, 12.50
5.07,3.32,13.53, 12.50
5.38,3.53,15.47, 10.76
5.77,3.72,19.44, 9.01
6.08,3.90,15.56, 9.25
6.12,4.07,2.20, 8.25
6.12,4.07,2.20, 8.25
6.12,4.07,2.20, 8.25
6.30,4.20,8.90, 7.00
6.66,4.37,17.87, 8.25
6.71,4.51,2.73, 7.25
6.71,4.65,0.04, 6.75
6.73,4.79,0.99, 7.00
6.73,4.90,0.01, 5.51
6.73,4.97,0.00, 3.76
6.71,5.03,0.00, 2.50
6.71,5.04,0.00, 0.76
6.73,5.05,0.99, 0.75
6.73,5.02,0.01, 0.00
6.71,4.97,0.00, 0.00
6.71,4.90,0.00, 0.00
6.71,4.90,0.00, 0.00
6.73,4.84,0.99, 0.00
6.71,4.75,0.00, 0.00
6.71,4.72,0.00, 0.00
6.71,4.63,0.00, 0.00
6.71,4.57,0.00, 0.00
6.73,4.51,0.99, 0.00
6.71,4.46,0.00, 0.00
6.71,4.43,0.00, 0.00
6.71,4.40,0.00, 0.00
6.71,4.40,0.00, 0.00
6.71,4.40,0.00, 0.00
6.71,4.38,0.00, 0.00
6.73,4.35,0.99, 0.00
6.73,4.35,0.01, 0.00
6.73,4.36,0.00, 0.50
6.71,4.41,0.00, 2.24
6.73,4.45,0.99, 2.25
6.73,4.48,0.01, 1.50
6.73,4.52,0.00, 2.25
6.71,4.55,0.00, 1.25
6.73,4.59,0.99, 1.75
6.71,4.61,0.00, 1.25
6.73,4.65,0.99, 1.75
6.73,4.65,0.01, 0.01
6.73,4.65,0.01, 0.01
6.71,4.66,0.00, 1.00
6.73,4.66,0.99, 0.00
6.71,4.67,0.00, 0.50
6.71,4.65,0.00, 0.00
6.71,4.64,0.00, 0.00
6.71,4.62,0.00, 0.00
6.71,4.62,0.00, 0.00
6.71,4.61,0.00, 0.00
6.73,4.60,0.99, 0.00
6.73,4.60,0.99, 0.00
6.73,4.60,0.99, 0.00
6.71,4.59,0.00, 0.00
6.71,4.57,0.00, 0.00
6.73,4.57,0.99, 0.00
6.73,4.56,0.01, 0.00
6.73,4.56,0.00, 0.25
6.71,4.60,0.00, 1.74
6.71,4.64,0.00, 2.25
6.73,4.59,0.99, 0.00
6.71,4.58,0.00, 0.00
6.73,4.53,0.99, 0.00
6.71,4.51,0.00, 0.00
6.73,4.49,0.99, 0.00
6.73,4.46,0.01, 0.00
6.73,4.46,0.01, 0.00
6.71,4.43,0.00, 0.00
6.73,4.41,0.99, 0.00
6.73,4.39,0.01, 0.00
6.73,4.42,0.00, 1.25
6.71,4.44,0.00, 1.00
6.71,4.45,0.00, 0.75
6.71,4.45,0.00, 0.75
6.71,4.47,0.00, 0.50
6.73,4.45,0.99, 0.00
6.71,4.47,0.00, 0.50
6.71,4.47,0.00, 0.50
6.71,4.47,0.00, 0.50
6.71,4.48,0.00, 1.00
6.73,4.48,0.99, 0.00
6.73,4.50,0.01, 1.00
6.71,4.48,0.00, 0.00
6.71,4.47,0.00, 0.00
6.71,4.43,0.00, 0.00
6.71,4.43,0.00, 0.00
6.71,4.36,0.00, 0.00
6.71,4.28,0.00, 0.00
6.73,4.17,0.99, 0.00
6.73,4.00,0.01, 0.00
6.73,3.81,0.00, 0.00
6.71,3.56,0.00, 0.00
6.71,3.26,0.00, 0.00
6.71,3.00,0.00, 0.00
0.00,2.70,0.00, 0.00
0.00,2.38,0.00, 0.00
1.35,2.08,66.51, 0.00
1.35,2.08,66.51, 0.00
1.35,2.08,66.51, 0.00
4.69,1.88,165.52, 0.00
4.82,1.67,8.84, 0.00
2.45,1.43,0.00, 0.00
0.52,1.26,0.00, 0.00
0.00,1.13,0.00, 0.00
0.09,0.93,4.43, 0.00
0.99,0.68,44.40, 0.00
0.50,0.47,0.00, 0.00
0.00,0.28,0.00, 0.00
0.00,0.28,0.00, 0.00
0.00,0.19,0.00, 0.00
0.00,0.14,0.00, 0.00
0.41,0.12,20.20, 0.00
0.41,0.12,20.20, 0.00
0.00,0.09,0.00, 0.00
0.00,0.07,0.00, 0.00
0.00,0.07,0.00, 0.00
0.00,0.07,0.00, 0.00
0.00,0.07,0.00, 0.00
0.00,0.06,0.00, 0.00
0.11,0.06,5.42, 0.00
0.07,0.05,0.00, 0.00
0.47,0.06,19.71, 0.75
0.36,0.06,0.00, 0.00
0.05,0.06,0.00, 0.00
0.00,0.05,0.00, 0.00
0.00,0.05,0.00, 0.00
0.00,0.05,0.00, 0.50
0.00,0.06,0.00, 0.25
0.00,0.06,0.00, 0.25
0.14,0.06,6.90, 0.00
0.16,0.05,1.09, 0.00
0.00,0.05,0.00, 0.00
0.00,0.05,0.00, 0.50
0.00,0.05,0.00, 0.50
0.07,0.05,3.45, 0.00
0.00,0.06,0.00, 0.25
0.00,0.05,0.00, 0.00
0.14,0.05,6.90, 0.50
0.18,0.05,2.07, 0.00
0.00,0.04,0.00, 0.00
0.00,0.04,0.00, 0.00
0.00,0.05,0.00, 0.50
0.09,0.05,4.43, 0.50
0.05,0.05,0.00, 0.00
0.00,0.05,0.00, 0.50
0.00,0.06,0.00, 0.25
0.00,0.05,0.00, 0.00
0.00,0.05,0.00, 0.50
0.00,0.07,0.00, 0.75
0.11,0.08,5.42, 0.50
0.29,0.08,8.95, 0.00
0.14,0.10,0.00, 1.25
0.14,0.10,0.00, 1.25
0.14,0.10,0.00, 1.25
0.14,0.10,0.00, 1.25
0.14,0.10,0.00, 0.00
0.20,0.10,2.96, 0.00
0.34,0.13,6.94, 1.25
0.52,0.16,8.97, 1.25
0.52,0.16,8.97, 1.25
0.56,0.19,2.10, 1.75
0.50,0.19,0.00, 0.01
0.50,0.19,0.00, 0.01
0.50,0.19,0.00, 0.01
0.63,0.23,6.40, 2.24
0.83,0.26,9.95, 1.25
0.92,0.28,4.58, 1.25
0.61,0.31,0.00, 1.25
0.61,0.31,0.00, 1.25
0.70,0.32,4.43, 0.50
0.88,0.33,8.93, 0.75
0.83,0.33,0.00, 0.00
0.77,0.35,0.00, 1.00
0.90,0.38,6.40, 1.50
0.92,0.35,1.08, 0.00
0.92,0.35,1.08, 0.00
0.85,0.39,0.00, 1.99
0.88,0.42,1.48, 1.25
1.10,0.45,10.86, 1.75
1.24,0.54,7.06, 4.49
1.28,0.64,2.07, 5.00
1.26,0.85,0.00, 10.23
1.35,1.11,4.43, 12.99
1.55,1.48,9.92, 18.73
1.68,1.88,6.55, 20.00
1.93,2.29,12.41, 20.50
2.29,2.75,17.92, 22.99
2.67,3.21,18.98, 23.00
3.05,3.65,19.00, 22.00
3.23,4.05,9.15, 20.01
3.46,4.36,11.47, 15.77
3.79,4.64,16.43, 13.76
3.79,4.64,16.43, 13.76
3.79,4.64,16.43, 13.76
4.40,4.86,30.29, 11.26
5.09,5.06,34.44, 9.76
5.79,5.25,34.99, 9.50
6.37,5.41,29.09, 8.01
6.69,5.55,16.19, 7.00
6.66,5.63,0.00, 4.01
6.66,5.63,0.00, 4.01
6.66,5.70,0.00, 3.50
6.75,5.75,4.43, 2.50
6.71,5.81,0.00, 3.00
6.71,5.80,0.00, 0.00
6.71,5.80,0.00, 0.00
6.73,5.82,0.99, 0.75
6.73,5.86,0.01, 2.00
6.73,5.85,0.00, 0.00
6.73,5.86,0.00, 0.50
6.73,5.88,0.00, 0.75
6.73,5.88,0.00, 0.00
6.71,5.86,0.00, 0.00
6.71,5.84,0.00, 0.00
6.71,5.84,0.00, 0.00
6.71,5.80,0.00, 0.00
6.73,5.72,0.99, 0.00
6.73,5.64,0.01, 0.00
6.73,5.54,0.00, 0.00
6.73,5.54,0.00, 0.00
6.73,5.44,0.00, 0.00
6.73,5.35,0.00, 0.00
6.73,5.27,0.00, 0.00
6.71,5.23,0.00, 0.00
6.71,5.18,0.00, 0.00
6.73,5.11,0.99, 0.00
6.71,5.08,0.00, 0.00
6.73,5.00,0.99, 0.00
6.73,5.00,0.99, 0.00
6.73,4.95,0.01, 0.00
6.73,4.89,0.00, 0.00
6.71,4.84,0.00, 0.00
6.71,4.81,0.00, 0.00
6.71,4.81,0.00, 0.00
6.73,4.78,0.99, 0.00
6.73,4.82,0.01, 1.74
6.71,4.82,0.00, 0.50
6.71,4.82,0.00, 0.00
6.71,4.84,0.00, 0.75
6.71,4.87,0.00, 1.50
6.73,4.89,0.99, 0.75
6.71,4.89,0.00, 0.50
6.71,4.90,0.00, 0.50
6.73,4.91,0.99, 0.25
6.73,4.91,0.99, 0.25
6.71,4.89,0.00, 0.00
6.71,4.89,0.00, 0.00
6.71,4.89,0.00, 0.00
6.73,4.88,0.99, 0.00
6.73,4.88,0.01, 0.00
6.73,4.85,0.00, 0.00
6.73,4.85,0.00, 0.00
6.73,4.85,0.00, 0.00
6.73,4.85,0.00, 0.00
6.73,4.85,0.00, 0.00
6.71,4.84,0.00, 0.00
6.73,4.81,0.99, 0.00
6.73,4.80,0.01, 0.00
6.71,4.50,0.00, 0.00
6.71,4.38,0.00, 0.00
6.71,4.24,0.00, 0.00
6.73,4.02,0.99, 0.00
6.71,3.80,0.00, 0.00
6.71,3.60,0.00, 0.00
6.71,3.47,0.00, 0.00
6.71,3.47,0.00, 0.00
6.71,3.37,0.00, 0.00
6.71,3.27,0.00, 0.00
6.71,3.27,0.00, 0.00
6.71,3.14,0.00, 0.00
0.25,3.01,0.00, 0.00
0.00,2.66,0.00, 0.00
0.00,2.66,0.00, 0.00
0.00,2.66,0.00, 0.00
0.00,2.66,0.00, 0.00
5.34,2.32,263.07, 0.00
6.82,2.22,76.78, 0.00
6.82,2.09,1.13, 0.00
0.00,1.58,0.00, 0.00
0.00,1.37,0.00, 0.00
0.00,1.37,0.00, 0.00
0.00,1.37,0.00, 0.00
1.89,1.12,93.11, 0.00
4.80,0.88,144.73, 0.00
0.00,0.70,0.00, 0.00
0.00,0.40,0.00, 0.00
0.00,0.40,0.00, 0.00
1.33,0.31,65.52, 0.00
0.81,0.23,0.00, 0.00
0.00,0.20,0.00, 0.00
0.92,0.16,45.32, 0.00
0.63,0.11,0.00, 0.00
0.00,0.09,0.00, 0.00
0.29,0.06,14.29, 0.00
0.29,0.06,0.21, 0.00
0.16,0.06,0.00, 0.00
0.00,0.06,0.00, 0.00
0.00,0.06,0.00, 0.00
0.61,0.05,30.05, 0.00
0.00,0.06,0.00, 1.00
0.00,0.06,0.00, 0.00
0.23,0.06,11.33, 0.00
0.14,0.06,0.00, 0.00
0.00,0.06,0.00, 0.00
0.00,0.05,0.00, 0.00
0.03,0.05,1.48, 0.50
0.03,0.05,1.48, 0.50
0.03,0.05,1.48, 0.50
0.03,0.05,1.48, 0.50
0.03,0.05,1.48, 0.50
0.16,0.06,6.43, 0.25
0.00,0.06,0.00, 0.00
0.00,0.05,0.00, 0.00
0.07,0.06,3.45, 0.75
0.11,0.06,2.02, 0.00
0.00,0.06,0.00, 0.00
0.00,0.07,0.00, 0.50
0.11,0.08,5.42, 0.50
0.11,0.08,5.42, 0.50
0.00,0.07,0.00, 0.00
0.05,0.07,2.46, 0.00
0.03,0.09,0.00, 1.25
0.00,0.10,0.00, 0.50
0.00,0.09,0.00, 0.00
0.00,0.12,0.00, 1.25
0.00,0.12,0.00, 1.25
0.00,0.21,0.00, 4.49
0.03,0.41,1.48, 10.23
0.34,0.57,15.29, 7.76
0.52,0.77,9.09, 9.99
0.59,0.97,3.58, 10.25
0.88,1.26,14.34, 14.24
1.51,1.55,31.25, 14.50
1.80,1.82,14.75, 13.25
1.80,1.82,14.75, 13.25
1.80,1.82,14.75, 13.25
2.22,2.12,20.91, 14.99
2.76,2.38,26.91, 13.01
3.39,2.64,31.43, 13.25
3.99,2.89,30.02, 12.75
4.62,3.11,31.48, 10.51
5.27,3.30,32.49, 9.75
5.72,3.46,22.65, 8.01
6.03,3.62,15.61, 8.00
6.42,3.84,19.44, 10.74
6.73,4.01,15.56, 9.01
6.73,4.01,15.56, 9.01
6.73,4.21,0.23, 9.75
6.73,4.36,0.00, 7.26
6.73,4.50,0.00, 7.25
6.71,4.62,0.00, 6.00
6.71,4.70,0.00, 4.26
6.73,4.77,0.99, 3.25
6.71,4.83,0.00, 3.00
6.71,4.88,0.00, 2.50
6.73,4.94,0.99, 3.00
6.71,4.97,0.00, 1.26
6.73,4.97,0.99, 0.50
6.71,4.99,0.00, 0.75
6.71,4.96,0.00, 0.00
6.73,4.91,0.99, 0.00
6.71,4.84,0.00, 0.00
6.71,4.84,0.00, 0.00
6.71,4.76,0.00, 0.00
6.73,4.68,0.99, 0.00
6.71,4.59,0.00, 0.00
6.71,4.48,0.00, 0.00
6.71,4.41,0.00, 0.00
6.73,4.36,0.99, 0.00
6.73,4.36,0.99, 0.00
6.71,4.27,0.00, 0.00
6.71,4.23,0.00, 0.00
6.73,4.18,0.99, 0.00
6.73,4.12,0.01, 0.00
6.73,4.07,0.00, 0.00
6.73,4.01,0.00, 0.00
6.71,3.99,0.00, 0.00
6.71,3.96,0.00, 0.00
6.71,3.93,0.00, 0.00
6.71,3.93,0.00, 0.00
6.71,3.91,0.00, 0.00
6.71,3.91,0.00, 0.00
6.71,3.90,0.00, 0.00
6.73,3.91,0.99, 0.50
6.71,3.93,0.00, 1.00
6.71,4.00,0.00, 3.49
6.71,4.00,0.00, 3.49
6.71,4.00,0.00, 3.49
6.71,4.00,0.00, 3.49
6.71,4.00,0.00, 3.49
6.71,4.00,0.00, 3.49
6.71,4.03,0.00, 1.26
6.71,4.03,0.00, 1.26
6.71,4.03,0.00, 1.26
6.71,4.08,0.00, 2.74
6.71,4.13,0.00, 2.50
6.73,4.57,0.99, 21.68
6.73,4.74,0.01, 9.05
6.73,4.81,0.00, 3.27
6.71,4.82,0.00, 0.51
6.71,4.82,0.00, 0.51
6.71,4.76,0.00, 0.00
6.71,4.67,0.00, 0.00
6.71,4.53,0.00, 0.00
6.71,4.36,0.00, 0.00
6.71,4.13,0.00, 0.00
6.71,3.84,0.00, 0.00
6.71,3.50,0.00, 0.00
0.00,3.12,0.00, 0.00
0.00,2.70,0.00, 0.00
5.29,2.36,260.61, 0.00
6.06,2.08,41.77, 0.00
0.16,1.86,0.00, 0.00
0.18,1.63,0.99, 0.00
0.18,1.63,0.99, 0.00
2.56,1.37,117.26, 0.00
2.67,1.08,7.14, 0.00
1.57,0.91,0.00, 0.00
1.57,0.91,0.00, 0.00
1.01,0.73,0.00, 0.00
1.06,0.56,2.46, 0.00
1.06,0.56,2.46, 0.00
0.61,0.36,0.00, 0.00
0.52,0.19,0.00, 0.00
0.72,0.09,9.85, 0.00
0.72,0.09,9.85, 0.00
0.72,0.09,9.85, 0.00
0.72,0.09,9.85, 0.00
0.32,0.09,0.00, 0.00
0.00,0.06,0.00, 0.00
0.00,0.06,0.00, 0.00
0.00,0.06,0.00, 0.00
0.00,0.06,0.00, 0.00
0.00,0.06,0.00, 0.00
0.61,0.06,30.05, 0.00
0.27,0.05,0.00, 0.00
0.00,0.05,0.00, 0.00
0.00,0.05,0.00, 0.50
0.36,0.06,17.74, 0.25
0.23,0.06,0.00, 0.00
0.00,0.06,0.00, 0.00
0.00,0.06,0.00, 0.00
0.45,0.05,22.17, 0.00
0.20,0.05,0.00, 0.00
0.00,0.05,0.00, 0.50
0.00,0.06,0.00, 0.25
0.25,0.05,12.32, 0.00
0.29,0.05,2.15, 0.50
0.00,0.06,0.00, 0.25
0.00,0.06,0.00, 0.00
0.00,0.06,0.00, 0.00
0.00,0.06,0.00, 0.00
0.23,0.06,11.33, 0.00
0.23,0.06,11.33, 0.00
0.11,0.06,0.00, 0.00
0.00,0.05,0.00, 0.00
0.00,0.20,0.00, 7.72
0.00,0.30,0.00, 5.01
0.00,0.37,0.00, 3.51
0.00,0.50,0.00, 6.24
0.07,0.65,3.45, 7.74
0.25,0.81,8.92, 8.25
0.47,1.01,10.97, 9.99
0.97,1.28,24.79, 13.49
1.73,1.60,37.81, 15.74
2.74,1.93,50.31, 16.75
3.73,2.23,49.51, 15.01
4.02,2.41,15.02, 9.02
4.02,2.73,0.22, 15.73
4.89,3.01,42.86, 14.01
5.99,3.28,54.82, 13.50
6.60,3.57,30.86, 14.25
6.60,3.57,30.86, 14.25
6.71,3.84,5.87, 13.50
6.71,4.12,0.09, 14.25
6.75,4.46,1.97, 16.99
6.75,4.46,1.97, 16.99
6.75,4.77,0.03, 15.51
6.75,5.09,0.00, 15.75
6.73,5.36,0.00, 14.01
6.73,5.60,0.00, 11.51
6.73,5.60,0.00, 11.51
6.73,5.78,0.00, 9.26
6.73,5.91,0.00, 6.51
6.73,5.99,0.00, 4.01
6.71,6.02,0.00, 1.51
6.73,6.03,0.99, 0.50
6.71,5.97,0.00, 0.00
6.71,5.91,0.00, 0.00
6.73,5.85,0.99, 0.00
6.71,5.75,0.00, 0.00
6.71,5.68,0.00, 0.00
6.71,5.61,0.00, 0.00
6.71,5.61,0.00, 0.00
6.71,5.53,0.00, 0.00
6.71,5.48,0.00, 0.00
6.71,5.26,0.00, 0.00
6.71,5.29,0.00, 1.49
6.71,5.20,0.00, 0.00
6.71,5.12,0.00, 0.00
6.71,5.12,0.00, 0.00
6.71,5.12,0.00, 0.00
6.71,5.12,0.00, 0.00
6.71,5.12,0.00, 0.00
6.71,5.12,0.00, 0.00
6.71,5.10,0.00, 0.00
6.73,5.08,0.99, 0.00
6.71,5.07,0.00, 0.00
6.71,4.97,0.00, 0.00
6.71,4.97,0.00, 0.00
6.71,4.96,0.00, 0.00
6.71,4.95,0.00, 0.00
6.73,4.93,0.99, 0.00
6.71,4.91,0.00, 0.00
6.71,4.88,0.00, 0.00
6.71,4.89,0.00, 0.25
6.71,4.89,0.00, 0.25
6.71,4.88,0.00, 0.00
6.71,4.88,0.00, 0.00
6.73,4.86,0.99, 0.00
6.71,4.86,0.00, 0.00
6.71,4.84,0.00, 0.00
6.71,4.82,0.00, 0.00
6.71,4.78,0.00, 0.00
6.71,4.72,0.00, 0.00
6.73,4.70,0.99, 0.00
6.71,4.65,0.00, 0.00
6.71,4.61,0.00, 0.00
6.71,4.44,0.00, 0.00
6.73,4.50,0.99, 2.99
6.71,4.41,0.00, 0.00
6.71,4.30,0.00, 0.00
6.73,4.17,0.99, 0.00
6.73,4.03,0.01, 0.00
6.73,3.85,0.00, 0.00
6.71,3.65,0.00, 0.00
6.71,3.41,0.00, 0.00
6.71,3.41,0.00, 0.00
6.71,3.14,0.00, 0.00
0.00,2.86,0.00, 0.00
0.00,2.47,0.00, 0.00
5.09,2.20,250.76, 0.00
6.82,2.09,88.92, 0.00
6.82,2.09,88.92, 0.00
6.82,2.09,88.92, 0.00
6.82,2.00,1.31, 0.00
5.81,1.87,0.00, 0.00
2.36,1.73,0.00, 0.00
0.00,1.52,0.00, 0.00
0.00,1.29,0.00, 0.00
1.39,1.01,68.48, 0.00
4.04,0.76,131.56, 0.00
0.29,0.56,0.00, 0.00
0.11,0.39,0.00, 0.00
0.00,0.24,0.00, 0.00
0.56,0.12,27.59, 0.00
1.37,0.09,40.31, 0.00
1.37,0.09,40.31, 0.00
1.37,0.09,40.31, 0.00
0.00,0.07,0.00, 0.00
0.27,0.05,13.30, 0.00
0.00,0.05,0.00, 0.25
0.00,0.05,0.00, 0.00
0.50,0.06,24.63, 0.25
0.18,0.06,0.00, 0.00
0.54,0.08,17.74, 1.00
0.38,0.05,0.00, 0.00
0.00,0.05,0.00, 0.25
0.00,0.05,0.00, 0.00
0.00,0.05,0.00, 0.50
0.00,0.06,0.00, 0.25
0.38,0.06,18.72, 0.00
0.38,0.06,18.72, 0.00
0.05,0.06,0.00, 0.00
0.07,0.05,0.99, 0.00
0.20,0.07,6.42, 1.25
0.20,0.07,6.42, 1.25
0.20,0.07,6.42, 1.25
0.20,0.07,6.42, 1.25
0.20,0.07,6.42, 1.25
0.20,0.07,6.42, 1.25
0.20,0.07,6.42, 1.25
0.20,0.07,6.42, 1.25
0.20,0.07,6.42, 1.25
0.20,0.07,6.42, 1.25
0.20,0.07,6.42, 1.25
0.20,0.07,6.42, 1.25
0.20,0.07,6.42, 1.25
0.20,0.07,6.42, 1.25
0.00,0.06,0.00, 0.00
0.00,0.05,0.00, 0.00
0.00,0.04,0.00, 0.00
0.00,0.05,0.00, 0.50
0.27,0.05,13.30, 0.50
0.14,0.05,0.00, 0.00
0.00,0.05,0.00, 0.50
0.00,0.06,0.00, 0.25
0.07,0.05,3.45, 0.00
0.00,0.05,0.00, 0.50
0.00,0.06,0.00, 0.25
0.00,0.06,0.00, 0.25
0.00,0.06,0.00, 0.25
0.00,0.06,0.00, 0.25
0.00,0.06,0.00, 0.25
0.00,0.06,0.00, 0.25
0.00,0.06,0.00, 0.25
0.00,0.06,0.00, 0.25
0.00,0.06,0.00, 0.25
0.00,0.06,0.00, 0.25
0.00,0.06,0.00, 0.25
0.00,0.06,0.00, 0.25
0.00,0.06,0.00, 0.25
0.00,0.06,0.00, 0.25
0.00,0.06,0.00, 0.25
0.00,0.06,0.00, 0.25
0.00,0.06,0.00, 0.25
0.00,0.06,0.00, 0.25
0.00,0.06,0.00, 0.25
0.00,0.06,0.00, 0.25
0.00,0.06,0.00, 0.25
0.00,0.06,0.00, 0.25
0.03,0.06,1.48, 0.00
0.03,0.06,1.48, 0.00
0.03,0.06,1.48, 0.00
0.03,0.06,1.48, 0.00
0.03,0.06,1.48, 0.00
0.03,0.06,1.48, 0.00
0.03,0.06,1.48, 0.00
0.03,0.06,1.48, 0.00
0.03,0.06,1.48, 0.00
0.03,0.06,1.48, 0.00
0.03,0.06,1.48, 0.00
0.03,0.06,1.48, 0.00
0.03,0.06,1.48, 0.00
0.03,0.06,1.48, 0.00
0.03,0.06,1.48, 0.00
0.07,0.06,1.99, 0.00
0.07,0.06,1.99, 0.00
0.07,0.06,1.99, 0.00
0.07,0.06,1.99, 0.00
0.07,0.06,1.99, 0.00
0.07,0.06,1.99, 0.00
0.07,0.06,1.99, 0.00
0.00,0.06,0.00, 0.00
0.00,0.05,0.00, 0.00
0.00,0.05,0