0.00,0.05,0.00, 2.74
0.00,0.05,0.00, 0.01
0.00,0.05,0.00, 0.00
0.00,0.05,0.00, 0.50
0.00,0.05,0.00, 0.00
0.00,0.05,0.00, 0.00
0.00,0.04,0.00, 0.00
0.00,0.05,0.00, 1.00
0.00,0.05,0.00, 0.00
0.00,0.05,0.00, 0.00
0.00,0.05,0.00, 0.50
0.00,0.05,0.00, 0.00
0.00,0.05,0.00, 0.00
0.00,0.06,0.00, 0.75
0.00,0.05,0.00, 0.00
0.00,0.05,0.00, 0.50
0.00,0.05,0.00, 0.00
0.00,0.05,0.00, 0.00
0.00,0.05,0.00, 0.00
0.00,0.05,0.00, 0.00
0.00,0.05,0.00, 0.00
0.00,0.05,0.00, 0.00
0.00,0.05,0.00, 0.00
0.02,0.05,0.99, 0.00
0.02,0.05,0.01, 0.50
0.00,0.05,0.00, 0.00
0.02,0.05,0.99, 0.00
0.00,0.05,0.00, 0.50
0.00,0.04,0.00, 0.00
0.00,0.05,0.00, 1.00
0.05,0.05,2.46, 0.00
0.02,0.05,0.00, 0.00
0.02,0.05,0.00, 0.00
0.02,0.05,0.00, 0.00
0.00,0.05,0.00, 0.50
0.00,0.05,0.00, 0.00
0.00,0.05,0.00, 0.00
0.00,0.05,0.00, 0.50
0.00,0.05,0.00, 0.00
0.00,0.05,0.00, 0.50
0.00,0.05,0.00, 0.00
0.00,0.05,0.00, 0.00
0.02,0.05,0.99, 0.50
0.00,0.05,0.00, 0.00
0.02,0.05,0.99, 0.00
0.05,0.05,1.49, 0.50
0.02,0.06,0.00, 0.25
0.00,0.06,0.00, 0.00
0.00,0.06,0.00, 0.00
0.00,0.06,0.00, 0.00
0.00,0.06,0.00, 0.00
0.00,0.05,0.00, 0.00
0.00,0.05,0.00, 0.50
0.02,0.06,0.99, 0.25
0.02,0.06,0.99, 0.25
0.02,0.06,0.99, 0.25
0.00,0.06,0.00, 0.00
0.00,0.06,0.00, 0.00
0.00,0.06,0.00, 0.00
0.00,0.06,0.00, 0.00
0.00,0.06,0.00, 0.00
0.00,0.06,0.00, 0.00
0.00,0.06,0.00, 0.00
0.00,0.06,0.00, 0.00
0.00,0.05,0.00, 0.00
0.00,0.05,0.00, 0.00
0.00,0.05,0.00, 0.00
0.00,0.05,0.00, 0.00
0.00,0.05,0.00, 0.00
0.00,0.05,0.00, 0.00
0.02,0.05,0.99, 0.00
0.02,0.05,0.99, 0.00
0.02,0.05,0.99, 0.00
0.02,0.05,0.99, 0.00
0.02,0.05,0.99, 0.00
0.02,0.05,0.99, 0.00
0.02,0.05,0.99, 0.00
0.02,0.05,0.99, 0.00
0.02,0.05,0.99, 0.00
0.02,0.05,0.99, 0.00
0.02,0.05,0.99, 0.00
0.02,0.05,0.99, 0.00
0.02,0.05,0.99, 0.00
0.02,0.05,0.99, 0.00
0.02,0.05,0.99, 0.00
0.02,0.05,0.99, 0.00
0.05,0.05,1.49, 0.50
0.05,0.05,1.49, 0.50
0.05,0.05,1.49, 0.50
0.05,0.05,1.49, 0.50
0.05,0.05,1.49, 0.50
0.05,0.05,1.49, 0.50
0.00,0.05,0.00, 0.00
0.00,0.05,0.00, 0.00
0.00,0.05,0.00, 0.00
0.00,0.05,0.00, 0.00
0.02,0.06,0.99, 0.75
0.00,0.38,0.00, 16.19
0.00,0.44,0.00, 3.05
0.00,0.50,0.00, 3.00
0.00,0.56,0.00, 3.00
0.00,0.68,0.00, 5.74
0.00,0.81,0.00, 6.50
0.00,0.93,0.00, 6.00
0.00,1.10,0.00, 8.24
0.00,1.10,0.00, 8.24
0.00,1.10,0.00, 8.24
0.00,1.10,0.00, 8.24
0.00,1.10,0.00, 8.24
0.00,1.10,0.00, 8.24
0.14,1.28,6.90, 9.50
0.25,1.46,5.52, 8.75
0.31,1.62,3.04, 8.00
0.31,1.62,3.04, 8.00
0.31,1.62,3.04, 8.00
0.31,1.62,3.04, 8.00
0.31,1.62,3.04, 8.00
0.31,1.62,3.04, 8.00
0.31,1.62,3.04, 8.00
0.31,1.62,3.04, 8.00
0.31,1.62,3.04, 8.00
0.31,1.62,3.04, 8.00
1.19,2.65,43.40, 51.59
1.19,2.65,43.40, 51.59
1.19,2.65,43.40, 51.59
1.19,2.65,43.40, 51.59
1.19,2.65,43.40, 51.59
1.19,2.65,43.40, 51.59
1.19,2.65,43.40, 51.59
1.19,2.65,43.40, 51.59
1.19,2.65,43.40, 51.59
1.19,2.65,43.40, 51.59
1.19,2.65,43.40, 51.59
1.19,2.65,43.40, 51.59
1.19,2.65,43.40, 51.59
1.19,2.65,43.40, 51.59
1.19,2.65,43.40, 51.59
1.19,2.65,43.40, 51.59
1.19,2.65,43.40, 51.59
1.19,2.65,43.40, 51.59
1.19,2.65,43.40, 51.59
1.19,2.65,43.40, 51.59
1.19,2.65,43.40, 51.59
1.19,2.65,43.40, 51.59
1.19,2.65,43.40, 51.59
1.19,2.65,43.40, 51.59
1.19,2.65,43.40, 51.59
1.19,2.65,43.40, 51.59
1.19,2.65,43.40, 51.59
1.19,2.65,43.40, 51.59
1.19,2.65,43.40, 51.59
1.19,2.65,43.40, 51.59
1.19,2.65,43.40, 51.59
1.19,2.65,43.40, 51.59
1.19,2.65,43.40, 51.59
1.19,2.65,43.40, 51.59
1.19,2.65,43.40, 51.59
1.19,2.65,43.40, 51.59
1.19,2.65,43.40, 51.59
1.19,2.65,43.40, 51.59
1.19,2.65,43.40, 51.59
1.19,2.65,43.40, 51.59
1.19,2.65,43.40, 51.59
1.19,2.65,43.40, 51.59
1.19,2.65,43.40, 51.59
1.19,2.65,43.40, 51.59
1.19,2.65,43.40, 51.59
1.19,2.65,43.40, 51.59
1.19,2.65,43.40, 51.59
1.19,2.65,43.40, 51.59
1.19,2.65,43.40, 51.59
1.19,2.65,43.40, 51.59
1.19,2.65,43.40, 51.59
1.19,2.65,43.40, 51.59
1.19,2.65,43.40, 51.59
1.19,2.65,43.40, 51.59
1.19,2.65,43.40, 51.59
1.19,2.65,43.40, 51.59
1.19,2.65,43.40, 51.59
1.19,2.65,43.40, 51.59
1.19,2.65,43.40, 51.59
1.19,2.65,43.40, 51.59
1.19,2.65,43.40, 51.59
1.19,2.65,43.40, 51.59
1.19,2.65,43.40, 51.59
1.19,2.65,43.40, 51.59
1.19,2.65,43.40, 51.59
1.19,2.65,43.40, 51.59
1.19,2.65,43.40, 51.59
1.19,2.65,43.40, 51.59
1.19,2.65,43.40, 51.59
1.19,2.65,43.40, 51.59
1.19,2.65,43.40, 51.59
1.19,2.65,43.40, 51.59
1.19,2.65,43.40, 51.59
1.19,2.65,43.40, 51.59
1.19,2.65,43.40, 51.59
1.19,2.65,43.40, 51.59
1.19,2.65,43.40, 51.59
1.19,2.65,43.40, 51.59
1.19,2.65,43.40, 51.59
1.19,2.65,43.40, 51.59
1.19,2.65,43.40, 51.59
1.19,2.65,43.40, 51.59
1.19,2.65,43.40, 51.59
1.19,2.65,43.40, 51.59
1.19,2.65,43.40, 51.59
1.19,2.65,43.40, 51.59
1.19,2.65,43.40, 51.59
1.19,2.65,43.40, 51.59
1.19,2.65,43.40, 51.59
1.19,2.65,43.40, 51.59
1.19,2.65,43.40, 51.59
1.19,2.65,43.40, 51.59
1.19,2.65,43.40, 51.59
1.19,2.65,43.40, 51.59
1.19,2.65,43.40, 51.59
1.19,2.65,43.40, 51.59
1.19,2.65,43.40, 51.59
1.19,2.65,43.40, 51.59
1.19,2.65,43.40, 51.59
1.19,2.65,43.40, 51.59
1.19,2.65,43.40, 51.59
1.19,2.65,43.40, 51.59
1.19,2.65,43.40, 51.59
1.19,2.65,43.40, 51.59
1.19,2.65,43.40, 51.59
1.19,2.65,43.40, 51.59
1.19,2.65,43.40, 51.59
1.19,2.65,43.40, 51.59
1.19,2.65,43.40, 51.59
1.19,2.65,43.40, 51.59
1.19,2.65,43.40, 51.59
1.19,2.65,43.40, 51.59
1.19,2.65,43.40, 51.59
1.19,2.65,43.40, 51.59
1.19,2.65,43.40, 51.59
1.19,2.65,43.40, 51.59
1.19,2.65,43.40, 51.59
1.19,2.65,43.40, 51.59
1.19,2.65,43.40, 51.59
1.19,2.65,43.40, 51.59
1.19,2.65,43.40, 51.59
1.19,2.65,43.40, 51.59
1.19,2.65,43.40, 51.59
1.19,2.65,43.40, 51.59
1.19,2.65,43.40, 51.59
1.19,2.65,43.40, 51.59
1.19,2.65,43.40, 51.59
1.19,2.65,43.40, 51.59
1.19,2.65,43.40, 51.59
1.19,2.65,43.40, 51.59
1.19,2.65,43.40, 51.59
1.19,2.65,43.40, 51.59
1.19,2.65,43.40, 51.59
1.19,2.65,43.40, 51.59
1.19,2.65,43.40, 51.59
1.19,2.65,43.40, 51.59
1.19,2.65,43.40, 51.59
1.19,2.65,43.40, 51.59
1.19,2.65,43.40, 51.59
1.19,2.65,43.40, 51.59
1.19,2.65,43.40, 51.59
1.19,2.65,43.40, 51.59
1.19,2.65,43.40, 51.59
1.19,2.65,43.40, 51.59
1.19,2.65,43.40, 51.59
1.19,2.65,43.40, 51.59
1.19,2.65,43.40, 51.59
1.19,2.65,43.40, 51.59
1.19,2.65,43.40, 51.59
1.19,2.65,43.40, 51.59
1.19,2.65,43.40, 51.59
1.19,2.65,43.40, 51.59
1.19,2.65,43.40, 51.59
1.19,2.65,43.40, 51.59
1.19,2.65,43.40, 51.59
1.19,2.65,43.40, 51.59
1.19,2.65,43.40, 51.59
1.19,2.65,43.40, 51.59
1.19,2.65,43.40, 51.59
1.19,2.65,43.40, 51.59
1.19,2.65,43.40, 51.59
1.19,2.65,43.40, 51.59
1.19,2.65,43.40, 51.59
1.19,2.65,43.40, 51.59
1.19,2.65,43.40, 51.59
1.19,2.65,43.40, 51.59
1.19,2.65,43.40, 51.59
1.19,2.65,43.40, 51.59
1.19,2.65,43.40, 51.59
1.19,2.65,43.40, 51.59
1.19,2.65,43.40, 51.59
1.19,2.65,43.40, 51.59
1.39,2.83,10.49, 8.91
1.62,2.98,11.49, 7.51
1.62,2.98,11.49, 7.51
1.62,2.98,11.49, 7.51
1.62,2.98,11.49, 7.51
1.62,2.98,11.49, 7.51
3.99,4.57,116.93, 79.49
4.93,3.42,48.03, 0.00
4.93,3.42,48.03, 0.00
4.93,3.42,48.03, 0.00
4.93,3.42,48.03, 0.00
4.93,3.42,48.03, 0.00
4.93,3.42,48.03, 0.00
4.93,3.39,0.71, 0.00
4.93,3.39,0.71, 0.00
2.29,2.96,0.00, 0.00
4.69,2.90,118.23, 0.00
4.69,2.90,118.23, 0.00
4.69,2.90,118.23, 0.00
4.69,2.90,118.23, 0.00
4.69,2.90,118.23, 0.00
4.69,2.90,118.23, 0.00
4.69,2.90,118.23, 0.00
4.69,2.90,118.23, 0.00
3.72,2.20,0.00, 0.00
3.72,2.20,0.00, 0.00
3.72,2.20,0.00, 0.00
3.66,2.02,0.00, 0.00
3.66,2.02,0.00, 0.00
3.10,1.85,0.00, 0.00
1.82,0.54,0.00, 0.00
1.59,0.44,0.00, 0.00
1.50,0.33,0.00, 0.00
1.50,0.33,0.00, 0.00
1.50,0.33,0.00, 0.00
1.50,0.33,0.00, 0.00
1.50,0.33,0.00, 0.00
1.50,0.33,0.00, 0.00
1.46,0.25,0.00, 0.00
1.46,0.25,0.00, 0.00
1.35,0.20,0.00, 0.00
1.12,0.13,0.00, 0.00
0.00,0.05,0.00, 0.00
0.00,0.05,0.00, 0.50
0.00,0.05,0.00, 0.50
0.00,0.05,0.00, 0.50
0.00,0.05,0.00, 0.50
0.00,0.05,0.00, 0.50
0.00,0.05,0.00, 0.50
0.00,0.05,0.00, 0.50
0.00,0.05,0.00, 0.50
0.00,0.05,0.00, 0.50
0.00,0.05,0.00, 0.50
0.00,0.05,0.00, 0.50
0.00,0.05,0.00, 0.50
0.00,0.05,0.00, 0.50
0.00,0.05,0.00, 0.00
0.00,0.05,0.00, 0.50
0.00,0.05,0.00, 0.50
0.00,0.05,0.00, 0.50
0.00,0.05,0.00, 0.50
0.00,0.05,0.00, 0.50
0.00,0.05,0.00, 0.50
0.00,0.05,0.00, 0.50
0.00,0.05,0.00, 0.50
0.00,0.05,0.00, 0.50
0.00,0.05,0.00, 0.50
0.00,0.05,0.00, 0.50
0.00,0.05,0.00, 0.50
0.05,0.06,2.46, 0.25
0.05,0.06,2.46, 0.25
0.00,0.05,0.00, 0.00
0.00,0.05,0.00, 0.00
0.00,0.05,0.00, 0.00
0.00,0.06,0.00, 0.25
0.00,0.06,0.00, 0.25
0.00,0.06,0.00, 0.25
0.00,0.06,0.00, 0.25
0.00,0.06,0.00, 0.25
0.00,0.06,0.00, 0.25
0.00,0.06,0.00, 0.25
0.00,0.06,0.00, 0.25
0.00,0.06,0.00, 0.25
0.00,0.06,0.00, 0.25
0.00,0.06,0.00, 0.25
0.00,0.06,0.00, 0.25
0.00,0.06,0.00, 0.25
0.00,0.05,0.00, 0.00
0.00,0.05,0.00, 0.00
0.00,0.05,0.00, 0.00
0.00,0.05,0.00, 0.00
0.00,0.05,0.00, 0.00
0.00,0.05,0.00, 0.00
0.00,0.05,0.00, 0.00
0.00,0.05,0.00, 0.00
0.00,0.05,0.00, 0.00
0.00,0.05,0.00, 0.00
0.00,0.05,0.00, 0.00
0.00,0.05,0.00, 0.50
0.00,0.08,0.00, 1.25
0.00,0.08,0.00, 1.25
0.00,0.08,0.00, 1.25
0.00,0.08,0.00, 1.25
0.00,0.08,0.00, 1.25
0.00,0.08,0.00, 1.25
0.00,0.08,0.00, 1.25
0.00,0.08,0.00, 1.25
0.00,0.11,0.00, 1.25
0.00,0.16,0.00, 2.74
0.00,0.16,0.00, 2.74
0.00,0.16,0.00, 2.74
0.00,0.16,0.00, 2.74
0.00,0.16,0.00, 2.74
0.00,0.16,0.00, 2.74
0.00,0.16,0.00, 2.74
0.00,0.16,0.00, 2.74
0.00,0.16,0.00, 2.74
0.00,0.16,0.00, 2.74
0.00,0.16,0.00, 2.74
0.00,0.16,0.00, 2.74
0.00,0.16,0.00, 2.74
0.00,0.19,0.00, 1.50
0.00,0.19,0.00, 1.50
0.00,0.33,0.00, 6.98
0.00,0.33,0.00, 6.98
0.00,0.33,0.00, 6.98
0.00,0.33,0.00, 6.98
0.00,0.33,0.00, 6.98
0.00,0.33,0.00, 6.98
0.00,0.33,0.00, 6.98
0.00,0.35,0.00, 0.77
0.00,0.35,0.00, 0.77
0.00,0.35,0.00, 0.77
0.00,0.81,0.00, 23.17
0.00,0.88,0.00, 3.57
0.00,1.06,0.00, 8.73
0.00,1.10,0.00, 2.02
0.00,1.10,0.00, 2.02
0.00,1.10,0.00, 2.02
0.00,1.10,0.00, 2.02
0.00,1.10,0.00, 2.02
0.00,1.10,0.00, 2.02
0.00,1.10,0.00, 2.02
0.00,1.10,0.00, 2.02
0.00,1.11,0.00, 0.51
0.00,1.11,0.00, 0.51
0.00,1.11,0.00, 0.51
0.00,1.11,0.00, 0.51
0.00,1.11,0.00, 0.51
0.00,1.11,0.00, 0.51
0.00,1.11,0.00, 0.51
0.00,1.14,0.00, 1.99
0.00,1.14,0.00, 1.99
0.00,1.15,0.00, 0.51
0.49,1.52,24.14, 18.19
1.55,2.01,52.58, 24.23
1.91,2.24,18.51, 12.04
2.11,2.36,10.13, 5.77
2.11,2.36,10.13, 5.77
2.11,2.36,10.13, 5.77
2.11,2.36,10.13, 5.77
2.11,2.36,10.13, 5.77
2.11,2.36,10.13, 5.77
2.11,2.36,10.13, 5.77
2.11,2.36,10.13, 5.77
2.11,2.36,10.13, 5.77
2.11,2.36,10.13, 5.77
2.11,2.36,10.13, 5.77
2.11,2.36,10.13, 5.77
2.29,2.48,9.02, 6.00
2.29,2.48,9.02, 6.00
2.29,2.48,9.02, 6.00
2.29,2.48,9.02, 6.00
2.29,2.48,9.02, 6.00
2.29,2.48,9.02, 6.00
2.29,2.48,9.02, 6.00
2.29,2.48,9.02, 6.00
2.29,2.48,9.02, 6.00
2.44,2.60,7.52, 6.00
2.44,2.60,7.52, 6.00
2.44,2.60,7.52, 6.00
2.44,2.60,7.52, 6.00
2.44,2.60,7.52, 6.00
2.44,2.60,7.52, 6.00
2.44,2.60,7.52, 6.00
2.65,2.72,10.46, 6.00
4.53,3.86,92.77, 56.81
4.53,3.86,92.77, 56.81
4.53,3.86,92.77, 56.81
4.53,3.86,92.77, 56.81
4.53,3.86,92.77, 56.81
4.53,3.86,92.77, 56.81
4.53,3.86,92.77, 56.81
4.53,3.86,92.77, 56.81
4.53,3.86,92.77, 56.81
4.53,3.86,92.77, 56.81
4.53,3.86,92.77, 56.81
4.53,3.86,92.77, 56.81
4.53,3.86,92.77, 56.81
4.53,3.86,92.77, 56.81
4.53,3.86,92.77, 56.81
4.53,3.86,92.77, 56.81
4.53,3.86,92.77, 56.81
4.53,3.86,92.77, 56.81
4.53,3.86,92.77, 56.81
4.53,3.86,92.77, 56.81
4.53,3.86,92.77, 56.81
4.53,3.86,92.77, 56.81
4.53,3.86,92.77, 56.81
4.53,3.86,92.77, 56.81
4.53,3.86,92.77, 56.81
4.53,3.86,92.77, 56.81
4.53,3.86,92.77, 56.81
4.53,3.86,92.77, 56.81
4.53,3.86,92.77, 56.81
4.53,3.86,92.77, 56.81
4.53,3.86,92.77, 56.81
4.53,3.86,92.77, 56.81
4.53,3.86,92.77, 56.81
4.53,3.86,92.77, 56.81
4.53,3.86,92.77, 56.81
4.53,3.86,92.77, 56.81
4.98,4.70,23.53, 42.05
4.98,4.70,23.53, 42.05
4.98,4.70,23.53, 42.05
4.98,4.70,23.53, 42.05
4.98,4.70,23.53, 42.05
4.98,4.70,23.53, 42.05
4.98,4.70,23.53, 42.05
4.98,4.70,23.53, 42.05
4.98,4.70,23.53, 42.05
4.98,4.70,23.53, 42.05
4.98,4.70,23.53, 42.05
4.98,4.70,23.53, 42.05
4.98,4.70,23.53, 42.05
4.98,4.70,23.53, 42.05
4.98,4.70,23.53, 42.05
4.98,4.70,23.53, 42.05
4.98,4.70,23.53, 42.05
4.98,4.70,23.53, 42.05
4.98,4.70,23.53, 42.05
4.98,4.70,23.53, 42.05
4.98,4.70,23.53, 42.05
4.98,4.70,23.53, 42.05
4.98,4.70,23.53, 42.05
4.98,4.70,23.53, 42.05
4.98,4.70,23.53, 42.05
4.98,4.70,23.53, 42.05
4.98,4.70,23.53, 42.05
5.00,5.03,1.33, 16.34
5.00,5.03,1.33, 16.34
5.00,5.03,1.33, 16.34
5.00,5.03,1.33, 16.34
5.00,5.03,1.33, 16.34
5.00,5.03,1.33, 16.34
5.00,5.03,1.33, 16.34
4.98,5.05,0.00, 1.31
4.98,4.74,0.00, 0.00
4.98,4.74,0.00, 0.00
4.98,4.74,0.00, 0.00
4.98,4.74,0.00, 0.00
4.98,4.74,0.00, 0.00
4.98,4.74,0.00, 0.00
4.98,4.74,0.00, 0.00
4.98,4.74,0.00, 0.00
4.98,4.74,0.00, 0.00
4.98,4.74,0.00, 0.00
4.98,4.74,0.00, 0.00
4.98,4.74,0.00, 0.00
4.98,4.74,0.00, 0.00
4.98,4.74,0.00, 0.00
4.98,4.74,0.00, 0.00
4.98,4.74,0.00, 0.00
4.98,4.74,0.00, 0.00
4.98,4.74,0.00, 0.00
4.96,4.69,0.00, 0.00
4.96,4.69,0.00, 0.00
4.96,4.69,0.00, 0.00
4.96,4.69,0.00, 0.00
4.96,4.69,0.00, 0.00
4.96,4.69,0.00, 0.00
4.96,4.69,0.00, 0.00
4.96,4.69,0.00, 0.00
4.96,4.69,0.00, 0.00
4.96,4.69,0.00, 0.00
4.96,4.69,0.00, 0.00
4.96,4.69,0.00, 0.00
4.96,4.69,0.00, 0.00
4.96,4.69,0.00, 0.00
4.96,4.69,0.00, 0.00
4.96,4.69,0.00, 0.00
4.96,4.69,0.00, 0.00
4.96,4.69,0.00, 0.00
4.96,4.69,0.00, 0.00
4.96,4.69,0.00, 0.00
4.96,4.69,0.00, 0.00
4.96,4.69,0.00, 0.00
4.96,4.69,0.00, 0.00
4.96,4.69,0.00, 0.00
4.96,4.69,0.00, 0.00
4.96,4.69,0.00, 0.00
4.96,4.69,0.00, 0.00
4.96,4.69,0.00, 0.00
4.96,4.69,0.00, 0.00
4.96,4.69,0.00, 0.00
4.96,4.69,0.00, 0.00
4.96,4.69,0.00, 0.00
4.96,4.69,0.00, 0.00
4.96,4.69,0.00, 0.00
4.96,4.69,0.00, 0.00
4.96,4.69,0.00, 0.00
4.96,4.69,0.00, 0.00
4.96,4.69,0.00, 0.00
4.96,4.69,0.00, 0.00
4.96,4.69,0.00, 0.00
4.96,4.69,0.00, 0.00
4.96,4.69,0.00, 0.00
4.96,4.69,0.00, 0.00
4.96,4.69,0.00, 0.00
4.96,4.69,0.00, 0.00
4.96,4.69,0.00, 0.00
4.96,4.69,0.00, 0.00
4.96,4.69,0.00, 0.00
4.96,4.69,0.00, 0.00
4.96,4.69,0.00, 0.00
4.96,4.69,0.00, 0.00
4.96,4.69,0.00, 0.00
4.96,4.69,0.00, 0.00
4.96,4.69,0.00, 0.00
4.96,4.69,0.00, 0.00
4.96,4.69,0.00, 0.00
4.96,4.69,0.00, 0.00
4.96,4.69,0.00, 0.00
4.96,4.69,0.00, 0.00
4.96,4.69,0.00, 0.00
4.96,4.69,0.00, 0.00
4.96,4.69,0.00, 0.00
4.96,4.69,0.00, 0.00
4.96,4.69,0.00, 0.00
4.96,4.69,0.00, 0.00
4.96,4.69,0.00, 0.00
4.96,4.69,0.00, 0.00
4.96,4.69,0.00, 0.00
4.96,4.69,0.00, 0.00
4.96,4.69,0.00, 0.00
4.96,4.69,0.00, 0.00
4.96,4.69,0.00, 0.00
4.96,4.69,0.00, 0.00
4.96,4.69,0.00, 0.00
4.96,4.69,0.00, 0.00
4.96,4.69,0.00, 0.00
4.96,4.69,0.00, 0.00
4.96,4.69,0.00, 0.00
4.96,4.69,0.00, 0.00
4.96,4.69,0.00, 0.00
4.96,4.69,0.00, 0.00
4.96,4.69,0.00, 0.00
4.96,4.69,0.00, 0.00
4.96,4.69,0.00, 0.00
4.96,4.69,0.00, 0.00
4.96,4.69,0.00, 0.00
4.96,4.69,0.00, 0.00
4.96,4.69,0.00, 0.00
4.96,4.69,0.00, 0.00
4.96,4.69,0.00, 0.00
4.96,4.69,0.00, 0.00
4.96,4.69,0.00, 0.00
4.96,4.69,0.00, 0.00
4.96,4.69,0.00, 0.00
4.96,4.69,0.00, 0.00
4.96,4.62,0.00, 0.00
4.96,4.62,0.00, 0.00
4.98,4.60,0.99, 0.00
4.98,4.60,0.99, 0.00
4.98,4.60,0.99, 0.00
4.98,4.59,0.01, 0.00
4.98,4.59,0.01, 0.00
4.96,3.31,0.00, 0.00
4.96,3.22,0.00, 0.00
4.73,3.04,0.00, 0.00
0.00,2.97,0.00, 0.00
0.00,2.97,0.00, 0.00
0.00,2.97,0.00, 0.00
0.00,2.97,0.00, 0.00
0.00,2.97,0.00, 0.00
0.00,2.97,0.00, 0.00
0.00,2.97,0.00, 0.00
0.00,2.97,0.00, 0.00
1.93,2.79,95.08, 0.00
4.84,2.74,144.76, 0.00
4.84,2.74,144.76, 0.00
4.91,2.65,5.58, 0.00
4.91,2.65,5.58, 0.00
4.91,2.65,5.58, 0.00
4.91,2.65,5.58, 0.00
4.91,2.65,5.58, 0.00
4.91,2.65,5.58, 0.00
4.91,2.65,5.58, 0.00
2.96,1.55,0.00, 0.00
2.96,1.55,0.00, 0.00
2.96,1.55,0.00, 0.00
2.96,1.55,0.00, 0.00
2.96,1.55,0.00, 0.00
2.96,1.55,0.00, 0.00
2.96,1.55,0.00, 0.00
2.96,1.55,0.00, 0.00
2.96,1.55,0.00, 0.00
2.96,1.55,0.00, 0.00
2.96,1.55,0.00, 0.00
2.96,1.55,0.00, 0.00
2.96,1.55,0.00, 0.00
2.85,1.40,0.00, 0.00
2.85,1.40,0.00, 0.00
2.85,1.40,0.00, 0.00
3.01,1.26,7.88, 0.00
1.62,0.56,0.00, 0.00
0.31,0.06,0.00, 0.00
0.38,0.06,3.45, 0.00
0.40,0.06,1.04, 0.00
0.43,0.05,1.49, 0.00
0.49,0.05,2.98, 0.50
0.47,0.06,0.00, 0.25
0.47,0.06,0.00, 0.25
0.40,0.05,0.00, 0.00
0.38,0.05,0.00, 0.00
0.34,0.05,0.00, 0.00
0.34,0.05,0.00, 0.00
0.34,0.05,0.00, 0.00
0.34,0.05,0.00, 0.00
0.34,0.05,0.00, 0.00
0.27,0.04,0.00, 0.00
0.27,0.04,0.00, 0.00
0.27,0.04,0.00, 0.00
0.27,0.04,0.00, 0.00
0.27,0.04,0.00, 0.00
0.27,0.04,0.00, 0.00
0.27,0.04,0.00, 0.00
0.27,0.04,0.00, 0.00
0.27,0.04,0.00, 0.00
0.27,0.04,0.00, 0.00
0.27,0.04,0.00, 0.00
0.27,0.04,0.00, 0.00
0.27,0.04,0.00, 0.00
0.27,0.04,0.00, 0.00
0.18,0.05,0.00, 1.00
0.18,0.05,0.00, 1.00
0.09,0.05,0.00, 0.00
0.09,0.05,0.00, 0.00
0.09,0.05,0.00, 0.00
0.09,0.05,0.00, 0.00
0.09,0.05,0.00, 0.00
0.09,0.05,0.00, 0.00
0.09,0.05,0.00, 0.00
0.09,0.05,0.00, 0.00
0.09,0.05,0.00, 0.00
0.09,0.05,0.00, 0.00
0.09,0.05,0.00, 0.00
0.09,0.05,0.00, 0.00
0.09,0.05,0.00, 0.00
0.09,0.05,0.00, 0.00
0.22,0.05,6.40, 0.50
0.22,0.05,6.40, 0.50
0.22,0.05,6.40, 0.50
0.22,0.05,6.40, 0.50
0.22,0.05,6.40, 0.50
0.22,0.05,6.40, 0.50
0.22,0.05,6.40, 0.50
0.22,0.05,6.40, 0.50
0.22,0.05,6.40, 0.50
0.22,0.05,6.40, 0.50
0.22,0.05,6.40, 0.50
0.22,0.05,6.40, 0.50
0.22,0.05,6.40, 0.50
0.22,0.05,6.40, 0.50
0.22,0.05,6.40, 0.50
0.22,0.05,6.40, 0.50
0.22,0.05,6.40, 0.50
0.22,0.05,6.40, 0.50
0.22,0.05,6.40, 0.50
0.22,0.05,6.40, 0.50
0.22,0.05,6.40, 0.50
0.02,0.05,0.00, 0.00
0.02,0.05,0.00, 0.00
0.02,0.05,0.00, 0.00
0.02,0.05,0.00, 0.00
0.02,0.05,0.00, 0.00
0.02,0.05,0.00, 0.00
0.02,0.05,0.00, 0.00
0.02,0.05,0.00, 0.00
0.02,0.05,0.00, 0.00
0.02,0.05,0.00, 0.00
0.07,0.05,2.46, 0.00
0.07,0.05,2.46, 0.00
0.07,0.05,2.46, 0.00
0.07,0.05,2.46, 0.00
0.07,0.05,2.46, 0.00
0.07,0.05,2.46, 0.00
0.07,0.05,2.46, 0.00
0.07,0.05,2.46, 0.00
0.07,0.05,2.46, 0.00
0.07,0.05,2.46, 0.00
0.07,0.05,2.46, 0.00
0.07,0.05,2.46, 0.00
0.07,0.05,2.46, 0.00
0.07,0.05,2.46, 0.00
0.07,0.05,0.04, 0.50
0.00,0.66,0.00, 30.14
0.00,0.66,0.00, 30.14
0.00,0.66,0.00, 30.14
0.00,0.66,0.00, 30.14
0.00,0.66,0.00, 30.14
0.00,0.66,0.00, 30.14
0.00,1.57,0.00, 45.44
0.00,1.57,0.00, 45.44
0.00,1.57,0.00, 45.44
0.00,1.57,0.00, 45.44
0.00,1.57,0.00, 45.44
0.00,1.57,0.00, 45.44
0.00,1.57,0.00, 45.44
0.00,1.57,0.00, 45.44
0.00,1.57,0.00, 45.44
2.44,3.42,120.21, 92.33
2.44,3.42,120.21, 92.33
2.44,3.42,120.21, 92.33
2.44,3.42,120.21, 92.33
2.44,3.42,120.21, 92.33
2.44,3.42,120.21, 92.33
2.44,3.42,120.21, 92.33
2.44,3.42,120.21, 92.33
2.44,3.42,120.21, 92.33
2.44,3.42,120.21, 92.33
2.44,3.42,120.21, 92.33
2.44,3.42,120.21, 92.33
2.44,3.42,120.21, 92.33
2.44,3.42,120.21, 92.33
2.44,3.42,120.21, 92.33
2.44,3.42,120.21, 92.33
2.44,3.42,120.21, 92.33
2.44,3.42,120.21, 92.33
2.44,3.42,120.21, 92.33
2.44,3.42,120.21, 92.33
2.44,3.42,120.21, 92.33
2.44,3.42,120.21, 92.33
2.44,3.42,120.21, 92.33
2.44,3.42,120.21, 92.33
2.44,3.42,120.21, 92.33
2.44,3.42,120.21, 92.33
2.44,3.42,120.21, 92.33
2.44,3.42,120.21, 92.33
2.44,3.42,120.21, 92.33
2.44,3.42,120.21, 92.33
2.78,3.59,18.52, 8.56
4.75,4.53,97.32, 47.11
4.75,4.53,97.32, 47.11
4.75,4.53,97.32, 47.11
4.75,4.53,97.32, 47.11
4.75,4.53,97.32, 47.11
4.75,4.53,97.32, 47.11
4.75,4.53,97.32, 47.11
4.75,4.53,97.32, 47.11
4.75,4.53,97.32, 47.11
4.75,4.53,97.32, 47.11
4.75,4.53,97.32, 47.11
4.75,4.53,97.32, 47.11
4.75,4.53,97.32, 47.11
4.75,4.53,97.32, 47.11
4.75,4.53,97.32, 47.11
4.75,4.53,97.32, 47.11
4.75,4.53,97.32, 47.11
4.75,4.53,97.32, 47.11
4.75,4.53,97.32, 47.11
4.75,4.53,97.32, 47.11
4.75,4.53,97.32, 47.11
4.75,4.53,97.32, 47.11
4.75,4.53,97.32, 47.11
4.75,4.53,97.32, 47.11
4.75,4.53,97.32, 47.11
4.75,4.53,97.32, 47.11
4.75,4.53,97.32, 47.11
4.75,4.53,97.32, 47.11
4.75,4.53,97.32, 47.11
4.75,4.53,97.32, 47.11
4.75,4.53,97.32, 47.11
4.75,4.53,97.32, 47.11
4.75,4.53,97.32, 47.11
4.75,4.53,97.32, 47.11
4.75,4.53,97.32, 47.11
4.75,4.53,97.32, 47.11
4.75,4.53,97.32, 47.11
4.75,4.53,97.32, 47.11
4.75,4.53,97.32, 47.11
4.98,5.12,12.76, 29.56
4.98,5.12,12.76, 29.56
4.98,5.12,12.76, 29.56
4.98,5.12,12.76, 29.56
4.98,5.12,12.76, 29.56
4.98,5.12,12.76, 29.56
4.98,5.12,12.76, 29.56
4.93,5.05,0.00, 0.00
4.93,5.05,0.00, 0.00
4.93,5.05,0.00, 0.00
4.93,5.05,0.00, 0.00
4.93,5.05,0.00, 0.00
4.93,5.05,0.00, 0.00
4.93,5.05,0.00, 0.00
4.93,5.05,0.00, 0.00
4.93,5.05,0.00, 0.00
4.93,5.05,0.00, 0.00
4.93,5.05,0.00, 0.00
4.93,5.05,0.00, 0.00
4.93,5.05,0.00, 0.00
4.93,5.05,0.00, 0.00
4.93,5.05,0.00, 0.00
4.93,5.05,0.00, 0.00
4.93,5.05,0.00, 0.00
4.93,5.05,0.00, 0.00
4.93,5.05,0.00, 0.00
4.93,5.05,0.00, 0.00
4.93,5.05,0.00, 0.00
4.93,5.05,0.00, 0.00
4.93,5.05,0.00, 0.00
4.93,5.05,0.00, 0.00
4.93,5.05,0.00, 0.00
4.93,5.05,0.00, 0.00
4.93,5.05,0.00, 0.00
4.93,5.05,0.00, 0.00
4.93,5.05,0.00, 0.00
4.93,5.05,0.00, 0.00
4.93,5.05,0.00, 0.00
4.93,5.05,0.00, 0.00
4.93,5.05,0.00, 0.00
4.93,5.05,0.00, 0.00
4.93,5.05,0.00, 0.00
4.93,5.05,0.00, 0.00
4.93,5.05,0.00, 0.00
4.93,5.05,0.00, 0.00
4.93,5.05,0.00, 0.00
4.93,5.05,0.00, 0.00
4.93,5.05,0.00, 0.00
4.93,5.05,0.00, 0.00
4.93,5.05,0.00, 0.00
4.93,5.05,0.00, 0.00
4.93,5.05,0.00, 0.00
4.93,5.05,0.00, 0.00
4.93,5.05,0.00, 0.00
4.93,5.05,0.00, 0.00
4.93,5.05,0.00, 0.00
4.93,5.05,0.00, 0.00
4.93,5.05,0.00, 0.00
4.93,5.05,0.00, 0.00
4.93,5.05,0.00, 0.00
4.93,5.05,0.00, 0.00
4.93,5.05,0.00, 0.00
4.93,5.05,0.00, 0.00
4.93,5.05,0.00, 0.00
4.93,5.05,0.00, 0.00
4.93,5.05,0.00, 0.00
4.93,5.05,0.00, 0.00
4.93,5.05,0.00, 0.00
4.93,5.05,0.00, 0.00
4.93,5.05,0.00, 0.00
4.93,5.05,0.00, 0.00
4.93,5.05,0.00, 0.00
4.93,5.05,0.00, 0.00
4.93,5.05,0.00, 0.00
4.93,5.05,0.00, 0.00
4.93,5.05,0.00, 0.00
4.93,5.05,0.00, 0.00
4.93,5.05,0.00, 0.00
4.93,5.05,0.00, 0.00
4.93,5.05,0.00, 0.00
4.93,5.05,0.00, 0.00
4.93,5.05,0.00, 0.00
4.93,5.05,0.00, 0.00
4.93,5.05,0.00, 0.00
4.93,5.05,0.00, 0.00
4.93,5.05,0.00, 0.00
4.96,5.06,1.48, 0.50
4.96,5.06,1.48, 0.50
4.96,5.06,1.48, 0.50
4.96,5.06,1.48, 0.50
4.96,5.06,1.48, 0.50
4.96,5.06,1.48, 0.50
4.96,5.06,1.48, 0.50
4.96,5.06,1.48, 0.50
4.96,5.06,1.48, 0.50
4.96,5.19,0.02, 6.73
4.96,5.19,0.02, 6.73
4.96,5.13,0.00, 0.00
4.96,4.14,0.00, 0.00
4.93,4.02,0.00, 0.00
4.93,3.98,0.00, 0.00
4.93,3.98,0.00, 0.00
4.93,3.98,0.00, 0.00
4.93,3.98,0.00, 0.00
4.93,3.98,0.00, 0.00
4.93,3.98,0.00, 0.00
4.93,3.98,0.00, 0.00
4.93,3.98,0.00, 0.00
4.93,3.98,0.00, 0.00
4.96,3.94,1.48, 0.00
4.96,3.94,1.48, 0.00
4.96,3.94,1.48, 0.00
4.96,3.94,1.48, 0.00
4.96,3.94,1.48, 0.00
4.96,3.94,1.48, 0.00
4.96,3.94,1.48, 0.00
4.96,3.94,1.48, 0.00
4.96,3.94,1.48, 0.00
4.96,3.94,1.48, 0.00
4.96,3.94,1.48, 0.00
4.96,3.94,1.48, 0.00
4.96,3.94,1.48, 0.00
4.96,3.94,1.48, 0.00
4.96,3.94,1.48, 0.00
4.96,3.94,1.48, 0.00
4.96,3.94,1.48, 0.00
4.96,3.94,1.48, 0.00
4.96,3.94,1.48, 0.00
4.96,3.94,1.48, 0.00
4.96,3.94,1.48, 0.00
4.93,3.91,0.00, 0.00
4.93,3.91,0.00, 0.00
4.93,3.91,0.00, 0.00
4.93,3.91,0.00, 0.00
4.93,3.91,0.00, 0.00
4.93,3.91,0.00, 0.00
4.93,3.91,0.00, 0.00
4.93,3.91,0.00, 0.00
4.93,3.91,0.00, 0.00
4.93,3.88,0.00, 0.00
4.93,3.88,0.00, 0.00
4.93,3.88,0.00, 0.00
4.93,3.88,0.00, 0.00
4.93,3.88,0.00, 0.00
4.93,3.88,0.00, 0.00
4.93,3.88,0.00, 0.00
4.93,3.88,0.00, 0.00
4.93,3.88,0.00, 0.00
4.93,3.88,0.00, 0.00
4.93,3.88,0.00, 0.00
4.93,3.88,0.00, 0.00
4.93,3.88,0.00, 0.00
4.93,3.88,0.00, 0.00
4.93,3.88,0.00, 0.00
0.00,3.32,0.00, 0.00
1.75,1.32,86.21, 0.00
0.16,0.40,0.00, 0.00
0.07,0.05,0.00, 0.00
0.02,0.05,0.00, 0.00
0.00,0.05,0.00, 0.00
0.00,0.05,0.00, 0.00
0.00,0.05,0.00, 0.00
0.00,0.05,0.00, 0.00
0.00,0.05,0.00, 0.00
0.00,0.05,0.00, 0.00
0.00,0.05,0.00, 0.00
0.00,0.05,0.00, 0.00
0.00,0.05,0.00, 0.00
0.00,0.05,0.00, 0.00
0.00,0.05,0.00, 0.00
0.00,0.05,0.00, 0.00
0.00,0.05,0.00, 0.00
0.00,0.05,0.00, 0.00
0.00,0.05,0.00, 0.00
0.00,0.05,0.00, 0.00
0.05,0.04,2.46, 0.00
0.09,0.05,2.01, 0.50
0.09,0.05,2.01, 0.50
0.09,0.05,2.01, 0.50
0.09,0.05,2.01, 0.50
0.09,0.05,2.01, 0.50
0.09,0.05,2.01, 0.50
0.11,0.05,1.01, 0.00
0.11,0.05,1.01, 0.00
0.11,0.05,1.01, 0.00
0.11,0.05,1.01, 0.00
0.11,0.05,1.01, 0.00
0.11,0.05,1.01, 0.00
0.11,0.05,1.01, 0.00
0.11,0.05,1.01, 0.00
0.11,0.05,1.01, 0.00
0.11,0.05,1.01, 0.00
0.11,0.05,1.01, 0.00
0.11,0.05,1.01, 0.00
0.11,0.05,1.01, 0.00
0.09,0.05,0.00, 0.50
0.05,0.05,0.00, 0.00
0.05,0.05,0.00, 0.00
0.05,0.05,0.00, 0.00
0.05,0.05,0.00, 0.00
0.05,0.05,0.00, 0.00
0.05,0.05,0.00, 0.00
0.05,0.05,0.00, 0.00
0.05,0.05,0.00, 0.00
0.05,0.05,0.00, 0.00
0.05,0.05,0.00, 0.00
0.00,0.13,0.00, 4.23
0.00,0.12,0.00, 0.00
0.00,0.17,0.00, 2.74
0.00,0.19,0.00, 0.76
0.00,0.24,0.00, 2.24
0.00,0.26,0.00, 1.25
0.00,0.33,0.00, 3.49
0.00,0.38,0.00, 2.50
0.00,0.39,0.00, 0.51
0.00,0.39,0.00, 0.51
0.00,0.47,0.00, 3.99
0.00,0.50,0.00, 1.51
0.00,0.51,0.00, 0.50
0.00,0.56,0.00, 2.74
0.00,0.60,0.00, 1.50
0.00,0.63,0.00, 1.75
0.00,0.63,0.00, 1.75
0.00,0.63,0.00, 1.75
0.00,0.63,0.00, 1.75
0.00,0.63,0.00, 1.75
0.00,0.63,0.00, 1.75
0.00,0.65,0.00, 1.25
0.00,0.65,0.00, 1.25
0.00,0.68,0.00, 1.25
0.00,0.68,0.00, 1.25
0.00,0.68,0.00, 1.25
0.00,0.69,0.00, 0.50
0.00,0.76,0.00, 3.74
0.00,0.78,0.00, 1.01
0.00,0.81,0.00, 1.25
0.00,0.81,0.00, 0.00
0.00,0.86,0.00, 2.24
0.00,0.89,0.00, 1.75
0.00,0.91,0.00, 1.00
0.00,0.94,0.00, 1.50
0.00,0.94,0.00, 1.50
0.00,0.94,0.00, 1.50
0.00,0.94,0.00, 1.50
0.00,0.94,0.00, 1.50
0.00,0.99,0.00, 2.50
0.00,1.06,0.00, 3.50
0.00,1.14,0.00, 4.00
0.58,1.47,28.57, 16.45
0.58,1.47,28.57, 16.45
0.74,1.58,8.30, 5.54
0.74,1.58,8.30, 5.54
0.74,1.58,8.30, 5.54
0.74,1.58,8.30, 5.54
0.74,1.58,8.30, 5.54
0.74,1.58,8.30, 5.54
0.74,1.58,8.30, 5.54
0.74,1.58,8.30, 5.54
0.74,1.58,8.30, 5.54
0.74,1.58,8.30, 5.54
0.74,1.58,8.30, 5.54
1.01,1.71,13.42, 6.50
1.23,1.81,11.04, 4.76
1.23,1.81,11.04, 4.76
1.23,1.81,11.04, 4.76
1.23,1.81,11.04, 4.76
1.23,1.81,11.04, 4.76
1.23,1.81,11.04, 4.76
1.23,1.81,11.04, 4.76
1.23,1.81,11.04, 4.76
1.23,1.81,11.04, 4.76
1.23,1.81,11.04, 4.76
1.23,1.81,11.04, 4.76
1.23,1.81,11.04, 4.76
1.23,1.81,11.04, 4.76
1.46,1.94,11.49, 6.99
1.46,1.94,11.49, 6.99
1.46,1.94,11.49, 6.99
1.46,1.94,11.49, 6.99
1.46,1.94,11.49, 6.99
1.46,1.94,11.49, 6.99
1.46,1.94,11.49, 6.99
1.46,1.94,11.49, 6.99
1.46,1.94,11.49, 6.99
1.46,1.94,11.49, 6.99
1.46,1.94,11.49, 6.99
1.46,1.94,11.49, 6.99
1.46,1.94,11.49, 6.99
1.46,1.94,11.49, 6.99
1.46,1.94,11.49, 6.99
1.46,1.94,11.49, 6.99
1.46,1.94,11.49, 6.99
1.46,1.94,11.49, 6.99
1.46,1.94,11.49, 6.99
1.46,1.94,11.49, 6.99
1.46,1.94,11.49, 6.99
1.46,1.94,11.49, 6.99
1.46,1.94,11.49, 6.99
1.46,1.94,11.49, 6.99
4.66,3.61,157.82, 82.72
4.66,3.61,157.82, 82.72
4.82,3.69,10.20, 4.79
4.82,3.69,10.20, 4.79
4.82,3.69,10.20, 4.79
4.82,3.69,10.20, 4.79
4.82,3.69,10.20, 4.79
4.82,3.69,10.20, 4.79
4.82,3.69,10.20, 4.79
4.82,3.69,10.20, 4.79
4.82,3.69,10.20, 4.79
4.82,3.69,10.20, 4.79
4.82,3.69,10.20, 4.79
4.82,3.69,10.20, 4.79
4.82,3.69,10.20, 4.79
4.82,3.69,10.20, 4.79
4.82,3.69,10.20, 4.79
4.82,3.69,10.20, 4.79
4.82,3.69,10.20, 4.79
4.82,3.69,10.20, 4.79
4.82,3.69,10.20, 4.79
4.82,3.69,10.20, 4.79
4.82,3.69,10.20, 4.79
4.82,3.69,10.20, 4.79
4.82,3.69,10.20, 4.79
4.82,3.69,10.20, 4.79
4.82,3.69,10.20, 4.79
4.82,3.69,10.20, 4.79
4.82,3.69,10.20, 4.79
4.82,3.69,10.20, 4.79
4.82,3.69,10.20, 4.79
4.82,3.69,10.20, 4.79
4.82,3.69,10.20, 4.79
4.82,3.69,10.20, 4.79
4.82,3.69,10.20, 4.79
4.93,4.66,5.57, 48.09
4.93,4.66,5.57, 48.09
4.93,4.66,5.57, 48.09
4.93,4.66,5.57, 48.09
4.93,4.66,5.57, 48.09
4.93,4.66,5.57, 48.09
4.93,4.66,5.57, 48.09
4.93,4.66,5.57, 48.09
4.93,4.66,5.57, 48.09
4.93,4.66,5.57, 48.09
4.93,4.66,5.57, 48.09
4.93,4.66,5.57, 48.09
4.93,4.66,5.57, 48.09
4.93,4.66,5.57, 48.09
4.93,4.27,0.08, 0.00
4.93,4.27,0.08, 0.00
4.93,4.27,0.08, 0.00
4.93,4.27,0.08, 0.00
4.93,4.27,0.08, 0.00
4.93,4.27,0.08, 0.00
4.93,4.27,0.08, 0.00
4.93,4.27,0.08, 0.00
4.93,4.27,0.08, 0.00
4.93,4.27,0.08, 0.00
4.93,4.27,0.08, 0.00
4.93,4.27,0.08, 0.00
4.93,4.27,0.08, 0.00
4.93,4.27,0.08, 0.00
4.93,4.27,0.08, 0.00
4.93,4.27,0.08, 0.00
4.93,4.27,0.08, 0.00
4.93,4.27,0.08, 0.00
4.93,4.27,0.08, 0.00
4.93,4.27,0.08, 0.00
4.93,4.27,0.08, 0.00
4.93,4.27,0.08, 0.00
4.93,4.27,0.08, 0.00
4.93,4.27,0.08, 0.00
4.93,4.27,0.08, 0.00
4.93,4.27,0.08, 0.00
4.93,4.27,0.08, 0.00
4.93,4.27,0.08, 0.00
4.93,4.31,0.00, 1.99
4.93,4.31,0.00, 1.99
4.93,4.31,0.00, 1.99
4.93,4.31,0.00, 1.99
4.93,4.31,0.00, 1.99
4.93,4.31,0.00, 1.99
4.93,4.31,0.00, 1.99
4.93,4.31,0.00, 1.99
4.93,4.31,0.00, 1.99
4.93,4.31,0.00, 1.99
4.93,4.31,0.00, 1.99
4.93,4.31,0.00, 1.99
4.93,4.82,0.00, 25.16
4.96,4.76,1.48, 0.00
4.96,4.76,1.48, 0.00
4.96,4.76,1.48, 0.00
4.96,4.76,1.48, 0.00
4.96,4.76,1.48, 0.00
4.96,4.76,1.48, 0.00
4.96,4.47,0.02, 0.00
4.96,4.47,0.02, 0.00
4.96,4.47,0.02, 0.00
4.96,4.47,0.02, 0.00
4.96,4.47,0.02, 0.00
4.96,4.47,0.02, 0.00
4.96,4.14,0.00, 0.00
4.96,4.14,0.00, 0.00
4.96,4.14,0.00, 0.00
4.96,4.14,0.00, 0.00
4.96,4.14,0.00, 0.00
4.96,4.14,0.00, 0.00
4.96,4.14,0.00, 0.00
4.96,4.14,0.00, 0.00
4.96,4.14,0.00, 0.00
4.96,4.14,0.00, 0.00
4.96,4.14,0.00, 0.00
4.96,4.14,0.00, 0.00
4.96,4.14,0.00, 0.00
4.96,4.14,0.00, 0.00
4.93,4.07,0.00, 0.00
4.93,4.07,0.00, 0.00
4.93,4.07,0.00, 0.00
4.93,4.07,0.00, 0.00
4.93,4.07,0.00, 0.00
4.93,4.07,0.00, 0.00
4.93,4.07,0.00, 0.00
4.93,4.07,0.00, 0.00
4.93,4.07,0.00, 0.00
4.93,4.07,0.00, 0.00
4.93,4.07,0.00, 0.00
4.93,4.07,0.00, 0.00
4.93,4.07,0.00, 0.00
4.93,4.07,0.00, 0.00
4.93,4.07,0.00, 0.00
4.93,4.07,0.00, 0.00
4.93,4.07,0.00, 0.00
4.93,4.07,0.00, 0.00
4.93,4.07,0.00, 0.00
4.93,4.07,0.00, 0.00
4.93,4.07,0.00, 0.00
4.93,4.07,0.00, 0.00
4.93,4.07,0.00, 0.00
4.93,4.07,0.00, 0.00
4.93,4.07,0.00, 0.00
4.93,4.07,0.00, 0.00
4.93,4.07,0.00, 0.00
4.93,4.07,0.00, 0.00
4.93,4.07,0.00, 0.00
4.93,4.07,0.00, 0.00
4.93,4.07,0.00, 0.00
4.93,4.07,0.00, 0.00
4.93,4.07,0.00, 0.00
4.93,4.07,0.00, 0.00
4.93,4.07,0.00, 0.00
4.93,4.07,0.00, 0.00
4.93,4.07,0.00, 0.00
4.93,4.07,0.00, 0.00
4.93,4.07,0.00, 0.00
4.93,4.07,0.00, 0.00
4.93,4.07,0.00, 0.00
4.93,4.07,0.00, 0.00
4.93,4.07,0.00, 0.00
4.93,4.07,0.00, 0.00
4.93,4.07,0.00, 0.00
4.93,4.07,0.00, 0.00
4.93,4.07,0.00, 0.00
4.93,4.07,0.00, 0.00
4.93,4.07,0.00, 0.00
4.93,4.07,0.00, 0.00
4.93,4.07,0.00, 0.00
4.93,4.07,0.00, 0.00
4.93,4.07,0.00, 0.00
4.93,4.07,0.00, 0.00
4.93,4.07,0.00, 0.00
4.93,4.07,0.00, 0.00
4.93,4.07,0.00, 0.00
4.93,4.07,0.00, 0.00
4.93,4.07,0.00, 0.00
4.93,4.07,0.00, 0.00
4.93,4.07,0.00, 0.00
4.93,4.07,0.00, 0.00
4.93,4.07,0.00, 0.00
4.93,4.07,0.00, 0.00
4.93,4.07,0.00, 0.00
4.93,4.07,0.00, 0.00
4.93,4.07,0.00, 0.00
4.93,4.07,0.00, 0.00
4.93,4.07,0.00, 0.00
4.93,4.07,0.00, 0.00
4.93,4.07,0.00, 0.00
4.93,4.07,0.00, 0.00
4.93,4.07,0.00, 0.00
4.93,4.07,0.00, 0.00
4.93,4.07,0.00, 0.00
4.93,4.07,0.00, 0.00
4.93,4.07,0.00, 0.00
4.93,4.07,0.00, 0.00
4.93,4.07,0.00, 0.00
4.93,4.07,0.00, 0.00
4.93,4.07,0.00, 0.00
4.93,4.07,0.00, 0.00
4.93,4.07,0.00, 0.00
4.93,4.07,0.00, 0.00
4.93,4.07,0.00, 0.00
4.93,4.07,0.00, 0.00
4.93,4.07,0.00, 0.00
4.93,4.07,0.00, 0.00
4.93,4.07,0.00, 0.00
4.93,4.07,0.00, 0.00
4.93,4.07,0.00, 0.00
4.93,4.07,0.00, 0.00
4.93,4.07,0.00, 0.00
4.93,4.07,0.00, 0.00
4.93,4.07,0.00, 0.00
4.93,4.07,0.00, 0.00
4.93,4.07,0.00, 0.00
4.93,4.07,0.00, 0.00
4.93,4.07,0.00, 0.00
4.96,4.14,1.48, 3.99
4.96,4.14,1.48, 3.99
4.96,4.14,1.48, 3.99
4.96,4.14,1.48, 3.99
4.96,4.14,1.48, 3.99
4.96,4.14,1.48, 3.99
4.96,4.14,1.48, 3.99
4.96,4.14,1.48, 3.99
4.96,4.14,1.48, 3.99
4.96,4.14,1.48, 3.99
4.96,4.14,1.48, 3.99
4.96,4.14,1.48, 3.99
4.96,4.14,1.48, 3.99
4.96,4.14,1.48, 3.99
4.93,4.16,0.00, 1.01
4.93,3.99,0.00, 0.00
4.93,3.99,0.00, 0.00
4.93,3.99,0.00, 0.00
4.93,3.99,0.00, 0.00
4.93,3.99,0.00, 0.00
4.93,3.99,0.00, 0.00
4.93,3.99,0.00, 0.00
4.93,3.99,0.00, 0.00
4.93,3.99,0.00, 0.00
4.93,3.99,0.00, 0.00
4.93,3.99,0.00, 0.00
4.93,3.99,0.00, 0.00
4.93,3.99,0.00, 0.00
4.93,3.99,0.00, 0.00
4.93,3.99,0.00, 0.00
4.93,3.99,0.00, 0.00
4.93,3.99,0.00, 0.00
4.93,3.99,0.00, 0.00
4.93,3.99,0.00, 0.00
4.93,3.99,0.00, 0.00
4.93,3.99,0.00, 0.00
4.93,3.99,0.00, 0.00
4.93,3.99,0.00, 0.00
4.93,3.99,0.00, 0.00
4.93,3.99,0.00, 0.00
4.93,3.99,0.00, 0.00
4.93,3.99,0.00, 0.00
4.93,3.99,0.00, 0.00
4.93,3.99,0.00, 0.00
4.93,3.99,0.00, 0.00
4.93,3.99,0.00, 0.00
4.93,3.99,0.00, 0.00
4.93,3.99,0.00, 0.00
4.93,3.99,0.00, 0.00
4.93,3.99,0.00, 0.00
4.93,3.99,0.00, 0.00
4.93,3.99,0.00, 0.00
4.93,3.99,0.00, 0.00
4.93,3.99,0.00, 0.00
4.93,3.99,0.00, 0.00
0.74,0.28,0.00, 0.00
0.74,0.28,0.00, 0.00
0.00,0.05,0.00, 0.00
0.00,0.05,0.00, 0.00
0.00,0.05,0.00, 0.00
0.00,0.05,0.00, 0.00
0.00,0.05,0.00, 0.00
0.00,0.05,0.00, 0.00
0.00,0.05,0.00, 0.00
0.00,0.05,0.00, 0.00
0.00,0.05,0.00, 0.00
0.00,0.05,0.00, 0.00
0.00,0.05,0.00, 0.00
0.00,0.05,0.00, 0.00
0.00,0.05,0.00, 0.00
0.00,0.05,0.00, 0.00
0.00,0.05,0.00, 0.00
0.00,0.05,0.00, 0.00
0.00,0.06,0.00, 0.75
0.00,0.06,0.00, 0.00
0.00,0.06,0.00, 0.00
0.00,0.06,0.00, 0.00
0.00,0.06,0.00, 0.00
0.00,0.06,0.00, 0.00
0.00,0.06,0.00, 0.00
0.00,0.06,0.00, 0.00
0.00,0.06,0.00, 0.00
0.00,0.06,0.00, 0.00
0.00,0.31,0.00, 12.21
0.00,0.31,0.00, 12.21
0.00,0.31,0.00, 12.21
0.00,0.31,0.00, 12.21
0.00,0.31,0.00, 12.21
0.00,0.31,0.00, 12.21
0.00,0.31,0.00, 12.21
0.00,0.31,0.00, 12.21
0.00,0.31,0.00, 12.21
0.00,0.31,0.00, 12.21
0.00,0.31,0.00, 12.21
0.00,0.31,0.00, 12.21
0.00,0.31,0.00, 12.21
0.00,0.31,0.00, 12.21
0.00,0.31,0.00, 12.21
0.00,0.31,0.00, 12.21
0.00,0.31,0.00, 12.21
0.00,0.31,0.00, 12.21
0.00,0.31,0.00, 12.21
0.00,0.31,0.00, 12.21
0.00,0.31,0.00, 12.21
0.00,0.41,0.00, 5.52
0.00,0.41,0.00, 5.52
0.00,0.44,0.00, 1.27
0.00,0.44,0.00, 1.27
0.00,0.44,0.00, 1.27
0.00,0.44,0.00, 1.27
0.00,0.44,0.00, 1.27
0.00,0.44,0.00, 1.27
0.00,0.44,0.00, 1.27
0.05,0.93,2.46, 24.17
2.83,3.38,136.99, 122.39
3.07,3.57,13.84, 9.66
4.28,4.36,59.81, 39.39
4.49,4.47,11.23, 6.12
4.49,4.47,11.23, 6.12
4.49,4.47,11.23, 6.12
4.49,4.47,11.23, 6.12
4.49,4.47,11.23, 6.12
4.49,4.47,11.23, 6.12
4.49,4.47,11.23, 6.12
4.49,4.47,11.23, 6.12
4.66,4.56,8.54, 4.26
4.66,4.56,8.54, 4.26
4.89,4.66,11.46, 5.25
4.89,4.66,11.46, 5.25
4.89,4.66,11.46, 5.25
4.89,4.66,11.46, 5.25
4.89,4.66,11.46, 5.25
4.89,4.66,11.46, 5.25
4.89,4.66,11.46, 5.25
4.89,4.66,11.46, 5.25
4.89,4.66,11.46, 5.25
4.89,4.66,11.46, 5.25
4.89,4.66,11.46, 5.25
4.89,4.66,11.46, 5.25
4.89,4.66,11.46, 5.25
4.89,4.66,11.46, 5.25
4.89,4.66,11.46, 5.25
4.89,4.66,11.46, 5.25
4.89,4.66,11.46, 5.25
4.89,4.66,11.46, 5.25
4.89,4.66,11.46, 5.25
4.89,4.66,11.46, 5.25
4.89,4.66,11.46, 5.25
4.93,4.72,2.14, 3.01
4.93,4.72,2.14, 3.01
4.93,4.72,2.14, 3.01
4.93,5.24,0.03, 25.42
4.93,5.24,0.03, 25.42
4.93,5.24,0.03, 25.42
4.93,5.24,0.03, 25.42
4.93,5.24,0.03, 25.42
4.93,5.24,0.03, 25.42
4.93,5.24,0.03, 25.42
4.93,5.28,0.00, 2.58
4.93,5.28,0.00, 2.58
4.93,5.28,0.00, 2.58
4.93,5.28,0.00, 2.58
4.93,5.28,0.00, 2.58
4.93,5.28,0.00, 2.58
4.93,5.28,0.00, 2.58
4.93,5.28,0.00, 2.58
4.93,5.28,0.00, 2.58
4.93,5.28,0.00, 2.58
4.93,5.28,0.00, 2.58
4.93,5.43,0.00, 6.98
4.93,5.43,0.00, 6.98
4.93,5.43,0.00, 6.98
4.93,5.44,0.00, 0.77
4.93,5.44,0.00, 0.77
4.93,5.41,0.00, 0.00
4.96,5.40,1.48, 0.00
4.93,5.39,0.00, 0.00
4.93,5.36,0.00, 0.00
4.93,5.36,0.00, 0.00
4.96,5.38,1.48, 0.50
4.96,5.36,0.02, 0.00
4.93,5.34,0.00, 0.00
4.93,5.34,0.00, 0.00
4.93,5.34,0.00, 0.00
4.93,5.31,0.00, 0.00
4.96,5.27,1.48, 0.00
4.96,5.23,0.02, 0.00
4.96,5.23,0.02, 0.00
4.96,5.20,0.00, 0.00
4.96,5.18,0.00, 0.00
4.96,5.18,0.00, 0.00
4.96,5.18,0.00, 0.00
4.96,5.18,0.00, 0.00
4.96,5.08,0.00, 0.00
4.96,5.03,0.00, 0.00
4.93,4.99,0.00, 0.00
4.96,4.93,1.48, 0.00
4.96,4.93,1.48, 0.00
4.96,4.93,1.48, 0.00
4.96,4.93,1.48, 0.00
4.96,4.93,1.48, 0.00
4.96,4.93,1.48, 0.00
4.96,4.93,1.48, 0.00
4.96,4.93,1.48, 0.00
4.96,4.93,1.48, 0.00
4.93,4.90,0.00, 0.00
4.96,4.86,1.48, 0.00
4.93,4.80,0.00, 0.00
4.96,4.48,1.48, 0.00
4.96,4.48,1.48, 0.00
4.96,4.48,1.48, 0.00
4.96,4.48,1.48, 0.00
4.96,4.48,1.48, 0.00
4.96,4.48,1.48, 0.00
4.96,4.48,1.48, 0.00
4.96,4.48,1.48, 0.00
4.96,4.48,1.48, 0.00
4.96,4.48,1.48, 0.00
4.96,4.48,1.48, 0.00
4.96,4.48,1.48, 0.00
4.96,4.48,1.48, 0.00
4.96,4.48,1.48, 0.00
4.96,4.48,1.48, 0.00
4.96,4.48,1.48, 0.00
4.96,4.48,1.48, 0.00
4.96,4.48,1.48, 0.00
4.96,4.48,1.48, 0.00
4.96,4.48,1.48, 0.00
4.93,4.49,0.00, 0.50
4.93,4.51,0.00, 0.75
4.93,4.51,0.00, 0.75
4.93,4.51,0.00, 0.75
4.93,4.51,0.00, 0.75
4.96,4.51,1.48, 0.00
4.96,4.51,1.48, 0.00
4.93,4.48,0.00, 0.00
4.93,4.47,0.00, 0.00
4.96,4.35,1.48, 0.00
4.96,4.35,1.48, 0.00
4.96,4.35,1.48, 0.00
4.96,4.35,1.48, 0.00
4.96,4.35,1.48, 0.00
4.96,4.35,1.48, 0.00
4.96,4.35,1.48, 0.00
4.96,4.35,1.48, 0.00
4.96,4.35,1.48, 0.00
4.96,4.35,1.48, 0.00
4.96,4.35,1.48, 0.00
4.96,4.35,1.48, 0.00
4.96,4.35,1.48, 0.00
4.96,4.35,1.48, 0.00
4.96,4.35,1.48, 0.00
4.96,4.35,1.48, 0.00
4.96,4.35,1.48, 0.00
4.96,4.35,1.48, 0.00
4.96,4.35,1.48, 0.00
4.96,4.35,1.48, 0.00
4.96,4.35,1.48, 0.00
4.96,4.35,1.48, 0.00
4.96,4.35,1.48, 0.00
4.96,4.35,1.48, 0.00
4.96,4.35,1.48, 0.00
4.96,4.35,1.48, 0.00
4.96,4.35,1.48, 0.00
4.96,4.35,1.48, 0.00
4.96,4.35,1.48, 0.00
4.96,4.35,1.48, 0.00
4.96,4.35,1.48, 0.00
4.96,4.35,1.48, 0.00
4.96,4.35,1.48, 0.00
4.96,4.35,1.48, 0.00
4.96,4.35,1.48, 0.00
4.96,4.35,1.48, 0.00
4.96,4.35,1.48, 0.00
4.96,4.35,1.48, 0.00
4.96,4.35,1.48, 0.00
4.96,4.35,1.48, 0.00
4.96,4.35,1.48, 0.00
4.96,4.35,1.48, 0.00
4.96,4.35,1.48, 0.00
4.96,4.35,1.48, 0.00
4.96,4.35,1.48, 0.00
4.96,4.35,1.48, 0.00
4.96,4.35,1.48, 0.00
4.96,4.35,1.48, 0.00
4.96,4.35,1.48, 0.00
4.96,4.35,1.48, 0.00
4.96,4.35,1.48, 0.00
4.96,4.35,1.48, 0.00
4.96,4.35,1.48, 0.00
4.96,4.35,1.48, 0.00
4.96,4.35,1.48, 0.00
4.96,4.35,1.48, 0.00
4.96,4.35,1.48, 0.00
4.96,4.35,1.48, 0.00
4.96,4.35,1.48, 0.00
4.96,4.35,1.48, 0.00
4.96,4.35,1.48, 0.00
4.96,4.35,1.48, 0.00
4.96,4.35,1.48, 0.00
4.96,4.35,1.48, 0.00
4.96,4.35,1.48, 0.00
4.96,4.35,1.48, 0.00
4.96,4.35,1.48, 0.00
4.96,4.35,1.48, 0.00
4.96,4.35,1.48, 0.00
4.96,4.35,1.48, 0.00
4.96,4.35,1.48, 0.00
4.96,4.35,1.48, 0.00
4.96,4.35,1.48, 0.00
4.96,4.35,1.48, 0.00
4.96,4.35,1.48, 0.00
4.96,4.35,1.48, 0.00
4.96,4.35,1.48, 0.00
4.96,4.35,1.48, 0.00
4.96,4.35,1.48, 0.00
4.96,4.35,1.48, 0.00
4.96,4.35,1.48, 0.00
4.96,4.35,1.48, 0.00
4.96,4.35,1.48, 0.00
4.96,4.35,1.48, 0.00
4.96,4.35,1.48, 0.00
4.96,4.35,1.48, 0.00
4.96,4.35,1.48, 0.00
4.96,4.35,1.48, 0.00
4.96,4.35,1.48, 0.00
4.96,4.35,1.48, 0.00
4.96,4.35,1.48, 0.00
4.96,4.35,1.48, 0.00
4.93,4.34,0.00, 0.00
4.93,4.34,0.00, 0.00
4.93,4.34,0.00, 0.00
4.93,4.34,0.00, 0.00
4.93,4.34,0.00, 0.00
4.93,4.34,0.00, 0.00
4.93,4.34,0.00, 0.00
4.93,4.34,0.00, 0.00
4.93,4.34,0.00, 0.00
4.93,4.34,0.00, 0.00
4.93,4.34,0.00, 0.00
4.93,4.34,0.00, 0.00
4.93,4.34,0.00, 0.00
4.93,4.34,0.00, 0.00
4.93,4.31,0.00, 0.00
4.93,4.28,0.00, 0.00
4.93,4.28,0.00, 0.00
4.93,4.28,0.00, 0.00
4.93,4.28,0.00, 0.00
4.93,4.28,0.00, 0.00
4.93,4.28,0.00, 0.00
4.93,4.28,0.00, 0.00
4.93,4.28,0.00, 0.00
4.93,4.28,0.00, 0.00
4.93,3.13,0.00, 0.00
4.93,3.13,0.00, 0.00
3.41,2.24,0.00, 0.00
3.41,2.24,0.00, 0.00
2.96,2.16,0.00, 0.00
2.96,2.16,0.00, 0.00
2.96,2.16,0.00, 0.00
2.96,2.16,0.00, 0.00
2.96,2.16,0.00, 0.00
2.96,2.16,0.00, 0.00
2.96,2.16,0.00, 0.00
2.96,2.16,0.00, 0.00
2.96,2.16,0.00, 0.00
2.96,2.16,0.00, 0.00
2.96,2.16,0.00, 0.00
2.96,2.16,0.00, 0.00
2.96,2.16,0.00, 0.00
2.96,2.16,0.00, 0.00
1.84,1.47,0.00, 0.00
1.55,1.28,0.00, 0.00
1.55,1.28,0.00, 0.00
1.32,1.03,0.00, 0.00
1.32,1.03,0.00, 0.00
1.32,1.03,0.00, 0.00
1.32,1.03,0.00, 0.00
1.32,1.03,0.00, 0.00
1.32,1.03,0.00, 0.00
1.32,1.03,0.00, 0.00
1.32,1.03,0.00, 0.00
1.32,1.03,0.00, 0.00
1.32,1.03,0.00, 0.00
1.32,1.03,0.00, 0.00
1.32,1.03,0.00, 0.00
1.32,1.03,0.00, 0.00
1.32,1.03,0.00, 0.00
0.63,0.12,0.00, 0.00
0.31,0.06,0.00, 0.00
0.31,0.06,0.00, 0.00
0.31,0.06,0.00, 0.00
0.31,0.06,0.00, 0.00
0.31,0.06,0.00, 0.00
0.31,0.06,0.00, 0.00
0.31,0.06,0.00, 0.00
0.31,0.06,0.00, 0.00
0.31,0.06,0.00, 0.00
0.31,0.06,0.00, 0.00
0.31,0.06,0.00, 0.00
0.31,0.06,0.00, 0.00
0.31,0.06,0.00, 0.00
0.18,0.06,0.00, 0.00
0.00,0.05,0.00, 0.00
0.02,0.05,0.99, 0.50
0.02,0.05,0.99, 0.50
0.02,0.05,0.99, 0.50
0.02,0.05,0.99, 0.50
0.02,0.05,0.99, 0.50
0.02,0.05,0.99, 0.50
0.02,0.05,0.99, 0.50
0.02,0.05,0.99, 0.50
0.02,0.05,0.99, 0.50
0.02,0.05,0.99, 0.50
0.02,0.05,0.99, 0.50
0.02,0.05,0.99, 0.50
0.05,0.05,1.49, 0.00
0.05,0.05,1.49, 0.00
0.05,0.05,1.49, 0.00
0.05,0.05,1.49, 0.00
0.05,0.05,1.49, 0.00
0.05,0.05,1.49, 0.00
0.05,0.05,1.49, 0.00
0.05,0.05,1.49, 0.00
0.05,0.05,1.49, 0.00
0.05,0.05,1.49, 0.00
0.05,0.05,1.49, 0.00
0.05,0.05,1.49, 0.00
0.05,0.05,1.49, 0.00
0.05,0.05,1.49, 0.00
0.02,0.05,0.00, 0.00
0.02,0.05,0.00, 0.00
0.02,0.05,0.00, 0.00
0.02,0.05,0.00, 0.00
0.02,0.05,0.00, 0.00
0.02,0.05,0.00, 0.00
0.02,0.05,0.00, 0.00
0.02,0.05,0.00, 0.00
0.02,0.05,0.00, 0.00
0.02,0.05,0.00, 0.00
0.02,0.05,0.00, 0.00
0.02,0.05,0.00, 0.00
0.02,0.05,0.00, 0.00
0.02,0.05,0.00, 0.00
0.02,0.05,0.00, 0.00
0.02,0.05,0.00, 0.00
0.02,0.05,0.00, 0.00
0.02,0.05,0.00, 0.00
0.02,0.05,0.00, 0.00
0.02,0.05,0.00, 0.00
0.02,0.05,0.00, 0.00
0.00,0.05,0.00, 0.00
0.00,0.05,0.00, 0.00
0.00,0.05,0.00, 0.00
0.00,0.09,0.00, 2.24
0.00,0.09,0.00, 2.24
0.00,0.38,0.00, 14.46
0.00,0.38,0.00, 14.46
0.00,0.40,0.00, 1.05
0.00,0.42,0.00, 0.75
0.00,0.42,0.00, 0.00
0.00,0.42,0.00, 0.00
0.00,0.42,0.00, 0.00
0.00,0.42,0.00, 0.00
0.00,0.42,0.00, 0.00
0.00,0.42,0.00, 0.00
0.00,0.42,0.00, 0.00
0.00,0.46,0.00, 2.24
0.00,0.46,0.00, 2.24
0.00,0.46,0.00, 2.24
0.00,0.46,0.00, 2.24
0.00,0.46,0.00, 2.24
0.00,0.46,0.00, 2.24
0.00,0.46,0.00, 2.24
0.00,0.52,0.00, 3.00
0.00,0.52,0.00, 3.00
0.00,0.52,0.00, 3.00
0.00,0.63,0.00, 5.74
0.00,0.63,0.00, 5.74
1.32,2.22,65.03, 78.98
2.53,3.55,60.57, 66.79
2.71,3.70,9.76, 7.22
2.71,3.70,9.76, 7.22
2.71,3.70,9.76, 7.22
2.71,3.70,9.76, 7.22
2.71,3.70,9.76, 7.22
2.71,3.70,9.76, 7.22
2.71,3.70,9.76, 7.22
3.21,4.01,24.78, 15.47
3.54,4.16,16.62, 7.78
3.54,4.16,16.62, 7.78
3.86,4.32,16.01, 8.00
4.66,4.78,39.65, 22.95
4.66,4.78,39.65, 22.95
4.66,4.78,39.65, 22.95
4.66,4.78,39.65, 22.95
4.66,4.78,39.65, 22.95
4.66,4.78,39.65, 22.95
4.66,4.78,39.65, 22.95
4.66,4.78,39.65, 22.95
4.66,4.78,39.65, 22.95
4.66,4.78,39.65, 22.95
4.71,4.85,3.05, 3.32
4.71,4.85,3.05, 3.32
4.71,4.85,3.05, 3.32
4.82,4.90,5.46, 2.50
4.82,4.90,5.46, 2.50
4.93,4.94,5.50, 2.50
4.93,4.94,5.50, 2.50
4.93,4.94,5.50, 2.50
4.93,4.94,5.50, 2.50
4.93,4.94,5.50, 2.50
4.93,4.94,5.50, 2.50
4.93,4.94,5.50, 2.50
4.93,4.94,5.50, 2.50
4.93,4.94,5.50, 2.50
4.93,4.94,5.50, 2.50
4.93,4.94,5.50, 2.50
4.93,4.94,5.50, 2.50
4.93,4.94,5.50, 2.50
4.93,4.94,5.50, 2.50
4.93,4.94,5.50, 2.50
4.93,4.94,5.50, 2.50
4.93,4.94,5.50, 2.50
4.93,4.94,5.50, 2.50
4.93,4.94,5.50, 2.50
4.93,4.94,5.50, 2.50
4.93,4.94,5.50, 2.50
4.93,5.39,0.08, 22.43
4.93,5.39,0.08, 22.43
4.93,5.39,0.08, 22.43
4.93,5.39,0.08, 22.43
4.93,5.39,0.08, 22.43
4.93,5.39,0.08, 22.43
4.93,5.39,0.08, 22.43
4.93,5.39,0.08, 22.43
4.93,5.39,0.08, 22.43
4.93,5.39,0.08, 22.43
4.93,5.47,0.00, 3.57
4.93,5.47,0.00, 3.57
4.93,5.47,0.00, 3.57
4.93,5.47,0.00, 3.57
4.93,5.47,0.00, 3.57
4.93,5.47,0.00, 3.57
4.93,5.47,0.00, 3.57
4.93,5.47,0.00, 3.57
4.93,5.47,0.00, 3.57
4.93,5.47,0.00, 3.57
4.93,5.47,0.00, 3.57
4.93,5.47,0.00, 3.57
4.93,5.47,0.00, 3.57
4.93,5.47,0.00, 3.57
4.93,5.47,0.00, 3.57
4.93,5.47,0.00, 3.57
4.93,5.57,0.00, 4.99
4.93,5.26,0.00, 0.00
4.93,5.20,0.00, 0.00
4.93,5.20,0.00, 0.00
4.93,5.20,0.00, 0.00
4.93,5.20,0.00, 0.00
4.93,5.20,0.00, 0.00
4.93,5.20,0.00, 0.00
4.93,5.20,0.00, 0.00
4.93,5.20,0.00, 0.00
4.93,5.20,0.00, 0.00
4.93,5.20,0.00, 0.00
4.93,5.20,0.00, 0.00
4.93,5.20,0.00, 0.00
4.93,5.20,0.00, 0.00
4.93,5.20,0.00, 0.00
4.93,5.20,0.00, 0.00
4.93,5.20,0.00, 0.00
4.93,5.20,0.00, 0.00
4.96,5.33,1.48, 6.48
4.96,5.33,1.48, 6.48
4.96,5.31,0.02, 0.00
4.96,5.34,0.00, 1.00
4.96,5.34,0.00, 1.00
4.96,5.34,0.00, 1.00
4.96,5.34,0.00, 1.00
4.96,5.34,0.00, 1.00
4.96,5.34,0.00, 1.00
4.96,5.38,0.00, 2.00
4.96,5.38,0.00, 2.00
4.96,5.38,0.00, 2.00
4.96,5.39,0.00, 1.00
4.96,5.39,0.00, 1.00
4.96,5.39,0.00, 1.00
4.96,5.39,0.00, 1.00
4.96,5.39,0.00, 1.00
4.96,5.39,0.00, 1.00
4.96,5.39,0.00, 1.00
4.96,5.39,0.00, 1.00
4.96,5.39,0.00, 1.00
4.96,5.39,0.00, 1.00
4.96,5.39,0.00, 1.00
4.96,5.39,0.00, 1.00
4.96,5.39,0.00, 1.00
4.93,5.39,0.00, 0.00
4.93,5.39,0.00, 0.00
4.93,5.39,0.00, 0.00
4.93,5.39,0.00, 0.00
4.93,5.39,0.00, 0.00
4.93,5.39,0.00, 0.00
4.93,5.39,0.00, 0.00
4.93,5.39,0.00, 0.00
4.93,5.39,0.00, 0.00
4.93,5.39,0.00, 0.00
4.93,5.39,0.00, 0.00
4.93,5.39,0.00, 0.00
4.93,5.39,0.00, 0.00
4.93,5.39,0.00, 0.00
4.93,5.39,0.00, 0.00
4.93,5.39,0.00, 0.00
4.93,5.39,0.00, 0.00
4.93,5.51,0.00, 5.98
4.93,5.51,0.00, 5.98
4.93,5.51,0.00, 5.98
4.93,5.51,0.00, 5.98
4.93,5.51,0.00, 5.98
4.93,5.51,0.00, 5.98
4.93,5.51,0.00, 5.98
4.93,5.51,0.00, 5.98
4.93,5.51,0.00, 5.98
4.93,5.51,0.00, 5.98
4.93,5.51,0.00, 5.98
4.93,5.51,0.00, 5.98
4.93,5.51,0.00, 5.98
4.93,5.51,0.00, 5.98
4.93,5.57,0.00, 2.51
4.93,5.57,0.00, 2.51
4.93,5.46,0.00, 0.00
4.93,5.46,0.00, 0.00
4.93,5.46,0.00, 0.00
4.93,5.46,0.00, 0.00
4.93,5.46,0.00, 0.00
4.93,5.46,0.00, 0.00
4.93,5.46,0.00, 0.00
4.93,5.46,0.00, 0.00
4.93,5.46,0.00, 0.00
4.93,5.46,0.00, 0.00
4.93,5.46,0.00, 0.00
4.93,5.46,0.00, 0.00
4.93,5.46,0.00, 0.00
4.93,5.46,0.00, 0.00
4.93,5.46,0.00, 0.00
4.96,5.05,1.48, 0.00
4.96,5.05,1.48, 0.00
4.96,5.05,1.48, 0.00
4.96,5.05,1.48, 0.00
4.96,5.05,1.48, 0.00
4.96,5.05,1.48, 0.00
4.96,5.05,1.48, 0.00
4.96,5.05,1.48, 0.00
4.96,5.05,1.48, 0.00
4.96,5.05,1.48, 0.00
4.96,5.05,1.48, 0.00
4.96,5.05,1.48, 0.00
4.96,5.05,1.48, 0.00
4.96,5.05,1.48, 0.00
4.96,5.05,1.48, 0.00
4.96,5.05,1.48, 0.00
4.96,5.05,1.48, 0.00
4.96,5.05,1.48, 0.00
4.96,5.05,1.48, 0.00
4.96,5.05,1.48, 0.00
4.96,5.05,1.48, 0.00
4.96,5.05,1.48, 0.00
4.96,5.05,1.48, 0.00
4.96,5.05,1.48, 0.00
4.96,5.05,1.48, 0.00
4.96,5.05,1.48, 0.00
4.96,5.05,1.48, 0.00
4.96,5.05,1.48, 0.00
4.96,5.05,1.48, 0.00
4.96,5.05,1.48, 0.00
4.96,5.05,1.48, 0.00
4.96,5.05,1.48, 0.00
4.96,5.05,1.48, 0.00
4.96,5.05,1.48, 0.00
4.96,5.05,1.48, 0.00
4.96,5.05,1.48, 0.00
4.96,5.05,1.48, 0.00
4.93,4.85,0.00, 0.00
4.93,4.85,0.00, 0.00
4.93,4.85,0.00, 0.00
4.93,4.83,0.00, 0.00
4.93,4.83,0.00, 0.00
4.93,4.83,0.00, 0.00
4.93,4.83,0.00, 0.00
4.93,4.83,0.00, 0.00
4.93,4.83,0.00, 0.00
4.93,4.83,0.00, 0.00
4.93,4.83,0.00, 0.00
4.93,4.83,0.00, 0.00
4.93,4.83,0.00, 0.00
4.93,4.83,0.00, 0.00
4.93,4.83,0.00, 0.00
4.93,4.83,0.00, 0.00
4.93,4.83,0.00, 0.00
4.93,4.61,0.00, 0.00
0.00,3.78,0.00, 0.00
4.96,3.66,244.35, 0.00
4.96,3.66,244.35, 0.00
4.96,3.66,244.35, 0.00
4.96,3.66,244.35, 0.00
4.96,3.66,244.35, 0.00
4.96,3.66,244.35, 0.00
4.96,3.66,244.35, 0.00
1.19,2.34,0.00, 0.00
1.19,2.34,0.00, 0.00
1.19,2.34,0.00, 0.00
0.96,2.16,0.00, 0.00
0.96,2.16,0.00, 0.00
0.96,2.16,0.00, 0.00
0.96,2.16,0.00, 0.00
0.96,2.16,0.00, 0.00
0.96,2.16,0.00, 0.00
0.96,2.16,0.00, 0.00
0.96,2.16,0.00, 0.00
0.96,2.16,0.00, 0.00
0.96,2.16,0.00, 0.00
0.96,2.16,0.00, 0.00
0.96,2.16,0.00, 0.00
0.96,2.16,0.00, 0.00
0.96,2.16,0.00, 0.00
0.67,1.95,0.00, 0.00
0.67,1.95,0.00, 0.00
0.00,0.61,0.00, 0.00
0.00,0.61,0.00, 0.00
0.00,0.61,0.00, 0.00
0.00,0.61,0.00, 0.00
0.00,0.61,0.00, 0.00
0.00,0.61,0.00, 0.00
0.00,0.61,0.00, 0.00
0.00,0.61,0.00, 0.00
0.00,0.61,0.00, 0.00
0.00,0.61,0.00, 0.00
0.00,0.61,0.00, 0.00
0.00,0.61,0.00, 0.00
0.00,0.61,0.00, 0.00
0.00,0.61,0.00, 0.00
0.00,0.61,0.00, 0.00
0.00,0.61,0.00, 0.00
0.00,0.61,0.00, 0.00
0.00,0.26,0.00, 0.00
0.00,0.26,0.00, 0.00
0.00,0.26,0.00, 0.00
0.00,0.26,0.00, 0.00
0.00,0.26,0.00, 0.00
0.00,0.26,0.00, 0.00
0.00,0.26,0.00, 0.00
0.00,0.26,0.00, 0.00
0.00,0.26,0.00, 0.00
0.00,0.05,0.00, 0.00
0.00,0.05,0.00, 0.00
0.00,0.05,0.00, 0.00
0.00,0.05,0.00, 0.00
0.00,0.05,0.00, 0.00
0.00,0.05,0.00, 0.00
0.00,0.05,0.00, 0.00
0.00,0.05,0.00, 0.00
0.00,0.05,0.00, 0.00
0.00,0.05,0.00, 0.00
0.00,0.05,0.00, 0.00
0.00,0.05,0.00, 0.00
0.00,0.05,0.00, 0.00
0.00,0.05,0.00, 0.00
0.20,0.05,9.85, 0.00
0.20,0.05,9.85, 0.00
0.00,0.22,0.00, 8.97
0.18,1.85,8.87, 80.99
0.47,2.15,14.42, 15.49
0.74,2.38,13.51, 11.27
0.74,2.38,13.51, 11.27
0.74,2.38,13.51, 11.27
0.74,2.38,13.51, 11.27
0.74,2.38,13.51, 11.27
0.74,2.38,13.51, 11.27
0.74,2.38,13.51, 11.27
0.74,2.38,13.51, 11.27
0.74,2.38,13.51, 11.27
0.88,2.52,7.10, 7.02
1.01,2.62,6.51, 5.26
1.23,2.76,10.93, 6.50
2.89,3.59,81.94, 41.62
2.89,3.59,81.94, 41.62
3.32,3.71,22.39, 6.13
3.70,3.85,19.05, 7.00
3.70,3.85,19.05, 7.00
3.70,3.85,19.05, 7.00
3.70,3.85,19.05, 7.00
3.70,3.85,19.05, 7.00
3.70,3.85,19.05, 7.00
3.70,3.85,19.05, 7.00
3.70,3.85,19.05, 7.00
3.70,3.85,19.05, 7.00
3.70,3.85,19.05, 7.00
3.70,3.85,19.05, 7.00
3.70,3.85,19.05, 7.00
3.70,3.85,19.05, 7.00
3.70,3.85,19.05, 7.00
3.70,3.85,19.05, 7.00
3.70,3.85,19.05, 7.00
3.70,3.85,19.05, 7.00
3.70,3.85,19.05, 7.00
3.70,3.85,19.05, 7.00
3.70,3.85,19.05, 7.00
3.70,3.85,19.05, 7.00
3.70,3.85,19.05, 7.00
3.70,3.85,19.05, 7.00
3.70,3.85,19.05, 7.00
3.70,3.85,19.05, 7.00
3.70,3.85,19.05, 7.00
3.70,3.85,19.05, 7.00
3.70,3.85,19.05, 7.00
3.70,3.85,19.05, 7.00
3.70,3.85,19.05, 7.00
3.70,3.85,19.05, 7.00
3.70,3.85,19.05, 7.00
3.70,3.85,19.05, 7.00
3.70,3.85,19.05, 7.00
3.70,3.85,19.05, 7.00
3.70,3.85,19.05, 7.00
3.70,3.85,19.05, 7.00
3.70,3.85,19.05, 7.00
3.70,3.85,19.05, 7.00
3.70,3.85,19.05, 7.00
3.70,3.85,19.05, 7.00
3.70,3.85,19.05, 7.00
3.70,3.85,19.05, 7.00
3.70,3.85,19.05, 7.00
3.70,3.85,19.05, 7.00
3.70,3.85,19.05, 7.00
3.70,3.85,19.05, 7.00
3.70,3.85,19.05, 7.00
3.70,3.85,19.05, 7.00
3.70,3.85,19.05, 7.00
3.70,3.85,19.05, 7.00
3.70,3.85,19.05, 7.00
3.70,3.85,19.05, 7.00
3.70,3.85,19.05, 7.00
3.70,3.85,19.05, 7.00
3.70,3.85,19.05, 7.00
3.70,3.85,19.05, 7.00
3.70,3.85,19.05, 7.00
3.70,3.85,19.05, 7.00
3.70,3.85,19.05, 7.00
3.70,3.85,19.05, 7.00
3.70,3.85,19.05, 7.00
3.70,3.85,19.05, 7.00
3.70,3.85,19.05, 7.00
3.70,3.85,19.05, 7.00
3.70,3.85,19.05, 7.00
3.70,3.85,19.05, 7.00
3.70,3.85,19.05, 7.00
3.70,3.85,19.05, 7.00
3.70,3.85,19.05, 7.00
3.70,3.85,19.05, 7.00
3.70,3.85,19.05, 7.00
3.70,3.85,19.05, 7.00
3.70,3.85,19.05, 7.00
3.70,3.85,19.05, 7.00
3.70,3.85,19.05, 7.00
3.99,3.99,14.57, 7.25
3.99,3.99,14.57, 7.25
3.99,3.99,14.57, 7.25
3.99,3.99,14.57, 7.25
3.99,3.99,14.57, 7.25
3.99,3.99,14.57, 7.25
3.99,3.99,14.57, 7.25
3.99,3.99,14.57, 7.25
3.99,3.99,14.57, 7.25
3.99,3.99,14.57, 7.25
3.99,3.99,14.57, 7.25
3.99,3.99,14.57, 7.25
3.99,3.99,14.57, 7.25
3.99,3.99,14.57, 7.25
3.99,3.99,14.57, 7.25
3.99,3.99,14.57, 7.25
3.99,3.99,14.57, 7.25
3.99,3.99,14.57, 7.25
3.99,3.99,14.57, 7.25
3.99,3.99,14.57, 7.25
3.99,3.99,14.57, 7.25
3.99,3.99,14.57, 7.25
3.99,3.99,14.57, 7.25
3.99,3.99,14.57, 7.25
3.99,3.99,14.57, 7.25
3.99,3.99,14.57, 7.25
3.99,3.99,14.57, 7.25
3.99,3.99,14.57, 7.25
3.99,3.99,14.57, 7.25
3.99,3.99,14.57, 7.25
3.99,3.99,14.57, 7.25
3.99,3.99,14.57, 7.25
3.99,3.99,14.57, 7.25
3.99,3.99,14.57, 7.25
3.99,3.99,14.57, 7.25
3.99,3.99,14.57, 7.25
3.99,3.99,14.57, 7.25
3.99,3.99,14.57, 7.25
3.99,3.99,14.57, 7.25
3.99,3.99,14.57, 7.25
3.99,3.99,14.57, 7.25
3.99,3.99,14.57, 7.25
3.99,3.99,14.57, 7.25
3.99,3.99,14.57, 7.25
3.99,3.99,14.57, 7.25
3.99,3.99,14.57, 7.25
3.99,3.99,14.57, 7.25
4.28,4.14,14.50, 7.00
4.28,4.14,14.50, 7.00
4.28,4.14,14.50, 7.00
4.28,4.14,14.50, 7.00
4.28,4.14,14.50, 7.00
4.28,4.14,14.50, 7.00
4.28,4.14,14.50, 7.00
4.28,4.14,14.50, 7.00
4.28,4.14,14.50, 7.00
4.28,4.14,14.50, 7.00
4.28,4.14,14.50, 7.00
4.28,4.14,14.50, 7.00
4.28,4.14,14.50, 7.00
4.28,4.14,14.50, 7.00
4.28,4.14,14.50, 7.00
4.28,4.14,14.50, 7.00
4.28,4.14,14.50, 7.00
4.28,4.14,14.50, 7.00
4.28,4.14,14.50, 7.00
4.28,4.14,14.50, 7.00
4.28,4.14,14.50, 7.00
4.28,4.14,14.50, 7.00
4.28,4.14,14.50, 7.00
4.28,4.14,14.50, 7.00
4.28,4.14,14.50, 7.00
4.28,4.14,14.50, 7.00
4.28,4.14,14.50, 7.00
4.28,4.14,14.50, 7.00
4.28,4.14,14.50, 7.00
4.28,4.14,14.50, 7.00
4.28,4.14,14.50, 7.00
4.28,4.14,14.50, 7.00
4.28,4.14,14.50, 7.00
4.28,4.14,14.50, 7.00
4.28,4.14,14.50, 7.00
4.28,4.14,14.50, 7.00
4.28,4.14,14.50, 7.00
4.28,4.14,14.50, 7.00
4.28,4.14,14.50, 7.00
4.28,4.14,14.50, 7.00
4.28,4.14,14.50, 7.00
4.28,4.14,14.50, 7.00
4.28,4.14,14.50, 7.00
4.28,4.14,14.50, 7.00
4.28,4.14,14.50, 7.00
4.53,4.25,12.53, 5.75
4.96,4.83,21.37, 28.91
4.93,4.33,0.00, 0.00
4.93,4.33,0.00, 0.00
4.93,3.22,0.00, 0.00
3.59,3.04,0.00, 0.00
3.59,3.04,0.00, 0.00
0.00,2.88,0.00, 0.00
2.47,2.73,121.68, 0.00
2.47,2.73,121.68, 0.00
2.47,2.73,121.68, 0.00
2.47,2.73,121.68, 0.00
2.47,2.73,121.68, 0.00
2.47,2.73,121.68, 0.00
2.47,2.73,121.68, 0.00
2.47,2.73,121.68, 0.00
2.47,2.73,121.68, 0.00
2.47,2.73,121.68, 0.00
2.47,2.73,121.68, 0.00
2.47,2.73,121.68, 0.00
2.47,2.73,121.68, 0.00
4.89,2.58,121.01, 0.00
4.89,2.58,121.01, 0.00
4.87,2.46,0.79, 0.00
3.25,2.34,0.00, 0.00
3.25,2.34,0.00, 0.00
3.25,2.34,0.00, 0.00
3.25,2.34,0.00, 0.00
3.25,2.34,0.00, 0.00
3.25,2.34,0.00, 0.00
1.57,0.44,0.00, 0.00
1.57,0.44,0.00, 0.00
1.57,0.44,0.00, 0.00
1.57,0.44,0.00, 0.00
1.57,0.44,0.00, 0.00
1.46,0.34,0.00, 0.00
1.46,0.34,0.00, 0.00
1.55,0.25,4.43, 0.00
1.55,0.25,4.43, 0.00
1.55,0.25,4.43, 0.00
1.55,0.25,4.43, 0.00
1.55,0.25,4.43, 0.00
1.55,0.25,4.43, 0.00
1.55,0.25,4.43, 0.00
0.29,0.05,0.00, 0.00
0.29,0.05,0.00, 0.00
0.29,0.05,0.00, 0.00
0.29,0.05,0.00, 0.00
0.29,0.05,0.00, 0.00
0.29,0.05,0.00, 0.00
0.29,0.05,0.00, 0.00
0.09,0.05,0.00, 0.50
0.09,0.05,0.00, 0.50
0.09,0.05,0.00, 0.50
0.09,0.05,0.00, 0.50
0.09,0.05,0.00, 0.50
0.09,0.05,0.00, 0.50
0.09,0.05,0.00, 0.50
0.09,0.05,0.00, 0.50
0.09,0.05,0.00, 0.50
0.09,0.05,0.00, 0.50
0.09,0.05,0.00, 0.50
0.09,0.05,0.00, 0.50
0.09,0.05,0.00, 0.50
0.09,0.05,0.00, 0.50
0.09,0.05,0.00, 0.50
0.09,0.05,0.00, 0.50
0.09,0.05,0.00, 0.50
0.09,0.05,0.00, 0.50
0.09,0.05,0.00, 0.50
0.09,0.05,0.00, 0.50
0.09,0.05,0.00, 0.50
0.09,0.05,0.00, 0.50
0.09,0.05,0.00, 0.50
0.09,0.05,0.00, 0.50
0.09,0.05,0.00, 0.50
0.09,0.05,0.00, 0.50
0.09,0.05,0.00, 0.50
0.09,0.05,0.00, 0.50
0.09,0.05,0.00, 0.50
0.09,0.05,0.00, 0.50
0.09,0.05,0.00, 0.50
0.09,0.05,0.00, 0.50
0.09,0.05,0.00, 0.50
0.09,0.05,0.00, 0.50
0.09,0.05,0.00, 0.50
0.09,0.05,0.00, 0.50
0.09,0.05,0.00, 0.50
0.09,0.05,0.00, 0.50
0.09,0.05,0.00, 0.50
0.09,0.05,0.00, 0.50
0.09,0.05,0.00, 0.50
0.09,0.05,0.00, 0.50
0.09,0.05,0.00, 0.50
0.09,0.05,0.00, 0.50
0.09,0.05,0.00, 0.50
0.09,0.05,0.00, 0.50
0.09,0.05,0.00, 0.50
0.09,0.05,0.00, 0.50
0.09,0.05,0.00, 0.50
0.09,0.05,0.00, 0.50
0.18,0.05,4.43, 0.00
0.54,0.05,17.80, 0.00
0.54,0.05,17.80, 0.00
0.54,0.05,17.80, 0.00
0.54,0.05,17.80, 0.00
0.54,0.05,17.80, 0.00
0.54,0.05,17.80, 0.00
0.47,0.05,0.00, 0.50
0.47,0.05,0.00, 0.50
0.20,0.05,0.00, 0.00
0.20,0.05,0.00, 0.00
0.20,0.05,0.00, 0.00
0.20,0.05,0.00, 0.00
0.20,0.05,0.00, 0.00
0.14,0.05,0.00, 0.50
0.14,0.05,0.00, 0.50
0.14,0.05,0.00, 0.50
0.14,0.05,0.00, 0.50
0.14,0.05,0.00, 0.50
0.14,0.05,0.00, 0.50
0.14,0.05,0.00, 0.50
0.14,0.05,0.00, 0.50
0.14,0.05,0.00, 0.50
0.14,0.05,0.00, 0.50
0.14,0.05,0.00, 0.50
0.14,0.05,0.00, 0.50
0.14,0.05,0.00, 0.50
0.14,0.05,0.00, 0.50
0.14,0.05,0.00, 0.50
0.14,0.05,0.00, 0.50
0.09,0.09,0.00, 1.99
0.09,0.09,0.00, 1.99
0.09,0.09,0.00, 1.99
0.09,0.11,0.00, 0.51
0.05,0.19,0.00, 4.24
0.22,0.63,8.37, 22.18
0.22,0.63,8.37, 22.18
0.27,0.69,2.59, 2.82
0.27,0.69,2.59, 2.82
0.27,0.69,2.59, 2.82
0.27,0.69,2.59, 2.82
0.27,0.69,2.59, 2.82
0.27,0.69,2.59, 2.82
0.27,0.69,2.59, 2.82
0.34,0.76,3.49, 3.75
0.34,0.76,3.49, 3.75
0.34,0.76,3.49, 3.75
0.34,0.76,3.49, 3.75
0.34,0.76,3.49, 3.75
0.34,0.76,3.49, 3.75
0.34,0.76,3.49, 3.75
0.43,0.87,4.49, 5.00
0.43,0.87,4.49, 5.00
0.43,0.87,4.49, 5.00
0.52,0.94,4.50, 3.51
0.52,0.94,4.50, 3.51
0.52,0.94,4.50, 3.51
0.52,0.94,4.50, 3.51
0.52,0.94,4.50, 3.51
0.52,0.94,4.50, 3.51
0.52,0.94,4.50, 3.51
0.52,0.94,4.50, 3.51
0.52,0.94,4.50, 3.51
0.52,0.94,4.50, 3.51
0.52,0.94,4.50, 3.51
0.52,0.94,4.50, 3.51
0.52,0.94,4.50, 3.51
0.52,0.94,4.50, 3.51
1.64,1.80,55.24, 43.10
1.64,1.80,55.24, 43.10
1.64,1.80,55.24, 43.10
1.64,1.80,55.24, 43.10
1.64,1.80,55.24, 43.10
1.64,1.80,55.24, 43.10
1.64,1.80,55.24, 43.10
1.64,1.80,55.24, 43.10
1.64,1.80,55.24, 43.10
1.64,1.80,55.24, 43.10
1.64,1.80,55.24, 43.10
1.64,1.80,55.24, 43.10
1.64,1.80,55.24, 43.10
1.64,1.80,55.24, 43.10
1.64,1.80,55.24, 43.10
1.64,1.80,55.24, 43.10
1.64,1.80,55.24, 43.10
1.64,1.80,55.24, 43.10
1.64,1.80,55.24, 43.10
1.64,1.80,55.24, 43.10
1.64,1.80,55.24, 43.10
1.64,1.80,55.24, 43.10
1.64,1.80,55.24, 43.10
1.64,1.80,55.24, 43.10
1.64,1.80,55.24, 43.10
1.64,1.80,55.24, 43.10
1.64,1.80,55.24, 43.10
1.64,1.80,55.24, 43.10
1.64,1.80,55.24, 43.10
1.64,1.80,55.24, 43.10
1.64,1.80,55.24, 43.10
1.64,1.80,55.24, 43.10
1.64,1.80,55.24, 43.10
1.64,1.80,55.24, 43.10
1.64,1.80,55.24, 43.10
1.64,1.80,55.24, 43.10
1.64,1.80,55.24, 43.10
1.64,1.80,55.24, 43.10
1.64,1.80,55.24, 43.10
1.64,1.80,55.24, 43.10
1.64,1.80,55.24, 43.10
1.64,1.80,55.24, 43.10
1.64,1.80,55.24, 43.10
1.64,1.80,55.24, 43.10
1.64,1.80,55.24, 43.10
1.64,1.80,55.24, 43.10
1.64,1.80,55.24, 43.10
1.64,1.80,55.24, 43.10
1.64,1.80,55.24, 43.10
1.64,1.80,55.24, 43.10
1.64,1.80,55.24, 43.10
1.64,1.80,55.24, 43.10
1.64,1.80,55.24, 43.10
3.41,2.63,88.01, 41.51
3.41,2.63,88.01, 41.51
3.41,2.63,88.01, 41.51
3.41,2.63,88.01, 41.51
3.41,2.63,88.01, 41.51
3.41,2.63,88.01, 41.51
3.41,2.63,88.01, 41.51
3.70,2.78,15.58, 7.62
4.93,4.06,60.82, 63.54
4.93,4.06,60.82, 63.54
4.93,4.06,60.82, 63.54
4.93,4.06,60.82, 63.54
4.93,4.06,60.82, 63.54
4.93,4.06,60.82, 63.54
4.93,4.06,60.82, 63.54
4.93,4.06,60.82, 63.54
4.93,4.06,60.82, 63.54
4.93,4.06,60.82, 63.54
4.93,4.06,60.82, 63.54
4.93,4.06,60.82, 63.54
4.93,4.06,60.82, 63.54
4.93,4.06,60.82, 63.54
4.93,4.06,60.82, 63.54
4.93,4.06,60.82, 63.54
4.93,4.06,60.82, 63.54
4.93,4.06,60.82, 63.54
4.93,4.06,60.82, 63.54
4.93,4.06,60.82, 63.54
4.93,4.06,60.82, 63.54
4.93,4.06,60.82, 63.54
4.93,4.06,60.82, 63.54
4.93,4.06,60.82, 63.54
4.93,4.06,60.82, 63.54
4.93,4.06,60.82, 63.54
4.93,4.06,60.82, 63.54
4.93,4.06,60.82, 63.54
4.93,4.06,60.82, 63.54
4.93,4.06,60.82, 63.54
4.93,4.06,60.82, 63.54
4.93,4.06,60.82, 63.54
4.93,4.06,60.82, 63.54
4.93,4.06,60.82, 63.54
4.93,4.06,60.82, 63.54
4.93,4.06,60.82, 63.54
4.93,4.06,60.82, 63.54
4.93,4.06,60.82, 63.54
4.93,4.06,60.82, 63.54
4.93,4.06,60.82, 63.54
4.93,4.06,60.82, 63.54
4.93,4.06,60.82, 63.54
4.93,4.06,60.82, 63.54
4.93,4.06,60.82, 63.54
4.96,3.98,2.37, 0.00
4.96,3.98,2.37, 0.00
4.96,3.98,2.37, 0.00
4.96,3.98,2.37, 0.00
4.96,3.98,2.37, 0.00
4.96,3.98,2.37, 0.00
4.96,3.98,2.37, 0.00
4.96,3.93,0.03, 0.00
4.96,3.93,0.03, 0.00
4.93,3.92,0.00, 0.00
4.93,3.92,0.00, 0.00
4.93,3.92,0.00, 0.00
4.93,3.92,0.00, 0.00
4.93,3.92,0.00, 0.00
4.93,3.92,0.00, 0.00
4.93,3.92,0.00, 0.00
4.93,3.92,0.00, 0.00
4.93,3.92,0.00, 0.00
4.93,3.92,0.00, 0.00
4.93,3.92,0.00, 0.00
4.93,3.92,0.00, 0.00
4.93,3.92,0.00, 0.00
4.93,3.92,0.00, 0.00
4.93,3.92,0.00, 0.00
4.93,3.92,0.00, 0.00
4.93,3.92,0.00, 0.00
4.93,3.92,0.00, 0.00
4.93,3.92,0.00, 0.00
4.93,3.92,0.00, 0.00
4.93,3.92,0.00, 0.00
4.93,3.92,0.00, 0.00
4.93,3.92,0.00, 0.00
4.93,3.92,0.00, 0.00
4.93,3.92,0.00, 0.00
4.93,3.92,0.00, 0.00
4.93,3.92,0.00, 0.00
4.93,3.92,0.00, 0.00
4.93,3.92,0.00, 0.00
4.93,3.92,0.00, 0.00
4.93,3.92,0.00, 0.00
4.93,3.92,0.00, 0.00
4.93,3.92,0.00, 0.00
4.93,3.92,0.00, 0.00
4.93,3.92,0.00, 0.00
4.93,3.92,0.00, 0.00
4.93,3.92,0.00, 0.00
4.93,3.92,0.00, 0.00
4.93,3.92,0.00, 0.00
4.93,3.92,0.00, 0.00
4.93,3.92,0.00, 0.00
4.93,3.92,0.00, 0.00
4.93,3.92,0.00, 0.00
4.93,3.92,0.00, 0.00
4.93,3.92,0.00, 0.00
4.93,3.92,0.00, 0.00
4.93,3.92,0.00, 0.00
4.93,4.06,0.00, 6.73
4.93,4.06,0.00, 6.73
4.96,3.91,1.48, 0.00
4.93,3.92,0.00, 0.25
4.93,3.92,0.00, 0.25
4.93,3.92,0.00, 0.25
4.93,3.92,0.00, 0.25
4.93,3.92,0.00, 0.25
4.93,3.92,0.00, 0.25
4.93,3.92,0.00, 0.25
4.93,3.92,0.00, 0.25
4.93,3.92,0.00, 0.25
4.93,3.92,0.00, 0.25
4.93,3.92,0.00, 0.25
4.93,3.92,0.00, 0.25
4.93,3.92,0.00, 0.25
4.93,3.92,0.00, 0.25
4.93,3.92,0.00, 0.25
4.93,3.92,0.00, 0.25
4.93,3.92,0.00, 0.25
4.93,3.92,0.00, 0.25
4.93,3.92,0.00, 0.25
4.93,3.92,0.00, 0.25
4.93,3.92,0.00, 0.25
4.93,3.92,0.00, 0.25
4.93,3.92,0.00, 0.25
4.93,3.92,0.00, 0.25
4.93,3.92,0.00, 0.25
4.93,3.92,0.00, 0.25
4.93,3.92,0.00, 0.25
4.93,3.92,0.00, 0.25
4.93,3.92,0.00, 0.25
4.93,3.92,0.00, 0.25
4.93,3.92,0.00, 0.25
4.93,3.92,0.00, 0.25
4.93,3.92,0.00, 0.25
4.93,3.92,0.00, 0.25
4.96,3.42,1.48, 0.00
4.93,3.45,0.00, 1.49
4.93,3.44,0.00, 0.00
4.93,3.44,0.00, 0.00
4.93,3.44,0.00, 0.00
4.93,3.44,0.00, 0.00
4.93,3.44,0.00, 0.00
4.93,3.44,0.00, 0.00
4.93,3.44,0.00, 0.00
4.93,3.44,0.00, 0.00
4.93,3.44,0.00, 0.00
4.93,3.44,0.00, 0.00
4.93,3.44,0.00, 0.00
4.93,3.44,0.00, 0.00
4.93,3.44,0.00, 0.00
4.93,3.44,0.00, 0.00
0.29,0.46,0.00, 0.00
0.18,0.35,0.00, 0.00
0.14,0.25,0.00, 0.00
0.29,0.05,7.39, 0.00
0.29,0.05,7.39, 0.00
0.29,0.05,7.39, 0.00
0.29,0.05,7.39, 0.00
0.29,0.05,7.39, 0.00
0.29,0.05,7.39, 0.00
0.29,0.05,7.39, 0.00
0.29,0.05,7.39, 0.00
0.29,0.05,7.39, 0.00
0.31,0.05,1.09, 0.50
0.45,0.05,6.91, 0.00
0.45,0.05,6.91, 0.00
0.45,0.05,6.91, 0.00
0.45,0.05,6.91, 0.00
0.45,0.05,6.91, 0.00
0.45,0.05,6.91, 0.00
0.56,0.05,5.52, 0.00
0.56,0.05,5.52, 0.00
0.56,0.05,5.52, 0.00
0.56,0.05,5.52, 0.00
0.56,0.05,5.52, 0.00
0.56,0.05,5.52, 0.00
0.56,0.05,5.52, 0.00
0.56,0.05,5.52, 0.00
0.56,0.05,5.52, 0.00
0.56,0.05,5.52, 0.00
0.56,0.05,5.52, 0.00
0.56,0.05,5.52, 0.00
0.56,0.05,5.52, 0.00
0.56,0.05,5.52, 0.00
0.56,0.05,5.52, 0.00
0.56,0.05,5.52, 0.00
0.56,0.05,5.52, 0.00
0.56,0.05,5.52, 0.00
0.56,0.05,5.52, 0.00
0.56,0.05,5.52, 0.00
0.56,0.05,5.52, 0.00
0.56,0.05,5.52, 0.00
0.56,0.05,5.52, 0.00
0.36,0.04,0.00, 0.00
0.36,0.04,0.00, 0.00
0.36,0.04,0.00, 0.00
0.36,0.04,0.00, 0.00
0.36,0.04,0.00, 0.00
0.36,0.04,0.00, 0.00
0.36,0.04,0.00, 0.00
0.36,0.04,0.00, 0.00
0.36,0.04,0.00, 0.00
0.36,0.04,0.00, 0.00
0.36,0.04,0.00, 0.00
0.36,0.04,0.00, 0.00
0.36,0.04,0.00, 0.00
0.36,0.04,0.00, 0.00
0.36,0.04,0.00, 0.00
0.36,0.04,0.00, 0.00
0.36,0.04,0.00, 0.00
0.36,0.04,0.00, 0.00
0.36,0.04,0.00, 0.00
0.36,0.04,0.00, 0.00
0.36,0.04,0.00, 0.00
0.36,0.04,0.00, 0.00
0.36,0.05,0.00, 0.50
0.52,0.05,7.88, 0.00
0.47,0.05,0.00, 0.00
0.14,0.34,0.00, 14.70
0.20,0.40,2.96, 3.04
0.18,0.44,0.00, 1.75
0.16,0.50,0.00, 3.49
0.18,0.63,0.99, 6.24
0.18,0.63,0.99, 6.24
0.18,0.63,0.99, 6.24
0.18,0.63,0.99, 6.24
0.18,0.63,0.99, 6.24
0.18,0.63,0.99, 6.24
0.18,0.63,0.99, 6.24
0.27,0.74,4.45, 5.50
0.34,0.84,3.51, 5.00
0.38,0.93,2.02, 4.25
0.38,0.93,2.02, 4.25
0.38,0.93,2.02, 4.25
0.38,0.93,2.02, 4.25
0.38,0.93,2.02, 4.25
0.38,0.93,2.02, 4.25
0.38,0.93,2.02, 4.25
0.38,0.93,2.02, 4.25
0.38,0.93,2.02, 4.25
0.38,0.93,2.02, 4.25
0.38,0.93,2.02, 4.25
0.38,0.93,2.02, 4.25
0.63,1.37,12.35, 22.18
0.63,1.37,12.35, 22.18
0.63,1.37,12.35, 22.18
0.63,1.37,12.35, 22.18
0.63,1.37,12.35, 22.18
0.63,1.37,12.35, 22.18
0.63,1.37,12.35, 22.18
0.63,1.37,12.35, 22.18
0.63,1.37,12.35, 22.18
0.63,1.37,12.35, 22.18
0.63,1.37,12.35, 22.18
0.63,1.37,12.35, 22.18
0.67,1.50,2.15, 6.56
0.67,1.50,2.15, 6.56
0.67,1.50,2.15, 6.56
0.67,1.50,2.15, 6.56
0.67,1.50,2.15, 6.56
0.67,1.50,2.15, 6.56
0.67,1.50,2.15, 6.56
0.67,1.50,2.15, 6.56
0.67,1.50,2.15, 6.56
0.67,1.50,2.15, 6.56
0.67,1.50,2.15, 6.56
0.67,1.50,2.15, 6.56
0.67,1.50,2.15, 6.56
0.67,1.50,2.15, 6.56
0.67,1.50,2.15, 6.56
0.67,1.50,2.15, 6.56
0.67,1.50,2.15, 6.56
0.67,1.50,2.15, 6.56
0.67,1.50,2.15, 6.56
0.67,1.50,2.15, 6.56
0.67,1.50,2.15, 6.56
0.67,1.50,2.15, 6.56
0.67,1.50,2.15, 6.56
0.67,1.50,2.15, 6.56
0.67,1.50,2.15, 6.56
0.67,1.50,2.15, 6.56
0.67,1.50,2.15, 6.56
0.67,1.50,2.15, 6.56
0.67,1.50,2.15, 6.56
0.67,1.50,2.15, 6.56
0.67,1.50,2.15, 6.56
0.67,1.50,2.15, 6.56
0.67,1.50,2.15, 6.56
0.67,1.50,2.15, 6.56
0.67,1.50,2.15, 6.56
0.67,1.50,2.15, 6.56
0.67,1.50,2.15, 6.56
0.72,1.62,2.49, 6.00
0.72,1.62,2.49, 6.00
0.72,1.62,2.49, 6.00
3.48,3.56,136.01, 96.42
4.93,4.78,73.43, 61.63
4.93,4.78,73.43, 61.63
4.93,4.78,73.43, 61.63
4.93,4.78,73.43, 61.63
4.93,4.78,73.43, 61.63
4.93,4.78,73.43, 61.63
4.93,4.78,73.43, 61.63
4.93,4.78,73.43, 61.63
4.93,4.78,73.43, 61.63
4.93,4.78,73.43, 61.63
4.93,4.78,73.43, 61.63
4.93,4.78,73.43, 61.63
4.93,4.78,73.43, 61.63
4.93,4.78,73.43, 61.63
4.93,4.78,73.43, 61.63
4.93,4.78,73.43, 61.63
4.93,4.78,73.43, 61.63
4.93,4.78,73.43, 61.63
4.93,4.78,73.43, 61.63
4.93,4.78,73.43, 61.63
4.93,4.65,1.08, 0.00
4.93,4.65,1.08, 0.00
4.93,4.65,1.08, 0.00
4.93,4.65,1.08, 0.00
4.93,4.65,1.08, 0.00
4.93,4.65,1.08, 0.00
4.93,4.65,1.08, 0.00
4.93,4.65,1.08, 0.00
4.93,4.65,1.08, 0.00
4.93,4.65,1.08, 0.00
4.93,4.65,1.08, 0.00
4.93,4.65,1.08, 0.00
4.93,4.65,1.08, 0.00
4.93,4.65,1.08, 0.00
4.93,4.65,1.08, 0.00
4.93,4.65,1.08, 0.00
4.93,4.64,0.02, 0.00
4.93,4.64,0.02, 0.00
4.93,4.64,0.02, 0.00
4.93,4.64,0.02, 0.00
4.93,4.64,0.02, 0.00
4.93,4.64,0.02, 0.00
4.93,4.64,0.02, 0.00
4.93,4.62,0.00, 0.00
4.93,4.62,0.00, 0.00
4.93,4.62,0.00, 0.00
4.93,4.82,0.00, 9.71
4.96,5.11,1.48, 14.73
4.96,5.11,1.48, 14.73
4.96,5.11,1.48, 14.73
4.96,5.11,1.48, 14.73
4.96,5.11,1.48, 14.73
4.96,5.11,1.48, 14.73
4.96,5.11,1.48, 14.73
4.96,5.11,1.48, 14.73
4.96,5.11,1.48, 14.73
4.96,5.11,1.48, 14.73
4.96,5.11,1.48, 14.73
4.96,5.11,1.48, 14.73
4.96,5.11,1.48, 14.73
4.96,5.11,1.48, 14.73
4.96,5.11,1.48, 14.73
4.96,5.11,1.48, 14.73
4.96,5.11,1.48, 14.73
4.93,4.97,0.00, 0.00
4.93,4.97,0.00, 0.00
4.93,4.97,0.00, 0.00
4.93,4.97,0.00, 0.00
4.93,4.97,0.00, 0.00
4.93,4.97,0.00, 0.00
4.93,4.97,0.00, 0.00
4.93,4.97,0.00, 0.00
4.93,4.97,0.00, 0.00
4.93,4.97,0.00, 0.00
4.93,4.97,0.00, 0.00
4.93,4.97,0.00, 0.00
4.93,4.97,0.00, 0.00
4.93,4.97,0.00, 0.00
4.93,4.97,0.00, 0.00
4.93,4.97,0.00, 0.00
4.93,4.97,0.00, 0.00
4.93,4.97,0.00, 0.00
4.93,4.97,0.00, 0.00
4.93,4.97,0.00, 0.00
4.93,4.97,0.00, 0.00
4.93,4.97,0.00, 0.00
4.93,4.97,0.00, 0.00
4.93,4.97,0.00, 0.00
4.93,4.97,0.00, 0.00
4.93,4.97,0.00, 0.00
4.93,4.97,0.00, 0.00
4.93,4.97,0.00, 0.00
4.93,4.97,0.00, 0.00
4.93,4.97,0.00, 0.00
4.93,4.97,0.00, 0.00
4.93,4.97,0.00, 0.00
4.93,4.97,0.00, 0.00
4.93,4.97,0.00, 0.00
4.93,4.97,0.00, 0.00
4.93,4.97,0.00, 0.00
4.93,4.97,0.00, 0.00
4.93,4.97,0.00, 0.00
4.93,4.97,0.00, 0.00
4.93,4.97,0.00, 0.00
4.93,4.97,0.00, 0.00
4.93,4.97,0.00, 0.00
4.93,4.97,0.00, 0.00
4.93,4.97,0.00, 0.00
4.93,4.97,0.00, 0.00
4.93,4.97,0.00, 0.00
4.93,4.97,0.00, 0.00
4.93,4.97,0.00, 0.00
4.93,4.97,0.00, 0.00
4.93,4.97,0.00, 0.00
4.93,4.97,0.00, 0.00
4.93,4.97,0.00, 0.00
4.93,4.97,0.00, 0.00
4.93,4.97,0.00, 0.00
4.93,4.97,0.00, 0.00
4.93,4.97,0.00, 0.00
4.93,4.97,0.00, 0.00
4.93,4.97,0.00, 0.00
4.93,4.97,0.00, 0.00
4.93,4.97,0.00, 0.00
4.93,4.97,0.00, 0.00
4.93,4.97,0.00, 0.00
4.93,4.97,0.00, 0.00
4.93,4.97,0.00, 0.00
4.93,4.97,0.00, 0.00
4.93,4.97,0.00, 0.00
4.93,4.97,0.00, 0.00
4.93,4.97,0.00, 0.00
4.93,4.97,0.00, 0.00
4.93,4.97,0.00, 0.00
4.93,4.97,0.00, 0.00
4.93,4.97,0.00, 0.00
4.93,4.97,0.00, 0.00
4.93,4.97,0.00, 0.00
4.93,4.97,0.00, 0.00
4.93,4.97,0.00, 0.00
4.93,4.97,0.00, 0.00
4.93,4.97,0.00, 0.00
4.93,4.97,0.00, 0.00
4.93,4.97,0.00, 0.00
4.93,4.97,0.00, 0.00
4.93,4.97,0.00, 0.00
4.93,4.97,0.00, 0.00
4.93,4.97,0.00, 0.00
4.93,4.97,0.00, 0.00
4.93,4.95,0.00, 0.00
4.93,4.95,0.00, 0.00
4.93,4.95,0.00, 0.00
4.93,4.95,0.00, 0.00
4.93,4.95,0.00, 0.00
4.93,4.95,0.00, 0.00
4.93,4.95,0.00, 0.00
4.93,4.95,0.00, 0.00
4.93,4.95,0.00, 0.00
4.93,4.95,0.00, 0.00
4.93,4.95,0.00, 0.00
4.93,4.95,0.00, 0.00
4.93,4.94,0.00, 0.00
4.93,4.94,0.00, 0.00
4.93,4.94,0.00, 0.00
4.93,4.94,0.00, 0.00
4.93,4.94,0.00, 0.00
4.93,4.36,0.00, 0.00
0.00,2.90,0.00, 0.00
0.00,2.90,0.00, 0.00
0.00,2.90,0.00, 0.00
0.00,2.90,0.00, 0.00
0.00,2.90,0.00, 0.00
0.00,2.90,0.00, 0.00
0.00,2.90,0.00, 0.00
0.00,2.90,0.00, 0.00
0.00,2.90,0.00, 0.00
0.00,2.90,0.00, 0.00
0.00,2.90,0.00, 0.00
0.00,2.90,0.00, 0.00
0.00,2.90,0.00, 0.00
1.88,1.09,92.62, 0.00
2.15,0.64,14.66, 0.00
1.91,0.51,0.00, 0.00
0.65,0.05,0.00, 0.00
0.52,0.05,0.00, 0.00
0.52,0.05,0.00, 0.00
0.52,0.05,0.00, 0.00
0.49,0.05,0.00, 0.00
0.47,0.05,0.00, 0.50
0.31,0.05,0.00, 0.00
0.27,0.05,0.00, 0.00
0.27,0.05,0.00, 0.00
0.27,0.05,0.00, 0.00
0.27,0.05,0.00, 0.00
0.27,0.05,0.00, 0.00
0.27,0.05,0.00, 0.00
0.36,0.05,4.43, 0.00
0.36,0.05,4.43, 0.00
0.36,0.05,4.43, 0.00
0.45,0.05,4.50, 0.00
0.49,0.05,2.04, 0.00
0.56,0.05,3.48, 0.50
0.54,0.06,0.00, 0.25
0.52,0.06,0.00, 0.00
0.45,0.05,0.00, 0.00
0.45,0.05,0.00, 0.00
0.54,0.05,4.43, 0.00
0.54,0.05,4.43, 0.00
0.54,0.05,4.43, 0.00
0.54,0.05,4.43, 0.00
0.54,0.05,4.43, 0.00
0.54,0.05,4.43, 0.00
0.54,0.05,4.43, 0.00
0.54,0.05,4.43, 0.00
0.54,0.05,4.43, 0.00
0.54,0.05,4.43, 0.00
0.54,0.05,4.43, 0.00
0.54,0.05,4.43, 0.00
0.54,0.05,4.43, 0.00
0.54,0.05,4.43, 0.00
0.54,0.05,4.43, 0.00
0.54,0.05,4.43, 0.00
0.54,0.05,4.43, 0.00
0.54,0.05,4.43, 0.00
0.54,0.05,4.43, 0.00
0.54,0.05,4.43, 0.00
0.54,0.05,4.43, 0.00
0.63,0.05,4.50, 0.00
0.63,0.05,4.50, 0.00
0.63,0.05,4.50, 0.00
0.63,0.05,4.50, 0.00
0.63,0.05,4.50, 0.00
0.63,0.05,4.50, 0.00
0.63,0.05,4.50, 0.00
0.63,0.05,4.50, 0.00
0.63,0.05,4.50, 0.00
0.65,0.05,1.05, 0.00
0.65,0.05,1.05, 0.00
0.65,0.05,1.05, 0.00
0.65,0.05,1.05, 0.00
0.65,0.05,1.05, 0.00
0.65,0.05,1.05, 0.00
0.65,0.05,1.05, 0.00
0.56,0.05,0.00, 0.50
0.56,0.05,0.00, 0.50
0.56,0.05,0.00, 0.50
0.47,0.05,0.00, 0.00
0.58,0.08,5.42, 1.74
0.58,0.08,5.42, 1.74
0.58,0.08,5.42, 1.74
0.58,0.08,5.42, 1.74
0.58,0.08,5.42, 1.74
0.58,0.08,5.42, 1.74
0.58,0.08,5.42, 1.74
0.58,0.08,5.42, 1.74
0.38,0.35,0.00, 13.46
0.38,0.35,0.00, 13.46
0.38,0.35,0.00, 13.46
0.38,0.35,0.00, 13.46
0.38,0.35,0.00, 13.46
0.38,0.35,0.00, 13.46
0.38,0.35,0.00, 13.46
0.38,0.35,0.00, 13.46
0.38,0.35,0.00, 13.46
0.38,0.35,0.00, 13.46
0.38,0.35,0.00, 13.46
0.38,0.35,0.00, 13.46
0.38,0.35,0.00, 13.46
0.38,0.35,0.00, 13.46
0.38,0.35,0.00, 13.46
0.38,0.35,0.00, 13.46
0.38,0.35,0.00, 13.46
0.38,0.35,0.00, 13.46
0.38,0.35,0.00, 13.46
0.38,0.35,0.00, 13.46
0.38,0.35,0.00, 13.46
0.38,0.35,0.00, 13.46
0.38,0.35,0.00, 13.46
0.38,0.35,0.00, 13.46
0.38,0.35,0.00, 13.46
0.38,0.35,0.00, 13.46
0.38,0.35,0.00, 13.46
0.38,0.35,0.00, 13.46
0.38,0.35,0.00, 13.46
0.38,0.35,0.00, 13.46
0.38,0.35,0.00, 13.46
0.38,0.35,0.00, 13.46
0.38,0.35,0.00, 13.46
0.38,0.35,0.00, 13.46
0.38,0.35,0.00, 13.46
0.38,0.35,0.00, 13.46
0.38,0.35,0.00, 13.46
0.38,0.35,0.00, 13.46
0.38,0.35,0.00, 13.46
0.38,0.35,0.00, 13.46
0.38,0.35,0.00, 13.46
0.38,0.35,0.00, 13.46
0.38,0.35,0.00, 13.46
0.38,0.35,0.00, 13.46
0.38,0.35,0.00, 13.46
0.38,0.35,0.00, 13.46
0.38,0.35,0.00, 13.46
0.38,0.35,0.00, 13.46
0.38,0.35,0.00, 13.46
0.38,0.35,0.00, 13.46
0.45,0.43,3.45, 3.79
0.49,0.50,2.02, 3.50
1.57,1.50,53.24, 50.08
4.93,4.12,166.31, 130.70
4.93,4.12,166.31, 130.70
4.93,4.12,166.31, 130.70
4.93,4.12,166.31, 130.70
4.93,4.12,166.31, 130.70
4.93,4.12,166.31, 130.70
4.93,4.10,2.45, 0.00
4.93,4.10,2.45, 0.00
4.93,4.10,2.45, 0.00
4.93,4.10,2.45, 0.00
4.93,4.10,2.45, 0.00
4.93,4.11,0.04, 0.50
4.93,4.11,0.04, 0.50
4.93,4.11,0.04, 0.50
4.93,4.11,0.04, 0.50
4.93,4.11,0.04, 0.50
4.93,4.11,0.04, 0.50
4.93,4.11,0.04, 0.50
4.93,4.11,0.04, 0.50
4.93,4.11,0.04, 0.50
4.93,4.10,0.00, 0.00
4.93,4.13,0.00, 1.49
4.93,4.17,0.00, 2.00
4.93,4.11,0.00, 0.00
4.93,4.11,0.00, 0.00
4.93,4.11,0.00, 0.00
4.93,4.11,0.00, 0.00
4.93,4.13,0.00, 1.00
4.96,4.12,1.48, 0.00
4.96,4.11,0.02, 0.00
4.93,4.23,0.00, 5.73
4.93,4.27,0.00, 2.51
4.93,4.36,0.00, 4.49
4.93,4.36,0.00, 4.49
4.96,4.43,1.48, 3.01
4.96,4.43,1.48, 3.01
4.96,4.43,1.48, 3.01
4.96,4.43,1.48, 3.01
4.96,4.43,1.48, 3.01
4.96,4.43,1.48, 3.01
4.96,4.43,1.48, 3.01
4.96,4.43,1.48, 3.01
4.96,4.43,1.48, 3.01
4.93,4.51,0.00, 4.25
4.93,4.51,0.00, 4.25
4.93,4.51,0.00, 4.25
4.93,4.51,0.00, 4.25
4.93,4.51,0.00, 4.25
4.93,4.51,0.00, 4.25
4.93,4.51,0.00, 4.25
4.93,4.51,0.00, 4.25
4.93,4.51,0.00, 4.25
4.93,4.51,0.00, 4.25
4.93,4.51,0.00, 4.25
4.93,4.51,0.00, 4.25
4.93,4.54,0.00, 1.51
4.93,4.54,0.00, 1.51
4.93,4.54,0.00, 1.51
4.93,4.54,0.00, 1.51
4.93,4.54,0.00, 1.51
4.93,4.54,0.00, 1.51
4.93,4.54,0.00, 1.51
4.93,4.54,0.00, 1.51
4.93,4.54,0.00, 1.51
4.93,4.54,0.00, 1.51
4.93,4.54,0.00, 1.51
4.93,4.54,0.00, 1.51
4.93,4.54,0.00, 1.51
4.93,4.54,0.00, 1.51
4.96,4.61,1.48, 3.49
4.96,4.61,1.48, 3.49
4.96,4.61,1.48, 3.49
4.96,4.61,1.48, 3.49
4.96,4.61,1.48, 3.49
4.93,4.93,0.00, 15.71
4.93,4.93,0.00, 15.71
4.93,4.93,0.00, 15.71
4.93,4.93,0.00, 15.71
4.93,4.93,0.00, 15.71
4.96,5.02,1.48, 4.54
4.96,4.88,0.02, 0.00
4.96,4.88,0.02, 0.00
4.96,4.88,0.02, 0.00
4.96,4.88,0.02, 0.00
4.96,4.88,0.02, 0.00
4.96,4.88,0.02, 0.00
4.96,4.88,0.02, 0.00
4.96,4.88,0.02, 0.00
4.96,4.88,0.02, 0.00
4.96,4.88,0.02, 0.00
4.96,4.88,0.02, 0.00
4.96,4.88,0.02, 0.00
4.96,4.88,0.02, 0.00
4.93,4.68,0.00, 0.00
4.93,4.54,0.00, 0.00
4.96,4.49,1.48, 0.00
4.96,4.49,1.48, 0.00
4.96,4.49,1.48, 0.00
4.96,4.49,1.48, 0.00
4.96,4.49,1.48, 0.00
4.96,4.49,1.48, 0.00
4.96,4.49,1.48, 0.00
4.96,4.49,1.48, 0.00
4.96,4.49,1.48, 0.00
4.96,4.49,1.48, 0.00
4.96,4.49,1.48, 0.00
4.96,4.49,1.48, 0.00
4.93,4.03,0.00, 0.00
4.93,4.03,0.00, 0.00
4.93,4.09,0.00, 3.49
4.93,4.09,0.00, 3.49
4.93,4.09,0.00, 3.49
4.96,4.12,1.48, 1.26
4.93,4.10,0.00, 0.00
4.96,4.13,1.48, 1.49
4.93,4.13,0.00, 0.01
4.93,4.13,0.00, 0.01
4.96,4.14,1.48, 0.50
4.96,4.14,1.48, 0.50
4.93,4.17,0.00, 1.50
4.93,4.17,0.00, 1.50
4.93,4.17,0.00, 1.50
4.93,4.17,0.00, 1.50
4.93,4.17,0.00, 1.50
4.93,4.17,0.00, 1.50
4.93,4.17,0.00, 1.50
4.96,4.18,1.48, 0.50
4.96,4.18,1.48, 0.50
4.96,4.17,0.02, 0.00
4.96,4.17,0.02, 0.00
4.96,4.17,0.02, 0.00
4.96,4.17,0.02, 0.00
4.96,4.17,0.02, 0.00
4.96,4.17,0.02, 0.00
4.96,4.17,0.02, 0.00
4.96,4.17,0.02, 0.00
4.96,4.17,0.02, 0.00
4.96,4.17,0.02, 0.00
4.96,4.17,0.02, 0.00
4.96,4.17,0.02, 0.00
4.93,4.14,0.00, 0.00
4.93,4.14,0.00, 0.00
4.96,4.07,1.48, 0.00
4.96,4.07,1.48, 0.00
4.96,4.07,1.48, 0.00
4.96,4.07,1.48, 0.00
4.96,4.07,1.48, 0.00
4.96,4.07,1.48, 0.00
4.96,4.07,1.48, 0.00
4.93,4.07,0.00, 0.00
4.96,3.95,1.48, 0.00
4.96,3.95,1.48, 0.00
4.96,3.89,0.02, 0.00
4.96,3.89,0.02, 0.00
4.96,3.89,0.02, 0.00
4.96,3.89,0.02, 0.00
4.96,3.89,0.02, 0.00
4.96,3.89,0.02, 0.00
4.96,3.89,0.02, 0.00
4.96,3.89,0.02, 0.00
4.96,3.89,0.02, 0.00
4.96,3.61,0.00, 0.00
4.93,3.60,0.00, 0.00
4.96,3.61,1.48, 0.75
4.98,3.09,1.01, 0.00
5.00,3.03,1.00, 0.00
4.96,2.97,0.00, 0.00
4.96,2.89,0.00, 0.00
0.00,2.78,0.00, 0.00
0.00,2.51,0.00, 0.00
0.00,2.51,0.00, 0.00
0.00,2.51,0.00, 0.00
0.00,2.51,0.00, 0.00
0.00,2.51,0.00, 0.00
0.00,2.51,0.00, 0.00
0.00,2.51,0.00, 0.00
0.00,2.51,0.00, 0.00
0.00,2.51,0.00, 0.00
0.00,2.51,0.00, 0.00
0.00,2.51,0.00, 0.00
0.00,2.51,0.00, 0.00
0.00,2.51,0.00, 0.00
2.49,2.38,122.67, 0.00
4.44,2.20,97.87, 0.00
4.01,2.06,0.00, 0.00
1.23,1.16,0.00, 0.00
0.90,1.10,0.00, 0.00
0.94,1.07,1.97, 0.00
1.01,1.01,3.48, 0.00
0.88,1.00,0.00, 0.00
0.81,1.00,0.00, 0.00
0.88,0.98,3.45, 0.00
0.88,0.98,3.45, 0.00
0.88,0.98,3.45, 0.00
0.88,0.98,3.45, 0.00
0.88,0.98,3.45, 0.00
0.85,0.97,0.00, 0.00
0.83,0.95,0.00, 0.00
0.83,0.95,0.00, 0.00
0.83,0.94,0.00, 0.00
0.90,1.02,3.45, 4.23
0.94,1.05,2.02, 1.26
1.05,1.07,5.45, 1.00
1.10,1.09,2.54, 1.25
1.17,1.12,3.49, 1.75
1.17,1.12,3.49, 1.75
1.23,1.18,3.01, 3.00
1.26,1.24,1.52, 2.50
1.28,1.29,1.01, 2.75
1.35,1.31,3.46, 0.76
1.35,1.31,3.46, 0.76
1.35,1.31,3.46, 0.76
1.35,1.31,3.46, 0.76
1.35,1.34,0.05, 1.75
1.35,1.34,0.05, 1.75
1.39,1.35,1.97, 0.50
1.39,1.37,0.03, 0.75
1.39,1.37,0.03, 0.75
1.37,1.40,0.00, 1.75
1.32,1.40,0.00, 0.01
1.37,1.40,2.46, 0.00
1.39,1.39,1.02, 0.00
1.41,1.40,1.00, 0.50
1.46,1.41,2.48, 0.50
1.48,1.41,1.02, 0.00
1.48,1.43,0.02, 1.00
1.53,1.44,2.46, 0.75
1.53,1.44,0.04, 0.00
1.53,1.46,0.00, 0.75
1.53,1.42,0.00, 0.00
1.50,1.42,0.00, 0.00
1.48,1.41,0.00, 0.00
1.46,1.39,0.00, 0.00
1.44,1.36,0.00, 0.00
1.41,1.34,0.00, 0.00
1.41,1.34,0.00, 0.00
1.41,1.34,0.00, 0.00
1.37,1.28,0.00, 0.00
1.30,1.25,0.00, 0.00
1.26,1.18,0.00, 0.00
1.26,1.18,0.00, 0.00
1.26,1.18,0.00, 0.00
1.26,1.18,0.00, 0.00
1.26,1.18,0.00, 0.00
1.26,1.18,0.00, 0.00
1.26,1.18,0.00, 0.00
1.26,1.18,0.00, 0.00
1.26,1.18,0.00, 0.00
1.21,1.09,0.00, 0.00
1.17,1.03,0.00, 0.00
1.12,0.94,0.00, 0.00
1.14,0.59,0.99, 0.00
1.23,0.52,4.45, 0.00
1.28,0.45,2.53, 0.00
1.28,0.45,2.53, 0.00
1.30,0.39,1.02, 0.00
1.30,0.39,1.02, 0.00
1.30,0.39,1.02, 0.00
1.10,0.34,0.00, 0.00
1.10,0.34,0.00, 0.00
1.01,0.32,0.00, 0.00
0.74,0.12,0.00, 0.00
0.74,0.12,0.00, 0.00
0.74,0.12,0.00, 0.00
0.74,0.12,0.00, 0.00
0.74,0.12,0.00, 0.00
0.74,0.12,0.00, 0.00
0.47,0.07,0.00, 0.00
0.38,0.07,0.00, 0.00
0.38,0.07,0.00, 0.00
0.38,0.06,0.00, 0.00
0.09,0.05,0.00, 0.00
0.20,0.05,5.42, 0.00
0.18,0.06,0.00, 0.75
0.18,0.06,0.00, 0.75
0.18,0.06,0.00, 0.75
0.18,0.06,0.00, 0.75
0.18,0.06,0.00, 0.75
0.18,0.06,0.00, 0.75
0.18,0.06,0.00, 0.00
0.18,0.06,0.00, 0.00
0.16,0.05,0.00, 0.00
0.38,0.05,10.84, 0.00
0.38,0.05,10.84, 0.00
0.47,0.05,4.59, 0.00
0.45,0.05,0.00, 0.00
0.31,0.05,0.00, 0.00
0.20,0.05,0.00, 0.00
0.07,0.05,0.00, 0.50
0.02,0.06,0.00, 0.25
0.05,0.06,1.48, 0.00
0.11,0.05,2.98, 0.00
0.16,0.05,2.51, 0.50
0.22,0.06,2.99, 0.25
0.31,0.05,4.48, 0.00
0.34,0.05,1.54, 0.00
0.34,0.04,0.02, 0.00
0.29,0.05,0.00, 0.50
0.27,0.05,0.00, 0.50
0.25,0.05,0.00, 0.00
0.25,0.05,0.00, 0.50
0.20,0.05,0.00, 0.00
0.18,0.05,0.00, 0.00
0.18,0.05,0.00, 0.00
0.18,0.05,0.00, 0.00
0.20,0.05,0.99, 0.00
0.20,0.05,0.01, 0.00
0.16,0.05,0.00, 0.50
0.16,0.05,0.00, 0.00
0.20,0.05,1.97, 0.00
0.22,0.05,1.01, 0.00
0.22,0.05,1.01, 0.00
0.25,0.05,1.49, 0.50
0.25,0.05,0.02, 0.00
0.27,0.05,0.99, 0.00
0.29,0.05,1.00, 0.00
0.27,0.05,0.00, 0.00
0.22,0.05,0.00, 0.00
0.20,0.05,0.00, 0.00
0.20,0.05,0.00, 0.50
0.20,0.05,0.00, 0.50
0.18,0.06,0.00, 0.25
0.16,0.06,0.00, 0.00
0.16,0.06,0.00, 0.00
0.18,0.06,0.99, 0.00
0.22,0.05,1.99, 0.00
0.22,0.05,0.03, 0.50
0.20,0.05,0.00, 0.00
0.22,0.05,0.99, 0.50
0.25,0.06,1.49, 0.25
0.20,0.06,0.00, 0.00
0.20,0.06,0.00, 0.00
0.20,0.06,0.00, 0.00
0.20,0.06,0.00, 0.00
0.20,0.06,0.00, 0.00
0.20,0.06,0.00, 0.00
0.20,0.06,0.00, 0.00
0.20,0.06,0.00, 0.00
0.20,0.05,0.00, 0.00
0.20,0.05,0.00, 0.00
0.22,0.05,0.99, 0.00
0.22,0.05,0.99, 0.00
0.22,0.05,0.01, 0.00
0.18,0.05,0.00, 0.50
0.18,0.05,0.00, 0.50
0.18,0.05,0.00, 0.50
0.18,0.05,0.00, 0.50
0.18,0.05,0.00, 0.50
0.18,0.05,0.00, 0.50
0.18,0.05,0.00, 0.50
0.18,0.05,0.00, 0.50
0.18,0.05,0.00, 0.50
0.18,0.05,0.00, 0.50
0.18,0.05,0.00, 0.50
0.18,0.05,0.00, 0.50
0.18,0.05,0.00, 0.50
0.20,0.06,0.99, 0.25
0.22,0.05,1.00, 0.00
0.22,0.05,0.01, 0.00
0.20,0.05,0.00, 0.00
0.22,0.05,0.99, 0.00
0.22,0.05,0.01, 0.00
0.18,0.05,0.00, 0.00
0.18,0.05,0.00, 0.00
0.20,0.05,0.99, 0.50
0.20,0.05,0.01, 0.00
0.20,0.05,0.00, 0.00
0.18,0.05,0.00, 0.50
0.18,0.05,0.00, 0.00
0.20,0.05,0.99, 0.00
0.20,0.05,0.99, 0.00
0.20,0.05,0.01, 0.50
0.20,0.05,0.01, 0.50
0.20,0.05,0.01, 0.50
0.20,0.05,0.01, 0.50
0.20,0.05,0.01, 0.50
0.20,0.05,0.01, 0.50
0.20,0.05,0.01, 0.50
0.20,0.05,0.01, 0.50
0.20,0.05,0.01, 0.50
0.20,0.05,0.01, 0.50
0.20,0.05,0.01, 0.50
0.20,0.05,0.01, 0.50
0.20,0.05,0.01, 0.50
0.20,0.05,0.01, 0.50
0.18,0.05,0.00, 0.00
0.18,0.05,0.00, 0.00
0.18,0.05,0.00, 0.00
0.18,0.05,0.00, 0.00
0.18,0.05,0.00, 0.00
0.18,0.05,0.00, 0.00
0.18,0.05,0.00, 0.00
0.18,0.05,0.00, 0.00
0.18,0.05,0.00, 0.00
0.20,0.05,0.99, 0.00
0.22,0.05,1.00, 0.00
0.22,0.05,1.00, 0.00
0.22,0.05,1.00, 0.00
0.22,0.05,1.00, 0.00
0.22,0.05,1.00, 0.00
0.22,0.05,1.00, 0.00
0.18,0.05,0.00, 0.50
0.18,0.05,0.00, 0.50
0.18,0.05,0.00, 0.50
0.20,0.05,0.99, 0.00
0.20,0.05,0.01, 0.00
0.20,0.05,0.00, 0.00
0.18,0.05,0.00, 0.00
0.18,0.05,0.00, 0.50
0.20,0.05,0.99, 0.00
0.22,0.05,1.00, 0.00
0.18,0.05,0.00, 0.50
0.18,0.05,0.00, 0.00
0.18,0.05,0.00, 0.00
0.18,0.05,0.00, 0.00
0.18,0.05,0.00, 0.00
0.18,0.05,0.00, 0.00
0.18,0.05,0.00, 0.00
0.18,0.05,0.00, 0.00
0.18,0.05,0.00, 0.00
0.18,0.05,0.00, 0.00
0.18,0.05,0.00, 0.00
0.18,0.05,0.00, 0.50
0.18,0.05,0.00, 0.50
0.18,0.05,0.00, 0.50
0.20,0.05,0.99, 0.00
0.18,0.05,0.00, 0.00
0.18,0.05,0.00, 0.00
0.18,0.05,0.00, 0.00
0.18,0.05,0.00, 0.00
0.18,0.05,0.00, 0.00
0.18,0.05,0.00, 0.00
0.18,0.05,0.00, 0.00
0.20,0.05,0.99, 0.00
0.20,0.05,0.01, 0.50
0.18,0.05,0.00, 0.00
0.20,0.05,0.99, 0.00
0.20,0.05,0.01, 0.00
0.20,0.05,0.01, 0.00
0.20,0.05,0.00, 0.50
0.18,0.05,0.00, 0.00
0.20,0.05,0.99, 0.00
0.20,0.05,0.01, 0.00
0.22,0.05,0.99, 0.50
0.22,0.05,0.99, 0.50
0.22,0.05,0.99, 0.50
0.18,0.05,0.00, 0.00
0.16,0.05,0.00, 0.50
0.16,0.05,0.00, 0.50
0.16,0.05,0.00, 0.50
0.16,0.05,0.00, 0.50
0.16,0.05,0.00, 0.50
0.16,0.05,0.00, 0.50
0.18,0.06,0.99, 0.25
0.18,0.06,0.99, 0.25
0.20,0.05,1.00, 0.00
0.18,0.05,0.00, 0.00
0.18,0.05,0.00, 0.00
0.16,0.05,0.00, 0.00
0.16,0.05,0.00, 0.00
0.20,0.05,1.97, 0.00
0.20,0.05,0.03, 0.50
0.18,0.05,0.00, 0.00
0.20,0.05,0.99, 0.00
0.20,0.05,0.01, 0.00
0.20,0.05,0.01, 0.00
0.20,0.05,0.01, 0.00
0.18,0.05,0.00, 0.00
0.18,0.05,0.00, 0.50
0.18,0.05,0.00, 0.00
0.18,0.05,0.00, 0.00
0.16,0.05,0.00, 0.00
0.20,0.05,1.97, 0.50
0.20,0.05,1.97, 0.50
0.20,0.05,1.97, 0.50
0.20,0.05,1.97, 0.50
0.20,0.05,1.97, 0.50
0.22,0.06,1.01, 0.25
0.22,0.06,1.01, 0.25
0.22,0.06,1.01, 0.25
0.22,0.06,1.01, 0.25
0.22,0.06,1.01, 0.25
0.22,0.06,1.01, 0.25
0.22,0.06,1.01, 0.25
0.18,0.05,0.00, 0.00
0.18,0.05,0.00, 0.00
0.18,0.05,0.00, 0.00
0.18,0.05,0.00, 0.00
0.20,0.05,0.99, 0.00
0.20,0.05,0.01, 0.00
0.20,0.05,0.00, 0.00
0.18,0.05,0.00, 0.50
0.20,0.06,0.99, 0.25
0.20,0.05,0.01, 0.00
0.20,0.05,0.01, 0.00
0.20,0.05,0.01, 0.00
0.20,0.05,0.01, 0.00
0.20,0.05,0.01, 0.00
0.20,0.05,0.01, 0.00
0.20,0.05,0.01, 0.00
0.20,0.05,0.00, 0.50
0.20,0.05,0.00, 0.50
0.20,0.05,0.00, 0.50
0.18,0.05,0.00, 0.00
0.16,0.05,0.00, 0.00
0.18,0.05,0.99, 0.00
0.18,0.05,0.99, 0.00
0.18,0.06,0.01, 0.75
0.22,0.05,1.97, 0.00
0.22,0.05,1.97, 0.00
0.22,0.05,1.97, 0.00
0.22,0.05,1.97, 0.00
0.22,0.05,1.97, 0.00
0.22,0.05,1.97, 0.00
0.22,0.05,0.03, 0.50
0.22,0.05,0.03, 0.50
0.22,0.05,0.03, 0.50
0.16,0.05,0.00, 0.00
0.16,0.05,0.00, 0.00
0.16,0.05,0.00, 0.00
0.16,0.05,0.00, 0.00
0.16,0.05,0.00, 0.00
0.16,0.05,0.00, 0.00
0.16,0.05,0.00, 0.00
0.16,0.05,0.00, 0.00
0.16,0.05,0.00, 0.00
0.16,0.05,0.00, 0.00
0.16,0.05,0.00, 0.00
0.16,0.05,0.00, 0.00
0.16,0.05,0.00, 0.00
0.16,0.05,0.00, 0.00
0.18,0.05,0.99, 0.00
0.18,0.05,0.99, 0.00
0.18,0.05,0.01, 0.50
0.18,0.05,0.01, 0.50
0.20,0.05,0.99, 0.00
0.16,0.05,0.00, 0.50
0.16,0.05,0.00, 0.00
0.16,0.05,0.00, 0.00
0.16,0.05,0.00, 0.00
0.16,0.05,0.00, 0.00
0.16,0.05,0.00, 0.00
0.16,0.05,0.00, 0.00
0.16,0.05,0.00, 0.00
0.16,0.05,0.00, 0.00
0.20,0.05,1.97, 0.50
0.20,0.05,0.03, 0.00
0.20,0.05,0.03, 0.00
0.20,0.05,0.03, 0.00
0.20,0.05,0.03, 0.00
0.20,0.05,0.03, 0.00
0.20,0.05,0.03, 0.00
0.20,0.05,0.03, 0.00
0.20,0.05,0.03, 0.00
0.20,0.05,0.03, 0.00
0.20,0.05,0.03, 0.00
0.20,0.05,0.03, 0.00
0.20,0.05,0.00, 0.00
0.20,0.05,0.00, 0.00
0.18,0.05,0.00, 0.50
0.16,0.05,0.00, 0.00
0.18,0.05,0.99, 0.50
0.20,0.06,1.00, 0.25
0.20,0.06,1.00, 0.25
0.20,0.06,1.00, 0.25
0.20,0.06,1.00, 0.25
0.20,0.06,1.00, 0.25
0.20,0.06,1.00, 0.25
0.20,0.06,1.00, 0.25
0.20,0.06,1.00, 0.25
0.20,0.06,1.00, 0.25
0.20,0.06,1.00, 0.25
0.20,0.06,1.00, 0.25
0.18,0.05,0.00, 0.00
0.16,0.05,0.00, 0.50
0.16,0.05,0.00, 0.50
0.16,0.05,0.00, 0.50
0.16,0.05,0.00, 0.50
0.16,0.05,0.00, 0.50
0.16,0.05,0.00, 0.50
0.16,0.05,0.00, 0.50
0.16,0.05,0.00, 0.50
0.16,0.05,0.00, 0.50
0.16,0.06,0.00, 0.25
0.18,0.05,0.99, 0.00
0.18,0.05,0.99, 0.00
0.18,0.05,0.99, 0.00
0.18,0.05,0.99, 0.00
0.18,0.05,0.99, 0.00
0.18,0.05,0.99, 0.00
0.18,0.06,0.01, 0.25
0.18,0.06,0.01, 0.25
0.16,0.05,0.00, 0.00
0.20,0.05,1.97, 0.00
0.20,0.05,0.03, 0.00
0.18,0.05,0.00, 0.00
0.16,0.05,0.00, 0.00
0.16,0.05,0.00, 0.50
0.16,0.05,0.00, 0.50
0.18,0.06,0.99, 0.25
0.16,0.06,0.00, 0.00
0.16,0.05,0.00, 0.00
0.18,0.05,0.99, 0.00
0.18,0.05,0.01, 0.50
0.20,0.05,0.99, 0.00
0.20,0.05,0.99, 0.00
0.18,0.05,0.00, 0.00
0.18,0.05,0.00, 0.00
0.18,0.05,0.00, 0.00
0.16,0.05,0.00, 0.00
0.18,0.05,0.99, 0.00
0.16,0.05,0.00, 0.00
0.16,0.05,0.00, 0.00
0.16,0.05,0.00, 0.00
0.16,0.05,0.00, 0.00
0.16,0.05,0.00, 0.00
0.16,0.05,0.00, 0.00
0.16,0.05,0.00, 0.00
0.16,0.05,0.00, 0.00
0.16,0.05,0.00, 0.00
0.16,0.05,0.00, 0.00
0.16,0.05,0.00, 0.00
0.16,0.05,0.00, 0.00
0.16,0.05,0.00, 0.00
0.16,0.05,0.00, 0.00
0.14,0.05,0.00, 0.50
0.16,0.05,0.99, 0.00
0.18,0.05,1.00, 0.50
0.16,0.05,0.00, 0.00
0.16,0.05,0.00, 0.00
0.16,0.05,0.00, 0.00
0.18,0.05,0.99, 0.00
0.20,0.05,1.00, 0.50
0.16,0.06,0.00, 0.25
0.18,0.06,0.99, 0.00
0.20,0.05,1.00, 0.00
0.20,0.05,0.01, 0.50
0.18,0.06,0.00, 0.25
0.18,0.05,0.00, 0.00
0.18,0.05,0.00, 0.00
0.16,0.05,0.00, 0.00
0.14,0.05,0.00, 0.50
0.14,0.05,0.00, 0.00
0.16,0.05,0.99, 0.00
0.18,0.05,1.00, 0.00
0.16,0.05,0.00, 0.50
0.18,0.05,0.99, 0.00
0.20,0.05,1.00, 0.00
0.20,0.05,0.01, 0.50
0.20,0.05,0.01, 0.50
0.20,0.05,0.00, 0.00
0.18,0.05,0.00, 0.00
0.18,0.05,0.00, 0.00
0.18,0.05,0.00, 0.50
0.18,0.06,0.00, 0.25
0.16,0.05,0.00, 0.00
0.14,0.05,0.00, 0.00
0.14,0.05,0.00, 0.00
0.14,0.05,0.00, 0.00
0.14,0.05,0.00, 0.00
0.14,0.05,0.00, 0.00
0.14,0.05,0.00, 0.00
0.14,0.05,0.00, 0.00
0.16,0.05,0.99, 0.00
0.16,0.05,0.99, 0.00
0.16,0.05,0.99, 0.00
0.16,0.05,0.99, 0.00
0.16,0.05,0.99, 0.00
0.16,0.05,0.99, 0.00
0.16,0.05,0.99, 0.00
0.16,0.05,0.01, 0.50
0.16,0.05,0.01, 0.50
0.16,0.06,0.00, 0.25
0.18,0.05,0.99, 0.00
0.18,0.05,0.01, 0.00
0.16,0.05,0.00, 0.00
0.16,0.05,0.00, 0.00
0.16,0.05,0.00, 0.50
0.18,0.05,0.99, 0.00
0.20,0.05,1.00, 0.00
0.14,0.05,0.00, 0.50
0.14,0.05,0.00, 0.00
0.20,0.05,2.96, 0.50
0.20,0.06,0.04, 0.25
0.16,0.05,0.00, 0.00
0.14,0.05,0.00, 0.00
0.14,0.05,0.00, 0.00
0.14,0.05,0.00, 0.00
0.14,0.05,0.00, 0.00
0.14,0.05,0.00, 0.00
0.14,0.05,0.00, 0.00
0.14,0.05,0.00, 0.00
0.14,0.05,0.00, 0.00
0.18,0.05,1.97, 0.00
0.18,0.05,0.03, 0.50
0.18,0.06,0.00, 0.25
0.16,0.05,0.00, 0.00
0.16,0.05,0.00, 0.00
0.18,0.05,0.99, 0.50
0.20,0.05,1.00, 0.00
0.18,0.05,0.00, 0.50
0.14,0.05,0.00, 0.00
0.14,0.05,0.00, 0.00
0.18,0.05,1.97, 0.00
0.20,0.05,1.01, 0.50
0.20,0.05,1.01, 0.50
0.20,0.05,1.01, 0.50
0.20,0.05,1.01, 0.50
0.20,0.05,1.01, 0.50
0.20,0.05,1.01, 0.50
0.20,0.05,1.01, 0.50
0.20,0.05,1.01, 0.50
0.16,0.05,0.00, 0.00
0.11,0.05,0.00, 0.00
0.11,0.05,0.00, 0.00
0.11,0.05,0.00, 0.00
0.11,0.05,0.00, 0.00
0.11,0.05,0.00, 0.00
0.11,0.05,0.00, 0.00
0.11,0.05,0.00, 0.00
0.11,0.05,0.00, 0.00
0.11,0.05,0.00, 0.00
0.11,0.05,0.00, 0.00
0.11,0.05,0.00, 0.00
0.11,0.05,0.00, 0.00
0.11,0.05,0.00, 0.00
0.11,0.05,0.00, 0.00
0.11,0.05,0.00, 0.00
0.11,0.05,0.00, 0.00
0.11,0.05,0.00, 0.00
0.11,0.05,0.00, 0.00
0.11,0.05,0.00, 0.00
0.11,0.05,0.00, 0.00
0.18,0.05,3.45, 0.50
0.18,0.05,0.05, 0.00
0.14,0.05,0.00, 0.00
0.14,0.05,0.00, 0.00
0.16,0.05,0.99, 0.00
0.18,0.05,1.00, 0.50
0.16,0.06,0.00, 0.25
0.14,0.06,0.00, 0.00
0.14,0.05,0.00, 0.00
0.18,0.05,1.97, 0.50
0.18,0.06,0.03, 0.25
0.16,0.05,0.00, 0.00
0.16,0.05,0.00, 0.00
0.16,0.05,0.00, 0.00
0.16,0.05,0.00, 0.00
0.16,0.05,0.00, 0.00
0.16,0.05,0.00, 0.00
0.16,0.05,0.00, 0.00
0.16,0.05,0.00, 0.00
0.16,0.05,0.00, 0.00
0.16,0.05,0.00, 0.00
0.18,0.05,0.99, 0.00
0.18,0.05,0.01, 0.00
0.18,0.05,0.01, 0.00
0.18,0.05,0.01, 0.00
0.18,0.05,0.01, 0.00
0.18,0.05,0.01, 0.00
0.18,0.05,0.01, 0.00
0.14,0.05,0.00, 0.00
0.14,0.05,0.00, 0.00
0.18,0.05,1.97, 0.50
0.18,0.05,0.03, 0.00
0.18,0.05,0.03, 0.00
0.14,0.05,0.00, 0.00
0.14,0.05,0.00, 0.00
0.18,0.05,1.97, 0.50
0.18,0.05,1.97, 0.50
0.18,0.05,1.97, 0.50
0.18,0.05,1.97, 0.50
0.18,0.05,1.97, 0.50
0.18,0.05,1.97, 0.50
0.18,0.05,1.97, 0.50
0.18,0.05,1.97, 0.50
0.18,0.05,1.97, 0.50
0.18,0.05,1.97, 0.50
0.18,0.05,1.97, 0.50
0.18,0.05,1.97, 0.50
0.18,0.05,1.97, 0.50
0.18,0.05,1.97, 0.50
0.18,0.06,0.03, 0.25
0.18,0.06,0.03, 0.25
0.18,0.06,0.03, 0.25
0.18,0.06,0.03, 0.25
0.18,0.06,0.03, 0.25
0.18,0.06,0.03, 0.25
0.18,0.06,0.03, 0.25
0.18,0.06,0.03, 0.25
0.18,0.06,0.03, 0.25
0.18,0.06,0.03, 0.25
0.18,0.06,0.03, 0.25
0.18,0.06,0.03, 0.25
0.18,0.06,0.03, 0.25
0.18,0.06,0.03, 0.25
0.14,0.05,0.00, 0.00
0.16,0.05,0.99, 0.50
0.14,0.05,0.00, 0.00
0.16,0.05,0.99, 0.00
0.14,0.05,0.00, 0.00
0.14,0.05,0.00, 0.00
0.14,0.05,0.00, 0.00
0.14,0.05,0.00, 0.00
0.18,0.05,1.97, 0.50
0.14,0.05,0.00, 0.00
0.16,0.05,0.99, 0.00
0.18,0.05,1.00, 0.00
0.18,0.05,0.01, 0.00
0.18,0.05,0.00, 0.50
0.18,0.05,0.00, 0.00
0.20,0.05,0.99, 0.00
0.16,0.05,0.00, 0.00
0.16,0.05,0.00, 0.00
0.16,0.05,0.00, 0.00
0.14,0.05,0.00, 0.00
0.14,0.05,0.00, 0.00
0.16,0.05,0.99, 0.00
0.16,0.05,0.01, 0.00
0.16,0.05,0.00, 0.00
0.18,0.05,0.99, 0.50
0.18,0.05,0.99, 0.50
0.16,0.06,0.00, 0.25
0.16,0.05,0.00, 0.00
0.18,0.05,0.99, 0.50
0.18,0.05,0.01, 0.00
0.20,0.05,0.99, 0.00
0.18,0.05,0.00, 0.50
0.16,0.05,0.00, 0.00
0.16,0.05,0.00, 0.00
0.18,0.05,0.99, 0.50
0.16,0.05,0.00, 0.00
0.11,0.05,0.00, 0.00
0.14,0.05,1.48, 0