0.07,0.20,3.45, 10.21
0.09,0.18,1.04, 0.00
0.11,0.16,1.00, 0.00
0.09,0.12,0.00, 0.00
0.09,0.09,0.00, 0.00
0.09,0.09,0.00, 0.00
0.02,0.06,0.00, 0.00
0.02,0.06,0.00, 0.00
0.02,0.06,0.00, 0.00
0.00,0.06,0.00, 0.00
0.00,0.06,0.00, 0.00
0.04,0.05,1.97, 0.00
0.04,0.05,1.97, 0.00
0.04,0.05,0.03, 0.00
0.04,0.05,0.03, 0.00
0.04,0.05,0.03, 0.00
0.07,0.06,1.48, 0.25
0.09,0.06,1.01, 0.00
0.02,0.05,0.00, 0.00
0.00,0.09,0.00, 2.49
0.00,0.11,0.00, 1.01
0.00,0.11,0.00, 1.01
0.00,0.11,0.00, 0.00
0.00,0.16,0.00, 2.49
0.00,0.17,0.00, 1.01
0.00,0.14,0.00, 0.00
0.00,0.14,0.00, 0.00
0.00,0.16,0.00, 0.75
0.00,0.16,0.00, 0.75
0.00,0.16,0.00, 0.75
0.00,0.16,0.00, 0.75
0.00,0.16,0.00, 0.75
0.00,0.16,0.00, 0.75
0.00,0.16,0.00, 0.75
0.00,0.16,0.00, 0.75
0.00,0.16,0.00, 0.75
0.00,0.16,0.00, 0.50
0.00,0.16,0.00, 0.50
0.00,0.16,0.00, 0.50
0.00,0.16,0.00, 0.50
0.00,0.16,0.00, 0.50
0.00,0.16,0.00, 0.50
0.00,0.16,0.00, 0.50
0.00,0.16,0.00, 0.50
0.00,0.16,0.00, 0.50
0.00,0.16,0.00, 0.50
0.00,0.16,0.00, 0.50
0.00,0.16,0.00, 0.00
0.00,0.16,0.00, 0.50
0.00,0.17,0.00, 0.50
0.00,0.11,0.00, 0.00
0.00,0.11,0.00, 0.00
0.00,0.09,0.00, 0.00
0.00,0.09,0.00, 0.00
0.00,0.09,0.00, 0.00
0.00,0.09,0.00, 0.00
0.00,0.09,0.00, 0.00
0.00,0.09,0.00, 0.00
0.00,0.09,0.00, 0.00
0.00,0.09,0.00, 0.00
0.00,0.09,0.00, 0.00
0.00,0.09,0.00, 0.00
0.00,0.09,0.00, 0.00
0.00,0.09,0.00, 0.00
0.00,0.09,0.00, 0.00
0.00,0.09,0.00, 0.00
0.00,0.09,0.00, 0.00
0.00,0.09,0.00, 0.00
0.00,0.09,0.00, 0.00
0.00,0.06,0.00, 0.00
0.02,0.05,0.99, 0.00
0.00,0.10,0.00, 2.49
0.00,0.10,0.00, 2.49
0.00,0.10,0.00, 2.49
0.00,0.10,0.00, 2.49
0.00,0.10,0.00, 2.49
0.00,0.10,0.00, 2.49
0.00,0.10,0.00, 2.49
0.00,0.10,0.00, 2.49
0.00,0.10,0.00, 2.49
0.00,0.10,0.00, 2.49
0.00,0.15,0.00, 2.25
0.00,0.16,0.00, 0.76
0.00,0.19,0.00, 1.25
0.00,0.19,0.00, 1.25
0.00,0.19,0.00, 1.25
0.00,0.19,0.00, 1.25
0.00,0.19,0.00, 1.25
0.00,0.19,0.00, 1.25
0.00,0.19,0.00, 1.25
0.00,0.19,0.00, 1.25
0.00,0.19,0.00, 1.25
0.00,0.19,0.00, 1.25
0.00,0.19,0.00, 1.25
0.00,0.19,0.00, 1.25
0.00,0.19,0.00, 1.25
0.00,0.19,0.00, 1.25
0.00,0.19,0.00, 1.25
0.00,0.19,0.00, 1.25
0.00,0.19,0.00, 1.25
0.00,0.19,0.00, 1.25
0.00,0.19,0.00, 1.25
0.00,0.19,0.00, 1.25
0.00,0.33,0.00, 6.98
0.00,0.33,0.00, 6.98
0.00,0.33,0.00, 6.98
0.00,0.33,0.00, 6.98
0.00,0.33,0.00, 6.98
0.00,0.37,0.00, 1.77
0.00,0.43,0.00, 3.00
1.21,2.64,59.61, 110.60
1.77,3.45,28.47, 40.26
1.75,3.58,0.00, 6.62
1.77,3.71,0.99, 6.75
1.77,3.83,0.01, 6.00
1.77,3.96,0.00, 6.50
1.75,4.07,0.00, 5.75
1.77,4.20,0.99, 6.25
1.77,4.20,0.99, 6.25
1.75,4.28,0.00, 4.26
1.77,4.36,0.99, 3.50
1.77,4.36,0.99, 3.50
1.77,4.44,0.01, 4.25
1.77,4.55,0.00, 5.50
1.77,4.57,0.00, 0.77
1.77,4.57,0.00, 0.00
1.77,4.56,0.00, 0.00
1.77,4.56,0.00, 0.00
1.77,4.56,0.00, 0.00
1.77,4.56,0.00, 0.00
1.77,4.56,0.00, 0.00
1.77,4.56,0.00, 0.00
1.77,4.56,0.00, 0.00
1.77,4.56,0.00, 0.00
1.77,4.56,0.00, 0.00
1.77,4.56,0.00, 0.00
1.77,4.56,0.00, 0.00
1.77,4.52,0.00, 0.00
1.77,4.52,0.00, 0.00
1.77,4.48,0.00, 0.00
1.77,4.39,0.00, 0.00
1.77,3.47,0.00, 0.00
1.77,3.44,0.00, 0.00
1.79,3.41,0.99, 0.00
1.79,3.40,0.01, 0.00
1.77,3.42,0.00, 1.00
1.77,3.47,0.00, 2.74
1.77,3.45,0.00, 0.00
1.79,3.46,0.99, 0.50
1.79,3.46,0.99, 0.50
1.79,3.50,0.01, 1.75
1.77,3.54,0.00, 2.00
1.77,3.56,0.00, 1.00
1.79,3.58,0.99, 0.75
1.77,3.60,0.00, 1.00
1.79,3.64,0.99, 2.49
1.79,3.64,0.01, 0.01
1.77,3.69,0.00, 2.24
1.79,3.72,0.99, 1.75
1.77,3.72,0.00, 0.00
1.79,3.73,0.99, 0.50
1.79,3.70,0.01, 0.00
1.79,3.73,0.00, 1.25
1.79,3.74,0.00, 0.50
1.79,3.76,0.00, 0.75
1.79,3.79,0.00, 1.75
1.79,3.78,0.00, 0.00
1.79,3.78,0.00, 0.00
1.79,3.81,0.00, 1.49
1.79,3.81,0.00, 0.01
1.77,3.85,0.00, 1.74
1.77,3.86,0.00, 0.75
1.77,3.86,0.00, 0.75
1.77,3.86,0.00, 0.75
1.77,3.86,0.00, 0.75
1.77,3.86,0.00, 0.75
1.79,3.88,0.99, 1.25
1.79,3.91,0.01, 1.50
1.77,3.92,0.00, 0.25
1.77,3.92,0.00, 0.25
1.77,3.92,0.00, 0.25
1.77,3.92,0.00, 0.25
1.77,3.92,0.00, 0.25
1.77,3.99,0.00, 3.24
1.79,3.97,0.99, 0.00
1.79,3.96,0.01, 0.00
1.79,3.96,0.01, 0.00
1.79,3.96,0.01, 0.00
1.79,3.99,0.00, 1.49
1.79,4.03,0.00, 1.75
1.79,4.03,0.00, 0.50
1.77,4.05,0.00, 0.75
1.77,4.05,0.00, 0.00
1.79,4.05,0.99, 0.00
1.79,4.05,0.99, 0.00
1.79,4.05,0.99, 0.00
1.79,4.05,0.99, 0.00
1.79,4.05,0.99, 0.00
1.79,4.05,0.99, 0.00
1.79,4.05,0.99, 0.00
1.79,4.05,0.99, 0.00
1.79,4.05,0.99, 0.00
1.79,4.05,0.99, 0.00
1.79,4.05,0.99, 0.00
1.79,4.05,0.99, 0.00
1.79,4.05,0.99, 0.00
1.79,4.05,0.99, 0.00
1.79,4.05,0.99, 0.00
1.79,4.05,0.99, 0.00
1.79,4.05,0.99, 0.00
1.79,4.05,0.99, 0.00
1.79,4.05,0.99, 0.00
1.79,4.05,0.99, 0.00
1.79,4.05,0.99, 0.00
1.79,4.05,0.99, 0.00
1.79,4.05,0.99, 0.00
1.79,4.05,0.01, 0.00
1.79,4.05,0.01, 0.00
1.79,4.05,0.01, 0.00
1.79,4.05,0.01, 0.00
1.79,4.05,0.01, 0.00
1.79,4.05,0.01, 0.00
1.79,4.05,0.01, 0.00
1.79,4.05,0.01, 0.00
1.79,4.05,0.01, 0.00
1.79,4.05,0.01, 0.00
1.79,4.05,0.01, 0.00
1.79,4.05,0.01, 0.00
1.79,4.05,0.01, 0.00
1.79,4.05,0.01, 0.00
1.79,4.05,0.01, 0.00
1.79,4.05,0.01, 0.00
1.79,4.05,0.01, 0.00
1.79,4.05,0.01, 0.00
1.79,4.05,0.01, 0.00
1.79,4.05,0.01, 0.00
1.79,4.03,0.00, 0.00
1.79,4.03,0.00, 0.00
1.79,4.03,0.00, 0.00
1.79,4.03,0.00, 0.00
1.79,4.03,0.00, 0.00
1.79,4.03,0.00, 0.00
1.79,4.03,0.00, 0.00
1.79,4.03,0.00, 0.00
1.79,4.03,0.00, 0.00
1.79,4.03,0.00, 0.00
1.79,4.03,0.00, 0.00
1.79,4.03,0.00, 0.00
1.79,4.03,0.00, 0.00
1.79,4.03,0.00, 0.00
1.79,4.03,0.00, 0.00
1.79,4.03,0.00, 0.00
1.79,4.03,0.00, 0.00
1.79,4.03,0.00, 0.00
1.79,4.03,0.00, 0.00
1.79,4.03,0.00, 0.00
1.79,4.03,0.00, 0.00
1.79,4.03,0.00, 0.00
1.79,3.85,0.00, 0.00
1.79,3.78,0.00, 0.00
1.79,3.78,0.00, 0.00
1.79,3.16,0.00, 0.00
1.52,2.99,0.00, 0.00
1.52,2.99,0.00, 0.00
1.52,2.99,0.00, 0.00
0.00,2.73,0.00, 0.00
0.00,2.73,0.00, 0.00
0.94,2.53,46.31, 0.00
1.77,2.37,41.57, 0.00
0.56,1.85,0.00, 0.00
0.92,1.45,17.74, 0.00
0.61,1.24,0.00, 0.00
0.47,0.88,0.00, 0.00
0.43,0.69,0.00, 0.00
0.43,0.69,0.00, 0.00
0.43,0.69,0.00, 0.00
0.40,0.51,0.00, 0.00
0.25,0.38,0.00, 0.00
0.29,0.25,1.97, 0.00
0.22,0.12,0.00, 0.00
0.22,0.06,0.00, 0.00
0.22,0.06,0.00, 0.00
0.25,0.05,1.48, 0.00
0.25,0.05,1.48, 0.00
0.25,0.05,1.48, 0.00
0.25,0.05,0.02, 0.00
0.25,0.05,0.02, 0.00
0.25,0.05,0.00, 0.00
0.11,0.04,0.00, 0.00
0.00,0.07,0.00, 1.74
0.00,0.06,0.00, 0.00
0.04,0.06,1.97, 0.00
0.04,0.06,1.97, 0.00
0.04,0.06,1.97, 0.00
0.04,0.06,1.97, 0.00
0.18,0.07,6.93, 0.50
0.18,0.07,6.93, 0.50
0.18,0.07,6.93, 0.50
0.25,0.07,3.55, 0.00
0.25,0.06,0.05, 0.00
0.00,0.05,0.00, 0.00
0.16,0.05,7.88, 0.00
0.18,0.05,1.10, 0.50
0.18,0.05,1.10, 0.50
0.20,0.06,1.00, 0.25
0.16,0.07,0.00, 0.50
0.09,0.06,0.00, 0.00
0.07,0.07,0.00, 0.50
0.07,0.07,0.00, 0.50
0.13,0.07,2.96, 0.00
0.07,0.07,0.00, 0.00
0.11,0.07,1.97, 0.00
0.13,0.08,1.01, 0.50
0.13,0.09,0.01, 0.50
0.13,0.09,0.01, 0.50
0.13,0.09,0.01, 0.50
0.16,0.12,1.48, 1.50
0.18,0.13,1.01, 0.50
0.18,0.13,0.01, 0.00
0.25,0.14,3.45, 0.75
0.25,0.17,0.05, 1.50
0.25,0.17,0.00, 0.01
0.25,0.17,0.00, 0.01
0.27,0.19,0.99, 0.75
0.31,0.20,1.99, 0.50
0.31,0.20,1.99, 0.50
0.31,0.20,1.99, 0.50
0.31,0.20,1.99, 0.50
0.31,0.20,1.99, 0.50
0.31,0.20,1.99, 0.50
0.31,0.20,1.99, 0.50
0.31,0.20,1.99, 0.50
0.34,0.23,1.51, 1.75
0.40,0.37,2.98, 6.48
0.43,0.46,1.52, 5.01
0.76,1.22,16.28, 37.88
0.87,1.35,5.66, 6.12
0.94,1.49,3.53, 7.25
0.94,1.49,3.53, 7.25
0.94,1.49,3.53, 7.25
0.94,1.49,3.53, 7.25
0.94,1.49,3.53, 7.25
1.03,1.64,4.49, 7.75
1.17,1.81,6.96, 8.00
1.21,1.96,2.07, 8.00
1.75,2.82,26.63, 42.37
1.77,2.97,1.38, 7.88
1.77,3.10,0.02, 6.51
1.77,3.21,0.00, 5.50
1.77,3.30,0.00, 4.25
1.77,3.30,0.00, 4.25
1.77,3.30,0.00, 4.25
1.77,3.30,0.00, 4.25
1.77,3.30,0.00, 4.25
1.77,3.30,0.00, 4.25
1.77,3.30,0.00, 4.25
1.77,3.30,0.00, 4.25
1.77,3.30,0.00, 4.25
1.77,3.38,0.00, 4.00
1.77,3.47,0.00, 4.50
1.77,3.55,0.00, 4.00
1.77,3.88,0.00, 16.95
1.77,3.88,0.00, 0.00
1.77,3.88,0.00, 0.00
1.77,3.88,0.00, 0.00
1.77,3.85,0.00, 0.00
1.79,3.82,0.99, 0.00
1.79,3.77,0.01, 0.00
1.77,3.64,0.00, 0.00
1.77,3.64,0.00, 0.00
1.77,3.64,0.00, 0.00
1.79,3.59,0.99, 0.00
1.79,3.53,0.01, 0.00
1.79,3.46,0.00, 0.00
1.79,3.37,0.00, 0.00
1.79,3.30,0.00, 0.00
1.79,3.26,0.00, 0.00
1.79,3.20,0.00, 0.00
1.79,3.20,0.00, 0.00
1.79,3.17,0.00, 0.00
1.79,3.15,0.00, 0.00
1.79,3.14,0.00, 0.00
1.79,3.15,0.00, 0.50
1.79,3.15,0.00, 0.50
1.79,3.15,0.00, 0.50
1.79,3.15,0.00, 0.50
1.79,3.18,0.00, 1.25
1.79,3.20,0.00, 1.00
1.79,3.23,0.00, 1.50
1.77,3.26,0.00, 1.50
1.79,3.30,0.99, 2.00
1.77,3.31,0.00, 0.51
1.79,3.32,0.99, 0.50
1.79,3.33,0.01, 0.25
1.79,3.33,0.01, 0.25
1.79,3.36,0.00, 1.74
1.79,3.36,0.00, 1.74
1.79,3.36,0.00, 1.74
1.79,3.36,0.00, 1.74
1.79,3.38,0.00, 1.25
1.79,3.38,0.00, 1.25
1.79,3.40,0.00, 1.00
1.79,3.42,0.00, 0.75
1.79,3.47,0.00, 2.49
1.79,3.47,0.00, 0.01
1.79,3.47,0.00, 0.00
1.79,3.49,0.00, 1.00
1.79,3.49,0.00, 1.00
1.79,3.49,0.00, 1.00
1.79,3.49,0.00, 1.00
1.79,3.48,0.00, 0.00
1.79,3.47,0.00, 0.00
1.79,3.47,0.00, 0.50
1.79,3.48,0.00, 0.25
1.79,3.44,0.00, 0.00
1.75,3.43,0.00, 0.00
1.75,3.43,0.00, 0.00
1.79,3.45,1.97, 0.75
1.79,3.43,0.03, 0.00
1.79,3.39,0.00, 0.00
1.79,3.36,0.00, 0.00
1.79,3.36,0.00, 0.00
1.79,3.36,0.00, 0.00
1.79,3.36,0.00, 0.00
1.79,3.36,0.00, 0.00
1.79,3.36,0.00, 0.00
1.79,3.36,0.00, 0.00
1.79,3.36,0.00, 0.00
1.79,3.36,0.00, 0.00
1.79,3.36,0.00, 0.00
1.79,3.36,0.00, 0.00
1.79,3.36,0.00, 0.00
1.79,3.36,0.00, 0.00
1.79,3.36,0.00, 0.00
1.79,3.36,0.00, 0.00
1.79,3.36,0.00, 0.00
1.79,3.36,0.00, 0.00
1.79,3.36,0.00, 0.00
1.79,3.36,0.00, 0.00
1.79,3.36,0.00, 0.00
1.79,3.36,0.00, 0.00
1.79,3.36,0.00, 0.00
1.79,3.36,0.00, 0.00
1.79,3.36,0.00, 0.00
1.79,3.36,0.00, 0.00
1.79,3.37,0.00, 0.50
1.79,3.37,0.00, 0.50
1.79,3.34,0.00, 0.00
1.79,2.97,0.00, 0.00
1.79,3.12,0.00, 7.72
1.79,3.12,0.00, 7.72
1.79,3.12,0.00, 7.72
1.79,3.12,0.00, 7.72
1.79,3.12,0.00, 7.72
1.79,3.12,0.00, 7.72
1.79,3.12,0.00, 7.72
1.79,3.10,0.00, 0.00
1.79,3.09,0.00, 0.00
1.79,3.06,0.00, 0.00
1.79,2.95,0.00, 0.00
1.79,2.95,0.00, 0.00
1.79,2.95,0.00, 0.00
1.79,2.95,0.00, 0.00
1.79,2.95,0.00, 0.00
1.79,2.95,0.00, 0.00
1.79,2.95,0.00, 0.00
1.82,2.95,1.48, 0.00
1.82,2.95,1.48, 0.00
1.82,2.94,0.02, 0.00
1.79,2.94,0.00, 0.00
1.79,2.94,0.00, 0.00
1.79,2.94,0.00, 0.00
1.79,2.94,0.00, 0.00
1.79,2.85,0.00, 0.00
1.79,2.82,0.00, 0.00
1.79,2.79,0.00, 0.00
1.79,2.81,0.00, 1.00
1.79,2.84,0.00, 1.25
1.79,2.87,0.00, 1.50
1.79,2.90,0.00, 2.00
1.82,2.90,1.48, 0.01
1.82,2.91,0.02, 0.50
1.79,2.91,0.00, 0.00
1.79,2.95,0.00, 1.49
1.79,2.93,0.00, 0.00
1.79,2.93,0.00, 0.00
1.79,2.95,0.00, 0.50
1.79,2.95,0.00, 0.50
1.79,2.95,0.00, 0.50
1.79,2.95,0.00, 0.00
1.79,2.95,0.00, 0.00
1.79,2.93,0.00, 0.00
1.79,2.97,0.00, 1.49
1.79,3.00,0.00, 1.75
1.79,3.01,0.00, 0.75
1.79,3.03,0.00, 0.50
1.82,3.05,1.48, 1.25
1.82,3.05,1.48, 1.25
1.79,3.07,0.00, 1.00
1.79,3.09,0.00, 0.75
1.79,3.09,0.00, 0.25
1.79,3.09,0.00, 0.00
1.79,3.06,0.00, 0.00
1.79,3.06,0.00, 0.00
1.79,3.06,0.00, 0.00
1.82,3.05,1.48, 0.00
1.79,3.04,0.00, 0.00
1.79,3.04,0.00, 0.00
1.82,2.99,1.48, 0.00
1.82,2.96,0.02, 0.00
1.77,2.90,0.00, 0.00
1.21,2.80,0.00, 0.00
1.21,2.80,0.00, 0.00
1.21,2.80,0.00, 0.00
1.41,2.76,9.85, 0.00
1.52,2.69,5.56, 0.00
1.52,2.69,5.56, 0.00
1.52,2.69,5.56, 0.00
1.52,2.69,5.56, 0.00
1.52,2.69,5.56, 0.00
1.52,2.69,5.56, 0.00
1.70,2.61,8.95, 0.00
1.70,2.61,8.95, 0.00
1.35,2.34,0.00, 0.00
1.39,2.21,1.97, 0.00
0.96,1.22,0.00, 0.00
0.96,1.22,0.00, 0.00
0.96,1.22,0.00, 0.00
0.96,1.22,0.00, 0.00
0.96,1.22,0.00, 0.00
0.83,1.05,0.00, 0.00
0.83,1.05,0.00, 0.00
0.76,0.87,0.00, 0.00
0.76,0.87,0.00, 0.00
0.76,0.87,0.00, 0.00
0.76,0.87,0.00, 0.00
0.76,0.87,0.00, 0.00
0.67,0.74,0.00, 0.00
0.36,0.19,0.00, 0.00
0.38,0.14,0.99, 0.00
0.36,0.09,0.00, 0.00
0.36,0.07,0.00, 0.00
0.34,0.05,0.00, 0.00
0.34,0.05,0.00, 0.00
0.34,0.05,0.00, 0.00
0.34,0.05,0.00, 0.00
0.04,0.05,0.00, 0.00
0.04,0.05,0.00, 0.00
0.04,0.05,0.00, 0.00
0.00,0.05,0.00, 0.00
0.00,0.05,0.00, 0.00
0.36,0.05,17.74, 0.50
0.29,0.05,0.00, 0.00
0.11,0.04,0.00, 0.00
0.04,0.05,0.00, 0.50
0.00,0.05,0.00, 0.50
0.00,0.05,0.00, 0.00
0.00,0.05,0.00, 0.00
0.00,0.05,0.00, 0.00
0.00,0.05,0.00, 0.00
0.07,0.05,3.45, 0.50
0.13,0.05,3.01, 0.00
0.20,0.05,3.49, 0.00
0.09,0.05,0.00, 0.00
0.04,0.05,0.00, 0.50
0.00,0.06,0.00, 0.25
0.02,0.06,0.99, 0.00
0.09,0.06,3.46, 0.00
0.09,0.05,0.05, 0.00
0.09,0.05,0.05, 0.00
0.13,0.05,1.97, 0.50
0.16,0.07,1.51, 0.75
0.07,0.07,0.00, 0.00
0.07,0.09,0.00, 1.25
0.09,0.11,0.99, 0.50
0.04,0.09,0.00, 0.00
0.07,0.12,1.48, 1.00
0.07,0.12,1.48, 1.00
0.07,0.12,1.48, 1.00
0.09,0.13,1.01, 0.75
0.09,0.16,0.01, 1.50
0.09,0.16,0.01, 1.50
0.09,0.16,0.01, 1.50
0.09,0.16,0.01, 1.50
0.09,0.16,0.01, 1.50
0.09,0.16,0.01, 1.50
0.09,0.16,0.01, 1.50
0.09,0.16,0.01, 1.50
0.09,0.16,0.01, 1.50
0.09,0.16,0.01, 1.50
0.09,0.16,0.01, 1.50
0.09,0.16,0.01, 1.50
0.09,0.16,0.01, 1.50
0.09,0.16,0.01, 1.50
0.09,0.16,0.01, 1.50
0.09,0.16,0.01, 1.50
0.09,0.16,0.01, 1.50
0.11,0.20,0.99, 2.00
0.18,0.31,3.46, 5.24
0.18,0.31,3.46, 5.24
0.20,0.39,1.04, 4.50
0.47,0.78,13.32, 19.20
0.47,0.82,0.20, 2.06
0.52,0.91,2.47, 4.49
0.52,0.91,2.47, 4.49
0.52,0.91,2.47, 4.49
0.52,0.91,2.47, 4.49
0.52,0.91,2.47, 4.49
0.52,0.91,2.47, 4.49
0.56,1.01,2.01, 5.25
0.56,1.01,2.01, 5.25
0.58,1.11,1.01, 4.75
0.63,1.22,2.48, 5.50
1.10,1.89,23.19, 33.65
1.10,1.89,23.19, 33.65
1.10,1.89,23.19, 33.65
1.10,1.89,23.19, 33.65
1.10,1.89,23.19, 33.65
1.10,1.89,23.19, 33.65
1.10,1.89,23.19, 33.65
1.21,2.06,5.76, 8.34
1.37,2.21,7.97, 7.50
1.37,2.21,7.97, 7.50
1.37,2.21,7.97, 7.50
1.37,2.21,7.97, 7.50
1.37,2.21,7.97, 7.50
1.37,2.21,7.97, 7.50
1.46,2.39,4.55, 8.75
1.46,2.39,4.55, 8.75
1.46,2.39,4.55, 8.75
1.46,2.39,4.55, 8.75
1.46,2.39,4.55, 8.75
1.46,2.39,4.55, 8.75
1.46,2.39,4.55, 8.75
1.77,3.57,15.34, 59.31
1.77,3.57,15.34, 59.31
1.77,3.57,15.34, 59.31
1.77,3.78,0.23, 10.18
1.77,4.71,0.00, 46.62
1.77,4.71,0.00, 46.62
1.77,4.71,0.00, 46.62
1.77,4.71,0.00, 46.62
1.77,4.71,0.00, 46.62
1.77,4.71,0.00, 46.62
1.77,4.80,0.00, 4.41
1.77,4.80,0.00, 4.41
1.79,4.70,0.99, 0.00
1.79,4.70,0.99, 0.00
1.79,4.70,0.99, 0.00
1.79,4.70,0.99, 0.00
1.79,4.70,0.99, 0.00
1.79,4.70,0.99, 0.00
1.79,4.70,0.99, 0.00
1.77,4.61,0.00, 0.00
1.77,3.78,0.00, 0.00
1.79,3.64,0.99, 0.00
1.79,3.53,0.01, 0.00
1.77,3.55,0.00, 1.00
1.77,3.55,0.00, 1.00
1.77,3.55,0.00, 1.00
1.77,3.55,0.00, 1.00
1.77,3.55,0.00, 1.00
1.79,3.57,0.99, 1.00
1.79,3.54,0.01, 0.00
1.79,3.54,0.01, 0.00
1.79,3.54,0.01, 0.00
1.79,3.54,0.01, 0.00
1.79,3.51,0.00, 0.00
1.79,3.51,0.00, 0.00
1.79,3.44,0.00, 0.00
1.79,3.43,0.00, 0.00
1.79,3.38,0.00, 0.00
1.79,3.38,0.00, 0.00
1.79,3.38,0.00, 0.00
1.79,3.38,0.00, 0.00
1.79,3.38,0.00, 0.00
1.79,3.38,0.00, 0.00
1.79,3.38,0.00, 0.00
1.79,3.38,0.00, 0.00
1.79,3.38,0.00, 0.00
1.79,3.38,0.00, 0.00
1.79,3.38,0.00, 0.00
1.79,3.40,0.00, 1.00
1.79,3.40,0.00, 0.00
1.79,3.51,0.00, 5.23
1.79,3.55,0.00, 2.01
1.79,3.62,0.00, 3.25
1.79,3.65,0.00, 2.00
1.79,3.69,0.00, 1.75
1.79,3.69,0.00, 1.75
1.79,3.72,0.00, 1.75
1.79,3.76,0.00, 1.50
1.79,3.74,0.00, 0.00
1.79,3.80,0.00, 2.49
1.79,3.82,0.00, 1.01
1.79,3.84,0.00, 1.00
1.79,3.86,0.00, 1.25
1.79,3.87,0.00, 0.50
1.79,3.86,0.00, 0.00
1.79,3.86,0.00, 0.00
1.79,3.86,0.00, 0.00
1.79,3.86,0.00, 0.00
1.79,3.86,0.00, 0.00
1.79,3.86,0.00, 0.00
1.79,3.86,0.00, 0.00
1.79,3.86,0.00, 0.00
1.79,3.86,0.00, 0.00
1.79,3.86,0.00, 0.00
1.79,3.86,0.00, 0.00
1.79,3.86,0.00, 0.00
1.79,3.86,0.00, 0.00
1.79,3.84,0.00, 0.00
1.79,3.84,0.00, 0.00
1.79,3.84,0.00, 0.00
1.79,3.84,0.00, 0.00
1.79,3.84,0.00, 0.00
1.79,3.84,0.00, 0.00
1.79,3.84,0.00, 0.00
1.79,3.84,0.00, 0.00
1.79,3.84,0.00, 0.00
1.79,3.84,0.00, 0.00
1.79,3.84,0.00, 0.00
1.79,3.84,0.00, 0.00
1.79,3.84,0.00, 0.00
1.79,3.84,0.00, 0.00
1.79,3.84,0.00, 0.00
1.79,3.84,0.00, 0.00
1.79,3.84,0.00, 0.00
1.79,3.84,0.00, 0.00
1.79,3.84,0.00, 0.00
1.79,3.84,0.00, 0.00
1.79,3.84,0.00, 0.00
1.79,3.84,0.00, 0.00
1.79,3.84,0.00, 0.00
1.79,3.84,0.00, 0.00
1.79,3.84,0.00, 0.00
1.79,3.81,0.00, 0.00
1.79,3.81,0.00, 0.00
1.79,3.81,0.00, 0.25
1.79,3.81,0.00, 0.25
1.79,3.81,0.00, 0.25
1.79,3.81,0.00, 0.25
1.79,3.81,0.00, 0.25
1.79,3.81,0.00, 0.25
1.79,3.81,0.00, 0.25
1.79,3.49,0.00, 0.00
1.79,3.49,0.00, 0.00
1.79,3.49,0.00, 0.00
1.79,3.01,0.00, 0.00
1.79,3.01,0.00, 0.00
1.79,3.01,0.00, 0.00
1.79,3.01,0.00, 0.00
1.79,3.01,0.00, 0.00
1.79,3.01,0.00, 0.00
1.79,3.01,0.00, 0.00
1.79,2.97,0.00, 0.00
1.79,2.97,0.00, 0.00
1.79,2.97,0.00, 0.00
1.79,2.97,0.00, 0.00
1.79,2.97,0.00, 0.00
1.79,2.97,0.00, 0.00
1.79,2.97,0.00, 0.00
1.79,3.01,0.00, 1.99
1.79,3.01,0.00, 1.99
1.79,3.01,0.00, 1.99
1.79,3.01,0.00, 1.99
1.79,3.01,0.00, 1.99
1.79,3.01,0.00, 1.99
1.79,3.01,0.00, 1.99
1.79,3.01,0.00, 1.99
1.79,3.01,0.00, 1.99
1.79,3.01,0.00, 0.01
1.79,3.15,0.00, 6.97
1.82,3.24,1.48, 4.26
1.82,3.24,1.48, 4.26
1.82,3.24,1.48, 4.26
1.82,3.24,1.48, 4.26
1.82,3.24,1.48, 4.26
1.82,3.24,1.48, 4.26
1.82,3.24,1.48, 4.26
1.82,3.31,0.02, 3.50
1.79,3.32,0.00, 0.76
1.79,3.32,0.00, 0.76
1.79,3.32,0.00, 0.76
1.79,3.32,0.00, 0.76
1.79,3.38,0.00, 2.74
1.79,3.38,0.00, 2.74
1.79,3.38,0.00, 2.74
1.79,3.38,0.00, 2.74
1.79,3.38,0.00, 2.74
1.79,3.38,0.00, 2.74
1.79,3.38,0.00, 2.74
1.79,3.38,0.00, 2.74
1.79,3.38,0.00, 2.74
1.79,3.38,0.00, 2.74
1.79,3.38,0.00, 2.74
1.79,3.38,0.00, 2.74
1.79,3.47,0.00, 4.24
1.79,3.47,0.00, 4.24
1.79,3.45,0.00, 0.00
1.79,3.40,0.00, 0.00
1.79,2.90,0.00, 0.00
1.82,2.77,1.48, 0.00
1.82,2.68,0.02, 0.00
1.79,2.60,0.00, 0.00
1.79,2.47,0.00, 0.00
1.48,2.35,0.00, 0.00
0.00,2.15,0.00, 0.00
1.64,1.95,80.79, 0.00
1.64,1.95,80.79, 0.00
1.64,1.95,80.79, 0.00
1.64,1.95,80.79, 0.00
1.64,1.95,80.79, 0.00
1.64,1.95,80.79, 0.00
1.64,1.95,80.79, 0.00
1.66,1.87,2.17, 0.00
1.21,1.75,0.00, 0.00
0.69,1.62,0.00, 0.00
0.45,0.82,0.00, 0.00
0.45,0.82,0.00, 0.00
0.45,0.82,0.00, 0.00
0.45,0.82,0.00, 0.00
0.47,0.72,0.99, 0.00
0.47,0.72,0.99, 0.00
0.34,0.63,0.00, 0.00
0.29,0.55,0.00, 0.00
0.25,0.30,0.00, 0.00
0.29,0.24,1.97, 0.00
0.25,0.20,0.00, 0.00
0.25,0.13,0.00, 0.00
0.25,0.13,0.00, 0.00
0.25,0.13,0.00, 0.00
0.25,0.13,0.00, 0.00
0.25,0.13,0.00, 0.00
0.16,0.09,0.00, 0.00
0.31,0.07,7.39, 0.00
0.31,0.07,7.39, 0.00
0.31,0.07,7.39, 0.00
0.27,0.04,0.00, 0.00
0.00,0.05,0.00, 0.50
0.00,0.05,0.00, 0.50
0.00,0.05,0.00, 0.50
0.00,0.05,0.00, 0.50
0.00,0.05,0.00, 0.50
0.00,0.05,0.00, 0.50
0.13,0.05,6.40, 0.00
0.13,0.05,6.40, 0.00
0.25,0.05,6.01, 0.00
0.25,0.05,6.01, 0.00
0.25,0.05,6.01, 0.00
0.31,0.05,3.04, 0.00
0.31,0.05,3.04, 0.00
0.31,0.05,3.04, 0.00
0.31,0.05,3.04, 0.00
0.00,0.04,0.00, 0.00
0.00,0.04,0.00, 0.00
0.00,0.04,0.00, 0.00
0.11,0.05,5.42, 1.00
0.13,0.06,1.07, 0.25
0.00,0.06,0.00, 0.00
0.00,0.06,0.00, 0.00
0.00,0.06,0.00, 0.00
0.00,0.06,0.00, 0.00
0.00,0.06,0.00, 0.00
0.02,0.05,0.99, 0.00
0.02,0.05,0.99, 0.00
0.07,0.06,2.48, 0.75
0.04,0.06,0.00, 0.00
0.02,0.06,0.00, 0.00
0.02,0.06,0.00, 0.00
0.02,0.06,0.00, 0.00
0.02,0.06,0.00, 0.00
0.02,0.06,0.00, 0.00
0.02,0.07,0.00, 0.50
0.04,0.06,0.99, 0.00
0.07,0.07,1.49, 0.50
0.07,0.07,1.49, 0.50
0.07,0.07,1.49, 0.50
0.07,0.07,1.49, 0.50
0.07,0.07,1.49, 0.50
0.09,0.08,1.01, 0.50
0.09,0.08,1.01, 0.50
0.09,0.08,1.01, 0.50
0.09,0.08,1.01, 0.50
0.09,0.08,1.01, 0.50
0.09,0.08,1.01, 0.50
0.09,0.08,1.01, 0.50
0.09,0.08,1.01, 0.50
0.09,0.08,1.01, 0.50
0.09,0.08,1.01, 0.50
0.09,0.08,1.01, 0.50
0.09,0.08,1.01, 0.50
0.09,0.08,1.01, 0.50
0.09,0.08,1.01, 0.50
0.09,0.08,1.01, 0.50
0.09,0.08,1.01, 0.50
0.09,0.09,0.01, 0.75
0.09,0.09,0.01, 0.75
0.09,0.09,0.00, 0.00
0.02,0.11,0.00, 0.75
0.00,0.33,0.00, 10.96
0.00,0.40,0.00, 3.53
0.02,0.47,0.99, 3.50
0.02,0.47,0.99, 3.50
0.02,0.47,0.99, 3.50
0.02,0.47,0.99, 3.50
0.02,0.47,0.99, 3.50
0.02,0.47,0.99, 3.50
0.02,0.47,0.99, 3.50
0.02,0.47,0.99, 3.50
0.02,0.47,0.99, 3.50
0.02,0.47,0.99, 3.50
0.07,0.57,2.48, 5.24
0.07,0.57,2.48, 5.24
0.07,0.57,2.48, 5.24
0.07,0.57,2.48, 5.24
0.07,0.57,2.48, 5.24
0.07,0.57,2.48, 5.24
0.07,0.57,2.48, 5.24
0.07,0.57,2.48, 5.24
0.07,0.57,2.48, 5.24
0.09,0.68,1.02, 5.25
0.11,0.82,1.00, 7.24
0.36,1.97,12.33, 57.07
0.96,2.89,29.74, 46.29
1.05,3.05,4.87, 7.64
1.14,3.18,4.51, 6.50
1.28,3.27,6.96, 4.76
1.28,3.27,6.96, 4.76
1.28,3.27,6.96, 4.76
1.28,3.27,6.96, 4.76
1.28,3.27,6.96, 4.76
1.28,3.27,6.96, 4.76
1.28,3.27,6.96, 4.76
1.28,3.27,6.96, 4.76
1.28,3.27,6.96, 4.76
1.28,3.27,6.96, 4.76
1.28,3.27,6.96, 4.76
1.28,3.27,6.96, 4.76
1.28,3.27,6.96, 4.76
1.28,3.27,6.96, 4.76
1.28,3.27,6.96, 4.76
1.28,3.27,6.96, 4.76
1.28,3.27,6.96, 4.76
1.28,3.27,6.96, 4.76
1.39,3.40,5.52, 6.49
1.39,3.40,5.52, 6.49
1.39,3.40,5.52, 6.49
1.39,3.40,5.52, 6.49
1.39,3.40,5.52, 6.49
1.39,3.40,5.52, 6.49
1.39,3.40,5.52, 6.49
1.55,3.51,7.96, 5.25
1.55,3.51,7.96, 5.25
1.70,3.62,7.51, 5.50
1.77,4.16,3.56, 27.17
1.77,3.71,0.05, 0.00
1.79,3.64,0.99, 0.00
1.79,3.64,0.99, 0.00
1.77,3.49,0.00, 0.00
1.77,3.43,0.00, 0.00
1.77,3.39,0.00, 0.00
1.79,3.35,0.99, 0.00
1.79,3.32,0.01, 0.00
1.79,3.32,0.01, 0.00
1.79,3.32,0.01, 0.00
1.77,3.29,0.00, 0.00
1.79,3.29,0.99, 0.00
1.79,3.29,0.01, 0.00
1.77,3.32,0.00, 1.49
1.79,3.36,0.99, 2.00
1.79,3.36,0.99, 2.00
1.79,3.36,0.99, 2.00
1.79,3.40,0.01, 2.00
1.77,3.40,0.00, 0.26
1.79,3.44,0.99, 1.74
1.79,3.50,0.01, 3.00
1.79,3.51,0.00, 0.76
1.77,3.50,0.00, 0.00
1.79,3.50,0.99, 0.00
1.79,3.50,0.99, 0.00
1.79,3.50,0.99, 0.00
1.79,3.50,0.99, 0.00
1.79,3.50,0.99, 0.00
1.79,3.47,0.01, 0.00
1.79,3.47,0.01, 0.00
1.79,3.47,0.01, 0.00
1.79,3.43,0.00, 0.00
1.79,3.40,0.00, 0.00
1.79,3.30,0.00, 0.00
1.79,3.30,0.00, 0.00
1.79,3.30,0.00, 0.00
1.79,3.30,0.00, 0.00
1.79,3.30,0.00, 0.00
1.79,3.30,0.00, 0.00
1.79,3.30,0.00, 0.00
1.79,3.30,0.00, 0.00
1.79,3.30,0.00, 0.00
1.79,3.30,0.00, 0.00
1.79,3.30,0.00, 0.00
1.77,3.32,0.00, 0.75
1.79,3.32,0.99, 0.00
1.79,3.33,0.01, 0.50
1.79,3.35,0.00, 1.25
1.79,3.37,0.00, 1.00
1.79,3.38,0.00, 0.50
1.79,3.41,0.00, 1.75
1.79,3.47,0.00, 2.50
1.79,3.51,0.00, 2.25
1.79,3.53,0.00, 1.25
1.79,3.56,0.00, 1.25
1.79,3.59,0.00, 1.25
1.79,3.59,0.00, 1.25
1.79,3.59,0.00, 1.25
1.79,3.61,0.00, 1.25
1.79,3.61,0.00, 0.00
1.79,3.65,0.00, 2.24
1.79,3.72,0.00, 3.00
1.79,3.70,0.00, 0.00
1.79,3.73,0.00, 1.25
1.79,3.73,0.00, 1.25
1.79,3.73,0.00, 1.25
1.79,3.73,0.00, 1.25
1.79,3.73,0.00, 1.25
1.79,3.73,0.00, 1.25
1.79,3.73,0.00, 1.25
1.79,3.73,0.00, 1.25
1.79,3.73,0.00, 1.25
1.79,3.73,0.00, 1.25
1.79,3.73,0.00, 1.25
1.79,3.73,0.00, 1.25
1.79,3.76,0.00, 1.75
1.79,3.76,0.00, 1.75
1.79,3.78,0.00, 0.50
1.79,3.76,0.00, 0.00
1.79,3.69,0.00, 0.00
1.79,3.69,0.00, 0.00
1.79,3.69,0.00, 0.00
1.79,3.66,0.00, 0.00
1.79,3.61,0.00, 0.00
1.82,3.57,1.48, 0.00
1.79,3.43,0.00, 0.00
1.79,3.39,0.00, 0.00
1.79,3.33,0.00, 0.00
1.79,3.33,0.00, 0.00
1.82,3.27,1.48, 0.00
1.79,3.19,0.00, 0.00
1.79,3.17,0.00, 0.00
1.79,3.12,0.00, 0.00
1.79,3.12,0.00, 0.00
1.79,3.12,0.00, 0.00
1.79,3.12,0.00, 0.00
1.79,3.11,0.00, 0.00
1.79,3.11,0.00, 0.00
1.79,3.11,0.00, 0.00
1.82,3.08,1.48, 0.00
1.79,3.09,0.00, 0.50
1.77,3.11,0.00, 1.00
1.77,3.11,0.00, 1.00
1.79,3.16,0.99, 2.99
1.79,3.21,0.01, 2.25
1.82,3.28,1.48, 3.74
1.79,3.37,0.00, 4.00
1.79,3.45,0.00, 4.25
1.79,3.53,0.00, 4.25
1.79,3.53,0.00, 4.25
1.79,3.59,0.00, 2.51
1.79,3.61,0.00, 1.25
1.79,3.61,0.00, 1.25
1.79,3.61,0.00, 1.25
1.79,3.61,0.00, 1.25
1.79,3.61,0.00, 1.25
1.79,3.61,0.00, 1.25
1.79,3.62,0.00, 0.50
1.79,3.62,0.00, 0.50
1.79,3.63,0.00, 0.75
1.79,3.59,0.00, 0.00
1.79,3.59,0.00, 0.00
1.79,3.59,0.00, 0.00
1.79,3.59,0.00, 0.00
1.79,3.59,0.00, 0.00
1.79,3.59,0.00, 0.00
1.79,3.59,0.00, 0.00
1.79,3.59,0.00, 0.00
1.79,3.59,0.00, 0.00
1.79,3.59,0.00, 0.00
1.79,3.59,0.00, 0.00
1.79,3.59,0.00, 0.00
1.79,3.59,0.00, 0.00
1.79,3.58,0.00, 0.00
1.79,3.58,0.00, 0.00
1.79,3.58,0.00, 0.00
1.79,3.58,0.00, 0.00
1.79,3.57,0.00, 0.00
1.79,3.57,0.00, 0.00
1.79,3.57,0.00, 0.00
1.79,3.57,0.00, 0.00
1.79,3.57,0.00, 0.00
1.82,3.57,1.48, 0.00
1.79,3.15,0.00, 0.00
1.79,2.95,0.00, 0.00
1.79,3.00,0.00, 2.74
1.79,3.00,0.00, 0.01
1.79,2.99,0.00, 0.00
1.79,2.97,0.00, 0.00
1.79,2.93,0.00, 0.00
1.79,2.93,0.00, 0.00
1.79,2.93,0.00, 0.00
1.79,2.93,0.00, 0.00
1.79,2.93,0.00, 0.00
1.79,2.90,0.00, 0.00
1.79,2.86,0.00, 0.00
1.79,2.79,0.00, 0.00
1.79,2.79,0.00, 0.00
1.79,2.79,0.00, 0.00
1.79,2.79,0.00, 0.00
1.79,2.79,0.00, 0.00
1.79,2.79,0.00, 0.00
1.79,2.79,0.00, 0.00
0.00,2.68,0.00, 0.00
0.00,2.68,0.00, 0.00
0.00,2.68,0.00, 0.00
0.00,2.68,0.00, 0.00
0.00,2.68,0.00, 0.00
0.00,2.68,0.00, 0.00
0.00,2.54,0.00, 0.00
0.00,2.54,0.00, 0.00
0.00,2.54,0.00, 0.00
1.91,2.51,94.10, 0.00
0.63,2.02,0.00, 0.00
0.00,1.03,0.00, 0.00
0.00,0.90,0.00, 0.00
0.00,0.78,0.00, 0.00
0.00,0.66,0.00, 0.00
0.00,0.55,0.00, 0.00
0.00,0.44,0.00, 0.00
0.00,0.44,0.00, 0.00
0.00,0.44,0.00, 0.00
0.00,0.44,0.00, 0.00
0.00,0.44,0.00, 0.00
0.00,0.44,0.00, 0.00
0.00,0.35,0.00, 0.00
0.00,0.25,0.00, 0.00
0.00,0.19,0.00, 0.00
0.22,0.05,10.84, 0.00
0.22,0.05,10.84, 0.00
0.27,0.05,2.62, 0.00
0.27,0.05,2.62, 0.00
0.20,0.05,0.00, 0.50
0.09,0.06,0.00, 0.25
0.00,0.05,0.00, 0.00
0.00,0.05,0.00, 0.00
0.00,0.05,0.00, 0.00
0.00,0.05,0.00, 0.00
0.00,0.05,0.00, 0.00
0.07,0.05,3.45, 0.00
0.07,0.05,3.45, 0.00
0.16,0.05,4.48, 0.00
0.16,0.05,4.48, 0.00
0.16,0.05,4.48, 0.00
0.16,0.05,4.48, 0.00
0.16,0.05,4.48, 0.00
0.16,0.05,4.48, 0.00
0.16,0.05,4.48, 0.00
0.16,0.05,4.48, 0.00
0.16,0.05,4.48, 0.00
0.16,0.05,4.48, 0.00
0.16,0.05,0.07, 0.00
0.16,0.05,0.07, 0.00
0.16,0.05,0.07, 0.00
0.16,0.05,0.07, 0.00
0.16,0.05,0.07, 0.00
0.16,0.05,0.07, 0.00
0.16,0.05,0.07, 0.00
0.09,0.05,0.00, 0.00
0.02,0.05,0.00, 0.50
0.07,0.05,2.46, 0.00
0.07,0.05,2.46, 0.00
0.07,0.05,2.46, 0.00
0.07,0.05,2.46, 0.00
0.07,0.05,2.46, 0.00
0.07,0.05,2.46, 0.00
0.07,0.05,2.46, 0.00
0.07,0.05,2.46, 0.00
0.07,0.05,2.46, 0.00
0.04,0.06,0.00, 0.25
0.00,0.08,0.00, 1.00
0.00,0.08,0.00, 0.00
0.00,0.55,0.00, 23.41
0.00,0.66,0.00, 5.57
0.00,0.82,0.00, 7.99
0.00,0.82,0.00, 7.99
0.00,0.82,0.00, 7.99
0.00,0.82,0.00, 7.99
0.00,0.82,0.00, 7.99
0.00,0.99,0.00, 8.50
0.00,0.99,0.00, 8.50
0.00,1.20,0.00, 10.49
0.00,1.20,0.00, 10.49
0.00,1.43,0.00, 11.75
1.01,2.80,49.76, 68.29
1.28,3.08,14.03, 13.95
1.73,3.55,22.38, 23.47
1.75,3.76,1.31, 10.80
1.75,3.97,0.02, 10.00
1.77,4.12,0.99, 8.01
1.75,4.27,0.00, 7.25
1.75,4.27,0.00, 7.25
1.75,4.27,0.00, 7.25
1.75,4.27,0.00, 7.25
1.75,4.27,0.00, 7.25
1.75,4.27,0.00, 7.25
1.75,4.27,0.00, 7.25
1.75,4.27,0.00, 7.25
1.75,4.27,0.00, 7.25
1.75,4.27,0.00, 7.25
1.75,4.27,0.00, 7.25
1.75,4.27,0.00, 7.25
1.75,4.27,0.00, 7.25
1.75,4.27,0.00, 7.25
1.75,4.27,0.00, 7.25
1.75,4.27,0.00, 7.25
1.75,4.27,0.00, 7.25
1.75,4.27,0.00, 7.25
1.75,4.27,0.00, 7.25
1.75,4.27,0.00, 7.25
1.75,4.27,0.00, 7.25
1.75,4.27,0.00, 7.25
1.75,4.27,0.00, 7.25
1.75,4.27,0.00, 7.25
1.75,4.27,0.00, 7.25
1.75,4.27,0.00, 7.25
1.75,4.27,0.00, 7.25
1.75,4.27,0.00, 7.25
1.75,4.27,0.00, 7.25
1.75,4.27,0.00, 7.25
1.77,4.37,0.99, 5.01
1.77,4.37,0.99, 5.01
1.77,4.37,0.99, 5.01
1.77,4.47,0.01, 4.75
1.77,4.51,0.00, 2.01
1.79,3.88,0.99, 0.00
1.79,3.92,0.01, 1.74
1.79,3.93,0.00, 0.50
1.79,3.97,0.00, 1.75
1.79,3.99,0.00, 1.25
1.79,4.01,0.00, 1.25
1.79,4.01,0.00, 1.25
1.79,4.07,0.00, 2.74
1.79,4.14,0.00, 3.50
1.77,4.18,0.00, 2.01
1.79,4.23,0.99, 2.50
1.79,4.26,0.01, 1.25
1.79,4.27,0.00, 1.00
1.79,4.27,0.00, 1.00
1.79,4.27,0.00, 1.00
1.79,4.27,0.00, 1.00
1.79,4.27,0.00, 1.00
1.79,4.27,0.00, 1.00
1.79,4.27,0.00, 1.00
1.79,4.27,0.00, 1.00
1.79,4.27,0.00, 1.00
1.79,4.31,0.00, 1.50
1.79,4.35,0.00, 2.00
1.77,4.36,0.00, 1.00
1.79,4.39,0.99, 1.00
1.79,4.39,0.01, 0.00
1.79,4.36,0.00, 0.00
1.79,4.35,0.00, 0.00
1.77,4.34,0.00, 0.00
1.79,4.32,0.99, 0.00
1.79,4.31,0.01, 0.00
1.79,4.31,0.01, 0.00
1.79,4.28,0.00, 0.00
1.79,4.28,0.00, 0.00
1.79,4.28,0.00, 0.00
1.79,4.27,0.00, 0.00
1.79,4.27,0.00, 0.00
1.77,4.15,0.00, 0.00
1.77,4.14,0.00, 0.00
1.79,4.10,0.99, 0.00
1.79,4.06,0.01, 0.00
1.79,4.07,0.00, 0.50
1.77,4.05,0.00, 0.00
1.77,4.05,0.00, 0.00
1.79,4.01,0.99, 0.00
1.79,3.97,0.01, 0.00
1.79,3.90,0.00, 0.00
1.79,3.85,0.00, 0.00
1.79,3.85,0.00, 0.00
1.79,3.83,0.00, 0.00
1.79,3.83,0.00, 0.00
1.79,3.83,0.00, 0.00
1.79,3.80,0.00, 0.00
1.79,3.76,0.00, 0.00
1.79,3.76,0.00, 0.00
1.79,3.76,0.00, 0.00
1.79,3.71,0.00, 0.00
1.79,3.66,0.00, 0.00
1.79,3.61,0.00, 0.00
1.79,3.54,0.00, 0.00
1.79,3.53,0.00, 0.00
1.79,3.53,0.00, 0.00
1.79,3.53,0.00, 0.00
1.79,3.53,0.00, 0.00
1.79,3.53,0.00, 0.00
1.79,3.55,0.00, 1.00
1.79,3.59,0.00, 2.00
1.79,3.59,0.00, 2.00
1.79,3.59,0.00, 2.00
1.79,3.59,0.00, 2.00
1.79,3.59,0.00, 2.00
1.79,3.59,0.00, 2.00
1.79,3.59,0.00, 2.00
1.79,3.59,0.00, 2.00
1.79,3.59,0.00, 2.00
1.79,3.59,0.00, 2.00
1.79,3.59,0.00, 2.00
1.79,3.59,0.00, 2.00
1.79,3.59,0.00, 2.00
1.79,3.59,0.00, 2.00
1.79,3.59,0.00, 2.00
1.79,3.61,0.00, 1.00
1.79,3.61,0.00, 1.00
1.79,3.61,0.00, 1.00
1.79,3.61,0.00, 1.00
1.79,3.61,0.00, 1.00
1.79,3.61,0.00, 1.00
1.79,3.61,0.00, 1.00
1.79,3.61,0.00, 1.00
1.79,3.61,0.00, 1.00
1.79,3.61,0.00, 1.00
1.79,3.61,0.00, 1.00
1.79,3.61,0.00, 1.00
1.79,3.61,0.00, 1.00
1.79,3.61,0.00, 1.00
1.79,3.61,0.00, 1.00
1.79,3.61,0.00, 1.00
1.79,3.61,0.00, 1.00
1.79,3.61,0.00, 1.00
1.79,3.61,0.00, 1.00
1.79,3.61,0.00, 1.00
1.79,3.61,0.00, 1.00
1.79,3.61,0.00, 1.00
1.79,3.61,0.00, 1.00
1.79,3.61,0.00, 1.00
1.79,3.61,0.00, 1.00
1.79,3.61,0.00, 1.00
1.79,3.61,0.00, 1.00
1.79,3.61,0.00, 1.00
1.79,3.61,0.00, 1.00
1.79,3.61,0.00, 1.00
1.79,3.61,0.00, 1.00
1.79,3.61,0.00, 1.00
1.79,3.61,0.00, 1.00
1.79,3.62,0.00, 1.00
1.79,3.59,0.00, 0.00
1.79,3.20,0.00, 0.00
1.30,3.85,0.00, 32.38
1.30,3.74,0.00, 0.00
1.66,3.62,17.74, 0.00
1.66,3.62,17.74, 0.00
1.66,3.53,0.26, 0.00
1.21,3.30,0.00, 0.00
1.23,3.13,0.99, 0.00
1.30,2.98,3.46, 0.00
1.14,2.79,0.00, 0.00
1.14,2.79,0.00, 0.00
1.14,2.79,0.00, 0.00
1.14,2.79,0.00, 0.00
1.14,2.79,0.00, 0.00
1.14,2.79,0.00, 0.00
1.14,2.79,0.00, 0.00
0.96,2.60,0.00, 0.00
0.85,2.39,0.00, 0.00
0.78,2.18,0.00, 0.00
0.78,2.18,0.00, 0.00
0.78,2.18,0.00, 0.00
0.78,2.18,0.00, 0.00
0.78,2.18,0.00, 0.00
0.78,2.18,0.00, 0.00
0.78,2.18,0.00, 0.00
0.78,2.18,0.00, 0.00
0.78,2.18,0.00, 0.00
0.78,2.18,0.00, 0.00
0.78,2.18,0.00, 0.00
0.78,2.18,0.00, 0.00
0.78,2.18,0.00, 0.00
0.78,2.18,0.00, 0.00
0.78,2.18,0.00, 0.00
0.78,2.18,0.00, 0.00
0.78,2.18,0.00, 0.00
0.78,2.18,0.00, 0.00
0.78,2.18,0.00, 0.00
0.78,2.18,0.00, 0.00
0.78,2.18,0.00, 0.00
0.29,1.03,0.00, 0.00
0.29,1.03,0.00, 0.00
0.29,1.03,0.00, 0.00
0.29,1.03,0.00, 0.00
0.29,1.03,0.00, 0.00
0.29,1.03,0.00, 0.00
0.29,1.03,0.00, 0.00
0.29,1.03,0.00, 0.00
0.22,0.90,0.00, 0.00
0.18,0.75,0.00, 0.00
0.00,0.05,0.00, 0.00
0.07,0.05,3.45, 0.00
0.07,0.05,0.05, 0.00
0.02,0.05,0.00, 0.00
0.02,0.05,0.00, 0.00
0.02,0.05,0.00, 0.00
0.02,0.05,0.00, 0.00
0.02,0.05,0.00, 0.00
0.02,0.05,0.00, 0.00
0.02,0.05,0.00, 0.00
0.02,0.05,0.00, 0.00
0.02,0.05,0.00, 0.00
0.04,0.05,0.99, 0.00
0.04,0.05,0.01, 0.50
0.02,0.05,0.00, 0.00
0.02,0.05,0.00, 0.00
0.04,0.05,0.99, 0.00
0.02,0.05,0.00, 0.00
0.02,0.05,0.00, 0.00
0.02,0.05,0.00, 0.00
0.02,0.05,0.00, 0.00
0.02,0.05,0.00, 0.00
0.02,0.05,0.00, 0.00
0.02,0.05,0.00, 0.00
0.02,0.05,0.00, 0.00
0.04,0.05,0.99, 0.00
0.04,0.05,0.01, 0.00
0.04,0.05,0.01, 0.00
0.00,0.06,0.00, 0.75
0.00,0.06,0.00, 0.00
0.00,0.06,0.00, 0.00
0.00,0.06,0.00, 0.00
0.00,0.06,0.00, 0.00
0.00,0.06,0.00, 0.00
0.00,0.06,0.00, 0.00
0.00,0.06,0.00, 0.00
0.00,0.06,0.00, 0.00
0.00,0.09,0.00, 1.74
0.00,0.12,0.00, 1.50
0.00,0.38,0.00, 12.46
0.00,0.38,0.00, 12.46
0.00,0.38,0.00, 12.46
0.00,0.43,0.00, 2.79
0.00,0.43,0.00, 2.79
0.00,0.43,0.00, 2.79
0.00,0.43,0.00, 2.79
0.00,0.43,0.00, 2.79
0.00,0.43,0.00, 2.79
0.00,0.43,0.00, 2.79
0.00,0.43,0.00, 2.79
0.00,0.43,0.00, 2.79
0.00,0.43,0.00, 2.79
0.00,0.43,0.00, 2.79
0.00,0.43,0.00, 2.79
0.00,0.43,0.00, 2.79
0.00,0.43,0.00, 2.79
0.00,0.54,0.00, 5.49
0.00,0.66,0.00, 6.25
0.00,0.66,0.00, 6.25
0.00,0.66,0.00, 6.25
0.00,0.66,0.00, 6.25
0.00,0.66,0.00, 6.25
0.00,0.66,0.00, 6.25
0.00,0.81,0.00, 7.25
0.00,0.81,0.00, 7.25
1.19,2.80,58.62, 99.16
1.35,2.99,8.74, 9.83
1.77,4.14,20.82, 57.08
1.77,4.14,20.82, 57.08
1.77,4.14,20.82, 57.08
1.77,4.14,20.82, 57.08
1.77,4.14,20.82, 57.08
1.77,4.14,20.82, 57.08
1.77,4.14,20.82, 57.08
1.77,4.14,20.82, 57.08
1.77,4.14,20.82, 57.08
1.77,4.14,20.82, 57.08
1.77,4.14,20.82, 57.08
1.77,4.14,20.82, 57.08
1.77,4.14,20.82, 57.08
1.77,4.14,20.82, 57.08
1.77,4.14,20.82, 57.08
1.77,4.14,20.82, 57.08
1.77,4.14,20.82, 57.08
1.77,4.22,0.31, 4.69
1.77,4.22,0.31, 4.69
1.77,4.22,0.31, 4.69
1.77,4.22,0.31, 4.69
1.77,4.22,0.31, 4.69
1.77,4.22,0.31, 4.69
1.77,4.22,0.31, 4.69
1.77,4.22,0.31, 4.69
1.77,4.22,0.31, 4.69
1.77,4.22,0.31, 4.69
1.77,4.22,0.31, 4.69
1.77,4.22,0.31, 4.69
1.77,4.22,0.31, 4.69
1.77,4.22,0.31, 4.69
1.77,4.30,0.00, 3.50
1.77,4.35,0.00, 2.50
1.77,4.35,0.00, 2.50
1.77,4.35,0.00, 2.50
1.77,4.35,0.00, 2.50
1.77,4.35,0.00, 2.50
1.77,4.35,0.00, 2.50
1.77,4.35,0.00, 2.50
1.77,4.35,0.00, 2.50
1.77,4.35,0.00, 2.50
1.77,4.35,0.00, 2.50
1.77,4.35,0.00, 2.50
1.77,4.35,0.00, 2.50
1.77,4.35,0.00, 2.50
1.77,4.35,0.00, 2.50
1.77,4.35,0.00, 2.50
1.77,4.20,0.00, 0.00
1.77,4.11,0.00, 0.00
1.79,4.11,0.99, 0.00
1.79,4.28,0.01, 8.72
1.79,4.28,0.01, 8.72
1.79,4.29,0.00, 0.28
1.79,4.30,0.00, 0.75
1.79,4.28,0.00, 0.00
1.79,4.26,0.00, 0.00
1.79,4.24,0.00, 0.00
1.79,4.26,0.00, 0.50
1.79,4.26,0.00, 0.50
1.79,4.27,0.00, 0.50
1.79,4.30,0.00, 1.75
1.79,4.30,0.00, 0.01
1.79,4.31,0.00, 0.75
1.79,4.31,0.00, 0.00
1.79,4.35,0.00, 1.74
1.79,4.33,0.00, 0.00
1.79,4.34,0.00, 0.25
1.82,4.32,1.48, 0.00
1.79,4.29,0.00, 0.00
1.79,4.29,0.00, 0.00
1.79,4.26,0.00, 0.00
1.79,4.23,0.00, 0.00
1.79,4.22,0.00, 0.00
1.79,4.20,0.00, 0.00
1.79,4.14,0.00, 0.00
1.79,4.14,0.00, 0.00
1.79,4.14,0.00, 0.00
1.79,4.14,0.00, 0.00
1.79,4.14,0.00, 0.00
1.79,4.14,0.00, 0.00
1.79,4.11,0.00, 0.00
1.79,4.09,0.00, 0.00
1.77,4.08,0.00, 0.00
1.79,4.06,0.99, 0.00
1.79,4.04,0.01, 0.00
1.79,4.05,0.00, 0.50
1.79,4.05,0.00, 0.50
1.79,3.99,0.00, 0.00
1.82,3.97,1.48, 0.00
1.79,3.92,0.00, 0.00
1.79,3.87,0.00, 0.00
1.79,3.87,0.00, 0.00
1.79,3.87,0.00, 0.00
1.79,3.87,0.00, 0.00
1.79,3.87,0.00, 0.00
1.79,3.87,0.00, 0.00
1.79,3.87,0.00, 0.00
1.79,3.87,0.00, 0.00
1.79,3.87,0.00, 0.00
1.79,3.87,0.00, 0.00
1.79,3.87,0.00, 0.00
1.79,3.83,0.00, 0.00
1.79,3.83,0.00, 0.00
1.79,3.83,0.00, 0.00
1.79,3.83,0.00, 0.00
1.79,3.83,0.00, 0.00
1.79,3.83,0.00, 0.00
1.79,3.83,0.00, 0.00
1.79,3.83,0.00, 0.00
1.79,3.83,0.00, 0.00
1.79,3.83,0.00, 0.00
1.79,3.83,0.00, 0.00
1.79,3.83,0.00, 0.00
1.79,3.83,0.00, 0.00
1.79,3.83,0.00, 0.00
1.79,3.77,0.00, 0.00
1.79,3.76,0.00, 0.00
1.79,3.76,0.00, 0.00
1.79,3.76,0.00, 0.00
1.79,3.76,0.00, 0.00
1.79,3.76,0.00, 0.00
1.79,3.76,0.00, 0.00
1.79,3.76,0.00, 0.00
1.79,3.76,0.00, 0.00
1.79,3.76,0.00, 0.00
1.79,3.76,0.00, 0.00
1.79,3.76,0.00, 0.00
1.79,3.76,0.00, 0.00
1.79,3.76,0.00, 0.00
1.79,3.76,0.00, 0.00
1.79,3.76,0.00, 0.00
1.79,3.76,0.00, 0.00
1.79,3.76,0.00, 0.00
1.79,3.76,0.00, 0.00
1.79,3.76,0.00, 0.00
1.79,3.76,0.00, 0.00
1.79,3.76,0.00, 0.00
1.79,3.76,0.00, 0.00
1.79,3.76,0.00, 0.00
1.79,3.76,0.00, 0.00
1.79,3.76,0.00, 0.00
1.79,3.76,0.00, 0.00
1.79,3.76,0.00, 0.00
1.79,3.76,0.00, 0.00
1.79,3.76,0.00, 0.00
1.79,3.76,0.00, 0.00
1.79,3.76,0.00, 0.00
1.79,3.76,0.00, 0.00
1.79,3.76,0.00, 0.00
1.79,3.76,0.00, 0.00
1.79,3.76,0.00, 0.00
1.79,3.76,0.00, 0.00
1.79,3.76,0.00, 0.00
1.79,3.76,0.00, 0.00
1.79,3.76,0.00, 0.00
1.79,3.76,0.00, 0.00
1.79,3.76,0.00, 0.00
1.79,3.76,0.00, 0.00
1.79,3.76,0.00, 0.00
1.79,3.76,0.00, 0.00
1.79,3.76,0.00, 0.00
1.79,3.76,0.00, 0.00
1.79,3.76,0.00, 0.00
1.79,3.76,0.00, 0.00
1.79,3.76,0.00, 0.00
1.79,3.76,0.00, 0.00
1.79,3.76,0.00, 0.00
1.79,3.76,0.00, 0.00
1.79,3.96,0.00, 9.71
1.79,4.02,0.00, 2.78
1.79,4.02,0.00, 2.78
1.79,4.02,0.00, 0.01
1.03,2.43,0.00, 0.00
1.03,2.43,0.00, 0.00
1.03,2.43,0.00, 0.00
1.03,2.43,0.00, 0.00
1.03,2.43,0.00, 0.00
1.03,2.43,0.00, 0.00
1.03,2.43,0.00, 0.00
1.03,2.43,0.00, 0.00
1.03,2.43,0.00, 0.00
1.03,2.43,0.00, 0.00
1.03,2.43,0.00, 0.00
1.03,2.43,0.00, 0.00
1.03,2.43,0.00, 0.00
0.96,2.27,0.00, 0.00
0.85,2.12,0.00, 0.00
0.81,2.01,0.00, 0.00
0.25,0.41,0.00, 0.00
0.20,0.34,0.00, 0.00
0.20,0.34,0.00, 0.00
0.20,0.34,0.00, 0.00
0.20,0.34,0.00, 0.00
0.20,0.34,0.00, 0.00
0.20,0.34,0.00, 0.00
0.20,0.34,0.00, 0.00
0.20,0.34,0.00, 0.00
0.20,0.34,0.00, 0.00
0.20,0.34,0.00, 0.00
0.20,0.34,0.00, 0.00
0.20,0.34,0.00, 0.00
0.20,0.34,0.00, 0.00
0.20,0.34,0.00, 0.00
0.20,0.34,0.00, 0.00
0.20,0.34,0.00, 0.00
0.20,0.34,0.00, 0.00
0.20,0.34,0.00, 0.00
0.20,0.34,0.00, 0.00
0.20,0.25,0.00, 0.00
0.20,0.25,0.00, 0.00
0.16,0.18,0.00, 0.00
0.16,0.18,0.00, 0.00
0.16,0.18,0.00, 0.00
0.16,0.18,0.00, 0.00
0.16,0.18,0.00, 0.00
0.18,0.09,0.99, 0.00
0.09,0.05,0.00, 0.00
0.07,0.05,0.00, 0.00
0.11,0.05,1.97, 0.00
0.09,0.05,0.00, 0.00
0.09,0.05,0.00, 0.00
0.09,0.05,0.00, 0.00
0.07,0.05,0.00, 0.00
0.07,0.05,0.00, 0.00
0.09,0.05,0.99, 0.00
0.09,0.05,0.01, 0.00
0.09,0.05,0.01, 0.00
0.09,0.05,0.01, 0.00
0.09,0.05,0.01, 0.00
0.09,0.05,0.01, 0.00
0.09,0.05,0.01, 0.00
0.09,0.05,0.00, 0.00
0.11,0.05,0.99, 0.00
0.11,0.05,0.99, 0.00
0.11,0.05,0.99, 0.00
0.11,0.05,0.99, 0.00
0.11,0.05,0.99, 0.00
0.11,0.05,0.99, 0.00
0.11,0.05,0.99, 0.00
0.11,0.05,0.99, 0.00
0.11,0.05,0.99, 0.00
0.11,0.05,0.99, 0.00
0.11,0.05,0.99, 0.00
0.11,0.05,0.99, 0.00
0.11,0.05,0.99, 0.00
0.11,0.05,0.99, 0.00
0.11,0.05,0.99, 0.00
0.11,0.05,0.99, 0.00
0.11,0.05,0.99, 0.00
0.11,0.05,0.99, 0.00
0.11,0.05,0.99, 0.00
0.09,0.05,0.00, 0.00
0.09,0.05,0.00, 0.00
0.09,0.05,0.00, 0.00
0.09,0.05,0.00, 0.00
0.09,0.05,0.00, 0.00
0.09,0.05,0.00, 0.00
0.09,0.05,0.00, 0.00
0.07,0.05,0.00, 0.00
0.07,0.05,0.00, 0.00
0.07,0.05,0.00, 0.00
0.07,0.05,0.00, 0.00
0.07,0.05,0.00, 0.00
0.07,0.05,0.00, 0.00
0.07,0.05,0.00, 0.00
0.07,0.05,0.00, 0.00
0.07,0.05,0.00, 0.00
0.07,0.05,0.00, 0.00
0.07,0.05,0.00, 0.00
0.07,0.05,0.00, 0.00
0.07,0.05,0.00, 0.00
0.07,0.05,0.00, 0.00
0.07,0.05,0.00, 0.00
0.07,0.05,0.00, 0.00
0.07,0.05,0.00, 0.00
0.07,0.05,0.00, 0.00
0.00,0.13,0.00, 4.48
0.00,0.43,0.00, 14.46
0.00,0.49,0.00, 3.04
0.99,2.53,48.77, 101.89
0.99,2.53,48.77, 101.89
0.99,2.53,48.77, 101.89
0.99,2.53,48.77, 101.89
0.99,2.53,48.77, 101.89
0.99,2.53,48.77, 101.89
0.99,2.53,48.77, 101.89
0.99,2.53,48.77, 101.89
0.99,2.53,48.77, 101.89
0.99,2.53,48.77, 101.89
0.99,2.53,48.77, 101.89
0.99,2.53,48.77, 101.89
0.99,2.53,48.77, 101.89
1.14,2.67,8.11, 7.35
1.28,2.79,7.02, 6.00
1.28,2.79,7.02, 6.00
1.28,2.79,7.02, 6.00
1.28,2.79,7.02, 6.00
1.41,2.91,6.51, 6.00
1.79,4.05,18.82, 57.06
1.79,4.05,18.82, 57.06
1.79,4.05,18.82, 57.06
1.79,4.05,18.82, 57.06
1.79,4.05,18.82, 57.06
1.79,4.05,18.82, 57.06
1.79,4.05,18.82, 57.06
1.79,4.05,18.82, 57.06
1.79,4.22,0.28, 8.18
1.79,4.22,0.28, 8.18
1.79,4.22,0.28, 8.18
1.77,4.69,0.00, 23.94
1.77,4.69,0.00, 23.94
1.77,4.83,0.00, 6.81
1.79,5.69,0.99, 42.87
1.79,5.68,0.01, 0.00
1.77,5.51,0.00, 0.00
1.77,5.51,0.00, 0.00
1.79,5.45,0.99, 0.00
1.79,5.45,0.99, 0.00
1.79,5.45,0.99, 0.00
1.79,5.45,0.99, 0.00
1.79,5.45,0.99, 0.00
1.79,5.45,0.99, 0.00
1.79,5.45,0.99, 0.00
1.79,5.45,0.99, 0.00
1.79,5.45,0.99, 0.00
1.79,5.45,0.99, 0.00
1.79,5.45,0.99, 0.00
1.79,5.36,0.01, 0.00
1.77,5.27,0.00, 0.00
1.79,5.21,0.99, 0.00
1.79,5.08,0.01, 0.00
1.79,5.09,0.00, 0.50
1.79,5.11,0.00, 1.00
1.79,5.14,0.00, 1.25
1.79,5.14,0.00, 0.25
1.79,5.15,0.00, 0.50
1.79,5.16,0.00, 0.50
1.79,5.13,0.00, 0.00
1.79,5.14,0.00, 0.50
1.79,5.14,0.00, 0.50
1.79,5.14,0.00, 0.50
1.79,5.09,0.00, 0.00
1.79,5.05,0.00, 0.00
1.79,5.02,0.00, 0.00
1.79,4.99,0.00, 0.00
1.79,4.99,0.00, 0.00
1.82,4.99,1.48, 0.00
1.82,4.99,1.48, 0.00
1.79,4.94,0.00, 0.00
1.79,4.91,0.00, 0.00
1.82,4.84,1.48, 0.00
1.79,4.80,0.00, 0.00
1.79,4.77,0.00, 0.00
1.79,4.79,0.00, 1.00
1.79,4.79,0.00, 0.00
1.79,4.79,0.00, 0.00
1.79,4.79,0.00, 0.00
1.79,4.79,0.00, 0.00
1.79,4.79,0.00, 0.00
1.79,4.79,0.00, 0.00
1.79,4.79,0.00, 0.00
1.79,4.79,0.00, 0.00
1.79,4.78,0.00, 0.00
1.79,4.78,0.00, 0.00
1.79,4.78,0.00, 0.00
1.79,4.77,0.00, 0.00
1.79,4.76,0.00, 0.00
1.79,4.72,0.00, 0.00
1.79,4.68,0.00, 0.00
1.79,4.68,0.00, 0.00
1.79,4.69,0.00, 0.50
1.79,4.69,0.00, 0.00
1.79,4.69,0.00, 0.00
1.79,4.69,0.00, 0.00
1.79,4.69,0.00, 0.00
1.79,4.69,0.00, 0.00
1.79,4.69,0.00, 0.00
1.79,4.69,0.00, 0.00
1.79,4.69,0.00, 0.00
1.79,4.69,0.00, 0.00
1.79,4.69,0.00, 0.00
1.79,4.71,0.00, 0.75
1.79,4.67,0.00, 0.00
1.82,4.66,1.48, 0.00
1.79,4.50,0.00, 0.00
1.82,4.46,1.48, 0.00
1.82,4.46,1.48, 0.00
1.82,4.46,1.48, 0.00
1.82,4.46,1.48, 0.00
1.82,4.46,1.48, 0.00
1.82,4.46,1.48, 0.00
1.82,4.46,1.48, 0.00
1.79,4.47,0.00, 0.50
1.79,4.45,0.00, 0.00
1.79,4.45,0.00, 0.00
1.79,4.41,0.00, 0.00
1.79,4.41,0.00, 0.00
1.79,4.41,0.00, 0.00
1.79,4.41,0.00, 0.00
1.79,4.41,0.00, 0.00
1.79,4.41,0.00, 0.00
1.79,4.41,0.00, 0.00
1.79,4.41,0.00, 0.00
1.79,4.41,0.00, 0.00
1.79,4.41,0.00, 0.00
1.79,4.41,0.00, 0.00
1.79,4.41,0.00, 0.00
1.79,4.41,0.00, 0.00
1.79,4.41,0.00, 0.00
1.77,4.31,0.00, 0.00
1.79,4.31,0.99, 0.00
1.79,4.31,0.99, 0.00
1.79,4.31,0.99, 0.00
1.79,4.31,0.99, 0.00
1.79,4.31,0.99, 0.00
1.79,4.31,0.99, 0.00
1.79,4.31,0.01, 0.00
1.79,4.31,0.01, 0.00
1.79,4.31,0.01, 0.00
1.79,4.31,0.01, 0.00
1.79,4.31,0.01, 0.00
1.79,4.31,0.01, 0.00
1.79,4.31,0.01, 0.00
1.79,4.31,0.01, 0.00
1.79,4.31,0.01, 0.00
1.79,4.32,0.00, 0.50
1.79,4.32,0.00, 0.50
1.79,4.32,0.00, 0.50
1.79,4.32,0.00, 0.50
1.79,4.32,0.00, 0.50
1.79,4.32,0.00, 0.50
1.79,4.32,0.00, 0.50
1.79,4.32,0.00, 0.50
1.79,4.32,0.00, 0.50
1.79,4.32,0.00, 0.50
1.79,4.32,0.00, 0.50
1.79,4.32,0.00, 0.50
1.79,4.32,0.00, 0.50
1.79,4.32,0.00, 0.50
1.79,4.31,0.00, 0.00
1.79,4.31,0.00, 0.00
1.79,4.31,0.00, 0.00
1.79,4.31,0.00, 0.00
1.79,4.31,0.00, 0.00
1.79,4.31,0.00, 0.00
1.79,4.31,0.00, 0.00
1.79,4.31,0.00, 0.00
1.79,4.31,0.00, 0.00
1.79,4.31,0.00, 0.00
1.79,4.31,0.00, 0.00
1.79,4.31,0.00, 0.00
1.79,4.29,0.00, 0.00
1.79,4.29,0.00, 0.00
1.79,4.29,0.00, 0.00
1.79,4.29,0.00, 0.00
1.79,4.29,0.00, 0.00
1.79,4.29,0.00, 0.00
1.79,4.29,0.00, 0.00
1.79,4.29,0.00, 0.00
1.79,4.29,0.00, 0.00
1.79,4.29,0.00, 0.00
1.79,4.29,0.00, 0.00
1.79,4.29,0.00, 0.00
1.79,4.29,0.00, 0.00
1.79,4.29,0.00, 0.00
1.79,4.18,0.00, 0.00
1.79,4.18,0.00, 0.00
1.79,4.18,0.00, 0.00
1.79,4.18,0.00, 0.00
1.79,4.26,0.00, 3.99
0.34,3.49,0.00, 0.00
0.34,3.49,0.00, 0.00
0.22,1.13,0.00, 0.00
0.22,1.13,0.00, 0.00
0.22,1.13,0.00, 0.00
0.22,1.13,0.00, 0.00
0.22,1.13,0.00, 0.00
0.22,1.13,0.00, 0.00
0.22,1.13,0.00, 0.00
0.22,1.13,0.00, 0.00
0.22,1.13,0.00, 0.00
0.22,1.13,0.00, 0.00
0.22,1.13,0.00, 0.00
0.22,1.13,0.00, 0.00
0.22,1.13,0.00, 0.00
0.22,1.13,0.00, 0.00
0.22,1.13,0.00, 0.00
0.22,1.13,0.00, 0.00
0.22,1.13,0.00, 0.00
0.22,1.13,0.00, 0.00
0.22,1.13,0.00, 0.00
0.22,1.13,0.00, 0.00
0.22,1.13,0.00, 0.00
0.22,1.13,0.00, 0.00
0.22,1.13,0.00, 0.00
0.22,1.13,0.00, 0.00
0.22,1.13,0.00, 0.00
0.22,0.56,0.00, 0.00
0.18,0.46,0.00, 0.00
0.18,0.46,0.00, 0.00
0.22,0.35,1.97, 0.00
0.22,0.35,1.97, 0.00
0.22,0.35,1.97, 0.00
0.22,0.35,1.97, 0.00
0.22,0.35,1.97, 0.00
0.22,0.35,1.97, 0.00
0.22,0.35,1.97, 0.00
0.22,0.35,1.97, 0.00
0.22,0.35,1.97, 0.00
0.22,0.35,1.97, 0.00
0.22,0.35,1.97, 0.00
0.22,0.35,1.97, 0.00
0.22,0.35,1.97, 0.00
0.22,0.35,1.97, 0.00
0.22,0.35,1.97, 0.00
0.22,0.35,1.97, 0.00
0.09,0.05,0.00, 0.00
0.09,0.05,0.00, 0.00
0.09,0.05,0.00, 0.00
0.09,0.05,0.00, 0.00
0.09,0.05,0.00, 0.00
0.09,0.05,0.00, 0.00
0.09,0.05,0.00, 0.00
0.09,0.05,0.00, 0.00
0.09,0.05,0.00, 0.00
0.09,0.05,0.00, 0.00
0.07,0.05,0.00, 0.00
0.07,0.05,0.00, 0.00
0.09,0.05,0.99, 0.00
0.09,0.05,0.99, 0.00
0.07,0.05,0.00, 0.00
0.07,0.05,0.00, 0.00
0.07,0.05,0.00, 0.00
0.07,0.05,0.00, 0.00
0.07,0.05,0.00, 0.00
0.07,0.05,0.00, 0.00
0.07,0.05,0.00, 0.00
0.07,0.05,0.00, 0.00
0.07,0.05,0.00, 0.00
0.07,0.05,0.00, 0.00
0.07,0.05,0.00, 0.00
0.07,0.05,0.00, 0.00
0.07,0.05,0.00, 0.00
0.07,0.05,0.00, 0.00
0.07,0.05,0.00, 0.00
0.07,0.05,0.00, 0.00
0.07,0.05,0.00, 0.00
0.07,0.05,0.00, 0.00
0.07,0.05,0.00, 0.00
0.07,0.05,0.00, 0.00
0.07,0.05,0.00, 0.00
0.09,0.05,0.99, 0.00
0.09,0.05,0.01, 0.00
0.09,0.05,0.01, 0.00
0.09,0.05,0.01, 0.00
0.09,0.05,0.01, 0.00
0.09,0.05,0.01, 0.00
0.09,0.05,0.01, 0.00
0.09,0.05,0.01, 0.00
0.09,0.05,0.01, 0.00
0.09,0.05,0.01, 0.00
0.09,0.05,0.01, 0.00
0.09,0.05,0.01, 0.00
0.09,0.05,0.01, 0.00
0.09,0.05,0.01, 0.00
0.09,0.05,0.01, 0.00
0.09,0.05,0.01, 0.00
0.09,0.05,0.01, 0.00
0.09,0.05,0.01, 0.00
0.09,0.05,0.01, 0.00
0.09,0.05,0.01, 0.00
0.09,0.05,0.01, 0.00
0.07,0.05,0.00, 0.00
0.07,0.05,0.00, 0.00
0.07,0.05,0.00, 0.00
0.07,0.05,0.00, 0.00
0.07,0.05,0.00, 0.00
0.07,0.05,0.00, 0.00
0.07,0.05,0.00, 0.00
0.07,0.05,0.00, 0.00
0.07,0.05,0.00, 0.00
0.07,0.05,0.00, 0.00
0.07,0.05,0.00, 0.00
0.07,0.05,0.00, 0.00
0.07,0.05,0.00, 0.00
0.07,0.05,0.00, 0.00
0.07,0.05,0.00, 0.00
0.07,0.05,0.00, 0.00
0.07,0.05,0.00, 0.00
0.07,0.05,0.00, 0.00
0.07,0.05,0.00, 0.00
0.00,0.80,0.00, 37.61
0.00,0.80,0.00, 37.61
0.00,0.91,0.00, 5.62
0.00,0.91,0.00, 5.62
0.00,0.91,0.00, 5.62
0.00,0.91,0.00, 5.62
0.00,0.91,0.00, 5.62
1.77,4.34,87.20, 170.89
1.77,4.34,87.20, 170.89
1.79,4.89,2.27, 28.27
1.82,4.56,1.51, 0.00
1.79,4.11,0.00, 0.00
1.82,4.06,1.48, 0.00
1.79,4.03,0.00, 0.00
1.79,3.99,0.00, 0.00
1.82,3.98,1.48, 0.00
1.79,3.95,0.00, 0.00
1.79,3.95,0.00, 0.00
1.79,3.95,0.00, 0.00
1.79,3.95,0.00, 0.00
1.79,3.95,0.00, 0.00
1.79,3.95,0.00, 0.00
1.79,3.95,0.00, 0.00
1.79,3.93,0.00, 0.00
1.79,3.94,0.00, 0.50
1.79,3.97,0.00, 1.25
1.82,4.18,1.48, 10.72
1.79,4.23,0.00, 2.53
1.79,4.25,0.00, 1.01
1.79,4.25,0.00, 1.01
1.82,4.27,1.48, 1.00
1.82,4.27,1.48, 1.00
1.79,4.28,0.00, 0.50
1.79,4.28,0.00, 0.50
1.79,4.28,0.00, 0.50
1.79,4.28,0.00, 0.50
1.79,4.28,0.00, 0.50
1.79,4.28,0.00, 0.50
1.79,4.28,0.00, 0.50
1.79,4.28,0.00, 0.50
1.79,4.28,0.00, 0.50
1.79,4.28,0.00, 0.50
1.82,4.28,1.48, 0.00
1.79,4.23,0.00, 0.00
1.79,4.26,0.00, 1.00
1.82,4.27,1.48, 0.75
1.82,4.26,0.02, 0.00
1.79,4.27,0.00, 0.25
1.79,4.27,0.00, 0.25
1.79,4.27,0.00, 0.00
1.79,4.22,0.00, 0.00
1.82,4.18,1.48, 0.00
1.82,4.15,0.02, 0.00
1.82,4.08,0.00, 0.00
1.82,4.08,0.00, 0.00
1.82,4.08,0.00, 0.00
1.82,4.08,0.00, 0.00
1.82,4.08,0.00, 0.00
1.82,4.08,0.00, 0.00
1.82,4.08,0.00, 0.00
1.82,4.08,0.00, 0.00
1.82,4.08,0.00, 0.00
1.82,4.08,0.00, 0.00
1.79,4.07,0.00, 0.00
1.79,4.03,0.00, 0.00
1.79,3.99,0.00, 0.00
1.79,3.82,0.00, 0.00
1.79,3.80,0.00, 0.00
1.79,3.80,0.00, 0.00
1.79,3.80,0.00, 0.00
1.79,3.80,0.00, 0.00
1.79,3.80,0.00, 0.00
1.82,3.80,1.48, 0.00
1.82,3.80,1.48, 0.00
1.82,3.80,1.48, 0.00
1.82,3.80,1.48, 0.00
1.82,3.80,1.48, 0.00
1.79,3.81,0.00, 0.50
1.82,3.87,1.48, 2.99
1.79,3.86,0.00, 0.00
1.79,3.88,0.00, 0.75
1.79,3.88,0.00, 0.00
1.79,3.88,0.00, 0.00
1.79,3.88,0.00, 0.00
1.79,3.88,0.00, 0.00
1.79,3.88,0.00, 0.00
1.79,3.88,0.00, 0.00
1.79,3.88,0.00, 0.00
1.79,3.88,0.00, 0.00
1.79,3.88,0.00, 0.00
1.79,3.88,0.00, 0.00
1.79,3.88,0.00, 0.00
1.79,3.88,0.00, 0.00
1.79,3.88,0.00, 0.00
1.79,3.88,0.00, 0.00
1.79,3.88,0.00, 0.00
1.79,3.88,0.00, 0.00
1.79,3.88,0.00, 0.00
1.79,3.88,0.00, 0.00
1.79,3.88,0.00, 0.00
1.79,3.88,0.00, 0.00
1.79,3.88,0.00, 0.00
1.79,3.88,0.00, 0.00
1.79,3.88,0.00, 0.00
1.79,3.88,0.00, 0.00
1.79,3.88,0.00, 0.00
1.79,3.88,0.00, 0.00
1.79,3.88,0.00, 0.00
1.79,3.88,0.00, 0.00
1.79,3.89,0.00, 1.00
1.82,3.95,1.48, 2.49
1.82,3.95,1.48, 2.49
1.82,3.79,0.02, 0.00
1.82,3.74,0.00, 0.00
1.79,3.72,0.00, 0.00
1.82,3.70,1.48, 0.00
1.82,3.70,1.48, 0.00
1.82,3.70,1.48, 0.00
1.82,3.70,1.48, 0.00
1.82,3.70,1.48, 0.00
1.82,3.70,1.48, 0.00
1.82,3.70,1.48, 0.00
1.82,3.70,1.48, 0.00
1.82,3.70,1.48, 0.00
1.82,3.70,1.48, 0.00
1.82,3.70,1.48, 0.00
1.82,3.70,1.48, 0.00
1.82,3.70,1.48, 0.00
1.82,3.70,1.48, 0.00
1.82,3.70,1.48, 0.00
1.82,3.70,1.48, 0.00
1.82,3.70,1.48, 0.00
1.79,3.67,0.00, 0.00
1.79,3.67,0.00, 0.00
1.79,3.66,0.00, 0.00
1.82,3.64,1.48, 0.00
1.68,2.98,0.00, 0.00
1.68,2.98,0.00, 0.00
1.68,2.98,0.00, 0.00
1.68,2.98,0.00, 0.00
1.68,2.98,0.00, 0.00
1.68,2.98,0.00, 0.00
1.68,2.98,0.00, 0.00
1.19,2.93,0.00, 0.00
0.47,2.88,0.00, 0.00
0.02,2.78,0.00, 0.00
0.02,2.78,0.00, 0.00
0.02,2.78,0.00, 0.00
0.00,2.07,0.00, 0.00
0.00,2.07,0.00, 0.00
0.00,2.07,0.00, 0.00
0.00,2.07,0.00, 0.00
0.00,2.07,0.00, 0.00
0.00,2.07,0.00, 0.00
0.00,1.95,0.00, 0.00
0.00,1.82,0.00, 0.00
0.00,1.57,0.00, 0.00
0.00,0.71,0.00, 0.00
0.00,0.61,0.00, 0.00
0.00,0.51,0.00, 0.00
0.00,0.39,0.00, 0.00
0.00,0.32,0.00, 0.00
0.00,0.28,0.00, 0.00
0.00,0.28,0.00, 0.00
0.00,0.19,0.00, 0.00
0.00,0.14,0.00, 0.00
0.00,0.11,0.00, 0.00
0.00,0.09,0.00, 0.00
0.07,0.07,3.45, 0.00
0.13,0.06,3.01, 0.00
0.13,0.06,3.01, 0.00
0.20,0.05,3.49, 0.00
0.18,0.05,0.00, 0.00
0.13,0.05,0.00, 0.00
0.07,0.05,0.00, 0.00
0.02,0.05,0.00, 0.00
0.00,0.04,0.00, 0.00
0.00,0.04,0.00, 0.00
0.02,0.05,0.99, 0.50
0.07,0.05,2.48, 0.00
0.11,0.04,2.01, 0.00
0.13,0.05,1.01, 0.50
0.13,0.05,0.01, 0.00
0.09,0.05,0.00, 0.00
0.04,0.05,0.00, 0.00
0.02,0.05,0.00, 0.00
0.02,0.05,0.00, 0.00
0.02,0.05,0.00, 0.00
0.02,0.05,0.00, 0.00
0.02,0.05,0.00, 0.00
0.02,0.05,0.00, 0.00
0.02,0.05,0.00, 0.00
0.02,0.05,0.00, 0.00
0.02,0.05,0.00, 0.00
0.02,0.05,0.00, 0.00
0.02,0.05,0.00, 0.00
0.02,0.05,0.00, 0.00
0.02,0.05,0.00, 0.00
0.02,0.05,0.00, 0.00
0.02,0.05,0.00, 0.00
0.02,0.05,0.00, 0.00
0.02,0.05,0.00, 0.00
0.02,0.05,0.00, 0.00
0.02,0.05,0.00, 0.00
0.02,0.05,0.00, 0.00
0.02,0.05,0.00, 0.00
0.02,0.04,0.00, 0.00
0.09,0.05,3.45, 0.50
0.04,0.05,0.00, 0.00
0.04,0.05,0.00, 0.50
0.04,0.05,0.00, 0.00
0.07,0.05,1.48, 0.00
0.07,0.05,0.02, 0.00
0.07,0.05,0.02, 0.00
0.07,0.05,0.02, 0.00
0.07,0.05,0.00, 0.50
0.07,0.05,0.00, 0.00
0.04,0.05,0.00, 0.50
0.00,0.11,0.00, 2.99
0.00,0.11,0.00, 0.01
0.00,0.15,0.00, 1.74
0.00,0.15,0.00, 1.74
0.00,0.17,0.00, 1.25
0.00,0.22,0.00, 2.50
0.00,0.27,0.00, 2.25
0.00,0.31,0.00, 2.25
0.00,0.38,0.00, 3.50
0.00,0.38,0.00, 3.50
0.00,0.38,0.00, 3.50
0.00,0.44,0.00, 2.50
0.00,0.44,0.00, 2.50
0.00,0.44,0.00, 2.50
0.00,0.44,0.00, 2.50
0.00,0.44,0.00, 2.50
0.00,0.53,0.00, 4.74
0.00,0.62,0.00, 4.50
0.00,0.87,0.00, 12.47
0.20,1.53,9.85, 32.68
0.27,1.66,3.59, 6.84
0.34,1.81,3.50, 7.50
0.34,1.81,3.50, 7.50
0.34,1.81,3.50, 7.50
0.34,1.81,3.50, 7.50
0.34,1.81,3.50, 7.50
0.34,1.81,3.50, 7.50
0.34,1.81,3.50, 7.50
0.34,1.81,3.50, 7.50
0.34,1.81,3.50, 7.50
0.43,1.95,4.49, 7.25
0.54,2.13,5.49, 8.74
0.63,2.28,4.51, 7.75
1.52,3.16,43.91, 43.62
1.77,3.42,12.96, 13.11
1.77,3.53,0.19, 5.53
1.77,3.53,0.19, 5.53
1.77,3.53,0.19, 5.53
1.77,3.53,0.19, 5.53
1.77,3.62,0.00, 4.25
1.77,3.74,0.00, 5.99
1.77,3.80,0.00, 3.01
1.77,4.02,0.00, 11.22
1.77,4.11,0.00, 4.28
1.77,4.11,0.00, 4.28
1.77,4.11,0.00, 4.28
1.77,4.11,0.00, 4.28
1.77,4.11,0.00, 4.28
1.77,4.11,0.00, 4.28
1.77,4.11,0.00, 4.28
1.77,4.11,0.00, 4.28
1.77,4.11,0.00, 4.28
1.77,4.11,0.00, 4.28
1.77,4.11,0.00, 4.28
1.77,4.11,0.00, 4.28
1.77,4.11,0.00, 4.28
1.77,4.11,0.00, 4.28
1.77,4.11,0.00, 4.28
1.77,4.20,0.00, 4.75
1.77,4.34,0.00, 6.99
1.77,4.51,0.00, 8.74
1.79,5.30,0.99, 39.39
1.79,5.30,0.01, 0.14
1.79,5.30,0.01, 0.14
1.79,5.30,0.01, 0.14
1.79,5.30,0.01, 0.14
1.79,5.30,0.01, 0.14
1.79,5.28,0.00, 0.00
1.79,5.29,0.00, 0.50
1.77,5.28,0.00, 0.00
1.77,5.28,0.00, 0.00
1.77,5.28,0.00, 0.00
1.79,5.29,0.99, 0.75
1.79,5.32,0.01, 1.75
1.79,5.32,0.01, 1.75
1.79,5.32,0.01, 1.75
1.79,5.35,0.00, 1.25
1.79,5.32,0.00, 0.00
1.79,5.32,0.00, 0.00
1.79,5.28,0.00, 0.00
1.79,5.26,0.00, 0.00
1.79,5.23,0.00, 0.00
1.79,5.22,0.00, 0.00
1.79,5.22,0.00, 0.00
1.79,5.20,0.00, 0.00
1.79,5.17,0.00, 0.00
1.79,5.17,0.00, 0.00
1.79,5.17,0.00, 0.00
1.79,5.17,0.00, 0.00
1.79,5.17,0.00, 0.00
1.79,5.17,0.00, 0.00
1.79,5.17,0.00, 0.00
1.79,5.18,0.00, 0.50
1.79,5.22,0.00, 1.99
1.79,5.22,0.00, 0.01
1.79,5.23,0.00, 0.25
1.79,5.22,0.00, 0.00
1.79,5.21,0.00, 0.00
1.79,5.18,0.00, 0.00
1.79,5.18,0.00, 0.00
1.79,5.18,0.00, 0.00
1.79,5.18,0.00, 0.00
1.79,5.16,0.00, 0.00
1.79,5.15,0.00, 0.00
1.79,5.14,0.00, 0.00
1.79,5.13,0.00, 0.00
1.77,5.12,0.00, 0.00
1.79,5.14,0.99, 0.50
1.79,5.14,0.99, 0.50
1.77,5.11,0.00, 0.00
1.79,5.09,0.99, 0.00
1.79,5.05,0.01, 0.00
1.79,5.03,0.00, 0.00
1.79,5.02,0.00, 0.00
1.79,5.01,0.00, 0.00
1.79,4.99,0.00, 0.00
1.79,4.98,0.00, 0.00
1.79,4.96,0.00, 0.00
1.79,4.95,0.00, 0.00
1.79,4.93,0.00, 0.00
1.79,4.93,0.00, 0.00
1.79,4.93,0.00, 0.00
1.79,4.93,0.00, 0.00
1.79,4.93,0.00, 0.00
1.79,4.93,0.00, 0.00
1.79,4.90,0.00, 0.00
1.79,4.90,0.00, 0.00
1.79,4.90,0.00, 0.00
1.79,4.88,0.00, 0.00
1.79,4.88,0.00, 0.00
1.79,4.88,0.00, 0.00
1.79,4.88,0.00, 0.00
1.79,4.88,0.00, 0.00
1.79,4.88,0.00, 0.00
1.79,4.88,0.00, 0.00
1.79,4.88,0.00, 0.00
1.79,4.88,0.00, 0.00
1.79,4.86,0.00, 0.00
1.79,4.86,0.00, 0.00
1.79,4.92,0.00, 2.74
1.79,4.90,0.00, 0.00
1.79,4.90,0.00, 0.00
1.82,4.38,1.48, 0.00
1.79,4.41,0.00, 1.99
1.79,4.41,0.00, 1.99
1.79,4.41,0.00, 1.99
1.79,4.41,0.00, 1.99
1.79,4.41,0.00, 1.99
1.79,4.41,0.00, 1.99
1.79,4.41,0.00, 1.99
1.79,4.41,0.00, 1.99
1.79,4.41,0.00, 1.99
1.79,4.41,0.00, 1.99
1.79,4.41,0.00, 1.99
1.79,4.41,0.00, 1.99
1.79,4.41,0.00, 1.99
1.79,4.41,0.00, 1.99
1.79,4.41,0.00, 1.99
1.79,4.41,0.00, 1.99
1.79,4.41,0.00, 1.99
1.79,4.41,0.00, 1.99
1.79,4.41,0.00, 1.99
1.79,4.41,0.00, 1.99
1.79,4.41,0.00, 1.99
1.79,4.41,0.00, 1.99
1.79,4.41,0.00, 1.99
1.79,4.41,0.00, 1.99
1.79,4.41,0.00, 1.99
1.79,4.41,0.00, 1.99
1.79,4.41,0.00, 1.99
1.79,4.45,0.00, 2.00
1.79,4.45,0.00, 0.00
1.79,4.45,0.00, 0.00
1.79,4.45,0.00, 0.00
1.79,4.41,0.00, 0.00
1.79,4.41,0.00, 0.00
1.79,4.41,0.00, 0.00
1.79,4.41,0.00, 0.00
1.79,4.41,0.00, 0.00
1.79,3.79,0.00, 0.00
1.79,3.78,0.00, 0.00
1.79,3.55,0.00, 0.00
1.79,3.55,0.00, 0.00
1.79,3.55,0.00, 0.00
1.79,3.55,0.00, 0.00
1.79,3.55,0.00, 0.00
1.79,3.55,0.00, 0.00
1.79,3.55,0.00, 0.00
1.79,3.55,0.00, 0.00
1.79,3.55,0.00, 0.00
1.79,3.55,0.00, 0.00
1.79,3.55,0.00, 0.00
1.79,3.55,0.00, 0.00
1.79,3.55,0.00, 0.00
1.79,3.55,0.00, 0.00
1.79,3.55,0.00, 0.00
1.79,3.55,0.00, 0.00
1.79,3.55,0.00, 0.00
1.79,3.55,0.00, 0.00
1.79,3.55,0.00, 0.00
1.79,3.55,0.00, 0.00
1.79,3.55,0.00, 0.00
1.79,3.55,0.00, 0.00
1.79,3.55,0.00, 0.00
1.79,3.55,0.00, 0.00
1.79,3.55,0.00, 0.00
1.79,3.55,0.00, 0.00
1.79,3.55,0.00, 0.00
1.79,3.55,0.00, 0.00
1.79,3.55,0.00, 0.00
1.79,3.20,0.00, 0.00
1.79,3.20,0.00, 0.00
1.79,3.13,0.00, 0.00
1.79,3.03,0.00, 0.00
1.79,3.03,0.00, 0.00
1.79,3.03,0.00, 0.00
1.79,3.03,0.00, 0.00
1.79,3.03,0.00, 0.00
1.79,3.03,0.00, 0.00
0.31,0.14,0.00, 0.00
0.31,0.14,0.00, 0.00
0.27,0.09,0.00, 0.00
0.27,0.09,0.00, 0.00
0.27,0.09,0.00, 0.00
0.13,0.06,0.00, 0.00
0.00,0.05,0.00, 0.00
0.16,0.05,7.88, 0.00
0.13,0.05,0.00, 0.00
0.09,0.05,0.00, 0.00
0.00,0.05,0.00, 0.00
0.00,0.05,0.00, 0.00
0.00,0.05,0.00, 0.00
0.00,0.05,0.00, 0.00
0.00,0.05,0.00, 0.00
0.00,0.05,0.00, 0.00
0.00,0.05,0.00, 0.00
0.00,0.05,0.00, 0.00
0.00,0.05,0.00, 0.00
0.00,0.05,0.00, 0.00
0.00,0.05,0.00, 0.00
0.00,0.05,0.00, 0.00
0.00,0.05,0.00, 0.00
0.00,0.05,0.00, 0.00
0.00,0.05,0.00, 0.00
0.00,0.05,0.00, 0.00
0.00,0.05,0.00, 0.00
0.00,0.05,0.00, 0.00
0.00,0.05,0.00, 0.00
0.00,0.05,0.00, 0.00
0.00,0.05,0.00, 0.00
0.00,0.05,0.00, 0.00
0.00,0.05,0.00, 0.00
0.00,0.05,0.00, 0.00
0.00,0.05,0.00, 0.00
0.00,0.05,0.00, 0.00
0.00,0.05,0.00, 0.00
0.00,0.05,0.00, 0.00
0.00,0.05,0.00, 0.00
0.00,0.05,0.00, 0.00
0.02,0.05,0.99, 0.50
0.00,0.07,0.00, 0.75
0.00,0.13,0.00, 3.24
0.00,0.13,0.00, 3.24
0.00,0.13,0.00, 3.24
0.00,0.13,0.00, 3.24
0.00,0.13,0.00, 3.24
0.00,0.13,0.00, 3.24
0.00,0.13,0.00, 3.24
0.00,0.15,0.00, 0.76
0.00,0.15,0.00, 0.76
0.00,0.15,0.00, 0.76
0.00,0.15,0.00, 0.76
0.00,0.15,0.00, 0.76
0.00,0.15,0.00, 0.76
0.00,0.15,0.00, 0.76
0.00,0.15,0.00, 0.76
0.00,0.15,0.00, 0.76
0.00,0.15,0.00, 0.76
0.00,0.15,0.00, 0.76
0.00,0.15,0.00, 0.76
0.00,0.15,0.00, 0.76
0.00,0.15,0.00, 0.76
0.00,0.15,0.00, 0.76
0.00,0.15,0.00, 0.76
0.00,0.15,0.00, 0.76
0.00,0.15,0.00, 0.76
0.00,0.15,0.00, 0.76
0.00,0.15,0.00, 0.76
0.00,0.15,0.00, 0.76
0.00,0.15,0.00, 0.76
0.00,0.15,0.00, 0.76
0.00,0.15,0.00, 0.76
0.00,0.15,0.00, 0.76
0.00,0.15,0.00, 0.76
0.00,0.15,0.00, 0.76
0.00,0.15,0.00, 0.00
0.00,0.15,0.00, 0.00
0.00,0.15,0.00, 0.00
0.00,0.19,0.00, 1.99
0.00,0.50,0.00, 15.70
1.77,4.42,87.20, 195.09
1.75,4.59,0.30, 9.18
1.77,4.77,0.99, 8.75
1.77,4.77,0.99, 8.75
1.77,4.77,0.99, 8.75
1.77,4.77,0.99, 8.75
1.77,4.77,0.99, 8.75
1.77,4.77,0.99, 8.75
1.77,4.77,0.99, 8.75
1.77,4.77,0.99, 8.75
1.77,4.77,0.99, 8.75
1.77,4.77,0.99, 8.75
1.77,4.77,0.99, 8.75
1.77,4.77,0.99, 8.75
1.77,4.93,0.01, 8.25
1.77,4.93,0.01, 8.25
1.77,4.93,0.01, 8.25
1.77,4.93,0.01, 8.25
1.77,4.93,0.01, 8.25
1.77,5.11,0.00, 8.75
1.77,5.11,0.00, 8.75
1.77,5.11,0.00, 8.75
1.77,5.11,0.00, 8.75
1.77,5.20,0.00, 4.76
1.77,5.20,0.00, 4.76
1.77,5.20,0.00, 4.76
1.77,5.20,0.00, 4.76
1.77,5.20,0.00, 4.76
1.77,5.20,0.00, 4.76
1.77,5.20,0.00, 4.76
1.77,5.20,0.00, 4.76
1.77,5.20,0.00, 4.76
1.77,5.20,0.00, 4.76
1.79,4.91,0.99, 0.00
1.77,4.65,0.00, 0.00
1.79,4.49,0.99, 0.00
1.77,4.61,0.00, 6.48
1.82,4.65,2.46, 2.02
1.77,4.70,0.00, 2.50
1.79,4.75,0.99, 2.25
1.79,4.79,0.01, 2.00
1.79,4.84,0.00, 2.50
1.79,4.88,0.00, 1.75
1.79,4.93,0.00, 2.75
1.79,4.99,0.00, 3.25
1.79,4.99,0.00, 3.25
1.79,4.99,0.00, 3.25
1.79,5.01,0.00, 1.01
1.79,5.06,0.00, 2.00
1.77,5.03,0.00, 0.00
1.79,5.02,0.99, 0.00
1.79,5.02,0.01, 0.00
1.79,5.02,0.00, 0.00
1.77,5.03,0.00, 0.50
1.79,5.02,0.99, 0.00
1.79,5.02,0.01, 0.00
1.79,4.99,0.00, 0.00
1.77,4.99,0.00, 0.00
1.79,4.99,0.99, 0.00
1.79,4.97,0.01, 0.00
1.79,4.97,0.00, 0.00
1.79,4.93,0.00, 0.00
1.79,4.93,0.00, 0.00
1.79,4.91,0.00, 0.00
1.79,4.91,0.00, 0.00
1.77,4.86,0.00, 0.00
1.77,4.86,0.00, 0.00
1.77,4.86,0.00, 0.00
1.79,4.80,0.99, 0.00
1.79,4.74,0.01, 0.00
1.79,4.65,0.00, 0.00
1.79,4.60,0.00, 0.00
1.79,4.57,0.00, 0.00
1.79,4.57,0.00, 0.00
1.79,4.57,0.00, 0.00
1.79,4.53,0.00, 0.00
1.79,4.53,0.00, 0.00
1.79,4.52,0.00, 0.00
1.79,4.52,0.00, 0.00
1.79,4.49,0.00, 0.00
1.79,4.51,0.00, 0.50
1.79,4.49,0.00, 0.00
1.79,4.46,0.00, 0.00
1.79,4.44,0.00, 0.00
1.79,4.44,0.00, 0.00
1.79,4.44,0.00, 0.00
1.79,4.44,0.00, 0.00
1.79,4.44,0.00, 0.00
1.79,4.44,0.00, 0.00
1.79,4.44,0.00, 0.00
1.79,4.44,0.00, 0.00
1.79,4.44,0.00, 0.00
1.79,4.44,0.00, 0.00
1.79,4.44,0.00, 0.00
1.79,4.44,0.00, 0.00
1.79,4.44,0.00, 0.00
1.79,4.41,0.00, 0.00
1.79,4.39,0.00, 0.00
1.79,4.38,0.00, 0.00
1.79,4.38,0.00, 0.00
1.79,4.06,0.00, 0.00
1.79,4.02,0.00, 0.00
1.79,4.02,0.00, 0.00
1.79,4.02,0.00, 0.00
1.79,4.02,0.00, 0.00
1.79,4.02,0.00, 0.00
1.79,4.02,0.00, 0.00
1.79,3.98,0.00, 0.00
1.79,3.98,0.00, 0.00
1.79,3.98,0.00, 0.00
1.79,3.95,0.00, 0.00
1.79,3.94,0.00, 0.00
1.79,3.79,0.00, 0.00
1.79,3.79,0.00, 0.00
1.79,3.79,0.00, 0.00
1.79,3.79,0.00, 0.00
1.79,3.79,0.00, 0.00
1.79,3.79,0.00, 0.00
1.79,3.79,0.00, 0.00
1.79,3.78,0.00, 0.00
1.79,3.78,0.00, 0.00
1.79,3.76,0.00, 0.00
1.79,3.76,0.00, 0.50
1.79,3.76,0.00, 0.50
1.79,3.76,0.00, 0.50
1.79,3.76,0.00, 0.50
1.79,3.76,0.00, 0.50
1.79,3.76,0.00, 0.50
1.79,3.88,0.00, 5.98
1.79,3.88,0.00, 5.98
1.79,3.88,0.00, 5.98
1.79,3.85,0.00, 0.00
1.79,3.85,0.00, 0.00
1.79,3.85,0.00, 0.00
1.79,3.85,0.00, 0.00
1.79,3.85,0.00, 0.00
1.79,3.85,0.00, 0.00
1.79,3.85,0.00, 0.00
1.77,3.81,0.00, 0.00
1.77,3.81,0.00, 0.00
1.79,3.58,0.99, 0.00
1.79,3.52,0.01, 0.00
0.63,3.01,0.00, 0.00
1.57,2.68,46.31, 0.00
1.57,2.68,46.31, 0.00
1.82,2.62,13.00, 0.00
1.12,2.49,0.00, 0.00
0.38,2.40,0.00, 0.00
0.78,2.31,19.71, 0.00
0.78,2.31,19.71, 0.00
0.78,2.31,19.71, 0.00
0.78,2.31,19.71, 0.00
0.78,2.31,19.71, 0.00
0.78,2.31,19.71, 0.00
0.96,2.23,9.16, 0.00
0.43,2.15,0.00, 0.00
0.43,2.15,0.00, 0.00
0.43,2.15,0.00, 0.00
0.43,2.15,0.00, 0.00
0.43,2.15,0.00, 0.00
0.43,2.15,0.00, 0.00
0.43,2.15,0.00, 0.00
0.43,2.15,0.00, 0.00
0.43,2.15,0.00, 0.00
0.43,2.15,0.00, 0.00
0.43,2.15,0.00, 0.00
0.43,2.15,0.00, 0.00
0.43,2.15,0.00, 0.00
0.45,2.05,0.99, 0.00
0.00,1.54,0.00, 0.00
0.00,1.46,0.00, 0.00
0.00,1.46,0.00, 0.00
0.00,1.46,0.00, 0.00
0.00,1.46,0.00, 0.00
0.00,1.46,0.00, 0.00
0.00,1.46,0.00, 0.00
0.00,1.46,0.00, 0.00
0.00,0.76,0.00, 0.00
0.00,0.69,0.00, 0.00
0.00,0.61,0.00, 0.00
0.00,0.61,0.00, 0.00
0.00,0.61,0.00, 0.00
0.00,0.61,0.00, 0.00
0.00,0.61,0.00, 0.00
0.00,0.61,0.00, 0.00
0.00,0.61,0.00, 0.00
0.00,0.16,0.00, 0.00
0.00,0.16,0.00, 0.00
0.00,0.16,0.00, 0.00
0.00,0.10,0.00, 0.00
0.00,0.05,0.00, 0.00
0.00,0.05,0.00, 0.00
0.00,0.05,0.00, 0.00
0.00,0.05,0.00, 0.00
0.00,0.05,0.00, 0.00
0.00,0.05,0.00, 0.00
0.02,0.05,0.99, 0.00
0.04,0.05,1.00, 0.00
0.07,0.05,1.49, 0.00
0.07,0.05,1.49, 0.00
0.02,0.05,0.00, 0.00
0.02,0.05,0.00, 0.00
0.02,0.05,0.00, 0.00
0.00,0.05,0.00, 0.00
0.00,0.05,0.00, 0.00
0.00,0.05,0.00, 0.00
0.00,0.05,0.00, 0.00
0.02,0.05,0.99, 0.00
0.04,0.05,1.00, 0.00
0.02,0.05,0.00, 0.00
0.02,0.05,0.00, 0.00
0.00,0.05,0.00, 0.00
0.00,0.05,0.00, 0.00
0.00,0.05,0.00, 0.00
0.00,0.05,0.00, 0.00
0.00,0.05,0.00, 0.00
0.00,0.05,0.00, 0.00
0.00,0.05,0.00, 0.00
0.00,0.05,0.00, 0.00
0.02,0.05,0.99, 0.00
0.02,0.05,0.99, 0.00
0.00,0.05,0.00, 0.00
0.00,0.05,0.00, 0.00
0.00,0.05,0.00, 0.00
0.00,0.05,0.00, 0.00
0.00,0.05,0.00, 0.00
0.00,0.05,0.00, 0.00
0.00,0.05,0.00, 0.00
0.00,0.05,0.00, 0.00
0.00,0.04,0.00, 0.00
0.00,0.04,0.00, 0.00
0.00,0.04,0.00, 0.00
0.00,0.04,0.00, 0.00
0.00,0.05,0.00, 0.50
0.00,0.05,0.00, 0.00
0.00,0.05,0.00, 0.00
0.02,0.05,0.99, 0.00
0.00,0.05,0.00, 0.00
0.00,0.05,0.00, 0.00
0.00,0.05,0.00, 0.00
0.00,0.05,0.00, 0.00
0.00,0.05,0.00, 0.00
0.00,0.05,0.00, 0.00
0.00,0.05,0.00, 0.00
0.00,0.05,0.00, 0.00
0.00,0.05,0.00, 0.00
0.00,0.05,0.00, 0.00
0.00,0.05,0.00, 0.00
0.00,0.05,0.00, 0.00
0.00,0.05,0.00, 0.00
0.00,0.05,0.00, 0.00
0.00,0.05,0.00, 0.00
0.00,0.05,0.00, 0.00
0.00,0.05,0.00, 0.00
0.00,0.05,0.00, 0.00
0.00,0.05,0.00, 0.00
0.00,0.05,0.00, 0.00
0.00,0.04,0.00, 0.00
0.00,0.05,0.00, 0.50
0.00,0.05,0.00, 0.00
0.00,0.04,0.00, 0.00
0.00,0.05,0.00, 0.50
0.00,0.05,0.00, 0.00
0.00,0.05,0.00, 0.00
0.00,0.05,0.00, 0.00
0.00,0.05,0.00, 0.00
0.00,0.05,0.00, 0.00
0.00,0.05,0.00, 0.00
0.00,0.05,0.00, 0.00
0.00,0.05,0.00, 0.00
0.00,0.04,0.00, 0.00
0.00,0.05,0.00, 0.50
0.00,0.05,0.00, 0.00
0.00,0.04,0.00, 0.00
0.00,0.05,0.00, 1.00
0.00,0.06,0.00, 0.25
0.00,0.05,0.00, 0.00
0.00,0.05,0.00, 0.00
0.00,0.05,0.00, 0.00
0.00,0.05,0.00, 0.00
0.00,0.05,0.00, 0.00
0.00,0.05,0.00, 0.00
0.00,0.05,0.00, 0.50
0.00,0.05,0.00, 0.00
0.00,0.05,0.00, 0.00
0.00,0.05,0.00, 0.00
0.00,0.05,0.00, 0.00
0.00,0.05,0.00, 0.00
0.00,0.04,0.00, 0.00
0.00,0.05,0.00, 1.00
0.00,0.05,0.00, 1.00
0.00,0.05,0.00, 0.00
0.00,0.04,0.00, 0.00
0.00,0.05,0.00, 0.50
0.00,0.05,0.00, 0.50
0.00,0.05,0.00, 0.50
0.00,0.05,0.00, 0.50
0.00,0.05,0.00, 0.50
0.00,0.05,0.00, 0.50
0.00,0.05,0.00, 0.50
0.00,0.05,0.00, 0.00
0.00,0.04,0.00, 0.00
0.00,0.05,0.00, 0.50
0.00,0.05,0.00, 0.00
0.00,0.05,0.00, 0.00
0.00,0.05,0.00, 0.00
0.00,0.05,0.00, 0.00
0.00,0.05,0.00, 0.00
0.00,0.05,0.00, 0.00
0.00,0.05,0.00, 0.00
0.00,0.05,0.00, 0.00
0.00,0.05,0.00, 0.00
0.00,0.05,0.00, 0.00
0.00,0.05,0.00, 0.00
0.00,0.05,0.00, 0.00
0.00,0.04,0.00, 0.00
0.00,0.05,0.00, 0.50
0.00,0.05,0.00, 0.00
0.00,0.05,0.00, 0.00
0.00,0.05,0.00, 0.00
0.00,0.05,0.00, 0.00
0.00,0.05,0.00, 0.00
0.00,0.05,0.00, 0.00
0.00,0.05,0.00, 0.00
0.00,0.05,0.00, 0.00
0.00,0.05,0.00, 0.00
0.00,0.05,0.00, 0.00
0.00,0.05,0.00, 0.00
0.00,0.05,0.00, 0.00
0.00,0.05,0.00, 0.00
0.00,0.05,0.00, 0.00
0.00,0.05,0.00, 0.00
0.00,0.05,0.00, 0.00
0.00,0.05,0.00, 0.00
0.00,0.05,0.00, 0.00
0.00,0.05,0.00, 0.00
0.00,0.04,0.00, 0.00
0.00,0.05,0.00, 1.00
0.00,0.05,0.00, 0.00
0.00,0.04,0.00, 0.00
0.00,0.05,0.00, 0.50
0.00,0.05,0.00, 0.00
0.00,0.05,0.00, 0.00
0.00,0.05,0.00, 0.00
0.00,0.05,0.00, 0.00
0.00,0.05,0.00, 0.00
0.00,0.05,0.00, 0.00
0.00,0.05,0.00, 0.00
0.00,0.05,0.00, 0.00
0.00,0.05,0.00, 0.00
0.00,0.05,0.00, 0.00
0.00,0.05,0.00, 0.00
0.00,0.05,0.00, 0.00
0.00,0.05,0.00, 0.00
0.00,0.05,0.00, 0.00
0.00,0.05,0.00, 0.00
0.00,0.05,0.00, 0.00
0.00,0.05,0.00, 0.00
0.00,0.05,0.00, 0.00
0.00,0.05,0.00, 0.00
0.00,0.05,0.00, 0.00
0.00,0.05,0.00, 0.00
0.00,0.05,0.00, 0.00
0.00,0.05,0.00, 0.00
0.00,0.05,0.00, 0.00
0.00,0.05,0.00, 0.00
0.00,0.05,0.00, 0.00
0.00,0.05,0.00, 0.00
0.00,0.05,0.00, 0.00
0.00,0.05,0.00, 0.00
0.00,0.05,0.00, 0.00
0.00,0.05,0.00, 0.00
0.00,0.05,0.00, 0.00
0.00,0.05,0.00, 0.00
0.00,0.05,0.00, 0.50
0.00,0.05,0.00, 0.00
0.00,0.05,0.00, 0.00
0.00,0.05,0.00, 0.00
0.00,0.05,0.00, 0.00
0.00,0.05,0.00, 0.00
0.00,0.05,0.00, 0.00
0.00,0.05,0.00, 0.00
0.00,0.05,0.00, 0.00
0.00,0.05,0.00, 0.00
0.00,0.05,0.00, 0.00
0.00,0.05,0.00, 0.00
0.00,0.05,0.00, 0.00
0.00,0.05,0.00