6.01,0.00,0.00, 0.00
6.01,0.00,0.00, 0.00
6.01,0.00,0.00, 0.00
6.01,0.00,0.00, 0.00
0.02,0.05,0.00, 2.24
0.02,0.05,0.00, 0.51
0.02,0.05,0.00, 0.51
0.02,0.05,0.00, 0.51
0.02,0.05,0.00, 0.51
0.02,0.05,0.00, 0.51
0.02,0.05,0.00, 0.51
0.02,0.05,0.00, 0.51
0.02,0.05,0.00, 0.51
0.02,0.05,0.00, 0.51
0.02,0.05,0.00, 0.51
0.02,0.05,0.00, 0.51
0.02,0.05,0.00, 0.51
0.02,0.05,0.00, 0.51
0.02,0.05,0.00, 0.51
0.02,0.05,0.00, 0.51
0.02,0.05,0.00, 0.51
0.02,0.05,0.00, 0.51
0.02,0.05,0.00, 0.51
0.02,0.05,0.00, 0.51
0.02,0.05,0.00, 0.51
0.02,0.05,0.00, 0.51
0.02,0.05,0.00, 0.51
0.02,0.05,0.00, 0.51
0.02,0.05,0.00, 0.51
0.02,0.05,0.00, 0.51
0.02,0.05,0.00, 0.51
0.02,0.05,0.00, 0.51
0.02,0.05,0.00, 0.51
0.02,0.05,0.00, 0.51
0.02,0.05,0.00, 0.51
0.02,0.05,0.00, 0.51
0.02,0.05,0.00, 0.51
0.02,0.05,0.00, 0.51
0.02,0.05,0.00, 0.51
0.02,0.05,0.00, 0.51
0.02,0.05,0.00, 0.51
0.02,0.05,0.00, 0.51
0.02,0.05,0.00, 0.51
0.02,0.05,0.00, 0.51
0.02,0.05,0.00, 0.51
0.02,0.05,0.00, 0.51
0.02,0.05,0.00, 0.51
0.02,0.05,0.00, 0.51
0.02,0.05,0.00, 0.51
0.02,0.05,0.00, 0.00
0.02,0.05,0.00, 0.00
0.02,0.05,0.00, 0.00
0.02,0.05,0.00, 0.00
0.02,0.05,0.00, 0.00
0.02,0.05,0.00, 0.00
0.02,0.05,0.00, 0.00
0.02,0.05,0.00, 0.00
0.02,0.05,0.00, 0.00
0.02,0.05,0.00, 0.00
0.02,0.05,0.00, 0.00
0.02,0.05,0.00, 0.00
0.04,0.04,0.99, 0.00
0.04,0.04,0.99, 0.00
0.04,0.04,0.99, 0.00
0.04,0.04,0.99, 0.00
0.04,0.04,0.99, 0.00
0.04,0.04,0.99, 0.00
0.04,0.04,0.99, 0.00
0.04,0.04,0.99, 0.00
0.04,0.04,0.99, 0.00
0.04,0.04,0.99, 0.00
0.04,0.04,0.99, 0.00
0.04,0.04,0.99, 0.00
0.04,0.04,0.99, 0.00
0.04,0.04,0.99, 0.00
0.04,0.04,0.99, 0.00
0.04,0.04,0.99, 0.00
0.04,0.04,0.99, 0.00
0.04,0.04,0.99, 0.00
0.04,0.04,0.99, 0.00
0.04,0.04,0.99, 0.00
0.04,0.04,0.99, 0.00
0.04,0.04,0.99, 0.00
0.04,0.04,0.99, 0.00
0.04,0.04,0.99, 0.00
0.04,0.04,0.99, 0.00
0.04,0.04,0.99, 0.00
0.04,0.04,0.99, 0.00
0.04,0.04,0.99, 0.00
0.04,0.04,0.99, 0.00
0.04,0.04,0.99, 0.00
0.04,0.04,0.99, 0.00
0.04,0.04,0.99, 0.00
0.04,0.04,0.99, 0.00
0.04,0.04,0.99, 0.00
0.04,0.04,0.99, 0.00
0.04,0.04,0.99, 0.00
0.04,0.04,0.99, 0.00
0.04,0.04,0.99, 0.00
0.04,0.04,0.99, 0.00
0.04,0.04,0.99, 0.00
0.04,0.04,0.99, 0.00
0.04,0.04,0.99, 0.00
0.04,0.04,0.99, 0.00
0.04,0.04,0.99, 0.00
0.04,0.04,0.99, 0.00
0.04,0.04,0.99, 0.00
0.04,0.04,0.99, 0.00
0.04,0.04,0.99, 0.00
0.04,0.04,0.99, 0.00
0.00,0.05,0.00, 0.50
0.04,0.06,1.97, 0.75
0.00,0.26,0.00, 9.97
2.51,3.85,123.65, 178.88
2.51,3.84,1.82, 0.00
2.49,3.85,0.00, 0.50
2.49,3.87,0.00, 1.25
2.51,3.88,0.99, 0.75
2.49,3.93,0.00, 2.24
2.49,3.97,0.00, 1.75
2.49,3.97,0.00, 1.75
2.49,3.97,0.00, 1.75
2.49,4.03,0.00, 3.00
2.49,4.03,0.00, 3.00
2.49,4.03,0.00, 3.00
2.49,4.11,0.00, 4.00
2.51,4.22,0.99, 5.74
2.49,4.62,0.00, 19.95
2.49,4.62,0.00, 19.95
2.51,4.69,0.99, 3.81
2.49,4.78,0.00, 4.00
2.49,4.89,0.00, 5.49
2.51,4.94,0.99, 2.76
2.51,4.94,0.99, 2.76
2.51,4.94,0.99, 2.76
2.51,4.94,0.99, 2.76
2.51,4.94,0.99, 2.76
2.51,4.94,0.99, 2.76
2.51,4.94,0.99, 2.76
2.51,4.94,0.99, 2.76
2.51,4.94,0.99, 2.76
2.51,4.94,0.99, 2.76
2.51,4.94,0.99, 2.76
2.49,4.97,0.00, 1.50
2.49,4.97,0.00, 0.01
2.51,4.97,0.99, 0.00
2.51,4.86,0.01, 0.00
2.51,4.81,0.00, 0.00
2.51,4.73,0.00, 0.00
2.49,4.60,0.00, 0.00
2.51,4.50,0.99, 0.00
2.51,4.50,0.99, 0.00
2.51,4.46,0.01, 0.00
2.51,4.38,0.00, 0.00
2.51,4.33,0.00, 0.00
2.51,4.33,0.00, 0.00
2.51,4.33,0.00, 0.00
2.51,4.33,0.00, 0.00
2.51,4.28,0.00, 0.00
2.51,4.18,0.00, 0.00
2.51,4.06,0.00, 0.00
2.49,3.63,0.00, 0.00
2.51,3.58,0.99, 0.00
2.51,3.55,0.01, 0.00
2.49,3.53,0.00, 0.00
2.49,3.53,0.00, 0.00
2.49,3.53,0.00, 0.00
2.49,3.53,0.00, 0.00
2.49,3.53,0.00, 0.00
2.49,3.53,0.00, 0.00
2.49,3.53,0.00, 0.00
2.51,3.51,0.99, 0.00
2.51,3.51,0.99, 0.00
2.51,3.51,0.99, 0.00
2.51,3.51,0.99, 0.00
2.51,3.51,0.99, 0.00
2.51,3.51,0.99, 0.00
2.51,3.51,0.99, 0.00
2.49,3.49,0.00, 0.00
2.49,3.49,0.00, 0.00
2.49,3.49,0.00, 0.00
2.49,3.49,0.00, 0.00
2.49,3.49,0.00, 0.00
2.49,3.49,0.00, 0.00
2.49,3.49,0.00, 0.00
2.49,3.49,0.00, 0.00
2.49,3.49,0.00, 0.00
2.49,3.49,0.00, 0.00
2.49,3.49,0.00, 0.00
2.49,3.49,0.00, 0.00
2.49,3.49,0.00, 0.00
2.49,3.49,0.00, 0.00
2.49,3.49,0.00, 0.00
2.49,3.49,0.00, 0.00
2.49,3.49,0.00, 0.00
2.49,3.49,0.00, 0.00
2.49,3.49,0.00, 0.00
2.49,3.49,0.00, 0.00
2.49,3.49,0.00, 0.00
2.49,3.49,0.00, 0.00
2.49,3.49,0.00, 0.00
2.49,3.49,0.00, 0.00
2.49,3.49,0.00, 0.00
2.49,3.49,0.00, 0.00
2.49,3.49,0.00, 0.00
2.49,3.49,0.00, 0.00
2.49,3.49,0.00, 0.00
2.49,3.49,0.00, 0.00
2.49,3.49,0.00, 0.00
2.49,3.49,0.00, 0.00
2.49,3.49,0.00, 0.00
2.49,3.49,0.00, 0.00
2.49,3.49,0.00, 0.00
2.49,3.49,0.00, 0.00
2.49,3.49,0.00, 0.00
2.49,3.49,0.00, 0.00
2.49,3.49,0.00, 0.00
2.49,3.49,0.00, 0.00
2.49,3.49,0.00, 0.00
2.49,3.49,0.00, 0.00
2.49,3.49,0.00, 0.00
2.49,3.49,0.00, 0.00
2.49,3.49,0.00, 0.00
2.49,3.49,0.00, 0.00
2.49,3.49,0.00, 0.00
2.49,3.49,0.00, 0.00
2.49,3.49,0.00, 0.00
2.49,3.49,0.00, 0.00
2.49,3.49,0.00, 0.00
2.49,3.49,0.00, 0.00
2.49,3.49,0.00, 0.00
2.49,3.49,0.00, 0.00
2.49,3.49,0.00, 0.00
2.49,3.49,0.00, 0.00
2.49,3.49,0.00, 0.00
2.49,3.49,0.00, 0.00
2.49,3.49,0.00, 0.00
2.49,3.49,0.00, 0.00
2.49,3.49,0.00, 0.00
2.51,3.46,0.99, 0.00
2.51,3.35,0.01, 0.00
2.51,3.35,0.01, 0.00
2.51,3.35,0.01, 0.00
2.51,3.35,0.01, 0.00
2.51,3.35,0.01, 0.00
2.51,3.35,0.01, 0.00
2.51,3.35,0.01, 0.00
2.51,3.35,0.01, 0.00
2.51,3.35,0.01, 0.00
2.51,3.35,0.01, 0.00
2.51,3.35,0.01, 0.00
2.51,3.35,0.01, 0.00
2.51,3.35,0.01, 0.00
2.51,3.35,0.01, 0.00
2.51,3.35,0.01, 0.00
2.51,3.35,0.01, 0.00
2.51,3.35,0.01, 0.00
2.51,3.35,0.01, 0.00
2.51,3.35,0.01, 0.00
2.51,3.35,0.01, 0.00
2.51,3.35,0.01, 0.00
2.51,3.35,0.01, 0.00
2.51,3.35,0.01, 0.00
2.51,3.35,0.01, 0.00
2.51,3.35,0.01, 0.00
2.51,3.35,0.01, 0.00
2.49,3.18,0.00, 0.00
2.49,3.18,0.00, 0.00
2.49,3.18,0.00, 0.00
2.49,3.18,0.00, 0.00
2.49,3.18,0.00, 0.00
2.49,3.18,0.00, 0.00
2.49,3.18,0.00, 0.00
2.49,3.18,0.00, 0.00
2.49,3.18,0.00, 0.00
2.49,3.18,0.00, 0.00
2.49,3.18,0.00, 0.00
2.49,3.18,0.00, 0.00
2.49,3.18,0.00, 0.00
2.49,3.18,0.00, 0.00
2.49,3.18,0.00, 0.00
2.49,3.18,0.00, 0.00
2.49,3.18,0.00, 0.00
2.49,3.18,0.00, 0.00
2.49,3.18,0.00, 0.00
2.49,3.18,0.00, 0.00
2.49,3.18,0.00, 0.00
2.49,3.18,0.00, 0.00
2.49,3.18,0.00, 0.00
2.49,3.18,0.00, 0.00
2.49,3.18,0.00, 0.00
2.49,3.18,0.00, 0.00
2.49,3.18,0.00, 0.00
2.49,3.18,0.00, 0.00
2.49,3.18,0.00, 0.00
2.49,3.18,0.00, 0.00
2.49,3.18,0.00, 0.00
2.49,3.18,0.00, 0.00
2.49,3.18,0.00, 0.00
2.49,3.18,0.00, 0.00
2.49,3.18,0.00, 0.00
2.49,3.18,0.00, 0.00
2.49,3.18,0.00, 0.00
2.49,3.18,0.00, 0.00
2.49,3.18,0.00, 0.00
2.49,3.18,0.00, 0.00
2.49,3.18,0.00, 0.00
2.49,3.18,0.00, 0.00
2.49,3.18,0.00, 0.00
2.49,3.18,0.00, 0.00
2.49,3.18,0.00, 0.00
2.49,3.18,0.00, 0.00
2.49,3.18,0.00, 0.00
2.49,3.18,0.00, 0.00
2.49,3.18,0.00, 0.00
2.49,3.18,0.00, 0.00
2.49,3.18,0.00, 0.00
2.49,3.18,0.00, 0.00
2.49,3.18,0.00, 0.00
2.49,3.18,0.00, 0.00
2.49,3.18,0.00, 0.00
2.49,3.18,0.00, 0.00
2.49,3.18,0.00, 0.00
0.81,1.03,0.00, 0.00
0.81,1.03,0.00, 0.00
0.81,1.03,0.00, 0.00
0.81,1.03,0.00, 0.00
0.81,1.03,0.00, 0.00
0.81,1.03,0.00, 0.00
0.81,1.03,0.00, 0.00
0.81,1.03,0.00, 0.00
0.81,1.03,0.00, 0.00
0.72,0.86,0.00, 0.00
0.72,0.86,0.00, 0.00
0.72,0.86,0.00, 0.00
0.72,0.86,0.00, 0.00
0.72,0.86,0.00, 0.00
0.72,0.86,0.00, 0.00
0.72,0.86,0.00, 0.00
0.72,0.86,0.00, 0.00
0.72,0.86,0.00, 0.00
0.13,0.05,0.00, 0.00
0.13,0.05,0.00, 0.00
0.13,0.05,0.00, 0.00
0.13,0.05,0.00, 0.00
0.13,0.05,0.00, 0.00
0.13,0.05,0.00, 0.00
2.49,5.17,116.26, 255.31
2.49,5.17,116.26, 255.31
2.49,5.17,116.26, 255.31
2.49,5.17,116.26, 255.31
2.49,5.17,116.26, 255.31
2.49,5.17,116.26, 255.31
2.49,5.17,116.26, 255.31
2.49,5.17,116.26, 255.31
2.49,5.17,116.26, 255.31
2.49,5.17,116.26, 255.31
2.49,5.17,116.26, 255.31
2.49,5.17,116.26, 255.31
2.49,5.17,116.26, 255.31
2.49,5.17,116.26, 255.31
2.49,5.17,116.26, 255.31
2.49,5.17,116.26, 255.31
2.49,4.88,1.71, 0.00
2.49,4.88,1.71, 0.00
2.49,4.88,1.71, 0.00
2.49,4.88,1.71, 0.00
2.49,4.88,1.71, 0.00
2.49,4.88,1.71, 0.00
2.49,4.88,1.71, 0.00
2.49,4.88,1.71, 0.00
2.49,4.88,1.71, 0.00
2.49,4.61,0.03, 0.00
2.49,4.76,0.00, 7.72
2.49,4.76,0.00, 7.72
2.51,5.56,0.99, 39.63
2.51,5.49,0.01, 0.00
2.51,5.45,0.00, 0.00
2.49,5.30,0.00, 0.00
2.51,5.20,0.99, 0.00
2.49,5.10,0.00, 0.00
2.49,5.10,0.00, 0.00
2.49,5.10,0.00, 0.00
2.49,5.10,0.00, 0.00
2.49,5.10,0.00, 0.00
2.49,5.10,0.00, 0.00
2.49,5.10,0.00, 0.00
2.49,5.10,0.00, 0.00
2.49,5.10,0.00, 0.00
2.49,5.10,0.00, 0.00
2.49,5.10,0.00, 0.00
2.49,5.10,0.00, 0.00
2.49,5.10,0.00, 0.00
2.49,5.10,0.00, 0.00
2.49,5.10,0.00, 0.00
2.51,5.00,0.99, 0.00
2.51,4.92,0.01, 0.00
2.51,4.82,0.00, 0.00
2.51,4.82,0.00, 0.00
2.51,4.26,0.00, 0.00
2.51,4.26,0.00, 0.00
2.51,4.26,0.00, 0.00
2.51,4.26,0.00, 0.00
2.51,4.26,0.00, 0.00
2.51,4.24,0.00, 0.00
2.51,4.24,0.00, 0.00
2.51,4.21,0.00, 0.00
2.51,4.23,0.00, 1.00
2.51,4.23,0.00, 1.00
2.51,4.23,0.00, 1.00
2.51,4.23,0.00, 1.00
2.51,4.15,0.00, 0.00
2.51,4.15,0.00, 0.00
2.51,4.15,0.00, 0.00
2.51,4.15,0.00, 0.00
2.51,4.11,0.00, 0.00
2.51,4.09,0.00, 0.00
2.51,4.07,0.00, 0.00
2.51,4.03,0.00, 0.00
2.51,4.01,0.00, 0.00
2.51,3.97,0.00, 0.00
2.51,3.95,0.00, 0.00
2.51,3.95,0.00, 0.00
2.51,3.93,0.00, 0.00
2.51,3.92,0.00, 0.00
2.51,3.92,0.00, 0.00
2.51,3.94,0.00, 1.00
2.51,3.94,0.00, 1.00
2.51,3.94,0.00, 1.00
2.51,3.94,0.00, 1.00
2.51,3.94,0.00, 1.00
2.51,3.94,0.00, 1.00
2.51,3.94,0.00, 1.00
2.51,3.94,0.00, 1.00
2.51,3.94,0.00, 1.00
2.51,3.94,0.00, 1.00
2.51,3.94,0.00, 1.00
2.51,3.94,0.00, 1.00
2.51,3.94,0.00, 1.00
2.51,3.94,0.00, 1.00
2.51,3.99,0.00, 2.49
2.51,3.99,0.00, 2.49
2.51,3.99,0.00, 2.49
2.51,4.05,0.00, 2.75
2.51,4.16,0.00, 5.99
2.51,4.16,0.00, 5.99
2.51,4.16,0.00, 5.99
2.51,4.16,0.00, 5.99
2.51,4.16,0.00, 5.99
2.51,4.16,0.00, 5.99
2.51,4.28,0.00, 5.75
2.51,4.28,0.00, 5.75
2.49,4.24,0.00, 0.00
2.51,4.18,0.99, 0.00
2.51,3.53,0.01, 0.00
2.51,3.53,0.01, 0.00
2.51,3.53,0.01, 0.00
2.51,3.53,0.01, 0.00
2.51,3.53,0.01, 0.00
2.51,3.53,0.01, 0.00
2.51,3.53,0.01, 0.00
2.00,3.37,0.00, 0.00
2.00,3.37,0.00, 0.00
2.00,3.37,0.00, 0.00
0.38,3.23,0.00, 0.00
0.38,3.23,0.00, 0.00
0.38,3.23,0.00, 0.00
0.38,3.23,0.00, 0.00
0.38,3.23,0.00, 0.00
0.38,3.23,0.00, 0.00
0.38,3.23,0.00, 0.00
1.86,3.12,72.91, 0.00
1.55,2.16,0.00, 0.00
1.30,1.91,0.00, 0.00
0.56,0.53,0.00, 0.00
0.45,0.40,0.00, 0.00
0.45,0.40,0.00, 0.00
0.45,0.40,0.00, 0.00
0.45,0.40,0.00, 0.00
0.45,0.40,0.00, 0.00
0.40,0.29,0.00, 0.00
0.38,0.19,0.00, 0.00
0.40,0.10,0.99, 0.00
0.40,0.10,0.99, 0.00
0.40,0.10,0.99, 0.00
0.40,0.10,0.99, 0.00
0.40,0.10,0.99, 0.00
0.40,0.10,0.99, 0.00
0.40,0.10,0.99, 0.00
0.00,0.05,0.00, 0.00
0.00,0.05,0.00, 0.00
0.00,0.05,0.00, 0.00
0.00,0.05,0.00, 0.00
0.00,0.05,0.00, 0.00
0.00,0.05,0.00, 0.00
0.00,0.05,0.00, 0.00
0.00,0.05,0.00, 0.00
0.00,0.05,0.00, 0.00
0.00,0.05,0.00, 0.00
0.00,0.05,0.00, 0.00
0.00,0.05,0.00, 0.00
0.00,0.05,0.00, 0.00
0.00,0.05,0.00, 0.00
0.00,0.05,0.00, 0.00
0.00,0.05,0.00, 0.00
0.00,0.05,0.00, 0.00
0.00,0.05,0.00, 0.00
0.00,0.05,0.00, 0.00
0.00,0.05,0.00, 0.00
0.00,0.05,0.00, 0.00
0.00,0.05,0.00, 0.00
0.00,0.05,0.00, 0.00
0.00,0.05,0.00, 0.00
0.00,0.05,0.00, 0.00
0.00,0.05,0.00, 0.00
0.00,0.05,0.00, 0.00
0.00,0.05,0.00, 0.00
0.00,0.05,0.00, 0.00
0.00,0.05,0.00, 0.00
0.00,0.05,0.00, 0.00
0.00,0.05,0.00, 0.00
0.00,0.05,0.00, 0.00
0.00,0.05,0.00, 0.00
0.00,0.05,0.00, 0.00
0.00,0.05,0.00, 0.00
0.09,0.05,4.43, 0.50
0.09,0.05,4.43, 0.50
0.07,0.06,0.00, 0.25
0.07,0.06,0.00, 0.25
0.07,0.06,0.00, 0.25
0.07,0.06,0.00, 0.25
0.07,0.06,0.00, 0.25
0.07,0.06,0.00, 0.25
0.07,0.06,0.00, 0.25
0.07,0.06,0.00, 0.25
0.07,0.06,0.00, 0.25
0.07,0.06,0.00, 0.25
0.07,0.06,0.00, 0.25
0.00,0.39,0.00, 16.69
0.00,0.39,0.00, 16.69
0.00,0.39,0.00, 16.69
0.00,0.39,0.00, 16.69
0.00,0.39,0.00, 16.69
0.00,0.39,0.00, 16.69
0.00,0.39,0.00, 16.69
0.00,0.39,0.00, 16.69
0.00,0.39,0.00, 16.69
0.00,0.39,0.00, 16.69
0.00,0.39,0.00, 16.69
0.00,0.39,0.00, 16.69
0.00,0.39,0.00, 16.69
0.00,0.39,0.00, 16.69
0.00,0.39,0.00, 16.69
0.00,0.39,0.00, 16.69
0.00,0.39,0.00, 16.69
0.00,0.39,0.00, 16.69
0.00,0.39,0.00, 16.69
0.00,0.39,0.00, 16.69
0.00,0.39,0.00, 16.69
0.00,0.39,0.00, 16.69
0.00,0.39,0.00, 16.69
0.00,0.39,0.00, 16.69
0.00,0.39,0.00, 16.69
0.00,0.39,0.00, 16.69
0.00,0.39,0.00, 16.69
0.00,0.39,0.00, 16.69
0.00,0.39,0.00, 16.69
0.00,0.39,0.00, 16.69
0.00,0.39,0.00, 16.69
0.00,0.39,0.00, 16.69
0.00,0.39,0.00, 16.69
0.00,0.39,0.00, 16.69
0.00,0.39,0.00, 16.69
0.00,0.39,0.00, 16.69
0.00,0.49,0.00, 4.79
0.00,0.56,0.00, 3.75
0.96,2.24,47.29, 83.21
0.96,2.24,47.29, 83.21
2.51,4.39,77.06, 107.66
2.51,4.39,77.06, 107.66
2.51,4.39,77.06, 107.66
2.49,4.35,0.15, 0.00
2.51,4.30,0.99, 0.00
2.51,4.23,0.01, 0.00
2.51,4.18,0.00, 0.00
2.51,4.18,0.00, 0.00
2.51,4.18,0.00, 0.00
2.51,4.18,0.00, 0.00
2.51,4.14,0.00, 0.00
2.51,4.15,0.00, 0.50
2.51,4.16,0.00, 0.25
2.51,4.14,0.00, 0.00
2.51,4.18,0.00, 1.74
2.53,4.18,0.99, 0.01
2.51,4.20,0.00, 1.25
2.51,4.23,0.00, 1.25
2.51,4.25,0.00, 1.00
2.51,4.32,0.00, 3.74
2.51,4.39,0.00, 3.50
2.51,4.45,0.00, 3.00
2.51,4.51,0.00, 2.50
2.51,4.59,0.00, 3.99
2.51,4.59,0.00, 3.99
2.51,4.59,0.00, 3.99
2.51,4.59,0.00, 3.99
2.51,4.59,0.00, 3.99
2.51,4.59,0.00, 3.99
2.51,4.59,0.00, 3.99
2.51,4.71,0.00, 6.24
2.51,4.70,0.00, 0.00
2.51,4.70,0.00, 0.00
2.51,4.75,0.00, 2.24
2.51,4.75,0.00, 2.24
2.51,4.75,0.00, 2.24
2.51,4.75,0.00, 2.24
2.51,4.75,0.00, 2.24
2.51,4.75,0.00, 2.24
2.51,4.75,0.00, 2.24
2.51,4.89,0.00, 6.73
2.53,4.91,0.99, 1.27
2.51,4.93,0.00, 0.75
2.51,4.89,0.00, 0.00
2.51,4.89,0.00, 0.00
2.51,4.89,0.00, 0.00
2.51,4.89,0.00, 0.00
2.51,4.85,0.00, 0.00
2.51,4.78,0.00, 0.00
2.51,4.78,0.00, 0.00
2.51,4.78,0.00, 0.00
2.51,4.78,0.00, 0.00
2.51,4.78,0.00, 0.00
2.51,4.78,0.00, 0.00
2.51,4.73,0.00, 0.00
2.53,4.53,0.99, 0.00
2.53,4.53,0.99, 0.00
2.53,4.53,0.99, 0.00
2.53,4.53,0.99, 0.00
2.53,4.53,0.99, 0.00
2.53,4.53,0.99, 0.00
2.51,4.46,0.00, 0.00
2.51,4.46,0.00, 0.00
2.51,4.46,0.00, 0.00
2.51,4.46,0.00, 0.00
2.51,4.46,0.00, 0.00
2.51,4.46,0.00, 0.00
2.51,4.46,0.00, 0.00
2.51,4.06,0.00, 0.00
2.51,3.99,0.00, 0.00
2.53,3.62,0.99, 0.00
2.51,3.30,0.00, 0.00
2.53,3.27,0.99, 0.00
2.53,3.23,0.01, 0.00
2.51,3.21,0.00, 0.00
2.51,3.15,0.00, 0.00
2.51,3.11,0.00, 0.00
2.51,3.11,0.00, 0.00
2.51,3.11,0.00, 0.00
2.51,3.09,0.00, 0.00
2.51,3.09,0.00, 0.00
2.51,3.09,0.00, 0.00
2.51,3.05,0.00, 0.00
2.51,3.05,0.00, 0.00
2.51,3.15,0.00, 5.23
2.51,3.19,0.00, 1.76
2.51,3.23,0.00, 2.00
2.51,3.23,0.00, 2.00
2.51,3.23,0.00, 2.00
2.51,3.23,0.00, 2.00
2.51,3.23,0.00, 2.00
2.51,3.23,0.00, 2.00
2.51,3.23,0.00, 2.00
2.51,3.23,0.00, 2.00
2.51,3.23,0.00, 2.00
2.51,3.23,0.00, 2.00
2.51,3.23,0.00, 2.00
2.51,3.23,0.00, 2.00
2.51,3.23,0.00, 2.00
2.51,3.23,0.00, 2.00
2.51,3.26,0.00, 1.50
2.51,3.26,0.00, 1.50
2.51,3.26,0.00, 1.50
2.51,3.26,0.00, 1.50
2.51,3.26,0.00, 1.50
2.51,3.26,0.00, 1.50
2.51,3.26,0.00, 1.50
2.51,3.26,0.00, 1.50
2.51,3.26,0.00, 1.50
2.51,3.26,0.00, 1.50
2.51,3.26,0.00, 1.50
2.51,3.26,0.00, 1.50
2.51,3.26,0.00, 1.50
2.51,3.26,0.00, 1.50
2.51,3.31,0.00, 2.50
2.51,3.31,0.00, 2.50
2.51,3.31,0.00, 2.50
2.51,3.31,0.00, 2.50
2.51,3.31,0.00, 2.50
2.51,3.31,0.00, 2.50
2.51,3.31,0.00, 2.50
2.51,3.31,0.00, 2.50
2.51,3.31,0.00, 2.50
2.51,3.31,0.00, 2.50
2.51,3.31,0.00, 2.50
2.51,3.31,0.00, 2.50
2.51,3.31,0.00, 2.50
2.51,3.31,0.00, 2.50
2.51,3.31,0.00, 2.50
2.51,3.31,0.00, 2.50
2.51,3.31,0.00, 2.50
2.51,3.31,0.00, 0.01
2.51,3.31,0.00, 0.01
2.51,3.31,0.00, 0.01
2.51,3.31,0.00, 0.01
2.51,3.31,0.00, 0.01
2.51,3.31,0.00, 0.01
2.51,3.31,0.00, 0.01
2.51,3.31,0.00, 0.01
2.51,3.31,0.00, 0.01
2.51,3.31,0.00, 0.01
2.51,3.31,0.00, 0.01
2.51,3.31,0.00, 0.01
2.51,3.31,0.00, 0.01
2.51,3.31,0.00, 0.01
2.51,3.31,0.00, 0.01
2.51,3.31,0.00, 0.01
2.51,3.31,0.00, 0.01
2.51,3.31,0.00, 0.01
2.51,3.31,0.00, 0.01
2.51,3.21,0.00, 0.00
2.51,3.21,0.00, 0.00
2.51,3.21,0.00, 0.00
2.51,3.21,0.00, 0.00
2.51,3.21,0.00, 0.00
2.51,3.21,0.00, 0.00
2.51,3.21,0.00, 0.00
2.51,3.21,0.00, 0.00
2.51,3.21,0.00, 0.00
2.51,3.21,0.00, 0.00
2.51,3.21,0.00, 0.00
2.51,3.21,0.00, 0.00
2.51,3.21,0.00, 0.00
2.51,3.21,0.00, 0.00
2.51,3.13,0.00, 0.00
2.51,3.13,0.00, 0.00
2.51,3.13,0.00, 0.00
2.51,3.13,0.00, 0.00
2.51,3.13,0.00, 0.00
2.51,3.13,0.00, 0.00
2.51,3.13,0.00, 0.00
2.51,3.13,0.00, 0.00
2.51,3.13,0.00, 0.00
2.51,3.13,0.00, 0.00
2.51,3.13,0.00, 0.00
2.51,3.13,0.00, 0.00
2.51,3.13,0.00, 0.00
2.51,3.13,0.00, 0.00
2.51,3.13,0.00, 0.00
2.51,3.13,0.00, 0.00
2.51,3.13,0.00, 0.00
2.51,3.13,0.00, 0.00
2.51,3.13,0.00, 0.00
2.51,3.13,0.00, 0.00
2.51,3.13,0.00, 0.00
2.51,3.13,0.00, 0.00
2.51,3.13,0.00, 0.00
2.51,3.13,0.00, 0.00
2.51,3.13,0.00, 0.00
2.51,3.13,0.00, 0.00
2.51,3.13,0.00, 0.00
2.51,3.13,0.00, 0.00
2.47,2.69,0.00, 0.00
2.47,2.69,0.00, 0.00
2.47,2.69,0.00, 0.00
2.47,2.69,0.00, 0.00
2.47,2.69,0.00, 0.00
2.47,2.69,0.00, 0.00
2.47,2.69,0.00, 0.00
2.47,2.69,0.00, 0.00
2.47,2.69,0.00, 0.00
2.47,2.69,0.00, 0.00
2.47,2.69,0.00, 0.00
2.47,2.69,0.00, 0.00
2.47,2.69,0.00, 0.00
2.47,2.69,0.00, 0.00
2.47,2.69,0.00, 0.00
2.47,2.69,0.00, 0.00
2.47,2.69,0.00, 0.00
2.47,2.69,0.00, 0.00
2.47,2.69,0.00, 0.00
2.47,2.69,0.00, 0.00
2.47,2.69,0.00, 0.00
0.76,0.74,0.00, 0.00
0.76,0.74,0.00, 0.00
0.16,0.06,0.00, 0.00
0.00,0.08,0.00, 1.00
0.63,1.27,31.04, 59.53
1.10,1.74,23.61, 23.13
1.10,1.74,23.61, 23.13
1.32,1.88,11.19, 7.31
1.48,2.00,8.05, 6.00
1.61,2.13,6.52, 6.75
1.77,2.26,7.98, 6.50
1.88,2.37,5.54, 5.01
2.04,2.49,7.96, 6.25
2.18,2.62,7.01, 6.50
2.35,2.76,8.48, 6.75
2.47,2.90,6.04, 7.25
2.47,3.02,0.09, 6.00
2.49,3.15,0.99, 6.50
2.49,3.27,0.01, 6.00
2.47,3.39,0.00, 6.00
2.47,3.39,0.00, 6.00
2.47,3.47,0.00, 4.01
2.47,3.47,0.00, 4.01
2.47,3.47,0.00, 4.01
2.47,3.47,0.00, 4.01
2.47,3.47,0.00, 4.01
2.47,3.47,0.00, 4.01
2.47,3.47,0.00, 4.01
2.47,3.47,0.00, 4.01
2.47,3.47,0.00, 4.01
2.47,3.47,0.00, 4.01
2.47,3.47,0.00, 4.01
2.47,3.47,0.00, 4.01
2.47,3.47,0.00, 4.01
2.47,3.47,0.00, 4.01
2.47,3.47,0.00, 4.01
2.47,3.47,0.00, 4.01
2.49,3.58,0.99, 5.49
2.49,3.58,0.99, 5.49
2.49,3.65,0.01, 3.51
2.49,3.74,0.00, 4.25
2.51,3.63,0.99, 0.00
2.51,3.61,0.01, 0.00
2.51,3.61,0.00, 0.00
2.51,3.60,0.00, 0.00
2.51,3.63,0.00, 1.74
2.51,3.62,0.00, 0.00
2.51,3.62,0.00, 0.00
2.51,3.62,0.00, 0.00
2.51,3.64,0.00, 1.00
2.51,3.69,0.00, 2.49
2.51,3.76,0.00, 3.50
2.51,3.83,0.00, 3.50
2.51,3.91,0.00, 4.00
2.51,3.95,0.00, 2.01
2.51,4.03,0.00, 3.74
2.51,4.09,0.00, 3.00
2.51,4.15,0.00, 3.50
2.51,4.22,0.00, 3.00
2.51,4.22,0.00, 3.00
2.51,4.26,0.00, 2.25
2.53,4.31,0.99, 2.50
2.51,4.39,0.00, 3.99
2.53,4.47,0.99, 3.75
2.51,4.52,0.00, 3.00
2.51,4.57,0.00, 2.50
2.51,4.62,0.00, 2.25
2.51,4.62,0.00, 2.25
2.51,4.62,0.00, 2.25
2.51,4.62,0.00, 2.25
2.51,4.62,0.00, 2.25
2.51,4.62,0.00, 2.25
2.51,4.62,0.00, 2.25
2.51,4.62,0.00, 2.25
2.51,4.62,0.00, 2.25
2.51,4.62,0.00, 2.25
2.51,4.67,0.00, 2.50
2.51,4.74,0.00, 3.50
2.49,4.78,0.00, 2.25
2.51,4.89,0.99, 5.49
2.51,4.89,0.01, 0.00
2.53,4.89,0.99, 0.00
2.53,4.89,0.99, 0.00
2.51,4.86,0.00, 0.00
2.51,4.84,0.00, 0.00
2.51,4.81,0.00, 0.00
2.49,4.75,0.00, 0.00
2.51,4.69,0.99, 0.00
2.51,4.63,0.01, 0.00
2.51,4.63,0.01, 0.00
2.49,4.59,0.00, 0.00
2.51,4.56,0.99, 0.00
2.51,4.51,0.01, 0.00
2.51,4.45,0.00, 0.00
2.51,4.41,0.00, 0.00
2.51,4.38,0.00, 0.00
2.51,4.35,0.00, 0.00
2.51,4.30,0.00, 0.00
2.51,4.30,0.00, 0.00
2.51,4.30,0.00, 0.00
2.51,4.30,0.00, 0.00
2.51,4.30,0.00, 0.00
2.51,4.30,0.00, 0.00
2.51,4.30,0.00, 0.00
2.51,4.30,0.00, 0.00
2.51,4.30,0.00, 0.00
2.51,4.30,0.00, 0.00
2.51,4.30,0.00, 0.00
2.51,4.30,0.00, 0.00
2.51,4.26,0.00, 0.00
2.51,4.26,0.00, 0.00
2.51,4.26,0.00, 0.00
2.51,4.26,0.00, 0.00
2.51,4.26,0.00, 0.00
2.51,4.26,0.00, 0.00
2.51,4.26,0.00, 0.00
2.51,4.26,0.00, 0.00
2.51,4.26,0.00, 0.00
2.51,4.20,0.00, 0.00
2.51,4.13,0.00, 0.00
2.51,4.13,0.00, 0.00
2.51,4.13,0.00, 0.00
2.51,4.13,0.00, 0.00
2.51,3.81,0.00, 0.00
2.51,3.81,0.00, 0.00
2.51,3.43,0.00, 0.00
2.51,3.42,0.00, 0.00
2.51,3.39,0.00, 0.00
2.51,3.35,0.00, 0.00
2.51,3.33,0.00, 0.00
2.51,3.29,0.00, 0.00
2.51,3.29,0.00, 0.00
2.51,3.29,0.00, 0.00
2.51,3.29,0.00, 0.00
2.51,3.29,0.00, 0.00
2.51,3.29,0.00, 0.00
2.51,3.29,0.00, 0.00
2.51,3.29,0.00, 0.00
2.51,3.29,0.00, 0.00
2.51,3.28,0.00, 0.00
2.51,3.28,0.00, 0.00
2.51,3.28,0.00, 0.00
2.51,3.28,0.00, 0.00
2.51,3.28,0.00, 0.00
2.51,3.28,0.00, 0.00
2.51,3.28,0.00, 0.00
2.51,3.28,0.00, 0.00
2.51,3.28,0.00, 0.00
2.51,3.28,0.00, 0.00
2.51,3.28,0.00, 0.00
2.51,3.28,0.00, 0.00
2.51,3.28,0.00, 0.00
2.51,3.28,0.00, 0.00
2.51,3.29,0.00, 0.75
2.51,3.44,0.00, 7.72
2.51,3.49,0.00, 2.02
2.51,3.37,0.00, 0.00
2.53,3.32,0.99, 0.00
2.51,3.27,0.00, 0.00
2.51,3.27,0.00, 0.00
2.51,3.27,0.00, 0.00
2.51,3.27,0.00, 0.00
2.51,3.27,0.00, 0.00
2.51,3.27,0.00, 0.00
2.51,3.27,0.00, 0.00
2.51,3.27,0.00, 0.00
2.51,3.27,0.00, 0.00
2.51,3.27,0.00, 0.00
2.51,3.27,0.00, 0.00
2.51,3.22,0.00, 0.00
2.51,3.22,0.00, 0.00
2.51,3.22,0.00, 0.00
2.51,3.22,0.00, 0.00
2.51,3.22,0.00, 0.00
2.51,3.22,0.00, 0.00
2.51,3.22,0.00, 0.00
2.51,3.15,0.00, 0.00
2.51,3.07,0.00, 0.00
2.51,3.07,0.00, 0.00
2.56,1.94,2.46, 0.00
2.56,1.94,2.46, 0.00
1.39,1.50,0.00, 0.00
1.39,1.50,0.00, 0.00
1.39,1.50,0.00, 0.00
1.39,1.50,0.00, 0.00
1.39,1.50,0.00, 0.00
1.39,1.50,0.00, 0.00
1.39,1.50,0.00, 0.00
1.39,1.50,0.00, 0.00
1.39,1.50,0.00, 0.00
1.39,1.50,0.00, 0.00
1.39,1.50,0.00, 0.00
1.39,1.50,0.00, 0.00
1.39,1.50,0.00, 0.00
1.39,1.50,0.00, 0.00
1.08,1.43,0.00, 0.00
1.08,1.43,0.00, 0.00
1.08,1.43,0.00, 0.00
1.08,1.43,0.00, 0.00
1.08,1.43,0.00, 0.00
1.08,1.43,0.00, 0.00
1.08,1.43,0.00, 0.00
1.08,1.43,0.00, 0.00
1.08,1.43,0.00, 0.00
1.08,1.43,0.00, 0.00
1.08,1.43,0.00, 0.00
1.08,1.43,0.00, 0.00
1.08,1.43,0.00, 0.00
1.08,1.43,0.00, 0.00
1.08,1.43,0.00, 0.00
1.08,1.43,0.00, 0.00
1.08,1.43,0.00, 0.00
1.08,1.43,0.00, 0.00
1.08,1.43,0.00, 0.00
1.08,1.43,0.00, 0.00
1.08,1.43,0.00, 0.00
1.08,1.43,0.00, 0.00
1.08,1.43,0.00, 0.00
1.08,1.43,0.00, 0.00
1.08,1.43,0.00, 0.00
1.08,1.43,0.00, 0.00
1.08,1.43,0.00, 0.00
1.08,1.43,0.00, 0.00
1.14,1.38,2.96, 0.00
1.14,1.38,2.96, 0.00
1.14,1.38,2.96, 0.00
1.14,1.38,2.96, 0.00
1.14,1.38,2.96, 0.00
1.14,1.38,2.96, 0.00
1.14,1.38,2.96, 0.00
1.14,1.32,0.04, 0.00
1.14,1.32,0.04, 0.00
1.14,1.32,0.04, 0.00
1.14,1.32,0.04, 0.00
1.14,1.32,0.04, 0.00
1.14,1.32,0.04, 0.00
1.14,1.32,0.04, 0.00
0.54,0.09,0.00, 0.00
0.54,0.09,0.00, 0.00
0.54,0.09,0.00, 0.00
0.54,0.09,0.00, 0.00
0.54,0.09,0.00, 0.00
0.54,0.09,0.00, 0.00
0.54,0.09,0.00, 0.00
0.54,0.09,0.00, 0.00
0.54,0.09,0.00, 0.00
0.54,0.09,0.00, 0.00
0.18,0.05,0.00, 0.00
0.18,0.05,0.00, 0.00
0.18,0.05,0.00, 0.00
0.18,0.05,0.00, 0.00
0.18,0.05,0.00, 0.00
0.18,0.05,0.00, 0.00
0.18,0.05,0.00, 0.00
0.18,0.05,0.00, 0.00
0.18,0.05,0.00, 0.00
0.00,0.12,0.00, 3.49
0.00,0.12,0.00, 3.49
0.00,0.12,0.00, 3.49
0.00,0.12,0.00, 3.49
0.00,0.12,0.00, 3.49
0.00,0.12,0.00, 3.49
0.00,0.12,0.00, 3.49
0.00,0.12,0.00, 3.49
0.00,0.12,0.00, 3.49
0.00,0.12,0.00, 3.49
0.00,0.12,0.00, 3.49
0.00,0.12,0.00, 3.49
0.00,0.12,0.00, 3.49
0.00,0.12,0.00, 3.49
0.00,0.12,0.00, 3.49
0.00,0.12,0.00, 3.49
0.00,0.12,0.00, 3.49
0.00,0.12,0.00, 3.49
0.00,0.12,0.00, 3.49
0.00,0.12,0.00, 3.49
0.00,0.12,0.00, 3.49
0.00,0.12,0.00, 3.49
0.00,0.12,0.00, 3.49
0.00,0.12,0.00, 3.49
0.00,0.12,0.00, 3.49
0.00,0.12,0.00, 3.49
0.00,0.12,0.00, 3.49
0.00,0.12,0.00, 3.49
0.00,0.12,0.00, 3.49
0.00,0.12,0.00, 3.49
0.00,0.12,0.00, 3.49
0.00,0.12,0.00, 3.49
0.00,0.12,0.00, 3.49
0.00,0.12,0.00, 3.49
0.00,0.12,0.00, 3.49
0.00,0.12,0.00, 3.49
0.00,0.12,0.00, 3.49
0.00,0.12,0.00, 3.49
0.00,0.12,0.00, 3.49
0.00,0.12,0.00, 3.49
0.16,0.63,7.88, 25.92
0.20,0.75,2.09, 5.57
0.20,0.75,2.09, 5.57
0.20,0.75,2.09, 5.57
0.20,0.75,2.09, 5.57
0.20,0.75,2.09, 5.57
0.20,0.75,2.09, 5.57
1.64,2.27,70.97, 75.99
1.64,2.27,70.97, 75.99
1.64,2.27,70.97, 75.99
2.51,3.60,43.90, 66.53
2.51,3.59,0.65, 0.00
2.51,3.55,0.01, 0.00
2.51,3.63,0.00, 3.99
2.51,3.63,0.00, 3.99
2.51,3.63,0.00, 3.99
2.51,3.63,0.00, 3.99
2.51,3.63,0.00, 3.99
2.51,3.63,0.00, 3.99
2.51,3.65,0.00, 1.26
2.51,3.72,0.00, 3.24
2.51,3.80,0.00, 3.75
2.51,3.80,0.00, 3.75
2.51,3.80,0.00, 3.75
2.51,3.80,0.00, 3.75
2.51,3.80,0.00, 3.75
2.51,3.80,0.00, 3.75
2.51,3.80,0.00, 3.75
2.51,4.23,0.00, 21.68
2.51,4.23,0.00, 21.68
2.51,4.23,0.00, 21.68
2.51,4.23,0.00, 21.68
2.51,4.23,0.00, 21.68
2.51,4.23,0.00, 21.68
2.51,4.23,0.00, 21.68
2.51,4.23,0.00, 21.68
2.51,4.23,0.00, 21.68
2.51,4.23,0.00, 21.68
2.51,4.23,0.00, 21.68
2.51,4.23,0.00, 21.68
2.51,4.23,0.00, 21.68
2.51,4.23,0.00, 21.68
2.51,4.23,0.00, 21.68
2.51,4.23,0.00, 21.68
2.51,4.34,0.00, 5.56
2.51,4.43,0.00, 4.75
2.51,4.80,0.00, 18.20
2.51,4.51,0.00, 0.00
2.53,4.46,0.99, 0.00
2.51,4.44,0.00, 0.00
2.51,4.38,0.00, 0.00
2.51,4.27,0.00, 0.00
2.51,4.19,0.00, 0.00
2.51,4.07,0.00, 0.00
2.51,3.95,0.00, 0.00
2.51,3.81,0.00, 0.00
2.51,3.70,0.00, 0.00
2.51,3.70,0.00, 0.00
2.51,3.70,0.00, 0.00
2.51,3.70,0.00, 0.00
2.51,3.70,0.00, 0.00
2.51,3.70,0.00, 0.00
2.51,3.70,0.00, 0.00
2.51,3.70,0.00, 0.00
2.53,3.67,0.99, 0.00
2.51,3.65,0.00, 0.00
2.51,3.62,0.00, 0.00
2.53,3.04,0.99, 0.00
2.53,3.04,0.99, 0.00
2.53,3.04,0.99, 0.00
2.53,3.04,0.99, 0.00
2.53,3.04,0.99, 0.00
2.53,3.04,0.99, 0.00
2.53,3.04,0.99, 0.00
2.53,2.96,0.01, 0.00
2.53,2.96,0.01, 0.00
2.53,2.96,0.01, 0.00
2.53,2.96,0.01, 0.00
2.53,2.96,0.01, 0.00
2.53,2.96,0.01, 0.00
2.53,2.96,0.01, 0.00
2.53,2.96,0.01, 0.00
2.53,2.96,0.01, 0.00
2.53,2.96,0.01, 0.00
2.53,2.96,0.01, 0.00
2.53,2.96,0.01, 0.00
2.53,2.96,0.01, 0.00
2.53,2.96,0.01, 0.00
2.53,2.96,0.01, 0.00
2.53,2.96,0.01, 0.00
2.53,2.96,0.01, 0.00
2.53,2.96,0.01, 0.00
2.53,2.96,0.01, 0.00
2.53,2.96,0.01, 0.00
2.53,2.96,0.01, 0.00
2.53,2.96,0.01, 0.00
2.53,2.96,0.01, 0.00
2.53,2.96,0.01, 0.00
2.53,2.96,0.01, 0.00
2.53,2.96,0.01, 0.00
2.53,2.96,0.01, 0.00
2.53,2.96,0.01, 0.00
2.53,2.96,0.01, 0.00
2.53,2.96,0.01, 0.00
2.51,2.97,0.00, 0.75
2.51,2.97,0.00, 0.75
2.51,2.97,0.00, 0.75
2.51,2.97,0.00, 0.75
2.51,2.97,0.00, 0.75
2.51,2.97,0.00, 0.75
2.51,2.97,0.00, 0.75
2.51,2.97,0.00, 0.75
2.51,2.97,0.00, 0.75
2.51,2.97,0.00, 0.75
2.51,2.97,0.00, 0.75
2.51,2.97,0.00, 0.75
2.51,2.97,0.00, 0.75
2.51,2.97,0.00, 0.75
2.53,3.01,0.99, 1.75
2.53,3.01,0.99, 1.75
2.53,3.01,0.99, 1.75
2.53,3.18,0.01, 8.48
2.51,3.22,0.00, 2.02
2.51,3.22,0.00, 2.02
2.51,3.22,0.00, 2.02
2.51,3.22,0.00, 2.02
2.51,3.22,0.00, 2.02
2.51,3.22,0.00, 2.02
0.00,2.65,0.00, 0.00
0.00,2.65,0.00, 0.00
0.00,2.65,0.00, 0.00
0.00,2.65,0.00, 0.00
0.00,2.65,0.00, 0.00
0.00,2.65,0.00, 0.00
0.00,2.65,0.00, 0.00
0.00,2.65,0.00, 0.00
0.00,2.65,0.00, 0.00
0.00,2.65,0.00, 0.00
0.00,2.65,0.00, 0.00
0.00,2.65,0.00, 0.00
0.00,2.65,0.00, 0.00
2.26,2.68,111.34, 1.25
2.26,2.68,111.34, 1.25
2.26,2.68,111.34, 1.25
2.26,2.68,111.34, 1.25
2.26,2.68,111.34, 1.25
2.26,2.68,111.34, 1.25
2.26,2.68,111.34, 1.25
2.26,2.68,111.34, 1.25
2.26,2.68,111.34, 1.25
2.26,2.68,111.34, 1.25
2.26,2.68,111.34, 1.25
2.26,2.68,111.34, 1.25
2.26,2.68,111.34, 1.25
2.26,2.68,111.34, 1.25
2.26,2.68,111.34, 1.25
2.26,2.68,111.34, 1.25
2.26,2.68,111.34, 1.25
2.26,2.68,111.34, 1.25
2.26,2.68,111.34, 1.25
2.26,2.68,111.34, 1.25
2.58,2.67,17.40, 0.00
2.58,2.67,17.40, 0.00
1.46,2.28,0.00, 0.00
1.46,2.28,0.00, 0.00
1.46,2.28,0.00, 0.00
1.46,2.28,0.00, 0.00
1.46,2.28,0.00, 0.00
1.46,2.28,0.00, 0.00
1.46,2.28,0.00, 0.00
1.46,2.28,0.00, 0.00
1.46,2.28,0.00, 0.00
1.46,2.28,0.00, 0.00
1.46,2.28,0.00, 0.00
1.46,2.28,0.00, 0.00
1.46,2.28,0.00, 0.00
1.46,2.28,0.00, 0.00
1.46,2.28,0.00, 0.00
0.00,0.24,0.00, 0.00
0.00,0.24,0.00, 0.00
0.29,0.05,14.29, 0.00
0.22,0.05,0.00, 0.00
0.22,0.05,0.00, 0.00
0.22,0.05,0.00, 0.00
0.22,0.05,0.00, 0.00
0.22,0.05,0.00, 0.00
0.22,0.05,0.00, 0.00
0.22,0.05,0.00, 0.00
0.22,0.05,0.00, 0.00
0.22,0.05,0.00, 0.00
0.22,0.05,0.00, 0.00
0.22,0.05,0.00, 0.00
0.22,0.05,0.00, 0.00
0.22,0.05,0.00, 0.00
0.22,0.05,0.00, 0.00
0.22,0.05,0.00, 0.00
0.22,0.05,0.00, 0.00
0.22,0.05,0.00, 0.00
0.22,0.05,0.00, 0.00
0.22,0.05,0.00, 0.00
0.22,0.05,0.00, 0.00
0.22,0.05,0.00, 0.00
0.22,0.05,0.00, 0.00
0.22,0.05,0.00, 0.00
0.22,0.05,0.00, 0.00
0.22,0.05,0.00, 0.00
0.22,0.05,0.00, 0.00
0.22,0.05,0.00, 0.00
0.22,0.05,0.00, 0.00
0.22,0.05,0.00, 0.00
0.22,0.05,0.00, 0.00
0.22,0.05,0.00, 0.00
0.22,0.05,0.00, 0.00
0.22,0.05,0.00, 0.00
0.22,0.05,0.00, 0.00
0.22,0.05,0.00, 0.00
0.22,0.05,0.00, 0.00
0.22,0.05,0.00, 0.00
0.22,0.05,0.00, 0.00
0.22,0.05,0.00, 0.00
0.22,0.05,0.00, 0.00
0.22,0.05,0.00, 0.00
0.22,0.05,0.00, 0.00
0.22,0.05,0.00, 0.00
0.22,0.05,0.00, 0.00
0.22,0.05,0.00, 0.00
0.22,0.05,0.00, 0.00
0.16,0.07,0.00, 1.25
0.16,0.07,0.00, 1.25
0.16,0.07,0.00, 1.25
0.18,0.08,0.99, 0.50
0.18,0.10,0.01, 1.00
2.49,4.23,113.80, 205.75
2.51,4.23,2.66, 0.75
2.51,4.18,0.04, 0.00
2.51,4.18,0.04, 0.00
2.51,4.18,0.04, 0.00
2.51,4.14,0.00, 0.00
2.51,4.07,0.00, 0.00
2.51,3.99,0.00, 0.00
2.51,3.77,0.00, 0.00
2.51,3.77,0.00, 0.00
2.51,3.77,0.00, 0.00
2.51,3.77,0.00, 0.00
2.51,3.68,0.00, 0.00
2.51,3.55,0.00, 0.00
2.51,3.55,0.00, 0.00
2.51,3.55,0.00, 0.00
2.51,3.55,0.00, 0.00
2.51,3.55,0.00, 0.00
2.51,3.55,0.00, 0.00
2.51,3.48,0.00, 0.00
2.51,3.42,0.00, 0.00
2.51,3.46,0.00, 2.24
2.53,3.89,0.99, 21.43
2.51,3.94,0.00, 2.32
2.51,3.94,0.00, 2.32
2.51,3.94,0.00, 2.32
2.51,3.94,0.00, 2.32
2.51,3.94,0.00, 2.32
2.51,3.94,0.00, 2.32
2.51,3.94,0.00, 2.32
2.53,3.98,0.99, 2.00
2.51,4.01,0.00, 1.50
2.51,4.06,0.00, 2.50
2.53,4.31,0.99, 12.46
2.53,4.31,0.99, 12.46
2.51,4.34,0.00, 1.29
2.53,4.39,0.99, 2.50
2.51,4.40,0.00, 1.01
2.51,4.40,0.00, 1.01
2.51,4.40,0.00, 1.01
2.51,4.40,0.00, 1.01
2.51,4.40,0.00, 1.01
2.51,4.40,0.00, 1.01
2.51,4.40,0.00, 1.01
2.51,4.40,0.00, 1.01
2.51,4.40,0.00, 1.01
2.51,4.40,0.00, 1.01
2.51,4.40,0.00, 1.01
2.51,4.40,0.00, 1.01
2.51,4.40,0.00, 1.01
2.51,4.40,0.00, 1.01
2.51,4.43,0.00, 1.50
2.53,4.43,0.99, 0.01
2.53,4.45,0.01, 1.00
2.53,4.30,0.00, 0.00
2.51,4.26,0.00, 0.00
2.51,4.22,0.00, 0.00
2.53,4.15,0.99, 0.00
2.53,4.15,0.99, 0.00
2.53,4.15,0.99, 0.00
2.53,4.15,0.99, 0.00
2.53,4.15,0.99, 0.00
2.53,4.15,0.99, 0.00
2.51,4.14,0.00, 0.00
2.51,4.14,0.00, 0.00
2.51,4.11,0.00, 0.00
2.51,4.11,0.00, 0.00
2.51,4.11,0.00, 0.00
2.51,4.08,0.00, 0.00
2.51,4.08,0.00, 0.00
2.51,4.08,0.00, 0.00
2.51,4.08,0.00, 0.00
2.51,4.08,0.00, 0.00
2.51,4.08,0.00, 0.00
2.51,4.08,0.00, 0.00
2.53,3.89,0.99, 0.00
2.51,3.76,0.00, 0.00
2.53,3.64,0.99, 0.00
2.53,3.39,0.01, 0.00
2.51,3.37,0.00, 0.00
2.53,3.35,0.99, 0.00
2.51,3.35,0.00, 0.00
2.51,3.34,0.00, 0.00
2.53,3.32,0.99, 0.00
2.53,3.21,0.01, 0.00
2.53,3.15,0.00, 0.00
2.51,3.10,0.00, 0.00
2.51,3.10,0.00, 0.00
2.51,3.10,0.00, 0.00
2.51,3.10,0.00, 0.00
2.51,3.10,0.00, 0.00
2.51,3.10,0.00, 0.00
2.51,3.10,0.00, 0.00
2.51,3.10,0.00, 0.00
2.51,3.10,0.00, 0.00
2.51,3.10,0.00, 0.00
2.51,3.10,0.00, 0.00
2.51,3.10,0.00, 0.00
2.51,3.10,0.00, 0.00
2.51,3.10,0.00, 0.00
2.51,3.10,0.00, 0.00
2.51,3.02,0.00, 0.00
2.53,3.00,0.99, 0.00
2.53,3.00,0.99, 0.00
2.53,3.00,0.99, 0.00
2.53,3.00,0.99, 0.00
2.53,3.00,0.99, 0.00
2.53,3.00,0.99, 0.00
2.53,3.00,0.99, 0.00
2.53,3.00,0.99, 0.00
2.53,3.00,0.99, 0.00
2.53,3.00,0.99, 0.00
2.53,3.00,0.99, 0.00
2.53,3.00,0.99, 0.00
2.53,3.00,0.99, 0.00
2.53,3.01,0.01, 0.50
2.53,2.97,0.00, 0.00
2.53,2.97,0.00, 0.00
2.53,2.97,0.00, 0.00
2.53,2.97,0.00, 0.00
2.53,2.97,0.00, 0.00
2.53,2.97,0.00, 0.00
2.51,2.95,0.00, 0.00
2.51,2.95,0.00, 0.00
2.53,2.71,0.99, 0.00
2.53,2.71,0.99, 0.00
2.53,2.71,0.99, 0.00
2.53,2.71,0.99, 0.00
2.53,2.71,0.99, 0.00
2.51,2.68,0.00, 0.00
2.51,2.68,0.00, 0.00
2.51,2.68,0.00, 0.00
2.51,2.68,0.00, 0.00
2.51,2.68,0.00, 0.00
0.00,2.52,0.00, 0.00
2.53,2.53,124.64, 0.75
0.67,2.45,0.00, 0.00
2.09,2.32,69.96, 0.00
1.57,2.24,0.00, 0.00
1.57,2.24,0.00, 0.00
1.57,2.24,0.00, 0.00
1.21,2.16,0.00, 0.00
1.35,2.07,6.90, 0.00
1.32,1.96,0.00, 0.00
1.32,1.96,0.00, 0.00
0.81,1.66,0.00, 0.00
0.81,1.52,0.00, 0.00
0.81,1.52,0.00, 0.00
0.81,1.52,0.00, 0.00
0.81,1.52,0.00, 0.00
0.81,1.52,0.00, 0.00
0.81,1.52,0.00, 0.00
0.81,1.52,0.00, 0.00
0.81,1.52,0.00, 0.00
0.81,1.52,0.00, 0.00
0.81,1.52,0.00, 0.00
0.81,1.52,0.00, 0.00
0.81,1.52,0.00, 0.00
0.81,1.52,0.00, 0.00
0.81,1.52,0.00, 0.00
0.81,1.52,0.00, 0.00
0.81,1.52,0.00, 0.00
0.43,1.21,0.00, 0.00
0.43,0.89,0.00, 0.00
0.43,0.89,0.00, 0.00
0.43,0.89,0.00, 0.00
0.43,0.89,0.00, 0.00
0.43,0.89,0.00, 0.00
0.43,0.89,0.00, 0.00
0.43,0.89,0.00, 0.00
0.43,0.89,0.00, 0.00
0.43,0.89,0.00, 0.00
0.43,0.89,0.00, 0.00
0.43,0.89,0.00, 0.00
0.43,0.89,0.00, 0.00
0.43,0.89,0.00, 0.00
0.43,0.89,0.00, 0.00
0.43,0.89,0.00, 0.00
0.43,0.89,0.00, 0.00
0.43,0.89,0.00, 0.00
0.43,0.89,0.00, 0.00
0.43,0.89,0.00, 0.00
0.43,0.89,0.00, 0.00
0.38,0.73,0.00, 0.00
0.38,0.73,0.00, 0.00
0.38,0.73,0.00, 0.00
0.00,0.06,0.00, 0.00
0.20,0.05,9.85, 0.00
0.11,0.08,0.00, 1.74
0.18,0.11,3.45, 1.25
0.18,0.12,0.05, 0.75
0.18,0.12,0.05, 0.75
0.18,0.12,0.05, 0.75
0.00,0.15,0.00, 1.50
0.00,0.19,0.00, 1.75
0.00,0.27,0.00, 4.24
0.00,0.31,0.00, 2.26
0.00,0.31,0.00, 2.26
0.00,0.31,0.00, 2.26
0.00,0.31,0.00, 2.26
0.00,0.31,0.00, 2.26
0.00,0.31,0.00, 2.26
0.00,0.31,0.00, 2.26
0.00,0.31,0.00, 2.26
0.00,0.31,0.00, 2.26
0.00,0.31,0.00, 2.26
0.00,0.31,0.00, 2.26
0.00,0.31,0.00, 2.26
0.00,0.31,0.00, 2.26
0.00,0.38,0.00, 3.00
0.00,0.38,0.00, 3.00
0.00,0.38,0.00, 3.00
0.00,0.38,0.00, 3.00
0.00,0.38,0.00, 3.00
0.00,0.38,0.00, 3.00
0.00,0.38,0.00, 3.00
0.00,0.38,0.00, 3.00
0.00,0.38,0.00, 3.00
0.00,0.38,0.00, 3.00
0.00,0.38,0.00, 3.00
0.00,0.38,0.00, 3.00
0.00,0.38,0.00, 3.00
0.00,0.38,0.00, 3.00
0.00,0.38,0.00, 3.00
0.00,0.38,0.00, 3.00
0.00,0.44,0.00, 3.00
0.00,0.44,0.00, 3.00
0.00,0.44,0.00, 3.00
0.00,0.44,0.00, 3.00
0.00,0.44,0.00, 3.00
0.00,0.44,0.00, 3.00
0.00,0.44,0.00, 3.00
0.00,0.44,0.00, 3.00
0.00,0.44,0.00, 3.00
0.00,0.44,0.00, 3.00
0.00,0.44,0.00, 3.00
0.00,0.44,0.00, 3.00
0.00,0.44,0.00, 3.00
0.00,0.44,0.00, 3.00
0.00,0.44,0.00, 3.00
0.00,0.44,0.00, 3.00
0.00,0.44,0.00, 3.00
0.00,0.44,0.00, 3.00
0.00,0.44,0.00, 3.00
0.00,0.44,0.00, 3.00
0.00,0.44,0.00, 3.00
0.00,0.44,0.00, 3.00
0.00,0.51,0.00, 4.00
2.49,2.25,122.67, 86.45
2.49,3.30,1.80, 52.62
2.51,3.75,1.01, 22.61
2.53,3.81,1.00, 3.07
2.53,3.81,1.00, 3.07
2.53,3.81,1.00, 3.07
2.53,3.89,0.01, 4.00
2.51,4.03,0.00, 6.74
2.53,4.07,0.99, 2.02
2.51,4.16,0.00, 4.99
2.51,4.22,0.00, 2.51
2.51,4.27,0.00, 2.75
2.51,4.32,0.00, 2.50
2.53,4.39,0.99, 3.25
2.53,4.43,0.01, 2.25
2.53,4.48,0.00, 2.50
2.53,4.52,0.00, 1.75
2.53,4.54,0.00, 1.25
2.53,4.55,0.00, 0.50
2.53,4.55,0.00, 0.50
2.51,4.59,0.00, 1.99
2.53,4.56,0.99, 0.00
2.53,4.56,0.99, 0.00
2.53,4.56,0.99, 0.00
2.53,4.56,0.99, 0.00
2.53,4.56,0.99, 0.00
2.53,4.56,0.99, 0.00
2.53,4.56,0.99, 0.00
2.53,4.56,0.99, 0.00
2.53,4.56,0.99, 0.00
2.53,4.56,0.99, 0.00
2.51,4.53,0.00, 0.00
2.53,4.53,0.99, 0.00
2.53,4.50,0.01, 0.00
2.53,4.44,0.00, 0.00
2.53,4.44,0.00, 0.00
2.53,4.43,0.00, 0.00
2.53,4.44,0.00, 0.50
2.53,4.44,0.00, 0.50
2.53,4.44,0.00, 0.50
2.53,4.44,0.00, 0.50
2.51,4.43,0.00, 0.00
2.51,4.43,0.00, 0.00
2.53,4.42,0.99, 0.00
2.53,4.42,0.99, 0.00
2.53,4.42,0.99, 0.00
2.53,4.42,0.99, 0.00
2.53,4.42,0.99, 0.00
2.53,4.42,0.99, 0.00
2.53,4.42,0.99, 0.00
2.53,4.42,0.99, 0.00
2.53,4.42,0.99, 0.00
2.53,4.42,0.99, 0.00
2.53,4.42,0.01, 0.00
2.53,4.28,0.00, 0.00
2.53,4.29,0.00, 0.50
2.53,3.96,0.00, 0.00
2.53,3.89,0.00, 0.00
2.53,3.83,0.00, 0.00
2.53,3.83,0.00, 0.00
2.53,3.83,0.00, 0.00
2.53,3.83,0.00, 0.00
2.53,3.83,0.00, 0.00
2.53,3.83,0.00, 0.00
2.53,3.81,0.00, 0.00
2.51,3.80,0.00, 0.00
2.51,3.80,0.00, 0.00
2.51,3.80,0.00, 0.00
2.51,3.80,0.00, 0.00
2.51,3.80,0.00, 0.00
2.51,3.80,0.00, 0.00
2.51,3.80,0.00, 0.00
2.51,3.80,0.00, 0.00
2.51,3.80,0.00, 0.00
2.51,3.78,0.00, 0.00
2.51,3.78,0.00, 0.00
2.51,3.78,0.00, 0.00
2.51,3.78,0.00, 0.00
2.51,3.78,0.00, 0.00
2.51,3.78,0.00, 0.00
2.51,3.78,0.00, 0.00
2.51,3.78,0.00, 0.00
2.51,3.78,0.00, 0.00
2.51,3.78,0.00, 0.00
2.51,3.78,0.00, 0.00
2.51,3.78,0.00, 0.00
2.51,3.78,0.00, 0.00
2.51,3.78,0.00, 0.00
2.51,3.78,0.00, 0.00
2.51,3.78,0.00, 0.00
2.51,3.78,0.00, 0.00
2.51,3.78,0.00, 0.00
2.51,3.78,0.00, 0.00
2.51,3.78,0.00, 0.00
2.51,3.78,0.00, 0.00
2.51,3.78,0.00, 0.00
2.51,3.78,0.00, 0.00
2.51,3.78,0.00, 0.00
2.51,3.78,0.00, 0.00
2.51,3.78,0.00, 0.00
2.51,3.78,0.00, 0.00
2.51,3.78,0.00, 0.00
2.51,3.78,0.00, 0.00
2.51,3.78,0.00, 0.00
2.51,3.78,0.00, 0.00
2.51,3.78,0.00, 0.00
2.51,3.78,0.00, 0.00
2.53,3.61,0.99, 0.00
2.53,3.61,0.99, 0.00
2.53,3.61,0.99, 0.00
2.53,3.61,0.99, 0.00
2.53,3.61,0.99, 0.00
2.53,3.61,0.99, 0.00
2.53,3.61,0.99, 0.00
2.53,3.61,0.99, 0.00
2.53,3.61,0.99, 0.00
2.51,3.52,0.00, 0.00
2.53,3.29,0.99, 0.00
2.53,2.83,0.01, 0.00
2.53,2.51,0.00, 0.00
2.51,2.45,0.00, 0.00
2.51,2.45,0.00, 0.00
2.51,2.45,0.00, 0.00
2.51,2.45,0.00, 0.00
2.51,2.45,0.00, 0.00
2.51,2.45,0.00, 0.00
2.51,2.45,0.00, 0.00
2.51,2.45,0.00, 0.00
2.51,2.45,0.00, 0.00
2.51,2.45,0.00, 0.00
2.51,2.45,0.00, 0.00
2.51,2.45,0.00, 0.00
2.51,2.45,0.00, 0.00
2.53,2.41,0.99, 0.00
2.53,2.37,0.01, 0.00
2.53,2.37,0.01, 0.00
2.53,2.37,0.01, 0.00
2.51,2.30,0.00, 0.00
2.51,2.30,0.00, 0.00
2.51,2.30,0.00, 0.00
2.51,2.30,0.00, 0.00
2.51,2.30,0.00, 0.00
1.50,1.81,0.00, 0.00
1.50,1.81,0.00, 0.00
1.50,1.81,0.00, 0.00
1.50,1.81,0.00, 0.00
1.50,1.81,0.00, 0.00
1.50,1.81,0.00, 0.00
1.50,1.81,0.00, 0.00
1.50,1.81,0.00, 0.00
1.50,1.81,0.00, 0.00
1.03,1.71,0.00, 0.00
1.26,1.57,11.33, 0.00
1.26,1.57,11.33, 0.00
1.26,1.57,11.33, 0.00
1.26,1.57,11.33, 0.00
1.26,1.57,11.33, 0.00
1.26,1.57,11.33, 0.00
0.47,0.88,0.00, 0.00
0.47,0.88,0.00, 0.00
0.47,0.88,0.00, 0.00
0.47,0.88,0.00, 0.00
0.47,0.88,0.00, 0.00
0.47,0.88,0.00, 0.00
0.02,0.29,0.00, 0.00
0.02,0.29,0.00, 0.00
0.02,0.29,0.00, 0.00
0.02,0.20,0.00, 0.00
0.16,0.06,6.90, 0.00
0.16,0.06,6.90, 0.00
0.16,0.06,6.90, 0.00
0.11,0.05,0.00, 0.00
0.13,0.05,0.99, 0.00
0.22,0.05,4.45, 0.00
0.22,0.05,0.07, 0.00
0.22,0.05,0.07, 0.00
0.18,0.05,0.00, 0.50
0.13,0.05,0.00, 0.00
0.11,0.05,0.00, 0.00
0.11,0.05,0.00, 0.00
0.11,0.05,0.00, 0.00
0.11,0.05,0.00, 0.00
0.11,0.05,0.00, 0.00
0.11,0.05,0.00, 0.00
0.11,0.05,0.00, 0.00
0.11,0.05,0.00, 0.00
0.11,0.05,0.00, 0.00
0.11,0.05,0.00, 0.00
0.11,0.05,0.00, 0.50
0.16,0.05,2.46, 0.00
0.16,0.05,2.46, 0.00
0.16,0.05,2.46, 0.00
0.16,0.05,2.46, 0.00
0.16,0.05,2.46, 0.00
0.16,0.05,2.46, 0.00
0.16,0.05,2.46, 0.00
0.16,0.05,2.46, 0.00
0.16,0.05,2.46, 0.00
0.16,0.05,2.46, 0.00
0.16,0.05,2.46, 0.00
0.16,0.05,2.46, 0.00
0.16,0.05,2.46, 0.00
0.20,0.05,2.01, 0.00
0.16,0.05,0.00, 0.00
0.18,0.05,0.99, 0.00
0.18,0.05,0.99, 0.00
0.18,0.05,0.99, 0.00
0.38,0.46,9.87, 20.67
0.49,0.54,5.56, 4.06
0.58,0.65,4.52, 5.74
0.67,0.80,4.50, 7.00
0.90,0.94,11.40, 7.25
0.90,0.94,11.40, 7.25
0.90,0.94,11.40, 7.25
1.17,1.10,13.47, 7.75
1.46,1.27,14.48, 8.75
1.46,1.27,14.48, 8.75
1.46,1.27,14.48, 8.75
1.46,1.27,14.48, 8.75
1.46,1.27,14.48, 8.75
1.46,1.27,14.48, 8.75
1.79,1.65,16.47, 18.96
2.00,1.88,10.59, 11.28
2.26,2.11,12.96, 11.50
2.26,2.11,12.96, 11.50
2.26,2.11,12.96, 11.50
2.26,2.11,12.96, 11.50
2.26,2.11,12.96, 11.50
2.26,2.11,12.96, 11.50
2.26,2.11,12.96, 11.50
2.26,2.11,12.96, 11.50
2.26,2.11,12.96, 11.50
2.26,2.11,12.96, 11.50
2.26,2.11,12.96, 11.50
2.26,2.11,12.96, 11.50
2.26,2.11,12.96, 11.50
2.26,2.11,12.96, 11.50
2.26,2.11,12.96, 11.50
2.26,2.11,12.96, 11.50
2.26,2.11,12.96, 11.50
2.49,2.92,11.52, 40.64
2.49,3.03,0.17, 5.63
2.49,3.20,0.00, 8.49
2.49,3.20,0.00, 8.49
2.51,3.36,0.99, 8.00
2.53,3.32,1.00, 0.00
2.51,3.30,0.00, 0.00
2.53,3.28,0.99, 0.00
2.51,3.29,0.00, 0.50
2.51,3.28,0.00, 0.00
2.51,3.30,0.00, 0.75
2.51,3.32,0.00, 1.25
2.53,3.34,0.99, 0.50
2.53,3.35,0.01, 0.50
2.53,3.35,0.01, 0.50
2.53,3.35,0.01, 0.50
2.53,3.35,0.01, 0.50
2.53,3.35,0.01, 0.50
2.51,3.38,0.00, 1.75
2.53,3.41,0.99, 1.75
2.53,3.41,0.99, 1.75
2.53,3.45,0.01, 1.50
2.53,3.54,0.00, 4.74
2.53,3.56,0.00, 1.01
2.53,3.56,0.00, 1.01
2.53,3.56,0.00, 1.01
2.53,3.56,0.00, 1.01
2.53,3.56,0.00, 1.01
2.51,3.60,0.00, 1.75
2.51,3.60,0.00, 1.75
2.51,3.60,0.00, 1.75
2.51,3.60,0.00, 1.75
2.53,3.61,0.99, 0.75
2.51,3.65,0.00, 2.24
2.53,3.80,0.99, 6.98
2.51,3.82,0.00, 1.02
2.51,3.85,0.00, 1.50
2.53,3.85,0.99, 0.01
2.53,3.87,0.01, 1.25
2.53,3.81,0.00, 0.00
2.53,3.78,0.00, 0.00
2.51,3.74,0.00, 0.00
2.53,3.74,0.99, 0.00
2.51,3.70,0.00, 0.00
2.53,3.72,0.99, 1.00
2.53,3.72,0.01, 0.00
2.53,3.74,0.00, 1.25
2.53,3.73,0.00, 0.00
2.53,3.74,0.00, 0.75
2.53,3.73,0.00, 0.00
2.53,3.73,0.00, 0.00
2.53,3.73,0.00, 0.00
2.53,3.73,0.00, 0.00
2.53,3.73,0.00, 0.00
2.53,3.73,0.00, 0.00
2.53,3.73,0.00, 0.00
2.53,3.73,0.00, 0.00
2.53,3.73,0.00, 0.00
2.53,3.72,0.00, 0.00
2.51,3.69,0.00, 0.00
2.53,3.70,0.99, 0.50
2.53,3.69,0.01, 0.00
2.51,3.67,0.00, 0.00
2.53,3.62,0.99, 0.00
2.51,3.60,0.00, 0.00
2.51,3.60,0.00, 0.00
2.51,3.60,0.00, 0.00
2.53,3.59,0.99, 0.00
2.51,3.57,0.00, 0.00
2.51,3.57,0.00, 0.00
2.53,3.58,0.99, 0.00
2.53,3.58,0.99, 0.00
2.53,3.59,0.01, 0.50
2.53,3.58,0.00, 0.00
2.53,3.54,0.00, 0.00
2.53,3.52,0.00, 0.00
2.53,3.48,0.00, 0.00
2.53,3.46,0.00, 0.00
2.53,3.42,0.00, 0.00
2.53,3.40,0.00, 0.00
2.53,3.38,0.00, 0.00
2.53,3.37,0.00, 0.00
2.53,3.39,0.00, 1.25
2.53,3.38,0.00, 0.00
2.53,3.38,0.00, 0.25
2.53,3.38,0.00, 0.00
2.53,3.36,0.00, 0.00
2.51,3.33,0.00, 0.00
2.51,3.33,0.00, 0.00
2.51,3.33,0.00, 0.00
2.51,3.33,0.00, 0.00
2.53,3.26,0.99, 0.00
2.53,3.26,0.99, 0.00
2.53,3.19,0.01, 0.00
2.53,3.12,0.00, 0.00
2.53,3.12,0.00, 0.00
2.53,3.05,0.00, 0.00
2.53,3.04,0.00, 0.00
2.53,3.04,0.00, 0.00
2.53,3.04,0.00, 0.00
2.53,3.04,0.00, 0.00
2.53,3.04,0.00, 0.00
2.53,3.04,0.00, 0.00
2.51,3.05,0.00, 0.50
2.51,3.05,0.00, 0.50
2.51,3.05,0.00, 0.50
2.51,3.05,0.00, 0.50
2.51,3.05,0.00, 0.50
2.51,3.05,0.00, 0.50
2.51,3.05,0.00, 0.50
2.51,3.05,0.00, 0.50
2.51,3.05,0.00, 0.50
2.51,3.05,0.00, 0.50
2.51,3.05,0.00, 0.50
2.51,3.05,0.00, 0.50
2.51,3.05,0.00, 0.50
2.51,3.05,0.00, 0.50
2.51,3.05,0.00, 0.50
2.51,3.05,0.00, 0.50
2.51,3.05,0.00, 0.50
2.51,3.05,0.00, 0.50
2.51,3.05,0.00, 0.50
2.51,3.05,0.00, 0.50
2.51,3.05,0.00, 0.50
2.53,3.06,0.99, 0.50
2.53,3.06,0.99, 0.50
2.53,3.06,0.99, 0.50
2.53,3.06,0.99, 0.50
2.53,3.06,0.99, 0.50
2.53,3.06,0.99, 0.50
2.53,3.06,0.99, 0.50
2.53,3.06,0.99, 0.50
2.53,3.06,0.99, 0.50
2.53,3.06,0.99, 0.50
2.53,3.06,0.99, 0.50
2.53,3.06,0.99, 0.50
2.53,3.06,0.99, 0.50
2.53,3.06,0.99, 0.50
2.53,3.06,0.99, 0.50
2.53,3.06,0.99, 0.50
2.53,3.06,0.99, 0.50
2.53,3.06,0.99, 0.50
2.53,3.06,0.99, 0.50
2.53,3.06,0.99, 0.50
2.53,3.06,0.99, 0.50
2.53,3.06,0.99, 0.50
2.53,3.06,0.99, 0.50
2.53,3.06,0.99, 0.50
2.53,3.06,0.99, 0.50
2.53,3.06,0.99, 0.50
2.51,3.05,0.00, 0.00
2.51,3.05,0.00, 0.00
2.51,3.05,0.00, 0.00
2.51,3.05,0.00, 0.00
2.51,3.05,0.00, 0.00
2.51,3.05,0.00, 0.00
2.51,3.05,0.00, 0.00
2.51,3.05,0.00, 0.00
2.51,3.05,0.00, 0.00
2.51,3.05,0.00, 0.00
2.51,3.05,0.00, 0.00
2.51,3.05,0.00, 0.00
2.51,3.05,0.00, 0.00
2.51,3.05,0.00, 0.00
2.51,3.05,0.00, 0.00
2.51,3.05,0.00, 0.00
2.51,3.05,0.00, 0.00
2.53,2.83,0.99, 0.00
2.53,2.94,0.01, 5.73
0.65,1.74,0.00, 0.00
0.47,0.31,0.00, 0.00
0.47,0.31,0.00, 0.00
0.47,0.31,0.00, 0.00
0.47,0.31,0.00, 0.00
0.47,0.31,0.00, 0.00
0.47,0.31,0.00, 0.00
0.38,0.23,0.00, 0.00
0.38,0.23,0.00, 0.00
0.38,0.23,0.00, 0.00
0.31,0.18,0.00, 0.00
0.29,0.14,0.00, 0.00
0.29,0.14,0.00, 0.00
0.29,0.14,0.00, 0.00
0.29,0.14,0.00, 0.00
0.29,0.14,0.00, 0.00
0.29,0.14,0.00, 0.00
0.29,0.14,0.00, 0.00
0.29,0.14,0.00, 0.00
0.29,0.14,0.00, 0.00
0.29,0.14,0.00, 0.00
0.29,0.14,0.00, 0.00
0.29,0.14,0.00, 0.00
0.29,0.14,0.00, 0.00
0.29,0.14,0.00, 0.00
0.29,0.14,0.00, 0.00
0.29,0.14,0.00, 0.00
0.29,0.14,0.00, 0.00
0.29,0.14,0.00, 0.00
0.29,0.14,0.00, 0.00
0.29,0.14,0.00, 0.00
0.29,0.14,0.00, 0.00
0.29,0.14,0.00, 0.00
0.29,0.14,0.00, 0.00
0.29,0.14,0.00, 0.00
0.29,0.14,0.00, 0.00
0.29,0.14,0.00, 0.00
0.29,0.14,0.00, 0.00
0.22,0.05,0.00, 0.00
0.22,0.05,0.00, 0.00
0.22,0.05,0.00, 0.00
0.22,0.05,0.00, 0.00
0.22,0.05,0.00, 0.00
0.22,0.05,0.00, 0.00
0.22,0.05,0.00, 0.00
0.18,0.05,0.00, 0.00
0.02,0.05,0.00, 0.50
0.18,0.05,7.88, 0.00
0.00,0.20,0.00, 7.72
0.00,0.20,0.00, 7.72
0.00,0.20,0.00, 7.72
0.00,0.20,0.00, 7.72
0.00,0.20,0.00, 7.72
0.00,0.20,0.00, 7.72
0.00,0.20,0.00, 7.72
0.00,0.20,0.00, 7.72
0.00,0.20,0.00, 7.72
0.00,0.20,0.00, 7.72
0.00,0.20,0.00, 7.72
0.00,0.20,0.00, 7.72
0.00,0.20,0.00, 7.72
0.00,0.20,0.00, 7.72
0.00,0.20,0.00, 7.72
0.00,0.20,0.00, 7.72
0.00,0.20,0.00, 7.72
0.00,0.20,0.00, 7.72
0.00,0.20,0.00, 7.72
0.00,0.20,0.00, 7.72
0.00,0.20,0.00, 7.72
0.00,0.20,0.00, 7.72
0.00,0.20,0.00, 7.72
0.00,0.20,0.00, 7.72
0.00,0.20,0.00, 7.72
0.00,0.20,0.00, 7.72
0.00,0.20,0.00, 7.72
0.00,0.20,0.00, 7.72
0.00,0.25,0.00, 2.27
0.04,0.26,1.97, 0.76
0.04,0.26,1.97, 0.76
0.04,0.26,1.97, 0.76
0.04,0.26,1.97, 0.76
0.04,0.26,1.97, 0.76
0.04,0.26,1.97, 0.76
0.04,0.26,1.97, 0.76
0.04,0.26,1.97, 0.76
0.04,0.26,1.97, 0.76
0.04,0.26,1.97, 0.76
0.04,0.26,1.97, 0.76
0.04,0.26,1.97, 0.76
0.04,0.26,1.97, 0.76
0.04,0.26,1.97, 0.76
0.04,0.26,1.97, 0.76
0.04,0.26,1.97, 0.76
0.04,0.26,1.97, 0.76
0.04,0.26,1.97, 0.76
0.04,0.26,1.97, 0.76
0.04,0.26,1.97, 0.76
0.04,0.26,1.97, 0.76
0.04,0.26,1.97, 0.76
0.04,0.26,1.97, 0.76
0.04,0.26,1.97, 0.76
0.04,0.26,1.97, 0.76
0.04,0.26,1.97, 0.76
0.04,0.26,1.97, 0.76
0.02,0.31,0.00, 2.24
2.49,3.16,121.68, 142.24
2.49,3.16,121.68, 142.24
2.49,3.16,121.68, 142.24
2.49,3.16,121.68, 142.24
2.51,3.30,2.78, 7.25
2.53,3.53,1.03, 11.98
2.53,3.56,0.02, 1.29
2.53,3.63,0.00, 3.74
2.51,3.67,0.00, 2.01
2.53,3.69,0.99, 1.00
2.53,3.75,0.01, 2.74
2.53,3.80,0.00, 2.50
2.51,3.84,0.00, 1.75
2.53,3.86,0.99, 1.25
2.53,3.93,0.01, 3.49
2.53,3.93,0.01, 3.49
2.53,3.93,0.01, 3.49
2.53,3.93,0.01, 3.49
2.53,3.93,0.01, 3.49
2.53,3.93,0.01, 3.49
2.53,3.98,0.00, 2.25
2.53,3.98,0.00, 2.25
2.53,3.98,0.00, 2.25
2.53,3.98,0.00, 2.25
2.53,3.98,0.00, 2.25
2.53,3.98,0.00, 2.25
2.53,3.98,0.00, 2.25
2.53,3.98,0.00, 2.25
2.53,3.98,0.00, 2.25
2.53,3.98,0.00, 2.25
2.53,4.05,0.00, 3.50
2.53,4.05,0.00, 3.50
2.53,4.05,0.00, 3.50
2.53,4.05,0.00, 3.50
2.53,4.05,0.00, 3.50
2.53,4.05,0.00, 3.50
2.53,4.05,0.00, 3.50
2.53,4.11,0.00, 3.50
2.53,4.11,0.00, 3.50
2.53,4.11,0.00, 3.50
2.53,4.11,0.00, 3.50
2.53,4.11,0.00, 3.50
2.53,4.11,0.00, 3.50
2.53,4.11,0.00, 3.50
2.53,4.11,0.00, 3.50
2.53,4.11,0.00, 3.50
2.51,4.30,0.00, 9.23
2.51,4.18,0.00, 0.00
2.51,4.18,0.00, 0.00
2.53,3.84,0.99, 0.00
2.53,3.70,0.01, 0.00
2.53,3.68,0.00, 0.00
2.53,3.68,0.00, 0.00
2.53,3.63,0.00, 0.00
2.53,3.62,0.00, 0.00
2.53,3.62,0.00, 0.00
2.53,3.58,0.00, 0.00
2.53,3.49,0.00, 0.00
2.53,3.46,0.00, 0.00
2.53,3.40,0.00, 0.00
2.53,3.34,0.00, 0.00
2.53,3.26,0.00, 0.00
2.53,3.22,0.00, 0.00
2.53,3.17,0.00, 0.00
2.51,3.12,0.00, 0.00
2.51,3.12,0.00, 0.00
2.51,3.12,0.00, 0.00
2.51,3.12,0.00, 0.00
2.53,3.05,0.99, 0.00
2.53,2.97,0.01, 0.00
2.53,2.92,0.00, 0.00
2.53,2.86,0.00, 0.00
2.53,2.82,0.00, 0.00
2.53,2.82,0.00, 0.00
2.53,2.78,0.00, 0.00
2.53,2.78,0.00, 0.00
2.53,2.73,0.00, 0.00
2.53,2.73,0.00, 0.00
2.53,2.73,0.00, 0.00
2.53,2.67,0.00, 0.00
2.56,2.62,1.48, 0.00
2.53,2.58,0.00, 0.00
2.53,2.47,0.00, 0.00
2.53,2.47,0.00, 0.00
2.53,2.47,0.00, 0.00
2.53,2.47,0.00, 0.00
2.53,2.44,0.00, 0.00
2.53,2.44,0.00, 0.00
2.53,2.44,0.00, 0.00
2.53,2.44,0.00, 0.00
2.53,2.44,0.00, 0.00
2.53,2.44,0.00, 0.00
2.53,2.44,0.00, 0.00
2.53,2.44,0.00, 0.00
2.53,2.43,0.00, 0.00
2.53,2.43,0.00, 0.00
2.53,2.45,0.00, 1.00
2.53,2.45,0.00, 1.00
2.53,2.45,0.00, 1.00
2.53,2.45,0.00, 1.00
2.53,2.45,0.00, 1.00
2.53,2.45,0.00, 1.00
2.53,2.45,0.00, 1.00
2.53,2.55,0.00, 4.74
2.53,2.55,0.00, 4.74
2.56,2.58,1.48, 1.51
2.53,2.60,0.00, 1.00
2.53,2.60,0.00, 1.00
2.53,2.62,0.00, 1.00
2.53,2.62,0.00, 1.00
2.53,2.62,0.00, 1.00
2.53,2.62,0.00, 1.00
2.53,2.62,0.00, 1.00
2.53,2.62,0.00, 1.00
2.53,2.62,0.00, 1.00
2.53,2.62,0.00, 0.25
2.53,2.62,0.00, 0.00
2.53,2.61,0.00, 0.00
2.53,2.61,0.00, 0.00
2.53,2.61,0.00, 0.00
2.53,2.61,0.00, 0.00
2.53,2.61,0.00, 0.00
2.53,2.61,0.00, 0.00
2.53,2.61,0.00, 0.00
2.53,2.64,0.00, 1.49
2.53,2.64,0.00, 1.49
2.53,2.64,0.00, 1.49
2.53,2.64,0.00, 1.49
2.53,2.64,0.00, 1.49
2.53,2.64,0.00, 1.49
2.53,2.64,0.00, 1.49
2.53,2.64,0.00, 1.49
2.53,2.64,0.00, 1.49
2.53,2.64,0.00, 1.49
2.53,2.64,0.00, 1.49
2.53,2.64,0.00, 1.49
2.53,2.64,0.00, 1.49
2.53,2.64,0.00, 1.49
2.53,2.63,0.00, 0.00
2.53,2.61,0.00, 0.00
2.53,2.53,0.00, 0.00
0.92,1.81,0.00, 0.00
0.63,1.69,0.00, 0.00
0.65,1.53,0.99, 0.00
0.65,1.53,0.99, 0.00
0.65,1.53,0.99, 0.00
0.65,1.53,0.99, 0.00
0.65,1.53,0.99, 0.00
0.63,1.41,0.00, 0.00
0.63,1.41,0.00, 0.00
0.45,1.27,0.00, 0.00
0.31,1.16,0.00, 0.00
0.00,0.61,0.00, 0.00
0.00,0.61,0.00, 0.00
0.00,0.61,0.00, 0.00
0.00,0.52,0.00, 0.00
0.00,0.41,0.00, 0.00
0.00,0.30,0.00, 0.00
0.00,0.30,0.00, 0.00
0.00,0.30,0.00, 0.00
0.00,0.30,0.00, 0.00
0.00,0.30,0.00, 0.00
0.00,0.30,0.00, 0.00
0.00,0.30,0.00, 0.00
0.00,0.30,0.00, 0.00
0.00,0.30,0.00, 0.00
0.00,0.30,0.00, 0.00
0.00,0.30,0.00, 0.00
0.00,0.30,0.00, 0.00
0.00,0.30,0.00, 0.00
0.00,0.30,0.00, 0.00
0.00,0.30,0.00, 0.00
0.00,0.30,0.00, 0.00
0.00,0.30,0.00, 0.00
0.00,0.30,0.00, 0.00
0.00,0.30,0.00, 0.00
0.00,0.30,0.00, 0.00
0.00,0.30,0.00, 0.00
0.00,0.30,0.00, 0.00
0.00,0.22,0.00, 0.00
0.00,0.22,0.00, 0.00
0.00,0.22,0.00, 0.00
0.00,0.22,0.00, 0.00
0.00,0.22,0.00, 0.00
0.00,0.22,0.00, 0.00
0.00,0.22,0.00, 0.00
0.00,0.22,0.00, 0.00
0.00,0.22,0.00, 0.00
0.00,0.22,0.00, 0.00
0.00,0.22,0.00, 0.00
0.00,0.22,0.00, 0.00
0.00,0.22,0.00, 0.00
0.00,0.22,0.00, 0.00
0.00,0.15,0.00, 0.00
0.00,0.15,0.00, 0.00
0.00,0.15,0.00, 0.00
0.00,0.15,0.00, 0.00
0.00,0.15,0.00, 0.00
0.00,0.15,0.00, 0.00
0.00,0.15,0.00, 0.00
0.00,0.15,0.00, 0.00
0.00,0.15,0.00, 0.00
0.00,0.15,0.00, 0.00
0.00,0.15,0.00, 0.00
0.00,0.15,0.00, 0.00
0.00,0.15,0.00, 0.00
0.00,0.15,0.00, 0.00
0.00,0.09,0.00, 0.00
0.00,0.05,0.00, 0.00
0.00,0.05,0.00, 0.00
0.00,0.08,0.00, 1.74
0.00,0.08,0.00, 1.74
0.00,0.08,0.00, 1.74
0.00,0.08,0.00, 1.74
0.00,0.08,0.00, 1.74
0.00,0.08,0.00, 1.74
0.00,0.08,0.00, 1.74
0.00,0.11,0.00, 1.75
0.00,0.12,0.00, 0.26
0.00,0.12,0.00, 0.26
0.00,0.12,0.00, 0.26
0.00,0.12,0.00, 0.26
0.00,0.12,0.00, 0.26
0.00,0.12,0.00, 0.26
0.00,0.12,0.00, 0.26
0.00,0.12,0.00, 0.26
0.00,0.16,0.00, 1.74
0.25,0.76,12.32, 30.15
0.40,0.92,7.57, 8.08
1.64,1.93,61.20, 50.34
1.64,1.93,61.20, 50.34
2.02,2.26,19.62, 16.87
2.02,2.26,19.62, 16.87
2.02,2.26,19.62, 16.87
2.02,2.26,19.62, 16.87
2.02,2.26,19.62, 16.87
2.02,2.26,19.62, 16.87
2.02,2.26,19.62, 16.87
2.02,2.26,19.62, 16.87
2.02,2.26,19.62, 16.87
2.02,2.26,19.62, 16.87
2.02,2.26,19.62, 16.87
2.02,2.26,19.62, 16.87
2.02,2.26,19.62, 16.87
2.02,2.26,19.62, 16.87
2.02,2.26,19.62, 16.87
2.02,2.26,19.62, 16.87
2.24,2.40,11.13, 7.04
2.24,2.40,11.13, 7.04
2.24,2.40,11.13, 7.04
2.24,2.40,11.13, 7.04
2.24,2.40,11.13, 7.04
2.24,2.40,11.13, 7.04
2.24,2.40,11.13, 7.04
2.51,2.56,13.47, 7.75
2.51,2.56,13.47, 7.75
2.51,2.56,13.47, 7.75
2.51,2.56,13.47, 7.75
2.51,2.56,13.47, 7.75
2.51,2.56,13.47, 7.75
2.51,2.56,13.47, 7.75
2.51,2.56,13.47, 7.75
2.51,2.56,13.47, 7.75
2.51,2.56,13.47, 7.75
2.49,2.68,0.00, 6.01
2.51,3.43,0.99, 37.38
2.53,4.04,1.00, 30.53
2.53,4.61,0.01, 28.51
2.51,4.68,0.00, 3.59
2.51,4.68,0.00, 3.59
2.51,4.68,0.00, 3.59
2.51,4.68,0.00, 3.59
2.51,4.68,0.00, 3.59
2.53,4.73,0.99, 2.50
2.53,4.73,0.99, 2.50
2.53,4.73,0.99, 2.50
2.53,4.79,0.01, 3.00
2.53,4.81,0.00, 1.01
2.53,5.06,0.00, 12.46
2.53,5.11,0.00, 2.54
2.56,5.15,1.48, 2.25
2.53,5.18,0.00, 1.50
2.53,5.22,0.00, 1.75
2.56,5.28,1.48, 2.75
2.53,5.34,0.00, 3.00
2.53,5.40,0.00, 3.50
2.53,5.48,0.00, 3.75
2.53,5.56,0.00, 4.00
2.53,5.64,0.00, 4.00
2.56,5.73,1.48, 4.25
2.53,5.80,0.00, 3.75
2.53,5.89,0.00, 4.50
2.56,5.97,1.48, 4.25
2.53,6.07,0.00, 5.00
2.53,6.16,0.00, 4.50
2.53,6.16,0.00, 4.50
2.53,6.16,0.00, 4.50
2.42,6.25,0.00, 4.25
2.53,6.29,5.42, 2.01
2.53,6.35,0.08, 3.00
2.56,6.38,1.48, 1.26
2.56,6.38,1.48, 1.26
2.56,6.38,1.48, 1.26
2.56,6.38,1.48, 1.26
2.56,6.40,0.02, 1.25
2.53,6.42,0.00, 1.00
2.53,6.45,0.00, 1.25
2.53,6.44,0.00, 0.00
2.56,6.39,1.48, 0.00
2.53,6.36,0.00, 0.00
2.53,6.33,0.00, 0.00
2.53,6.33,0.00, 0.00
2.53,6.33,0.00, 0.00
2.53,6.33,0.00, 0.00
2.53,6.33,0.00, 0.00
2.53,6.33,0.00, 0.00
2.53,6.27,0.00, 0.00
2.53,6.27,0.00, 0.00
2.53,6.27,0.00, 0.00
2.53,6.27,0.00, 0.00
2.53,6.27,0.00, 0.00
2.53,6.27,0.00, 0.00
2.53,6.27,0.00, 0.00
2.53,6.27,0.00, 0.00
2.53,6.27,0.00, 0.00
2.53,6.27,0.00, 0.00
2.53,6.27,0.00, 0.00
2.53,6.27,0.00, 0.00
2.53,6.27,0.00, 0.00
2.53,6.27,0.00, 0.00
2.56,6.22,1.48, 0.00
2.53,6.20,0.00, 0.00
2.53,6.06,0.00, 0.00
2.56,5.36,1.48, 0.00
2.53,5.33,0.00, 0.00
2.53,5.30,0.00, 0.00
2.56,5.26,1.48, 0.00
2.53,5.21,0.00, 0.00
2.53,5.16,0.00, 0.00
2.53,5.16,0.00, 0.00
2.53,5.16,0.00, 0.00
2.53,5.16,0.00, 0.00
2.53,5.16,0.00, 0.00
2.53,5.16,0.00, 0.00
2.53,5.16,0.00, 0.00
2.53,5.16,0.00, 0.00
2.53,5.16,0.00, 0.00
2.53,5.16,0.00, 0.00
2.53,5.16,0.00, 0.00
2.53,5.16,0.00, 0.00
2.53,5.16,0.00, 0.00
2.53,5.16,0.00, 0.00
2.53,5.16,0.00, 0.00
2.53,5.11,0.00, 0.00
2.53,5.11,0.00, 0.00
2.53,5.11,0.00, 0.00
2.53,5.11,0.00, 0.00
2.53,5.11,0.00, 0.00
2.53,5.11,0.00, 0.00
2.53,5.11,0.00, 0.00
2.53,5.11,0.00, 0.00
2.53,5.11,0.00, 0.00
2.53,5.11,0.00, 0.00
2.53,5.11,0.00, 0.00
2.53,5.11,0.00, 0.00
2.53,5.11,0.00, 0.00
2.53,5.11,0.00, 0.00
2.56,5.03,1.48, 0.00
2.56,5.03,1.48, 0.00
2.56,5.03,1.48, 0.00
2.56,4.95,0.02, 0.00
2.56,4.95,0.02, 0.00
2.56,4.95,0.02, 0.00
2.56,4.95,0.02, 0.00
2.56,4.95,0.02, 0.00
2.56,4.95,0.02, 0.00
2.56,4.95,0.02, 0.00
2.56,4.26,0.00, 0.00
2.56,4.26,0.00, 0.00
2.53,3.81,0.00, 0.00
2.53,3.81,0.00, 0.00
2.53,3.81,0.00, 0.00
2.53,3.81,0.00, 0.00
2.53,3.81,0.00, 0.00
2.53,3.81,0.00, 0.00
2.53,3.81,0.00, 0.00
2.53,3.74,0.00, 0.00
2.53,3.74,0.00, 0.00
2.53,3.74,0.00, 0.00
2.53,3.55,0.00, 0.00
2.53,3.48,0.00, 0.00
2.53,2.88,0.00, 0.00
2.53,2.81,0.00, 0.00
2.56,2.72,1.48, 0.00
2.56,2.62,0.02, 0.00
2.56,2.62,0.02, 0.00
0.00,2.52,0.00, 0.00
0.00,2.48,0.00, 0.00
0.00,2.48,0.00, 0.00
0.00,2.48,0.00, 0.00
0.00,2.48,0.00, 0.00
0.00,2.48,0.00, 0.00
0.00,2.48,0.00, 0.00
1.48,2.40,72.91, 0.00
2.58,2.35,55.26, 0.00
2.35,2.32,0.00, 0.00
2.35,2.32,0.00, 0.00
2.35,2.32,0.00, 0.00
2.35,2.32,0.00, 0.00
2.35,2.32,0.00, 0.00
2.35,2.32,0.00, 0.00
2.35,2.32,0.00, 0.00
0.81,2.12,0.00, 0.00
0.81,2.12,0.00, 0.00
0.81,2.12,0.00, 0.00
0.81,2.12,0.00, 0.00
0.81,2.12,0.00, 0.00
0.81,2.12,0.00, 0.00
0.81,2.12,0.00, 0.00
0.81,2.12,0.00, 0.00
0.81,2.12,0.00, 0.00
0.81,2.12,0.00, 0.00
0.81,2.12,0.00, 0.00
0.81,2.12,0.00, 0.00
0.81,2.12,0.00, 0.00
0.81,2.12,0.00, 0.00
0.65,2.08,0.00, 0.00
0.65,2.08,0.00, 0.00
0.65,2.08,0.00, 0.00
0.65,2.08,0.00, 0.00
0.65,2.08,0.00, 0.00
0.65,2.08,0.00, 0.00
0.65,2.08,0.00, 0.00
0.70,1.96,2.46, 0.00
0.70,1.96,2.46, 0.00
0.70,1.96,2.46, 0.00
0.00,1.55,0.00, 0.00
0.00,1.14,0.00, 0.00
0.00,1.14,0.00, 0.00
0.00,1.14,0.00, 0.00
0.00,1.14,0.00, 0.00
0.00,1.14,0.00, 0.00
0.00,1.14,0.00, 0.00
0.00,1.14,0.00, 0.00
0.00,1.14,0.00, 0.00
0.00,1.14,0.00, 0.00
0.00,1.14,0.00, 0.00
0.00,1.14,0.00, 0.00
0.00,1.14,0.00, 0.00
0.00,1.14,0.00, 0.00
0.00,1.14,0.00, 0.00
0.00,1.14,0.00, 0.00
0.00,1.14,0.00, 0.00
0.00,1.14,0.00, 0.00
0.00,1.14,0.00, 0.00
0.00,1.14,0.00, 0.00
0.00,1.14,0.00, 0.00
0.00,1.14,0.00, 0.00
0.00,1.14,0.00, 0.00
0.00,1.14,0.00, 0.00
0.00,1.14,0.00, 0.00
0.00,1.39,0.00, 12.45
0.00,1.39,0.00, 12.45
0.00,1.39,0.00, 12.45
0.00,1.39,0.00, 12.45
0.00,1.39,0.00, 12.45
0.00,1.39,0.00, 12.45
0.00,1.39,0.00, 12.45
0.00,1.39,0.00, 12.45
0.00,1.39,0.00, 12.45
0.00,1.39,0.00, 12.45
0.00,1.51,0.00, 6.02
0.00,1.63,0.00, 5.75
0.83,2.30,40.89, 33.65
0.83,2.30,40.89, 33.65
0.83,2.30,40.89, 33.65
0.83,2.30,40.89, 33.65
0.83,2.30,40.89, 33.65
0.83,2.30,40.89, 33.65
0.83,2.30,40.89, 33.65
0.83,2.30,40.89, 33.65
0.83,2.30,40.89, 33.65
0.83,2.30,40.89, 33.65
0.83,2.30,40.89, 33.65
0.83,2.30,40.89, 33.65
0.83,2.30,40.89, 33.65
0.83,2.30,40.89, 33.65
0.72,2.27,0.00, 0.00
0.65,2.25,0.00, 0.00
0.65,2.25,0.00, 0.00
0.65,2.25,0.00, 0.00
0.65,2.25,0.00, 0.00
0.65,2.25,0.00, 0.00
0.65,2.25,0.00, 0.00
0.65,2.25,0.00, 0.00
0.65,2.25,0.00, 0.00
0.61,2.20,0.00, 0.00
0.40,1.63,0.00, 0.00
0.40,1.63,0.00, 0.00
0.40,1.63,0.00, 0.00
0.40,1.63,0.00, 0.00
0.40,1.63,0.00, 0.00
0.40,1.63,0.00, 0.00
0.40,1.63,0.00, 0.00
0.40,1.63,0.00, 0.00
0.40,1.63,0.00, 0.00
0.31,1.55,0.00, 0.00
0.31,1.55,0.00, 0.00
0