6.71,0.00,0.00, 0.00
0.00,0.05,0.00, 2.24
0.00,0.05,0.00, 0.01
0.00,0.05,0.00, 0.00
0.00,0.05,0.00, 0.00
0.00,0.05,0.00, 0.00
0.00,0.05,0.00, 0.00
0.00,0.05,0.00, 0.00
0.00,0.05,0.00, 0.00
0.00,0.05,0.00, 0.00
0.00,0.05,0.00, 0.00
0.00,0.05,0.00, 0.00
0.00,0.05,0.00, 0.00
0.00,0.05,0.00, 0.00
0.00,0.05,0.00, 0.00
0.00,0.05,0.00, 0.00
0.00,0.05,0.00, 0.00
0.00,0.05,0.00, 0.00
0.00,0.05,0.00, 0.00
0.00,0.05,0.00, 0.00
0.00,0.05,0.00, 0.50
0.00,0.05,0.00, 0.50
0.00,0.05,0.00, 0.00
0.00,0.05,0.00, 0.00
0.00,0.05,0.00, 0.00
0.00,0.05,0.00, 0.00
0.00,0.05,0.00, 0.00
0.00,0.05,0.00, 0.00
0.00,0.05,0.00, 0.00
0.00,0.05,0.00, 0.00
0.00,0.05,0.00, 0.00
0.00,0.05,0.00, 0.00
0.00,0.05,0.00, 0.00
0.00,0.05,0.00, 0.00
0.00,0.05,0.00, 0.00
0.00,0.05,0.00, 0.00
0.00,0.05,0.00, 0.00
0.00,0.05,0.00, 0.00
0.00,0.05,0.00, 0.00
0.00,0.05,0.00, 0.00
0.00,0.05,0.00, 0.00
0.00,0.05,0.00, 0.00
0.00,0.05,0.00, 0.00
0.00,0.05,0.00, 0.00
0.00,0.05,0.00, 0.00
0.00,0.05,0.00, 0.00
0.00,0.05,0.00, 0.00
0.00,0.05,0.00, 0.00
0.00,0.05,0.00, 0.00
0.00,0.05,0.00, 0.00
0.00,0.05,0.00, 0.00
0.00,0.05,0.00, 0.00
0.00,0.05,0.00, 0.00
0.00,0.05,0.00, 0.00
0.00,0.05,0.00, 0.00
0.00,0.05,0.00, 0.00
0.00,0.05,0.00, 0.00
0.00,0.05,0.00, 0.00
0.00,0.05,0.00, 0.00
0.00,0.05,0.00, 0.00
0.00,0.05,0.00, 0.00
0.00,0.05,0.00, 0.00
0.00,0.05,0.00, 0.00
0.00,0.05,0.00, 0.00
0.00,0.05,0.00, 0.00
0.00,0.05,0.00, 0.00
0.00,0.05,0.00, 0.00
0.00,0.05,0.00, 0.00
0.00,0.05,0.00, 0.00
0.00,0.05,0.00, 0.00
0.00,0.05,0.00, 0.00
0.00,0.05,0.00, 0.00
0.00,0.05,0.00, 0.00
0.00,0.05,0.00, 0.00
0.03,0.05,1.48, 0.50
0.03,0.05,1.48, 0.50
0.00,0.06,0.00, 0.25
0.00,0.06,0.00, 0.25
0.00,0.06,0.00, 0.25
0.00,0.06,0.00, 0.25
0.00,0.05,0.00, 0.00
0.00,0.05,0.00, 0.00
0.09,0.08,4.43, 1.25
0.09,0.08,0.07, 0.00
0.09,0.08,0.07, 0.00
0.09,0.08,0.07, 0.00
0.09,0.08,0.07, 0.00
0.09,0.08,0.07, 0.00
0.09,0.08,0.07, 0.00
0.00,0.13,0.00, 2.49
0.00,0.13,0.00, 2.49
0.00,0.19,0.00, 3.25
0.00,0.19,0.00, 3.25
0.00,0.20,0.00, 0.26
0.00,0.39,0.00, 9.47
0.00,0.47,0.00, 3.77
0.00,0.49,0.00, 1.01
0.00,0.49,0.00, 1.01
0.00,0.49,0.00, 1.01
0.00,0.49,0.00, 1.01
0.00,0.49,0.00, 1.01
0.00,0.49,0.00, 1.01
0.00,0.49,0.00, 1.01
0.00,0.66,0.00, 8.72
0.00,0.79,0.00, 6.51
0.00,0.79,0.00, 6.51
0.00,0.79,0.00, 6.51
0.00,0.79,0.00, 6.51
0.00,0.79,0.00, 6.51
0.00,0.79,0.00, 6.51
0.00,0.79,0.00, 6.51
0.00,0.79,0.00, 6.51
0.00,0.79,0.00, 6.51
0.00,0.79,0.00, 6.51
0.00,0.79,0.00, 6.51
0.00,0.79,0.00, 6.51
0.00,0.79,0.00, 6.51
0.00,0.79,0.00, 6.51
0.00,0.79,0.00, 6.51
0.00,0.79,0.00, 6.51
0.00,0.79,0.00, 6.51
0.00,0.79,0.00, 6.51
0.00,0.95,0.00, 7.99
0.00,0.95,0.00, 7.99
0.68,1.99,33.50, 51.84
0.83,2.17,7.88, 9.16
3.19,3.90,116.38, 86.47
3.19,3.90,116.38, 86.47
3.19,3.90,116.38, 86.47
3.19,3.90,116.38, 86.47
3.19,3.90,116.38, 86.47
3.19,3.90,116.38, 86.47
3.19,3.90,116.38, 86.47
3.19,3.90,116.38, 86.47
3.19,3.90,116.38, 86.47
3.19,3.90,116.38, 86.47
3.19,3.90,116.38, 86.47
3.19,3.90,116.38, 86.47
3.19,3.90,116.38, 86.47
3.19,3.90,116.38, 86.47
3.19,3.90,116.38, 86.47
3.19,3.90,116.38, 86.47
3.17,3.97,0.73, 3.31
3.17,3.97,0.73, 3.31
3.17,3.97,0.73, 3.31
3.17,3.97,0.73, 3.31
3.17,3.97,0.73, 3.31
3.17,3.97,0.73, 3.31
3.17,3.97,0.73, 3.31
3.17,3.97,0.73, 3.31
3.17,3.97,0.73, 3.31
3.17,3.97,0.73, 3.31
3.17,3.97,0.73, 3.31
3.17,3.97,0.73, 3.31
3.17,3.97,0.73, 3.31
3.17,3.97,0.73, 3.31
3.17,3.97,0.73, 3.31
3.17,3.97,0.73, 3.31
3.17,4.03,0.01, 3.50
3.17,4.03,0.01, 3.50
3.19,4.09,0.99, 2.50
3.19,3.96,0.01, 0.00
3.19,4.30,0.00, 16.69
3.19,4.34,0.00, 2.30
3.19,4.34,0.00, 2.30
3.19,4.34,0.00, 2.30
3.19,4.39,0.00, 2.00
3.19,4.39,0.00, 2.00
3.19,4.39,0.00, 2.00
3.19,4.44,0.00, 2.75
3.19,4.44,0.00, 2.75
3.19,4.47,0.00, 1.26
3.21,4.63,0.99, 8.22
3.21,4.68,0.01, 2.52
3.21,4.72,0.00, 2.00
3.17,4.77,0.00, 2.50
3.19,4.82,0.99, 2.50
3.21,4.88,1.00, 3.00
3.19,4.91,0.00, 1.51
3.21,4.94,0.99, 1.50
3.21,5.00,0.01, 2.99
3.21,5.04,0.00, 2.00
3.19,5.09,0.00, 2.25
3.21,5.14,0.99, 2.50
3.19,5.17,0.00, 1.75
3.21,5.18,0.99, 0.26
3.19,5.16,0.00, 0.00
3.19,5.16,0.00, 0.00
3.19,5.16,0.00, 0.00
3.19,5.16,0.00, 0.00
3.19,5.16,0.00, 0.00
3.21,5.15,0.99, 0.00
3.21,5.15,0.99, 0.00
3.19,5.15,0.00, 0.00
3.19,5.12,0.00, 0.00
3.19,4.99,0.00, 0.00
3.19,4.96,0.00, 0.00
3.19,4.93,0.00, 0.00
3.21,4.91,0.99, 0.00
3.21,4.91,0.99, 0.00
3.21,4.91,0.99, 0.00
3.21,4.91,0.99, 0.00
3.21,4.91,0.99, 0.00
3.21,4.91,0.99, 0.00
3.19,4.89,0.00, 0.00
3.21,4.88,0.99, 0.00
3.21,4.88,0.99, 0.00
3.21,4.85,0.01, 0.00
3.19,4.72,0.00, 0.00
3.19,4.72,0.00, 0.00
3.19,4.72,0.00, 0.00
3.21,4.68,0.99, 0.00
3.19,4.63,0.00, 0.00
3.19,4.63,0.00, 0.00
3.19,4.63,0.00, 0.00
3.19,4.63,0.00, 0.00
3.19,4.63,0.00, 0.00
3.19,4.63,0.00, 0.00
3.19,4.63,0.00, 0.00
3.19,4.63,0.00, 0.00
3.19,4.63,0.00, 0.00
3.19,4.63,0.00, 0.00
3.19,4.63,0.00, 0.00
3.19,4.63,0.00, 0.00
3.19,4.63,0.00, 0.00
3.19,4.59,0.00, 0.00
3.19,4.59,0.00, 0.00
3.21,4.22,0.99, 0.00
3.21,4.22,0.99, 0.00
3.21,4.22,0.99, 0.00
3.21,4.22,0.99, 0.00
3.21,4.22,0.99, 0.00
3.21,4.22,0.99, 0.00
3.21,4.22,0.99, 0.00
3.19,4.15,0.00, 0.00
3.19,4.15,0.00, 0.00
3.21,3.89,0.99, 0.00
3.21,3.89,0.99, 0.00
3.21,3.89,0.99, 0.00
3.21,3.89,0.99, 0.00
3.21,3.89,0.99, 0.00
3.21,3.89,0.99, 0.00
3.21,3.89,0.99, 0.00
3.21,3.89,0.99, 0.00
3.21,3.89,0.99, 0.00
3.21,3.89,0.99, 0.00
3.21,3.89,0.99, 0.00
3.21,3.89,0.99, 0.00
3.21,3.89,0.99, 0.00
3.21,3.89,0.99, 0.00
3.21,3.89,0.99, 0.00
3.21,3.89,0.99, 0.00
3.21,3.89,0.99, 0.00
3.21,3.89,0.99, 0.00
3.21,3.89,0.99, 0.00
3.21,3.89,0.99, 0.00
3.21,3.89,0.99, 0.00
3.21,3.89,0.99, 0.00
3.19,3.86,0.00, 0.00
3.19,3.86,0.00, 0.00
3.19,3.86,0.00, 0.00
3.19,3.86,0.00, 0.00
3.19,3.86,0.00, 0.00
3.19,3.86,0.00, 0.00
3.19,3.86,0.00, 0.00
3.19,3.86,0.00, 0.00
3.19,3.86,0.00, 0.00
3.19,3.86,0.00, 0.00
3.19,3.86,0.00, 0.00
3.19,3.86,0.00, 0.00
3.21,3.82,0.99, 0.00
3.21,3.82,0.99, 0.00
3.21,3.82,0.99, 0.00
3.21,3.82,0.99, 0.00
3.21,3.82,0.99, 0.00
3.21,3.82,0.99, 0.00
3.21,3.82,0.99, 0.00
3.21,3.83,0.01, 0.50
3.21,3.83,0.01, 0.50
3.21,3.76,0.00, 0.00
2.96,3.68,0.00, 0.00
2.96,3.68,0.00, 0.00
2.96,3.68,0.00, 0.00
3.14,3.43,8.87, 0.00
3.12,3.39,0.00, 0.00
3.12,3.39,0.00, 0.00
3.12,3.39,0.00, 0.00
3.12,3.39,0.00, 0.00
3.12,3.39,0.00, 0.00
3.12,3.39,0.00, 0.00
3.12,3.39,0.00, 0.00
2.81,3.33,0.00, 0.00
2.81,3.33,0.00, 0.00
2.81,3.33,0.00, 0.00
2.81,3.33,0.00, 0.00
2.81,3.33,0.00, 0.00
2.81,3.33,0.00, 0.00
2.81,3.33,0.00, 0.00
2.81,3.33,0.00, 0.00
2.81,3.33,0.00, 0.00
2.72,2.97,0.00, 0.00
2.56,2.88,0.00, 0.00
1.78,2.03,0.00, 0.00
1.78,2.03,0.00, 0.00
1.78,2.03,0.00, 0.00
0.88,0.66,0.00, 0.00
0.88,0.66,0.00, 0.00
0.83,0.50,0.00, 0.00
0.83,0.35,0.00, 0.00
0.54,0.05,0.00, 0.00
0.30,0.05,0.00, 0.00
0.00,0.05,0.00, 0.00
0.00,0.05,0.00, 0.50
0.00,0.05,0.00, 0.50
0.00,0.05,0.00, 0.00
0.00,0.04,0.00, 0.00
0.00,0.05,0.00, 1.00
0.00,0.05,0.00, 1.00
0.00,0.05,0.00, 1.00
0.00,0.05,0.00, 1.00
0.00,0.05,0.00, 1.00
0.00,0.05,0.00, 1.00
0.00,0.05,0.00, 1.00
0.00,0.05,0.00, 1.00
0.00,0.05,0.00, 1.00
0.00,0.05,0.00, 0.00
0.00,0.05,0.00, 0.50
0.00,0.06,0.00, 0.25
0.00,0.06,0.00, 0.25
0.00,0.06,0.00, 0.25
0.00,0.06,0.00, 0.25
0.00,0.06,0.00, 0.25
0.00,0.06,0.00, 0.25
0.00,0.06,0.00, 0.25
0.00,0.05,0.00, 0.00
0.00,0.04,0.00, 0.00
0.03,0.05,1.48, 0.50
0.00,0.13,0.00, 4.49
0.00,0.13,0.00, 4.49
0.00,0.13,0.00, 4.49
0.00,0.13,0.00, 4.49
0.00,0.13,0.00, 4.49
0.00,0.13,0.00, 4.49
0.00,0.13,0.00, 4.49
0.00,0.13,0.00, 4.49
0.00,0.13,0.00, 4.49
0.00,0.13,0.00, 4.49
0.00,0.13,0.00, 4.49
0.00,0.13,0.00, 4.49
0.00,0.13,0.00, 4.49
0.00,0.13,0.00, 4.49
0.00,0.13,0.00, 4.49
0.00,0.13,0.00, 4.49
0.00,0.13,0.00, 4.49
0.00,0.13,0.00, 4.49
0.00,0.17,0.00, 1.76
0.00,0.24,0.00, 3.49
0.00,0.31,0.00, 3.75
2.63,3.51,129.57, 159.18
2.92,3.70,16.19, 10.05
2.92,3.70,16.19, 10.05
2.92,3.70,16.19, 10.05
2.92,3.70,16.19, 10.05
2.92,3.70,16.19, 10.05
2.92,3.70,16.19, 10.05
2.92,3.70,16.19, 10.05
3.12,3.86,10.09, 8.01
3.12,3.86,10.09, 8.01
3.14,4.03,1.13, 8.25
3.14,4.03,1.13, 8.25
3.14,4.03,1.13, 8.25
3.14,4.03,1.13, 8.25
3.14,4.03,1.13, 8.25
3.14,4.03,1.13, 8.25
3.14,4.03,1.13, 8.25
3.14,4.03,1.13, 8.25
3.14,4.03,1.13, 8.25
3.14,4.03,1.13, 8.25
3.14,4.03,1.13, 8.25
3.14,4.03,1.13, 8.25
3.17,4.19,1.49, 8.25
3.17,4.19,1.49, 8.25
3.17,4.19,1.49, 8.25
3.17,4.19,1.49, 8.25
3.17,4.19,1.49, 8.25
3.17,4.19,1.49, 8.25
3.17,4.19,1.49, 8.25
3.17,4.19,1.49, 8.25
3.17,4.19,1.49, 8.25
3.17,4.75,0.02, 27.93
3.17,4.87,0.00, 6.08
3.21,4.45,1.97, 0.00
3.19,4.47,0.00, 0.50
3.19,4.52,0.00, 2.99
3.21,4.53,0.99, 0.26
3.21,4.53,0.99, 0.26
3.19,4.55,0.00, 1.00
3.19,4.55,0.00, 0.00
3.21,4.57,0.99, 1.25
3.19,4.60,0.00, 1.25
3.21,4.61,0.99, 0.50
3.21,4.64,0.01, 1.25
3.19,4.67,0.00, 1.75
3.21,4.66,0.99, 0.00
3.21,4.67,0.01, 0.50
3.21,4.67,0.01, 0.50
3.21,4.67,0.01, 0.50
3.21,4.67,0.01, 0.50
3.21,4.67,0.01, 0.50
3.21,4.67,0.01, 0.50
3.21,4.67,0.01, 0.50
3.21,4.67,0.01, 0.50
3.23,4.66,0.99, 0.00
3.21,4.70,0.00, 2.24
3.21,4.70,0.00, 2.24
3.21,4.70,0.00, 2.24
3.21,4.70,0.00, 2.24
3.21,4.70,0.00, 2.24
3.21,4.70,0.00, 2.24
3.21,4.70,0.00, 2.24
3.21,4.70,0.00, 2.24
3.21,4.71,0.00, 0.26
3.21,4.93,0.00, 10.71
3.21,4.97,0.00, 2.03
3.21,4.97,0.00, 2.03
3.21,5.03,0.00, 3.00
3.21,5.03,0.00, 3.00
3.21,5.03,0.00, 3.00
3.21,5.03,0.00, 3.00
3.21,5.03,0.00, 3.00
3.21,5.03,0.00, 3.00
3.21,5.03,0.00, 3.00
3.21,5.05,0.00, 1.26
3.19,5.07,0.00, 1.25
3.21,5.11,0.99, 2.00
3.21,5.14,0.01, 1.25
3.21,5.14,0.01, 1.25
3.21,5.14,0.01, 1.25
3.21,5.13,0.00, 0.00
3.21,5.10,0.00, 0.00
3.21,5.09,0.00, 0.00
3.21,4.99,0.00, 0.00
3.21,4.99,0.00, 0.00
3.19,4.93,0.00, 0.00
3.21,4.80,0.99, 0.00
3.21,4.76,0.01, 0.00
3.21,4.68,0.00, 0.00
3.21,4.68,0.00, 0.00
3.21,4.68,0.00, 0.00
3.21,4.68,0.00, 0.00
3.21,4.68,0.00, 0.00
3.21,4.68,0.00, 0.00
3.21,4.58,0.00, 0.00
3.19,4.49,0.00, 0.00
3.19,4.49,0.00, 0.00
3.19,4.49,0.00, 0.00
3.19,4.49,0.00, 0.00
3.21,4.37,0.99, 0.00
3.21,4.37,0.99, 0.00
3.21,4.05,0.01, 0.00
3.21,3.94,0.00, 0.00
3.21,3.74,0.00, 0.00
3.21,3.68,0.00, 0.00
3.21,3.68,0.00, 0.00
3.21,3.66,0.00, 0.00
3.21,3.61,0.00, 0.00
3.21,3.61,0.00, 0.00
3.21,3.61,0.00, 0.00
3.21,3.61,0.00, 0.00
3.21,3.61,0.00, 0.00
3.21,3.61,0.00, 0.00
3.21,3.61,0.00, 0.00
3.21,3.61,0.00, 0.00
3.21,3.61,0.00, 0.00
3.21,3.61,0.00, 0.00
3.21,3.61,0.00, 0.00
3.21,3.61,0.00, 0.00
3.21,3.61,0.00, 0.00
3.21,3.61,0.00, 0.00
3.21,3.61,0.00, 0.00
3.21,3.61,0.00, 0.00
3.21,3.61,0.00, 0.00
3.21,3.61,0.00, 0.00
3.21,3.61,0.00, 0.00
3.21,3.61,0.00, 0.00
3.21,3.61,0.00, 0.00
3.21,3.61,0.00, 0.00
3.21,3.61,0.00, 0.00
3.21,3.61,0.00, 0.00
3.21,3.61,0.00, 0.00
3.21,3.61,0.00, 0.00
3.21,3.61,0.00, 0.00
3.21,3.61,0.00, 0.00
3.21,3.61,0.00, 0.00
3.21,3.61,0.00, 0.00
3.21,3.61,0.00, 0.00
3.21,3.60,0.00, 0.00
3.21,3.60,0.00, 0.00
3.21,3.60,0.00, 0.00
3.21,3.60,0.00, 0.00
3.21,3.60,0.00, 0.00
3.21,3.60,0.00, 0.00
3.21,3.60,0.00, 0.00
3.21,3.60,0.00, 0.00
3.21,3.60,0.00, 0.00
3.21,3.60,0.00, 0.00
3.21,3.60,0.00, 0.00
3.21,3.60,0.00, 0.00
3.21,3.64,0.00, 2.24
3.21,3.64,0.00, 2.24
3.21,3.64,0.00, 2.24
3.21,3.64,0.00, 2.24
3.21,3.64,0.00, 2.24
3.21,3.64,0.00, 2.24
3.21,3.64,0.00, 2.24
3.21,3.64,0.00, 2.24
3.21,3.64,0.00, 2.24
3.21,3.64,0.00, 2.24
3.21,3.64,0.00, 2.24
3.21,3.64,0.00, 2.24
3.21,3.64,0.00, 2.24
3.21,3.64,0.00, 2.24
3.21,3.64,0.00, 2.24
3.21,3.64,0.00, 2.24
3.21,3.64,0.00, 2.24
3.21,3.64,0.00, 2.24
3.21,3.64,0.00, 2.24
3.21,3.64,0.00, 2.24
3.21,3.64,0.00, 2.24
3.21,3.64,0.00, 0.01
3.21,3.64,0.00, 0.01
3.21,3.64,0.00, 0.01
3.19,2.93,0.00, 0.00
3.21,2.97,0.99, 2.24
3.21,2.97,0.99, 2.24
3.21,2.97,0.99, 2.24
3.21,2.97,0.99, 2.24
3.21,2.97,0.99, 2.24
3.21,2.97,0.99, 2.24
2.54,1.66,0.00, 0.00
2.54,1.66,0.00, 0.00
1.13,1.52,0.00, 0.00
1.55,1.38,20.69, 0.00
1.46,0.50,0.00, 0.00
1.46,0.50,0.00, 0.00
1.46,0.50,0.00, 0.00
1.46,0.50,0.00, 0.00
1.46,0.50,0.00, 0.00
1.15,0.37,0.00, 0.00
1.15,0.37,0.00, 0.00
1.01,0.25,0.00, 0.00
0.95,0.17,0.00, 0.00
0.95,0.17,0.00, 0.00
0.95,0.17,0.00, 0.00
0.95,0.17,0.00, 0.00
0.95,0.17,0.00, 0.00
0.95,0.17,0.00, 0.00
0.07,0.05,0.00, 0.00
0.12,0.05,2.46, 0.00
0.12,0.05,2.46, 0.00
0.27,0.05,7.43, 0.00
0.27,0.05,7.43, 0.00
0.25,0.05,0.00, 0.00
0.25,0.05,0.00, 0.00
0.18,0.05,0.00, 0.00
0.18,0.05,0.00, 0.00
0.18,0.05,0.00, 0.00
0.18,0.05,0.00, 0.00
0.18,0.05,0.00, 0.00
0.18,0.05,0.00, 0.00
0.18,0.05,0.00, 0.00
0.18,0.05,0.00, 0.00
0.18,0.05,0.00, 0.00
0.18,0.05,0.00, 0.00
0.18,0.05,0.00, 0.00
0.18,0.05,0.00, 0.00
0.16,0.05,0.00, 0.00
0.16,0.05,0.00, 0.00
0.16,0.05,0.00, 0.00
0.16,0.05,0.00, 0.00
0.16,0.05,0.00, 0.00
0.14,0.05,0.00, 0.00
0.18,0.05,1.97, 0.00
0.16,0.05,0.00, 0.50
0.14,0.05,0.00, 0.00
0.12,0.05,0.00, 0.50
0.09,0.05,0.00, 0.00
0.12,0.05,1.48, 0.00
0.14,0.05,1.01, 0.00
0.14,0.05,1.01, 0.00
0.14,0.05,1.01, 0.00
0.14,0.05,1.01, 0.00
0.14,0.05,1.01, 0.00
0.14,0.05,1.01, 0.00
0.14,0.05,1.01, 0.00
0.16,0.05,1.00, 0.50
0.14,0.05,0.00, 0.00
0.16,0.05,0.99, 0.00
0.00,0.08,0.00, 1.74
0.00,0.11,0.00, 1.25
0.00,0.11,0.00, 0.00
0.00,0.11,0.00, 0.00
0.00,0.12,0.00, 0.50
0.00,0.12,0.00, 0.50
0.00,0.13,0.00, 0.75
0.00,0.16,0.00, 1.75
0.00,0.19,0.00, 1.50
0.00,0.25,0.00, 2.75
0.00,0.32,0.00, 3.75
0.00,0.35,0.00, 1.26
0.00,0.35,0.00, 1.26
0.00,0.35,0.00, 1.26
0.00,0.35,0.00, 1.26
0.00,0.35,0.00, 1.26
0.00,0.35,0.00, 1.26
0.00,0.35,0.00, 1.26
0.00,0.35,0.00, 1.26
0.00,0.35,0.00, 1.26
0.00,0.35,0.00, 1.26
0.00,0.35,0.00, 1.26
0.00,0.35,0.00, 1.26
0.00,0.44,0.00, 4.49
0.00,0.55,0.00, 5.50
0.00,0.66,0.00, 5.50
1.44,2.15,70.94, 74.50
1.66,2.36,11.88, 10.24
1.91,2.57,12.49, 10.75
1.91,2.57,12.49, 10.75
2.16,2.78,12.50, 10.25
2.40,2.95,12.01, 9.00
2.61,3.13,10.52, 8.75
2.76,3.30,7.54, 8.50
2.92,3.46,7.99, 8.25
3.08,3.62,8.00, 8.00
3.17,3.76,4.55, 6.51
3.17,3.76,4.55, 6.51
3.17,3.76,4.55, 6.51
3.17,3.76,4.55, 6.51
3.17,3.76,4.55, 6.51
3.17,3.86,0.07, 5.01
3.17,3.86,0.07, 5.01
3.17,3.86,0.07, 5.01
3.14,3.93,0.00, 4.00
3.14,3.93,0.00, 4.00
3.14,3.93,0.00, 4.00
3.14,3.93,0.00, 4.00
3.14,3.93,0.00, 4.00
3.14,3.93,0.00, 4.00
3.14,3.93,0.00, 4.00
3.14,3.93,0.00, 4.00
3.14,3.93,0.00, 4.00
3.14,3.93,0.00, 4.00
3.14,3.93,0.00, 4.00
3.17,4.03,1.48, 4.75
3.17,4.03,1.48, 4.75
3.17,4.03,1.48, 4.75
3.17,4.03,1.48, 4.75
3.17,4.03,1.48, 4.75
3.17,4.03,1.48, 4.75
3.17,4.03,1.48, 4.75
3.17,4.03,1.48, 4.75
3.17,4.03,1.48, 4.75
3.17,4.03,1.48, 4.75
3.17,4.35,0.02, 15.71
3.17,4.43,0.00, 4.29
3.19,4.22,0.99, 0.00
3.21,4.10,1.00, 0.00
3.19,4.11,0.00, 0.50
3.19,4.11,0.00, 0.00
3.19,4.11,0.00, 0.00
3.19,4.10,0.00, 0.00
3.21,4.12,0.99, 1.00
3.19,4.14,0.00, 0.75
3.21,4.14,0.99, 0.50
3.21,4.14,0.99, 0.50
3.21,4.14,0.99, 0.50
3.21,4.14,0.99, 0.50
3.19,4.17,0.00, 1.25
3.19,4.17,0.00, 1.25
3.21,4.18,0.99, 0.50
3.21,4.19,0.01, 0.25
3.21,4.32,0.00, 6.73
3.21,4.37,0.00, 2.52
3.21,4.39,0.00, 1.25
3.21,4.39,0.00, 1.25
3.21,4.39,0.00, 1.25
3.21,4.39,0.00, 1.25
3.21,4.39,0.00, 1.25
3.21,4.42,0.00, 1.25
3.21,4.42,0.00, 0.00
3.21,4.44,0.00, 1.00
3.21,4.62,0.00, 8.97
3.21,4.68,0.00, 3.02
3.21,4.68,0.00, 3.02
3.21,4.68,0.00, 3.02
3.21,4.68,0.00, 3.02
3.21,4.68,0.00, 3.02
3.21,4.74,0.00, 3.00
3.21,4.80,0.00, 3.00
3.21,4.80,0.00, 3.00
3.21,4.80,0.00, 3.00
3.21,4.80,0.00, 3.00
3.21,4.80,0.00, 3.00
3.21,4.80,0.00, 3.00
3.21,4.80,0.00, 3.00
3.21,4.80,0.00, 3.00
3.21,4.80,0.00, 3.00
3.21,4.80,0.00, 3.00
3.21,4.80,0.00, 3.00
3.21,4.80,0.00, 3.00
3.21,4.80,0.00, 3.00
3.21,4.86,0.00, 2.75
3.21,5.06,0.00, 10.22
3.21,5.06,0.00, 10.22
3.21,5.06,0.00, 10.22
3.21,5.06,0.00, 10.22
3.21,5.06,0.00, 10.22
3.21,5.06,0.00, 10.22
3.19,5.10,0.00, 2.03
3.19,4.98,0.00, 0.00
3.21,4.94,0.99, 0.00
3.21,4.60,0.01, 0.00
3.21,4.55,0.00, 0.00
3.21,4.49,0.00, 0.00
3.21,4.47,0.00, 0.00
3.21,4.43,0.00, 0.00
3.21,4.42,0.00, 0.00
3.21,4.42,0.00, 0.00
3.21,4.42,0.00, 0.00
3.21,4.42,0.00, 0.00
3.21,4.42,0.00, 0.00
3.21,4.42,0.00, 0.00
3.21,4.42,0.00, 0.00
3.21,4.42,0.00, 0.00
3.21,4.42,0.00, 0.00
3.21,4.42,0.00, 0.00
3.21,4.42,0.00, 0.00
3.21,4.42,0.00, 0.00
3.21,4.42,0.00, 0.00
3.21,4.39,0.00, 0.00
3.21,4.39,0.00, 0.00
3.21,4.35,0.00, 0.00
3.23,4.30,0.99, 0.00
3.21,3.96,0.00, 0.00
3.21,3.91,0.00, 0.00
3.21,3.88,0.00, 0.00
3.21,3.81,0.00, 0.00
3.23,3.74,0.99, 0.00
3.23,3.74,0.99, 0.00
3.23,3.74,0.99, 0.00
3.21,3.65,0.00, 0.00
3.21,3.65,0.00, 0.00
3.21,3.65,0.00, 0.00
3.21,3.65,0.00, 0.00
3.21,3.65,0.00, 0.00
3.21,3.65,0.00, 0.00
3.21,3.65,0.00, 0.00
3.21,3.65,0.00, 0.00
3.21,3.65,0.00, 0.00
3.21,3.65,0.00, 0.00
3.21,3.65,0.00, 0.00
3.21,3.65,0.00, 0.00
3.21,3.65,0.00, 0.00
3.21,3.65,0.00, 0.00
3.21,3.65,0.00, 0.00
3.21,3.65,0.00, 0.00
3.21,3.65,0.00, 0.00
3.21,3.65,0.00, 0.00
3.21,3.65,0.00, 0.00
3.21,3.65,0.00, 0.00
3.21,3.65,0.00, 0.00
3.21,3.55,0.00, 0.00
3.21,3.47,0.00, 0.00
3.21,3.47,0.00, 0.00
3.21,3.47,0.00, 0.00
3.21,3.47,0.00, 0.00
3.21,3.47,0.00, 0.00
3.21,3.47,0.00, 0.00
3.21,3.47,0.00, 0.00
3.21,3.47,0.00, 0.00
3.21,3.47,0.00, 0.00
3.21,3.47,0.00, 0.00
3.21,3.47,0.00, 0.00
3.21,3.47,0.00, 0.00
3.21,3.47,0.00, 0.00
3.21,3.47,0.00, 0.00
3.21,3.47,0.00, 0.00
3.21,3.47,0.00, 0.00
3.21,3.26,0.00, 0.00
3.21,3.26,0.00, 0.00
3.21,3.26,0.00, 0.00
3.21,3.26,0.00, 0.00
3.21,3.26,0.00, 0.00
3.21,3.26,0.00, 0.00
3.21,3.26,0.00, 0.00
3.21,3.43,0.00, 8.22
3.21,3.43,0.00, 8.22
3.21,3.43,0.00, 8.22
3.21,3.43,0.00, 8.22
3.21,3.43,0.00, 8.22
3.21,3.43,0.00, 8.22
3.21,3.43,0.00, 8.22
3.21,3.43,0.00, 8.22
3.21,3.43,0.00, 8.22
3.21,3.43,0.00, 8.22
3.21,3.43,0.00, 8.22
3.21,3.43,0.00, 8.22
3.21,3.43,0.00, 8.22
3.21,3.43,0.00, 8.22
3.21,3.46,0.00, 1.52
3.21,3.46,0.00, 1.52
3.21,3.46,0.00, 1.52
3.21,3.46,0.00, 1.52
3.21,3.46,0.00, 1.52
3.21,3.46,0.00, 1.52
3.21,3.46,0.00, 1.52
3.21,3.46,0.00, 1.52
3.21,3.46,0.00, 1.52
3.23,3.47,0.99, 0.75
3.21,3.45,0.00, 0.00
3.21,3.41,0.00, 0.00
3.23,3.12,0.99, 0.00
3.21,3.07,0.00, 0.00
3.21,3.07,0.00, 0.00
3.21,3.07,0.00, 0.00
3.21,3.07,0.00, 0.00
3.21,3.07,0.00, 0.00
3.21,3.00,0.00, 0.00
3.21,3.00,0.00, 0.00
3.21,3.00,0.00, 0.00
3.21,3.00,0.00, 0.00
3.21,3.00,0.00, 0.00
3.21,3.00,0.00, 0.00
3.21,3.00,0.00, 0.00
3.21,3.00,0.00, 0.00
3.21,3.00,0.00, 0.00
2.79,2.94,0.00, 0.00
1.82,2.89,0.00, 0.00
1.75,2.35,0.00, 0.00
1.13,1.27,0.00, 0.00
1.01,1.11,0.00, 0.00
1.01,1.11,0.00, 0.00
1.01,1.11,0.00, 0.00
1.01,1.11,0.00, 0.00
1.01,1.11,0.00, 0.00
1.01,1.11,0.00, 0.00
1.01,1.11,0.00, 0.00
1.01,1.11,0.00, 0.00
1.01,1.11,0.00, 0.00
1.01,1.11,0.00, 0.00
1.01,1.11,0.00, 0.00
1.01,1.11,0.00, 0.00
1.01,1.11,0.00, 0.00
0.97,0.94,0.00, 0.00
0.97,0.76,0.00, 0.00
0.97,0.76,0.00, 0.00
0.97,0.76,0.00, 0.00
0.97,0.76,0.00, 0.00
0.97,0.76,0.00, 0.00
0.97,0.76,0.00, 0.00
0.97,0.76,0.00, 0.00
0.97,0.76,0.00, 0.00
0.97,0.76,0.00, 0.00
0.97,0.76,0.00, 0.00
0.90,0.61,0.00, 0.00
0.90,0.61,0.00, 0.00
0.90,0.61,0.00, 0.00
0.90,0.61,0.00, 0.00
0.90,0.61,0.00, 0.00
0.90,0.61,0.00, 0.00
0.90,0.61,0.00, 0.00
0.90,0.61,0.00, 0.00
0.90,0.61,0.00, 0.00
0.90,0.61,0.00, 0.00
0.90,0.61,0.00, 0.00
0.90,0.61,0.00, 0.00
0.90,0.61,0.00, 0.00
0.90,0.61,0.00, 0.00
0.90,0.61,0.00, 0.00
0.90,0.61,0.00, 0.00
0.90,0.61,0.00, 0.00
0.90,0.61,0.00, 0.00
0.90,0.61,0.00, 0.00
0.90,0.61,0.00, 0.00
0.90,0.61,0.00, 0.00
0.00,0.05,0.00, 0.00
0.00,0.05,0.00, 0.00
0.00,0.05,0.00, 0.00
0.00,0.05,0.00, 0.00
0.18,0.07,8.87, 1.25
0.16,0.07,0.00, 0.00
0.16,0.07,0.00, 0.00
0.16,0.07,0.00, 0.00
0.16,0.07,0.00, 0.00
0.16,0.07,0.00, 0.00
0.16,0.07,0.00, 0.00
0.16,0.07,0.00, 0.00
0.16,0.07,0.00, 0.00
0.16,0.07,0.00, 0.00
0.16,0.07,0.00, 0.00
0.16,0.07,0.00, 0.00
0.16,0.07,0.00, 0.00
0.16,0.07,0.00, 0.00
0.16,0.07,0.00, 0.00
0.16,0.07,0.00, 0.00
0.16,0.07,0.00, 0.00
0.16,0.07,0.00, 0.00
0.16,0.07,0.00, 0.00
0.16,0.07,0.00, 0.00
0.16,0.07,0.00, 0.00
0.16,0.10,0.00, 1.49
0.21,0.13,2.46, 1.50
0.21,0.19,0.04, 2.75
0.21,0.19,0.04, 2.75
0.21,0.19,0.04, 2.75
0.21,0.19,0.04, 2.75
0.21,0.19,0.04, 2.75
0.21,0.19,0.04, 2.75
0.21,0.19,0.04, 2.75
0.32,1.71,5.42, 75.98
0.32,1.71,5.42, 75.98
0.32,1.71,5.42, 75.98
0.32,1.78,0.08, 3.77
0.32,1.78,0.08, 3.77
0.32,1.78,0.08, 3.77
0.32,1.78,0.08, 3.77
0.32,1.78,0.08, 3.77
0.32,1.78,0.08, 3.77
0.32,1.78,0.08, 3.77
0.57,1.99,12.32, 10.48
0.57,1.99,12.32, 10.48
2.05,2.85,73.09, 42.63
2.05,2.85,73.09, 42.63
2.34,3.03,15.36, 9.12
3.19,4.22,42.10, 59.32
3.17,4.35,0.00, 6.94
3.17,4.57,0.00, 11.23
3.17,4.57,0.00, 11.23
3.17,4.57,0.00, 11.23
3.17,4.57,0.00, 11.23
3.17,4.57,0.00, 11.23
3.17,4.57,0.00, 11.23
3.17,4.57,0.00, 11.23
3.17,4.57,0.00, 11.23
3.17,4.57,0.00, 11.23
3.19,4.65,0.99, 3.78
3.19,4.65,0.99, 3.78
3.19,4.65,0.99, 3.78
3.19,4.65,0.99, 3.78
3.19,4.65,0.99, 3.78
3.19,4.65,0.99, 3.78
3.19,4.65,0.99, 3.78
3.19,4.65,0.99, 3.78
3.19,4.65,0.99, 3.78
3.19,4.65,0.99, 3.78
3.19,4.65,0.99, 3.78
3.19,4.65,0.99, 3.78
3.19,4.65,0.99, 3.78
3.19,4.65,0.99, 3.78
3.19,4.65,0.99, 3.78
3.19,4.65,0.99, 3.78
3.19,4.65,0.99, 3.78
3.19,4.65,0.99, 3.78
3.19,4.65,0.99, 3.78
3.17,4.69,0.00, 2.01
3.19,4.74,0.99, 2.50
3.19,4.74,0.99, 2.50
3.19,4.74,0.99, 2.50
3.19,4.74,0.99, 2.50
3.19,4.74,0.99, 2.50
3.19,4.74,0.99, 2.50
3.19,4.53,0.01, 0.00
3.19,4.61,0.00, 3.74
3.21,4.61,0.99, 0.26
3.19,4.67,0.00, 2.99
3.21,4.70,0.99, 1.51
3.21,4.71,0.01, 0.50
3.21,4.72,0.00, 0.50
3.21,4.72,0.00, 0.00
3.21,4.72,0.00, 0.00
3.21,4.73,0.00, 0.50
3.21,4.73,0.00, 0.00
3.21,4.70,0.00, 0.00
3.21,4.68,0.00, 0.00
3.21,4.68,0.00, 0.00
3.21,4.70,0.00, 1.00
3.21,4.76,0.00, 2.74
3.21,4.76,0.00, 2.74
3.21,4.76,0.00, 2.74
3.21,4.76,0.00, 2.74
3.21,4.76,0.00, 2.74
3.21,4.76,0.00, 2.74
3.21,4.76,0.00, 2.74
3.21,4.76,0.00, 2.74
3.21,4.81,0.00, 2.50
3.21,4.81,0.00, 2.50
3.23,4.86,0.99, 2.25
3.21,4.91,0.00, 3.00
3.21,5.32,0.00, 19.94
3.21,5.36,0.00, 2.07
3.21,5.40,0.00, 2.50
3.21,5.40,0.00, 2.50
3.21,5.40,0.00, 2.50
3.21,5.40,0.00, 2.50
3.21,5.40,0.00, 2.50
3.21,5.40,0.00, 2.50
3.21,5.40,0.00, 2.50
3.21,5.40,0.00, 2.50
3.21,5.40,0.00, 2.50
3.21,5.40,0.00, 2.50
3.21,5.40,0.00, 2.50
3.21,5.40,0.00, 2.50
3.21,5.45,0.00, 2.50
3.21,5.45,0.00, 2.50
3.21,5.45,0.00, 2.50
3.21,5.45,0.00, 2.50
3.21,5.45,0.00, 2.50
3.21,5.45,0.00, 2.50
3.21,5.47,0.00, 0.51
3.21,5.47,0.00, 0.51
3.21,5.47,0.00, 0.51
3.21,5.47,0.00, 0.51
3.21,5.47,0.00, 0.51
3.21,5.47,0.00, 0.51
3.21,5.47,0.00, 0.51
3.19,5.49,0.00, 1.25
3.19,5.49,0.00, 1.25
3.23,5.35,1.97, 0.00
3.21,4.66,0.00, 0.00
3.21,4.66,0.00, 0.00
3.21,4.66,0.00, 0.00
3.21,4.66,0.00, 0.00
3.21,4.66,0.00, 0.00
3.21,4.66,0.00, 0.00
3.23,4.56,0.99, 0.00
3.23,4.56,0.99, 0.00
3.21,4.52,0.00, 0.00
3.21,4.52,0.00, 0.00
3.21,4.52,0.00, 0.00
3.21,4.52,0.00, 0.00
3.21,4.52,0.00, 0.00
3.21,4.46,0.00, 0.00
3.21,4.46,0.00, 0.00
3.21,4.40,0.00, 0.00
3.21,4.24,0.00, 0.00
3.21,3.99,0.00, 0.00
3.21,3.99,0.00, 0.00
3.21,3.99,0.00, 0.00
3.21,3.99,0.00, 0.00
3.21,3.99,0.00, 0.00
3.21,3.99,0.00, 0.00
3.21,3.99,0.00, 0.00
3.21,3.99,0.00, 0.00
3.21,3.99,0.00, 0.00
3.21,3.99,0.00, 0.00
3.21,3.99,0.00, 0.00
3.21,3.99,0.00, 0.00
3.21,3.99,0.00, 0.00
3.21,3.99,0.00, 0.00
3.21,3.99,0.00, 0.00
3.21,3.99,0.00, 0.00
3.21,3.99,0.00, 0.00
3.21,3.99,0.00, 0.00
3.21,3.99,0.00, 0.00
3.21,3.99,0.00, 0.00
3.21,3.96,0.00, 0.00
3.21,3.96,0.00, 0.00
3.21,3.95,0.00, 0.00
3.21,3.95,0.00, 0.00
3.21,3.95,0.00, 0.00
3.21,3.95,0.00, 0.00
3.21,3.95,0.00, 0.00
3.21,3.95,0.00, 0.00
3.21,3.95,0.00, 0.00
3.21,3.95,0.00, 0.00
3.21,3.95,0.00, 0.00
3.21,3.94,0.00, 0.00
3.21,3.94,0.00, 0.00
3.21,3.94,0.00, 0.00
3.21,3.94,0.00, 0.00
3.21,3.94,0.00, 0.00
3.21,3.94,0.00, 0.00
3.21,3.94,0.00, 0.00
3.21,3.94,0.00, 0.00
3.21,3.94,0.00, 0.00
3.21,3.94,0.00, 0.00
3.21,3.94,0.00, 0.00
3.21,3.94,0.00, 0.00
3.21,3.94,0.00, 0.00
3.21,3.94,0.00, 0.00
3.21,3.94,0.00, 0.00
3.21,3.94,0.00, 0.00
3.21,3.94,0.00, 0.00
3.21,3.94,0.00, 0.00
3.21,3.94,0.00, 0.00
3.21,3.94,0.00, 0.00
3.21,3.94,0.00, 0.00
3.23,3.67,0.99, 0.00
3.23,3.67,0.99, 0.00
3.23,3.67,0.99, 0.00
3.21,3.61,0.00, 0.00
3.21,3.61,0.00, 0.00
3.21,3.61,0.00, 0.00
3.21,3.61,0.00, 0.00
3.21,3.61,0.00, 0.00
3.21,3.61,0.00, 0.00
3.21,3.61,0.00, 0.00
3.21,3.61,0.00, 0.00
3.21,3.61,0.00, 0.00
3.21,3.61,0.00, 0.00
3.21,3.61,0.00, 0.00
3.21,3.61,0.00, 0.00
3.21,3.61,0.00, 0.00
3.21,3.61,0.00, 0.00
3.21,3.61,0.00, 0.00
3.21,3.61,0.00, 0.00
3.21,3.61,0.00, 0.00
3.21,3.61,0.00, 0.00
3.21,3.61,0.00, 0.00
3.21,3.61,0.00, 0.00
3.21,3.61,0.00, 0.00
3.21,3.61,0.00, 0.00
3.21,3.61,0.00, 0.00
3.21,3.61,0.00, 0.00
3.21,3.61,0.00, 0.00
3.23,3.61,0.99, 0.00
3.23,3.61,0.99, 0.00
3.23,3.75,0.01, 6.97
3.21,3.74,0.00, 0.00
3.17,2.94,0.00, 0.00
3.12,2.87,0.00, 0.00
2.58,2.82,0.00, 0.00
1.98,2.74,0.00, 0.00
2.07,2.62,4.43, 0.00
2.07,2.62,4.43, 0.00
2.07,2.62,4.43, 0.00
2.07,2.62,4.43, 0.00
2.07,2.62,4.43, 0.00
2.07,2.62,4.43, 0.00
2.07,2.62,4.43, 0.00
2.07,2.62,4.43, 0.00
2.40,2.49,16.32, 0.00
2.40,2.49,16.32, 0.00
2.38,2.36,0.00, 0.00
2.38,2.36,0.00, 0.00
2.38,2.36,0.00, 0.00
2.38,2.36,0.00, 0.00
2.38,2.36,0.00, 0.00
2.38,2.36,0.00, 0.00
2.38,2.36,0.00, 0.00
2.38,2.36,0.00, 0.00
2.38,2.36,0.00, 0.00
2.38,2.36,0.00, 0.00
2.38,2.36,0.00, 0.00
2.38,2.36,0.00, 0.00
2.00,2.18,0.00, 0.00
1.53,0.98,0.00, 0.00
1.42,0.79,0.00, 0.00
0.00,0.05,0.00, 0.00
0.00,0.05,0.00, 0.00
0.00,0.05,0.00, 0.00
0.00,0.05,0.00, 0.00
0.00,0.05,0.00, 0.00
0.00,0.05,0.00, 0.00
0.00,0.05,0.00, 0.00
0.00,0.05,0.00, 0.00
0.00,0.05,0.00, 0.00
0.00,0.05,0.00, 0.00
0.00,0.05,0.00, 0.00
0.00,0.05,0.00, 0.50
0.00,0.05,0.00, 0.50
0.00,0.05,0.00, 0.50
0.00,0.05,0.00, 0.50
0.00,0.05,0.00, 0.50
0.00,0.05,0.00, 0.50
0.00,0.05,0.00, 0.50
0.00,0.05,0.00, 0.50
0.00,0.05,0.00, 0.50
0.09,0.05,4.43, 0.00
0.27,0.05,8.93, 0.00
0.27,0.05,8.93, 0.00
0.27,0.05,8.93, 0.00
0.27,0.05,8.93, 0.00
0.27,0.05,8.93, 0.00
0.27,0.05,8.93, 0.00
0.27,0.05,8.93, 0.00
0.27,0.05,8.93, 0.00
0.27,0.05,8.93, 0.00
0.16,0.05,0.00, 0.00
0.16,0.05,0.00, 0.00
0.00,0.10,0.00, 2.74
0.00,0.14,0.00, 2.25
0.00,0.19,0.00, 2.25
0.00,0.19,0.00, 2.25
0.00,0.19,0.00, 2.25
0.00,0.19,0.00, 2.25
0.00,0.19,0.00, 2.25
0.00,0.19,0.00, 2.25
0.00,0.19,0.00, 2.25
0.00,0.17,0.00, 0.00
0.00,0.17,0.00, 0.00
0.00,0.17,0.00, 0.00
0.00,0.17,0.00, 0.00
0.00,0.17,0.00, 0.00
0.00,0.17,0.00, 0.00
0.00,0.17,0.00, 0.00
0.00,0.17,0.00, 0.00
0.00,0.17,0.00, 0.00
0.00,0.17,0.00, 0.00
0.00,0.19,0.00, 0.50
0.00,0.21,0.00, 1.25
0.00,0.28,0.00, 3.74
0.00,0.28,0.00, 3.74
0.00,0.82,0.00, 26.67
0.00,0.82,0.00, 26.67
0.00,0.82,0.00, 26.67
0.00,0.82,0.00, 26.67
0.00,0.82,0.00, 26.67
0.00,0.82,0.00, 26.67
0.00,0.82,0.00, 26.67
0.00,0.82,0.00, 26.67
0.00,0.82,0.00, 26.67
0.00,0.82,0.00, 26.67
0.00,0.82,0.00, 26.67
0.00,0.82,0.00, 26.67
0.00,0.82,0.00, 26.67
0.00,0.82,0.00, 26.67
0.00,0.82,0.00, 26.67
0.00,0.82,0.00, 26.67
0.00,0.82,0.00, 26.67
0.00,0.82,0.00, 26.67
0.00,0.82,0.00, 26.67
0.00,0.82,0.00, 26.67
0.00,0.82,0.00, 26.67
0.00,0.82,0.00, 26.67
0.00,0.82,0.00, 26.67
0.00,0.82,0.00, 26.67
0.00,0.82,0.00, 26.67
0.00,0.82,0.00, 26.67
0.00,0.82,0.00, 26.67
0.00,0.82,0.00, 26.67
0.00,0.82,0.00, 26.67
0.00,0.82,0.00, 26.67
0.00,0.82,0.00, 26.67
0.00,0.98,0.00, 7.82
0.09,1.13,4.43, 8.00
0.09,1.13,4.43, 8.00
0.09,1.13,4.43, 8.00
0.09,1.13,4.43, 8.00
0.09,1.13,4.43, 8.00
0.09,1.13,4.43, 8.00
0.09,1.13,4.43, 8.00
0.09,1.13,4.43, 8.00
0.32,1.30,11.40, 8.00
0.32,1.30,11.40, 8.00
3.19,4.05,141.56, 137.28
3.19,4.05,141.56, 137.28
3.19,4.05,141.56, 137.28
3.19,4.05,141.56, 137.28
3.19,4.05,141.56, 137.28
3.19,4.05,141.56, 137.28
3.19,4.05,141.56, 137.28
3.19,4.05,141.56, 137.28
3.19,4.05,141.56, 137.28
3.19,4.05,141.56, 137.28
3.21,4.02,3.07, 0.00
3.21,3.96,0.05, 0.00
3.19,4.01,0.00, 2.49
3.21,4.30,0.99, 14.46
3.21,4.36,0.01, 2.79
3.21,4.39,0.00, 1.75
3.21,4.44,0.00, 2.50
3.21,4.49,0.00, 2.50
3.21,4.49,0.00, 2.50
3.21,4.53,0.00, 1.75
3.21,4.53,0.00, 1.75
3.21,4.53,0.00, 1.75
3.21,4.57,0.00, 2.25
3.21,4.60,0.00, 1.50
3.21,4.64,0.00, 1.75
3.21,4.66,0.00, 1.00
3.21,4.65,0.00, 0.00
3.23,4.65,0.99, 0.00
3.21,4.65,0.00, 0.00
3.21,4.64,0.00, 0.00
3.21,4.64,0.00, 0.00
3.21,4.60,0.00, 0.00
3.21,4.60,0.00, 0.00
3.21,4.57,0.00, 0.00
3.21,4.57,0.00, 0.00
3.21,4.56,0.00, 0.00
3.23,4.52,0.99, 0.00
3.21,4.51,0.00, 0.00
3.21,4.48,0.00, 0.00
3.21,4.48,0.00, 0.00
3.21,4.48,0.00, 0.00
3.21,4.48,0.00, 0.00
3.23,4.50,0.99, 1.00
3.23,4.50,0.99, 1.00
3.23,4.51,0.01, 0.25
3.21,4.56,0.00, 2.74
3.21,4.56,0.00, 2.74
3.21,4.62,0.00, 3.25
3.21,4.68,0.00, 2.75
3.21,4.70,0.00, 0.76
3.21,4.70,0.00, 0.00
3.21,4.72,0.00, 1.25
3.23,4.70,0.99, 0.00
3.21,4.73,0.00, 1.49
3.21,4.74,0.00, 0.75
3.21,4.74,0.00, 0.75
3.21,4.74,0.00, 0.75
3.21,4.74,0.00, 0.75
3.21,4.76,0.00, 1.00
3.21,4.74,0.00, 0.00
3.21,4.74,0.00, 0.00
3.21,4.74,0.00, 0.00
3.21,4.74,0.00, 0.00
3.21,4.74,0.00, 0.00
3.21,4.74,0.00, 0.00
3.21,4.74,0.00, 0.00
3.23,4.71,0.99, 0.00
3.23,4.71,0.99, 0.00
3.23,4.71,0.99, 0.00
3.23,4.71,0.99, 0.00
3.23,4.71,0.99, 0.00
3.23,4.71,0.99, 0.00
3.23,4.71,0.99, 0.00
3.23,4.71,0.99, 0.00
3.23,4.71,0.99, 0.00
3.23,4.71,0.99, 0.00
3.23,4.71,0.99, 0.00
3.23,4.71,0.99, 0.00
3.23,4.71,0.99, 0.00
3.23,4.71,0.99, 0.00
3.23,4.71,0.99, 0.00
3.23,4.71,0.99, 0.00
3.21,4.60,0.00, 0.00
3.21,4.60,0.00, 0.00
3.21,4.60,0.00, 0.00
3.21,4.60,0.00, 0.00
3.21,4.60,0.00, 0.00
3.21,4.60,0.00, 0.00
3.21,4.60,0.00, 0.00
3.21,4.60,0.00, 0.00
3.21,4.60,0.00, 0.00
3.21,4.60,0.00, 0.00
3.21,4.60,0.00, 0.00
3.21,4.60,0.00, 0.00
3.21,4.52,0.00, 0.00
3.21,4.52,0.00, 0.00
3.21,4.52,0.00, 0.00
3.21,4.52,0.00, 0.00
3.21,4.52,0.00, 0.00
3.21,4.52,0.00, 0.00
3.21,4.52,0.00, 0.00
3.21,4.52,0.00, 0.00
3.21,4.52,0.00, 0.00
3.21,4.52,0.00, 0.00
3.21,4.52,0.00, 0.00
3.21,4.52,0.00, 0.00
3.21,4.52,0.00, 0.00
3.21,4.52,0.00, 0.00
3.21,4.52,0.00, 0.00
3.21,4.52,0.00, 0.00
3.21,4.52,0.00, 0.00
3.21,4.52,0.00, 0.00
3.21,4.52,0.00, 0.00
3.21,4.52,0.00, 0.00
3.21,4.52,0.00, 0.00
3.21,4.44,0.00, 0.00
3.21,4.44,0.00, 0.00
3.21,4.01,0.00, 0.00
3.21,4.01,0.00, 0.00
3.21,4.01,0.00, 0.00
3.21,4.01,0.00, 0.00
3.21,4.01,0.00, 0.00
3.21,4.01,0.00, 0.00
3.21,4.01,0.00, 0.00
3.21,4.01,0.00, 0.00
3.21,4.01,0.00, 0.00
3.21,4.01,0.00, 0.00
3.21,4.01,0.00, 0.00
3.21,4.01,0.00, 0.00
3.21,4.01,0.00, 0.00
3.21,4.01,0.00, 0.00
3.21,4.01,0.00, 0.00
3.21,4.01,0.00, 0.00
3.21,4.01,0.00, 0.00
3.21,4.01,0.00, 0.00
3.21,4.01,0.00, 0.00
3.21,4.01,0.00, 0.00
3.21,4.01,0.00, 0.00
3.21,4.01,0.00, 0.00
3.21,4.01,0.00, 0.00
3.21,4.01,0.00, 0.00
3.21,4.01,0.00, 0.00
3.21,4.01,0.00, 0.00
3.21,4.01,0.00, 0.00
3.21,4.01,0.00, 0.00
3.21,4.01,0.00, 0.00
3.21,4.01,0.00, 0.00
3.21,4.01,0.00, 0.00
3.21,4.01,0.00, 0.00
3.21,4.01,0.00, 0.00
3.21,4.01,0.00, 0.00
3.21,4.01,0.00, 0.00
3.21,4.01,0.00, 0.00
3.21,4.01,0.00, 0.00
3.21,4.01,0.00, 0.00
3.21,4.01,0.00, 0.00
3.21,4.01,0.00, 0.00
3.21,4.01,0.00, 0.00
3.21,4.01,0.00, 0.00
3.21,4.01,0.00, 0.00
3.21,4.01,0.00, 0.00
3.21,4.01,0.00, 0.00
3.21,4.01,0.00, 0.00
3.21,4.01,0.00, 0.00
3.21,4.01,0.00, 0.00
3.21,4.01,0.00, 0.00
3.21,4.01,0.00, 0.00
3.21,4.01,0.00, 0.00
3.21,4.01,0.00, 0.00
3.21,4.01,0.00, 0.00
3.21,4.01,0.00, 0.00
3.21,4.01,0.00, 0.00
3.21,4.01,0.00, 0.00
3.21,4.01,0.00, 0.00
3.21,4.01,0.00, 0.00
3.21,4.01,0.00, 0.00
3.23,3.66,0.99, 0.00
3.23,3.66,0.99, 0.00
3.23,3.66,0.99, 0.00
3.23,3.66,0.99, 0.00
3.23,3.66,0.99, 0.00
3.23,3.66,0.99, 0.00
3.23,3.66,0.99, 0.00
3.23,3.66,0.99, 0.00
3.23,3.66,0.99, 0.00
3.23,3.66,0.99, 0.00
3.23,3.66,0.99, 0.00
3.23,3.66,0.99, 0.00
3.23,3.66,0.99, 0.00
3.23,3.66,0.99, 0.00
3.21,3.85,0.00, 9.22
3.21,3.85,0.00, 9.22
3.21,3.85,0.00, 9.22
3.21,3.85,0.00, 9.22
3.21,3.85,0.00, 9.22
3.21,3.85,0.00, 9.22
3.21,3.85,0.00, 9.22
3.21,3.96,0.00, 5.51
3.21,3.96,0.00, 5.51
3.21,3.96,0.00, 5.51
3.21,3.96,0.00, 5.51
3.21,3.96,0.00, 5.51
3.21,3.96,0.00, 5.51
3.21,3.96,0.00, 5.51
3.21,3.96,0.00, 5.51
3.21,3.96,0.00, 5.51
3.21,3.96,0.00, 5.51
3.21,3.96,0.00, 5.51
3.21,3.96,0.00, 5.51
3.21,3.96,0.00, 5.51
3.21,3.96,0.00, 5.51
3.17,3.31,0.00, 0.00
3.17,3.31,0.00, 0.00
1.93,1.99,0.00, 0.00
1.93,1.99,0.00, 0.00
1.93,1.99,0.00, 0.00
1.93,1.99,0.00, 0.00
1.93,1.99,0.00, 0.00
1.93,1.99,0.00, 0.00
1.93,1.99,0.00, 0.00
1.93,1.99,0.00, 0.00
1.93,1.99,0.00, 0.00
1.93,1.99,0.00, 0.00
1.93,1.99,0.00, 0.00
1.93,1.99,0.00, 0.00
1.93,1.99,0.00, 0.00
1.93,1.99,0.00, 0.00
1.93,1.99,0.00, 0.00
1.93,1.99,0.00, 0.00
1.93,1.99,0.00, 0.00
1.93,1.99,0.00, 0.00
1.93,1.99,0.00, 0.00
1.93,1.99,0.00, 0.00
1.93,1.99,0.00, 0.00
1.93,1.99,0.00, 0.00
1.93,1.99,0.00, 0.00
1.93,1.99,0.00, 0.00
1.93,1.99,0.00, 0.00
1.93,1.99,0.00, 0.00
1.19,0.74,0.00, 0.00
1.19,0.74,0.00, 0.00
0.57,0.06,0.00, 0.00
0.59,0.06,0.99, 0.00
0.23,0.37,0.00, 15.19
0.23,0.37,0.00, 15.19
0.23,0.37,0.00, 15.19
0.23,0.37,0.00, 15.19
0.23,0.37,0.00, 15.19
0.23,0.37,0.00, 15.19
0.23,0.37,0.00, 15.19
0.23,0.37,0.00, 15.19
0.23,0.37,0.00, 15.19
0.23,0.37,0.00, 15.19
0.23,0.37,0.00, 15.19
0.23,0.37,0.00, 15.19
0.23,0.37,0.00, 15.19
0.23,0.37,0.00, 15.19
0.23,0.37,0.00, 15.19
0.23,0.37,0.00, 15.19
0.23,0.37,0.00, 15.19
0.23,0.37,0.00, 15.19
0.23,0.37,0.00, 15.19
0.23,0.37,0.00, 15.19
0.23,0.37,0.00, 15.19
0.23,0.37,0.00, 15.19
0.23,0.37,0.00, 15.19
0.23,0.37,0.00, 15.19
0.23,0.37,0.00, 15.19
0.23,0.37,0.00, 15.19
0.23,0.37,0.00, 15.19
0.23,0.37,0.00, 15.19
0.23,0.37,0.00, 15.19
0.23,0.37,0.00, 15.19
0.23,0.37,0.00, 15.19
0.23,0.37,0.00, 15.19
0.23,0.37,0.00, 15.19
0.23,0.37,0.00, 15.19
0.23,0.37,0.00, 15.19
0.23,0.37,0.00, 15.19
0.23,0.37,0.00, 15.19
0.23,0.37,0.00, 15.19
0.23,0.37,0.00, 15.19
0.23,0.37,0.00, 15.19
0.23,0.37,0.00, 15.19
0.23,0.37,0.00, 15.19
0.23,0.37,0.00, 15.19
0.23,0.37,0.00, 15.19
0.23,0.37,0.00, 15.19
0.27,0.43,1.97, 3.29
0.27,0.43,1.97, 3.29
0.27,0.43,1.97, 3.29
0.27,0.43,1.97, 3.29
0.27,0.43,1.97, 3.29
0.25,0.52,0.00, 4.50
2.40,2.57,105.92, 101.89
2.40,2.57,105.92, 101.89
2.40,2.57,105.92, 101.89
3.21,4.19,41.46, 81.57
3.21,4.23,0.61, 2.04
3.21,4.23,0.61, 2.04
3.21,4.23,0.61, 2.04
3.21,4.23,0.61, 2.04
3.21,4.25,0.01, 1.00
3.21,4.26,0.00, 0.25
3.21,4.23,0.00, 0.00
3.21,4.23,0.00, 0.00
3.21,4.23,0.00, 0.00
3.21,4.22,0.00, 0.00
3.21,4.19,0.00, 0.00
3.23,4.22,0.99, 1.49
3.21,4.22,0.00, 0.25
3.21,4.22,0.00, 0.00
3.23,4.23,0.99, 0.50
3.23,4.28,0.01, 2.24
3.23,4.28,0.00, 0.26
3.21,4.27,0.00, 0.00
3.21,4.29,0.00, 1.00
3.23,4.30,0.99, 0.75
3.21,4.32,0.00, 1.00
3.23,4.37,0.99, 2.25
3.23,4.37,0.99, 2.25
3.21,4.42,0.00, 2.50
3.21,4.45,0.00, 1.75
3.21,4.45,0.00, 1.75
3.21,4.45,0.00, 1.75
3.21,4.45,0.00, 1.75
3.21,4.45,0.00, 1.75
3.21,4.45,0.00, 1.75
3.21,4.45,0.00, 1.75
3.21,4.45,0.00, 1.75
3.21,4.45,0.00, 1.75
3.21,4.45,0.00, 1.75
3.21,4.45,0.00, 1.75
3.21,4.45,0.00, 1.75
3.21,4.45,0.00, 1.75
3.21,4.51,0.00, 2.75
3.23,4.57,0.99, 3.25
3.23,4.61,0.01, 1.76
3.23,4.82,0.00, 10.22
3.23,4.83,0.00, 0.78
3.21,4.80,0.00, 0.00
3.21,4.80,0.00, 0.00
3.21,4.80,0.00, 0.00
3.21,4.80,0.00, 0.00
3.23,4.76,0.99, 0.00
3.23,4.76,0.99, 0.00
3.23,4.76,0.99, 0.00
3.21,4.76,0.00, 0.00
3.21,4.76,0.00, 0.00
3.21,4.72,0.00, 0.00
3.21,4.74,0.00, 1.49
3.21,4.74,0.00, 0.01
3.21,4.74,0.00, 0.01
3.21,4.74,0.00, 0.01
3.21,4.74,0.00, 0.01
3.21,4.74,0.00, 0.01
3.21,4.74,0.00, 0.01
3.21,4.74,0.00, 0.01
3.23,4.71,0.99, 0.00
3.23,4.71,0.99, 0.00
3.23,4.71,0.99, 0.00
3.23,4.71,0.99, 0.00
3.23,4.71,0.99, 0.00
3.23,4.71,0.99, 0.00
3.23,4.71,0.99, 0.00
3.23,4.71,0.99, 0.00
3.23,4.71,0.99, 0.00
3.23,4.71,0.99, 0.00
3.23,4.71,0.99, 0.00
3.23,4.71,0.99, 0.00
3.23,4.71,0.99, 0.00
3.23,4.71,0.99, 0.00
3.23,4.71,0.99, 0.00
3.23,4.71,0.99, 0.00
3.23,4.71,0.99, 0.00
3.23,4.71,0.99, 0.00
3.23,4.71,0.99, 0.00
3.23,4.71,0.99, 0.00
3.23,4.71,0.99, 0.00
3.23,4.71,0.99, 0.00
3.23,4.71,0.99, 0.00
3.23,4.71,0.99, 0.00
3.23,4.71,0.99, 0.00
3.23,4.71,0.99, 0.00
3.23,4.71,0.99, 0.00
3.23,4.71,0.99, 0.00
3.23,4.71,0.99, 0.00
3.23,4.71,0.99, 0.00
3.23,4.71,0.99, 0.00
3.23,4.71,0.99, 0.00
3.23,4.71,0.99, 0.00
3.23,4.71,0.99, 0.00
3.23,4.71,0.99, 0.00
3.23,4.71,0.99, 0.00
3.23,4.71,0.99, 0.00
3.23,4.71,0.99, 0.00
3.23,4.71,0.99, 0.00
3.23,4.71,0.99, 0.00
3.23,4.71,0.99, 0.00
3.23,4.71,0.99, 0.00
3.23,4.71,0.99, 0.00
3.23,4.71,0.99, 0.00
3.23,4.71,0.99, 0.00
3.23,4.71,0.99, 0.00
3.23,4.71,0.99, 0.00
3.23,4.71,0.99, 0.00
3.23,4.71,0.99, 0.00
3.23,4.71,0.99, 0.00
3.23,4.71,0.99, 0.00
3.23,4.71,0.99, 0.00
3.23,4.71,0.99, 0.00
3.23,4.71,0.99, 0.00
3.23,4.71,0.99, 0.00
3.23,4.71,0.99, 0.00
3.23,4.71,0.99, 0.00
3.23,4.71,0.99, 0.00
3.23,4.71,0.99, 0.00
3.23,4.71,0.99, 0.00
3.23,4.71,0.99, 0.00
3.23,4.71,0.99, 0.00
3.23,4.71,0.99, 0.00
3.23,4.71,0.99, 0.00
3.23,4.71,0.99, 0.00
3.23,4.71,0.99, 0.00
3.23,4.71,0.99, 0.00
3.23,4.71,0.99, 0.00
3.23,4.71,0.99, 0.00
3.23,4.71,0.99, 0.00
3.23,4.71,0.99, 0.00
3.23,4.71,0.99, 0.00
3.23,4.71,0.99, 0.00
3.23,4.71,0.99, 0.00
3.23,4.71,0.99, 0.00
3.23,4.71,0.99, 0.00
3.23,4.71,0.99, 0.00
3.23,4.71,0.99, 0.00
3.23,4.71,0.99, 0.00
3.23,4.71,0.99, 0.00
3.23,4.71,0.99, 0.00
3.23,4.71,0.99, 0.00
3.23,4.71,0.99, 0.00
3.23,4.71,0.99, 0.00
3.23,4.71,0.99, 0.00
3.23,4.71,0.99, 0.00
3.23,4.71,0.99, 0.00
3.23,4.71,0.99, 0.00
3.23,4.71,0.99, 0.00
3.23,4.71,0.99, 0.00
3.23,4.71,0.99, 0.00
3.23,4.71,0.99, 0.00
3.23,4.70,0.01, 0.00
3.23,4.70,0.01, 0.00
3.23,4.70,0.01, 0.00
3.23,4.70,0.01, 0.00
3.23,4.70,0.01, 0.00
3.23,4.70,0.01, 0.00
3.23,4.70,0.01, 0.00
3.23,4.70,0.01, 0.00
3.23,4.70,0.01, 0.00
3.23,4.70,0.01, 0.00
3.23,4.70,0.01, 0.00
3.23,4.70,0.01, 0.00
3.23,4.70,0.01, 0.00
3.23,4.70,0.01, 0.00
3.23,4.70,0.01, 0.00
3.23,4.70,0.01, 0.00
3.23,4.70,0.01, 0.00
3.23,4.70,0.01, 0.00
3.23,4.70,0.01, 0.00
3.23,4.70,0.01, 0.00
3.23,4.70,0.01, 0.00
3.23,4.70,0.01, 0.00
3.23,4.70,0.01, 0.00
3.23,4.70,0.01, 0.00
3.23,4.70,0.01, 0.00
3.23,4.70,0.01, 0.00
3.23,4.70,0.01, 0.00
3.23,4.70,0.01, 0.00
3.23,4.70,0.01, 0.00
3.23,4.70,0.01, 0.00
3.23,4.70,0.01, 0.00
3.23,4.70,0.01, 0.00
3.23,4.70,0.01, 0.00
3.23,4.70,0.01, 0.00
3.23,4.70,0.01, 0.00
3.23,4.70,0.01, 0.00
3.23,4.70,0.01, 0.00
3.23,4.70,0.01, 0.00
3.23,4.70,0.01, 0.00
3.23,4.70,0.01, 0.00
3.23,4.70,0.01, 0.00
3.23,4.70,0.01, 0.00
3.23,4.70,0.01, 0.00
3.23,4.70,0.01, 0.00
3.23,4.70,0.01, 0.00
3.23,4.70,0.01, 0.00
3.23,4.70,0.01, 0.00
3.23,4.70,0.01, 0.00
3.23,4.70,0.01, 0.00
3.23,4.70,0.01, 0.00
3.23,4.70,0.01, 0.00
3.23,4.70,0.01, 0.00
3.23,4.70,0.01, 0.00
3.23,4.70,0.01, 0.00
3.23,4.70,0.01, 0.00
3.23,4.70,0.01, 0.00
3.23,4.66,0.00, 0.00
3.23,4.45,0.00, 0.00
3.23,4.45,0.00, 0.00
3.23,4.45,0.00, 0.00
3.23,4.45,0.00, 0.00
3.23,4.45,0.00, 0.00
3.23,4.45,0.00, 0.00
3.23,4.45,0.00, 0.00
3.23,4.45,0.00, 0.00
3.23,3.52,0.00, 0.00
3.23,3.52,0.00, 0.00
3.23,3.52,0.00, 0.00
0.52,0.06,0.00, 0.00
0.52,0.06,0.00, 0.00
0.52,0.06,0.00, 0.00
0.52,0.06,0.00, 0.00
0.52,0.06,0.00, 0.00
0.52,0.06,0.00, 0.00
0.52,0.06,0.00, 0.00
0.52,0.06,0.00, 0.00
0.52,0.06,0.00, 0.00
0.52,0.06,0.00, 0.00
0.52,0.06,0.00, 0.00
0.52,0.06,0.00, 0.00
0.52,0.06,0.00, 0.00
0.52,0.06,0.00, 0.00
0.52,0.04,0.00, 0.00
0.32,0.07,0.00, 1.74
0.32,0.06,0.00, 0.00
0.32,0.06,0.00, 0.00
0.00,0.17,0.00, 5.73
0.00,0.17,0.00, 5.73
0.00,0.17,0.00, 5.73
0.00,0.17,0.00, 5.73
0.00,0.17,0.00, 5.73
0.00,0.17,0.00, 5.73
0.00,0.17,0.00, 5.73
0.00,0.22,0.00, 2.01
0.00,0.22,0.00, 2.01
0.00,0.22,0.00, 2.01
0.00,0.22,0.00, 2.01
0.00,0.22,0.00, 2.01
0.00,0.22,0.00, 2.01
0.00,0.22,0.00, 2.01
0.00,0.22,0.00, 0.01
0.00,0.22,0.00, 0.01
0.00,0.22,0.00, 0.01
0.00,0.28,0.00, 3.24
0.00,0.68,0.00, 19.94
1.22,1.92,60.10, 62.10
1.22,1.92,60.10, 62.10
1.22,1.92,60.10, 62.10
1.22,1.92,60.10, 62.10
1.22,1.92,60.10, 62.10
1.22,1.92,60.10, 62.10
1.22,1.92,60.10, 62.10
1.22,1.92,60.10, 62.10
1.22,1.92,60.10, 62.10
1.22,1.92,60.10, 62.10
1.22,1.92,60.10, 62.10
1.22,1.92,60.10, 62.10
1.22,1.92,60.10, 62.10
1.22,1.92,60.10, 62.10
1.22,1.92,60.10, 62.10
1.22,1.92,60.10, 62.10
1.22,1.92,60.10, 62.10
1.22,1.92,60.10, 62.10
1.22,1.92,60.10, 62.10
1.22,1.92,60.10, 62.10
1.22,1.92,60.10, 62.10
1.22,1.92,60.10, 62.10
1.22,1.92,60.10, 62.10
1.22,1.92,60.10, 62.10
1.22,1.92,60.10, 62.10
1.22,1.92,60.10, 62.10
1.22,1.92,60.10, 62.10
1.22,1.92,60.10, 62.10
1.22,1.92,60.10, 62.10
1.22,1.92,60.10, 62.10
1.22,1.92,60.10, 62.10
1.22,1.92,60.10, 62.10
1.22,1.92,60.10, 62.10
1.22,1.92,60.10, 62.10
1.22,1.92,60.10, 62.10
1.22,1.92,60.10, 62.10
1.22,1.92,60.10, 62.10
1.22,1.92,60.10, 62.10
1.22,1.92,60.10, 62.10
1.22,1.92,60.10, 62.10
1.22,1.92,60.10, 62.10
1.22,1.92,60.10, 62.10
1.22,1.92,60.10, 62.10
1.22,1.92,60.10, 62.10
1.22,1.92,60.10, 62.10
1.22,1.92,60.10, 62.10
1.22,1.92,60.10, 62.10
1.22,1.92,60.10, 62.10
1.22,1.92,60.10, 62.10
1.22,1.92,60.10, 62.10
1.22,1.92,60.10, 62.10
1.44,2.16,11.72, 11.69
1.44,2.16,11.72, 11.69
1.44,2.16,11.72, 11.69
1.73,2.41,14.46, 12.75
1.73,2.41,14.46, 12.75
2.07,2.62,16.96, 10.51
3.23,4.22,57.40, 79.50
3.23,4.22,57.40, 79.50
3.23,4.22,57.40, 79.50
3.23,4.22,57.40, 79.50
3.23,4.22,57.40, 79.50
3.23,4.22,57.40, 79.50
3.23,4.25,0.84, 2.03
3.23,4.25,0.84, 2.03
3.23,4.25,0.84, 2.03
3.23,4.33,0.01, 3.99
3.23,4.40,0.00, 3.75
3.23,4.62,0.00, 10.97
3.21,4.62,0.00, 0.04
3.21,4.62,0.00, 0.00
3.21,4.62,0.00, 0.00
3.23,4.64,0.99, 0.50
3.23,4.64,0.01, 0.00
3.23,4.62,0.00, 0.00
3.23,4.64,0.00, 1.00
3.21,4.65,0.00, 0.25
3.23,4.66,0.99, 0.50
3.23,4.66,0.99, 0.50
3.23,4.66,0.99, 0.50
3.23,4.66,0.99, 0.50
3.23,4.66,0.99, 0.50
3.21,4.66,0.00, 0.00
3.21,4.66,0.00, 0.00
3.23,4.69,0.99, 1.49
3.21,4.68,0.00, 0.00
3.23,4.64,0.99, 0.00
3.23,4.58,0.01, 0.00
3.23,4.59,0.00, 0.50
3.23,4.59,0.00, 0.00
3.21,4.60,0.00, 0.50
3.23,4.61,0.99, 0.50
3.23,4.61,0.01, 0.00
3.23,4.61,0.00, 0.00
3.23,4.59,0.00, 0.00
3.23,4.56,0.00, 0.00
3.23,4.56,0.00, 0.00
3.23,4.56,0.00, 0.00
3.23,4.56,0.00, 0.00
3.23,4.56,0.00, 0.00
3.23,4.56,0.00, 0.00
3.23,4.52,0.00, 0.00
3.23,4.52,0.00, 0.00
3.23,4.52,0.00, 0.00
3.23,4.52,0.00, 0.00
3.23,4.49,0.00, 0.00
3.23,4.46,0.00, 0.00
3.23,4.46,0.00, 0.00
3.23,4.35,0.00, 0.00
3.23,4.22,0.00, 0.00
3.23,4.22,0.00, 0.00
3.23,4.20,0.00, 0.00
3.23,4.22,0.00, 0.50
3.23,4.22,0.00, 0.00
3.23,4.22,0.00, 0.00
3.21,4.20,0.00, 0.00
3.23,4.20,0.99, 0.00
3.23,4.16,0.01, 0.00
3.23,4.11,0.00, 0.00
3.23,4.01,0.00, 0.00
3.23,3.91,0.00, 0.00
3.23,3.82,0.00, 0.00
3.23,3.73,0.00, 0.00
3.23,3.68,0.00, 0.00
3.23,3.65,0.00, 0.00
3.23,3.65,0.00, 0.00
3.23,3.65,0.00, 0.00
3.23,3.65,0.00, 0.00
3.23,3.65,0.00, 0.00
3.23,3.65,0.00, 0.00
3.23,3.65,0.00, 0.00
3.23,3.65,0.00, 0.00
3.23,3.65,0.00, 0.00
3.23,3.65,0.00, 0.00
3.23,3.65,0.00, 0.00
3.23,3.65,0.00, 0.00
3.23,3.60,0.00, 0.00
3.23,3.60,0.00, 0.00
3.23,3.60,0.00, 0.00
3.23,3.60,0.00, 0.00
3.23,3.60,0.00, 0.00
3.23,3.60,0.00, 0.00
3.23,3.60,0.00, 0.00
3.23,3.60,0.00, 0.00
3.23,3.60,0.00, 0.00
3.23,3.60,0.00, 0.00
3.23,3.60,0.00, 0.00
3.23,3.60,0.00, 0.00
3.23,3.60,0.00, 0.00
3.23,3.60,0.00, 0.00
3.23,3.60,0.00, 0.00
3.23,3.60,0.00, 0.00
3.23,3.60,0.00, 0.00
3.23,3.60,0.00, 0.00
3.23,3.60,0.00, 0.00
3.23,3.60,0.00, 0.00
3.23,3.60,0.00, 0.00
3.23,3.60,0.00, 0.00
3.23,3.60,0.00, 0.00
3.23,3.60,0.00, 0.00
3.23,3.60,0.00, 0.00
3.23,3.60,0.00, 0.00
3.23,3.60,0.00, 0.00
3.23,3.60,0.00, 0.00
3.23,3.60,0.00, 0.00
3.23,3.60,0.00, 0.00
3.23,3.60,0.00, 0.00
3.23,3.60,0.00, 0.00
3.23,3.60,0.00, 0.00
3.23,3.60,0.00, 0.00
3.23,3.60,0.00, 0.00
3.23,3.60,0.00, 0.00
3.23,3.60,0.00, 0.00
3.23,3.60,0.00, 0.00
3.23,3.60,0.00, 0.00
3.23,3.60,0.00, 0.00
3.23,3.60,0.00, 0.00
3.23,3.60,0.00, 0.00
3.23,3.60,0.00, 0.00
3.23,3.60,0.00, 0.00
3.23,3.60,0.00, 0.00
3.23,3.60,0.00, 0.00
3.23,3.60,0.00, 0.00
3.23,3.60,0.00, 0.00
3.23,3.60,0.00, 0.00
3.23,3.60,0.00, 0.00
3.23,3.60,0.00, 0.00
3.23,3.60,0.00, 0.00
3.23,3.60,0.00, 0.00
3.23,3.60,0.00, 0.00
3.23,3.60,0.00, 0.00
3.23,3.60,0.00, 0.00
3.23,3.60,0.00, 0.00
3.23,3.60,0.00, 0.00
3.23,3.60,0.00, 0.00
3.23,3.60,0.00, 0.00
3.23,3.60,0.00, 0.00
3.23,3.60,0.00, 0.00
3.23,3.60,0.00, 0.00
3.23,3.60,0.00, 0.00
3.23,3.60,0.00, 0.00
3.23,3.60,0.00, 0.00
3.23,3.60,0.00, 0.00
3.23,3.60,0.00, 0.00
3.23,3.60,0.00, 0.00
3.23,3.60,0.00, 0.00
3.23,3.60,0.00, 0.00
3.23,3.60,0.00, 0.00
3.23,3.60,0.00, 0.00
3.23,3.60,0.00, 0.00
3.23,3.60,0.00, 0.00
3.23,3.60,0.00, 0.00
3.23,3.60,0.00, 0.00
3.23,3.60,0.00, 0.00
3.23,3.60,0.00, 0.00
3.23,3.60,0.00, 0.00
3.23,3.60,0.00, 0.00
3.23,3.60,0.00, 0.00
3.23,3.60,0.00, 0.00
3.23,3.60,0.00, 0.00
3.23,3.58,0.00, 0.00
3.23,3.58,0.00, 0.00
3.23,3.58,0.00, 0.00
3.23,3.58,0.00, 0.00
3.23,3.58,0.00, 0.00
3.23,3.58,0.00, 0.00
3.23,3.58,0.00, 0.00
3.23,3.58,0.00, 0.00
3.23,3.58,0.00, 0.00
3.23,3.58,0.00, 0.00
3.23,3.58,0.00, 0.00
3.23,3.58,0.00, 0.00
3.23,3.58,0.00, 0.00
3.23,3.58,0.00, 0.00
3.23,3.58,0.00, 0.00
3.23,3.58,0.00, 0.00
3.23,3.58,0.00, 0.00
3.23,3.58,0.00, 0.00
3.23,3.58,0.00, 0.00
3.23,3.58,0.00, 0.00
3.23,3.58,0.00, 0.00
3.23,3.58,0.00, 0.00
3.23,3.58,0.00, 0.00
3.23,3.58,0.00, 0.00
3.23,3.58,0.00, 0.00
3.23,3.58,0.00, 0.00
3.23,3.58,0.00, 0.00
3.23,3.58,0.00, 0.00
3.23,3.58,0.00, 0.00
3.23,3.66,0.00, 4.48
2.38,2.76,0.00, 0.00
0.48,0.05,0.00, 0.00
0.48,0.05,0.00, 0.00
0.27,0.05,0.00, 0.00
0.27,0.05,0.00, 0.00
0.18,0.05,0.00, 0.50
0.25,0.05,3.45, 0.00
0.34,0.05,4.48, 0.50
0.34,0.05,4.48, 0.50
0.34,0.05,4.48, 0.50
0.34,0.05,4.48, 0.50
0.34,0.05,4.48, 0.50
0.34,0.05,4.48, 0.50
0.34,0.05,4.48, 0.50
0.34,0.05,4.48, 0.50
0.25,0.06,0.00, 0.25
0.25,0.06,0.00, 0.25
0.25,0.06,0.00, 0.25
0.25,0.06,0.00, 0.25
0.25,0.06,0.00, 0.25
0.25,0.06,0.00, 0.25
0.25,0.06,0.00, 0.25
0.07,0.06,0.00, 0.00
0.00,0.06,0.00, 0.00
0.30,0.05,14.78, 0.00
0.36,0.07,3.17, 1.25
0.39,0.07,1.52, 0.00
0.30,0.07,0.00, 0.00
0.30,0.07,0.00, 0.00
0.30,0.07,0.00, 0.00
0.30,0.07,0.00, 0.00
0.32,0.07,0.99, 0.00
0.32,0.07,0.01, 0.00
0.27,0.06,0.00, 0.00
0.00,0.06,0.00, 0.00
0.00,0.09,0.00, 1.49
0.00,0.09,0.00, 0.25
0.00,0.09,0.00, 0.25
0.14,0.13,6.90, 1.99
0.14,0.13,6.90, 1.99
0.16,0.20,1.09, 3.25
0.12,0.22,0.00, 1.26
0.12,0.22,0.00, 1.26
0.12,0.22,0.00, 1.26
0.12,0.22,0.00, 1.26
0.00,0.33,0.00, 5.24
0.00,0.38,0.00, 2.26
0.00,0.38,0.00, 2.26
0.00,0.38,0.00, 2.26
0.00,0.38,0.00, 2.26
0.05,0.44,2.46, 3.00
0.25,0.72,9.89, 13.96
0.41,0.88,8.03, 8.27
0.41,0.88,8.03, 8.27
0.41,0.88,8.03, 8.27
0.41,0.88,8.03, 8.27
0.41,0.88,8.03, 8.27
0.41,0.88,8.03, 8.27
0.41,0.88,8.03, 8.27
0.41,0.88,8.03, 8.27
0.41,0.88,8.03, 8.27
0.41,0.88,8.03, 8.27
0.41,0.88,8.03, 8.27
0.41,0.88,8.03, 8.27
0.41,0.88,8.03, 8.27
0.41,0.88,8.03, 8.27
0.41,0.88,8.03, 8.27
0.41,0.88,8.03, 8.27
0.41,0.88,8.03, 8.27
0.41,0.88,8.03, 8.27
0.41,0.88,8.03, 8.27
0.41,0.88,8.03, 8.27
0.41,0.88,8.03, 8.27
0.41,0.88,8.03, 8.27
0.41,0.88,8.03, 8.27
0.41,0.88,8.03, 8.27
0.86,1.31,22.29, 21.45
0.86,1.31,22.29, 21.45
0.86,1.31,22.29, 21.45
0.86,1.31,22.29, 21.45
0.86,1.31,22.29, 21.45
0.86,1.31,22.29, 21.45
0.86,1.31,22.29, 21.45
0.86,1.31,22.29, 21.45
0.86,1.31,22.29, 21.45
0.86,1.31,22.29, 21.45
0.86,1.31,22.29, 21.45
0.86,1.31,22.29, 21.45
0.86,1.31,22.29, 21.45
0.86,1.31,22.29, 21.45
0.86,1.31,22.29, 21.45
0.86,1.31,22.29, 21.45
0.86,1.31,22.29, 21.45
0.86,1.31,22.29, 21.45
0.86,1.31,22.29, 21.45
0.86,1.31,22.29, 21.45
0.86,1.31,22.29, 21.45
0.86,1.31,22.29, 21.45
0.86,1.31,22.29, 21.45
1.10,1.49,12.15, 8.80
1.42,1.66,15.94, 9.00
3.21,4.28,88.42, 130.55
3.23,4.35,2.29, 3.47
3.23,4.38,0.03, 1.76
3.23,4.40,0.00, 1.25
3.21,4.44,0.00, 1.75
3.23,4.45,0.99, 0.75
3.23,4.49,0.01, 1.75
3.23,4.53,0.00, 2.25
3.21,4.57,0.00, 2.00
3.21,4.57,0.00, 2.00
3.21,4.61,0.00, 1.75
3.23,4.67,0.99, 3.00
3.21,4.73,0.00, 3.00
3.21,4.78,0.00, 2.75
3.21,4.78,0.00, 2.75
3.21,4.78,0.00, 2.75
3.21,4.78,0.00, 2.75
3.21,4.78,0.00, 2.75
3.21,4.78,0.00, 2.75
3.23,4.84,0.99, 2.50
3.21,4.88,0.00, 2.25
3.21,4.94,0.00, 3.00
3.23,5.23,0.99, 14.21
3.23,5.23,0.99, 14.21
3.23,5.29,0.01, 3.29
3.23,5.29,0.01, 3.29
3.23,5.29,0.01, 3.29
3.23,5.29,0.01, 3.29
3.23,5.29,0.01, 3.29
3.23,5.29,0.01, 3.29
3.23,5.29,0.01, 3.29
3.23,5.34,0.00, 2.25
3.23,5.38,0.00, 2.25
3.23,5.38,0.00, 2.25
3.23,5.38,0.00, 2.25
3.23,5.38,0.00, 2.25
3.23,5.38,0.00, 2.25
3.23,5.38,0.00, 2.25
3.23,5.38,0.00, 2.25
3.23,5.38,0.00, 2.25
3.23,5.38,0.00, 2.25
3.23,5.38,0.00, 2.25
3.23,5.38,0.00, 2.25
3.23,5.38,0.00, 2.25
3.23,5.38,0.00, 2.25
3.23,5.38,0.00, 2.25
3.23,5.38,0.00, 2.25
3.23,5.38,0.00, 2.25
3.23,5.38,0.00, 2.25
3.23,5.38,0.00, 2.25
3.23,5.38,0.00, 2.25
3.23,5.38,0.00, 2.25
3.21,5.42,0.00, 2.00
3.21,5.53,0.00, 5.49
3.21,5.53,0.00, 5.49
3.21,5.53,0.00, 5.49
3.21,5.53,0.00, 5.49
3.21,5.53,0.00, 5.49
3.21,5.53,0.00, 5.49
3.21,5.53,0.00, 5.49
3.21,5.53,0.00, 5.49
3.21,5.53,0.00, 5.49
3.21,5.53,0.00, 5.49
3.21,5.53,0.00, 5.49
3.21,5.53,0.00, 5.49
3.21,5.53,0.00, 5.49
3.23,5.54,0.99, 0.52
3.23,5.54,0.99, 0.52
3.23,4.94,0.01, 0.00
3.23,4.83,0.00, 0.00
3.23,4.83,0.00, 0.00
3.23,4.83,0.00, 0.00
3.23,4.83,0.00, 0.00
3.23,3.99,0.00, 0.00
3.23,3.91,0.00, 0.00
3.23,3.91,0.00, 0.00
3.23,3.91,0.00, 0.00
3.23,3.91,0.00, 0.00
3.23,3.91,0.00, 0.00
3.23,3.91,0.00, 0.00
3.23,3.91,0.00, 0.00
3.23,3.91,0.00, 0.00
3.23,3.91,0.00, 0.00
3.23,3.91,0.00, 0.00
3.23,3.91,0.00, 0.00
3.23,3.91,0.00, 0.00
3.23,3.91,0.00, 0.00
3.23,3.91,0.00, 0.00
3.23,3.91,0.00, 0.00
3.23,3.82,0.00, 0.00
3.23,3.67,0.00, 0.00
3.23,3.67,0.00, 0.00
3.23,3.67,0.00, 0.00
3.23,3.67,0.00, 0.00
3.23,3.67,0.00, 0.00
3.23,3.67,0.00, 0.00
3.23,3.67,0.00, 0.00
3.23,3.67,0.00, 0.00
3.23,3.67,0.00, 0.00
3.23,3.67,0.00, 0.00
3.23,3.67,0.00, 0.00
3.23,3.67,0.00, 0.00
3.23,3.67,0.00, 0.00
3.23,3.67,0.00, 0.00
3.23,3.62,0.00, 0.00
3.23,3.62,0.00, 0.00
3.23,3.70,0.00, 4.48
3.23,3.71,0.00, 0.51
3.23,3.71,0.00, 0.51
3.23,3.71,0.00, 0.51
3.23,3.71,0.00, 0.51
3.23,3.71,0.00, 0.51
3.23,3.71,0.00, 0.51
3.23,3.71,0.00, 0.51
3.23,3.71,0.00, 0.51
3.23,3.71,0.00, 0.51
3.23,3.71,0.00, 0.51
3.23,3.71,0.00, 0.51
3.23,3.71,0.00, 0.51
3.23,3.71,0.00, 0.51
3.23,3.71,0.00, 0.51
3.23,3.71,0.00, 0.51
3.23,3.71,0.00, 0.51
3.23,3.71,0.00, 0.51
3.23,3.71,0.00, 0.51
3.23,3.71,0.00, 0.51
3.23,3.71,0.00, 0.51
3.23,3.71,0.00, 0.51
3.23,3.71,0.00, 0.51
3.23,3.71,0.00, 0.51
3.23,3.71,0.00, 0.51
3.23,3.71,0.00, 0.51
3.23,3.71,0.00, 0.51
3.23,3.71,0.00, 0.51
3.23,3.71,0.00, 0.51
3.23,3.71,0.00, 0.51
3.23,3.71,0.00, 0.51
3.23,3.71,0.00, 0.51
3.23,3.71,0.00, 0.51
3.23,3.71,0.00, 0.51
3.23,3.71,0.00, 0.51
3.23,3.71,0.00, 0.51
3.23,3.71,0.00, 0.51
3.23,3.71,0.00, 0.51
3.23,3.71,0.00, 0.51
3.23,3.71,0.00, 0.51
3.23,3.71,0.00, 0.51
3.23,3.71,0.00, 0.51
3.23,3.71,0.00, 0.51
3.23,3.71,0.00, 0.51
3.23,3.71,0.00, 0.51
3.23,3.71,0.00, 0.51
3.23,3.71,0.00, 0.51
3.23,3.71,0.00, 0.51
3.23,3.71,0.00, 0.51
3.23,3.71,0.00, 0.51
3.23,3.71,0.00, 0.51
3.23,3.71,0.00, 0.51
3.23,3.71,0.00, 0.51
3.23,3.71,0.00, 0.51
3.23,3.71,0.00, 0.51
3.23,3.71,0.00, 0.51
3.23,3.71,0.00, 0.51
3.23,3.71,0.00, 0.51
3.23,3.71,0.00, 0.51
3.23,3.71,0.00, 0.51
3.23,3.71,0.00, 0.51
3.23,3.71,0.00, 0.51
3.23,3.71,0.00, 0.51
3.23,3.71,0.00, 0.51
3.23,3.71,0.00, 0.51
3.23,3.78,0.00, 2.99
3.23,3.78,0.00, 2.99
3.23,3.78,0.00, 2.99
3.23,3.78,0.00, 2.99
3.23,3.78,0.00, 2.99
3.23,3.78,0.00, 2.99
3.23,3.78,0.00, 2.99
3.23,3.78,0.00, 2.99
3.23,3.78,0.00, 2.99
3.23,3.78,0.00, 2.99
3.23,3.78,0.00, 2.99
3.23,3.78,0.00, 2.99
3.23,3.78,0.00, 2.99
3.23,3.78,0.00, 2.99
3.23,3.78,0.00, 2.99
3.23,3.81,0.00, 1.51
3.23,3.85,0.00, 2.00
1.57,1.00,0.00, 0.00
1.57,1.00,0.00, 0.00
1.57,1.00,0.00, 0.00
1.57,1.00,0.00, 0.00
1.57,1.00,0.00, 0.00
1.57,1.00,0.00, 0.00
1.57,1.00,0.00, 0.00
1.57,1.00,0.00, 0.00
1.57,1.00,0.00, 0.00
1.57,1.00,0.00, 0.00
1.57,1.00,0.00, 0.00
1.57,1.00,0.00, 0.00
1.57,1.00,0.00, 0.00
1.57,1.00,0.00, 0.00
1.57,1.00,0.00, 0.00
1.57,1.00,0.00, 0.00
1.57,1.00,0.00, 0.00
1.57,1.00,0.00, 0.00
1.57,1.00,0.00, 0.00
1.57,1.00,0.00, 0.00
1.57,1.00,0.00, 0.00
0.32,0.06,0.00, 0.00
0.00,0.06,0.00, 0.00
0.00,0.06,0.00, 0.00
0.00,0.06,0.00, 0.00
0.00,0.06,0.00, 0.00
0.00,0.06,0.00, 0.00
0.00,0.06,0.00, 0.00
0.00,0.06,0.00, 0.00
0.00,0.06,0.00, 0.00
0.00,0.06,0.00, 0.00
0.00,0.06,0.00, 0.00
0.00,0.06,0.00, 0.00
0.00,0.06,0.00, 0.00
0.00,0.06,0.00, 0.00
0.00,0.06,0.00, 0.00
0.00,0.06,0.00, 0.00
0.00,0.06,0.00, 0.00
0.00,0.06,0.00, 0.00
0.00,0.06,0.00, 0.00
0.00,0.06,0.00, 0.00
0.00,0.06,0.00, 0.00
0.00,0.06,0.00, 0.00
0.00,0.06,0.00, 0.00
0.00,0.06,0.00, 0.00
0.00,0.06,0.00, 0.00
0.00,0.06,0.00, 0.00
0.00,0.06,0.00, 0.00
0.00,0.06,0.00, 0.00
0.00,0.06,0.00, 0.00
0.00,0.06,0.00, 0.00
0.00,0.06,0.00, 0.00
0.00,0.06,0.00, 0.00
0.00,0.06,0.00, 0.00
0.00,0.06,0.00, 0.00
0.00,0.06,0.00, 0.00
0.00,0.06,0.00, 0.00
0.00,0.06,0.00, 0.00
0.00,0.06,0.00, 0.00
0.00,0.06,0.00, 0.00
0.00,0.06,0.00, 0.00
0.00,0.06,0.00, 0.00
0.00,0.06,0.00, 0.00
0.00,0.06,0.00, 0.00
0.00,0.06,0.00, 0.00
0.00,0.06,0.00, 0.00
0.00,0.06,0.00, 0.00
0.00,0.06,0.00, 0.00
0.00,0.06,0.00, 0.00
0.00,0.06,0.00, 0.00
0.00,0.06,0.00, 0.00
0.00,0.06,0.00, 0.00
0.00,0.06,0.00, 0.00
0.00,0.06,0.00, 0.00
0.00,0.06,0.00, 0.00
0.00,0.06,0.00, 0.00
0.00,0.06,0.00, 0.00
0.00,0.06,0.00, 0.00
0.00,0.06,0.00, 0.00
0.00,0.06,0.00, 0.00
0.00,0.06,0.00, 0.00
0.00,0.06,0.00, 0.00
0.00,0.06,0.00, 0.00
0.00,0.06,0.00, 0.00
0.00,0.06,0.00, 0.00
0.00,0.06,0.00, 0.00
0.00,0.06,0.00, 0.00
0.00,0.06,0.00, 0.00
0.23,0.07,11.33, 0.50
0.12,0.07,0.00, 0.00
0.12,0.07,0.00, 0.00
0.12,0.07,0.00, 0.00
3.23,4.36,153.21, 213.71
3.21,4.38,1.27, 1.78
3.21,4.38,1.27, 1.78
3.21,4.38,1.27, 1.78
3.23,4.43,1.00, 2.50
3.23,4.45,0.01, 1.25
3.23,4.54,0.00, 4.24
3.23,4.65,0.00, 5.74
3.23,4.72,0.00, 3.01
3.23,4.77,0.00, 3.00
3.23,4.82,0.00, 2.50
3.23,4.88,0.00, 2.50
3.21,4.89,0.00, 1.01
3.21,4.89,0.00, 1.01
3.23,4.95,0.99, 2.99
3.21,4.98,0.00, 1.26
3.23,5.02,0.99, 1.75
3.23,5.07,0.01, 2.75
3.23,5.11,0.00, 2.00
3.23,5.16,0.00, 2.50
3.23,5.18,0.00, 1.01
3.23,5.23,0.00, 2.49
3.23,5.23,0.00, 0.01
3.21,5.27,0.00, 1.74
3.23,5.29,0.99, 1.25
3.23,5.29,0.99, 1.25
3.23,5.29,0.99, 1.25
3.23,5.29,0.99, 1.25
3.23,5.29,0.99, 1.25
3.23,5.29,0.99, 1.25
3.23,5.32,0.01, 1.75
3.23,5.32,0.01, 1.75
3.21,5.35,0.00, 1.25
3.21,5.35,0.00, 1.25
3.21,5.35,0.00, 1.25
3.23,5.39,0.99, 1.75
3.23,5.39,0.01, 0.01
3.23,5.39,0.00, 0.50
3.21,5.40,0.00, 0.25
3.21,5.40,0.00, 0.25
3.21,5.40,0.00, 0.25
3.21,5.40,0.00, 0.25
3.21,5.40,0.00, 0.25
3.21,5.40,0.00, 0.25
3.21,5.40,0.00, 0.25
3.21,5.40,0.00, 0.25
3.21,5.40,0.00, 0.25
3.21,5.40,0.00, 0.25
3.21,5.40,0.00, 0.25
3.21,5.40,0.00, 0.25
3.21,5.40,0.00, 0.25
3.23,5.40,0.99, 0.00
3.23,5.40,0.99, 0.00
3.23,5.40,0.01, 0.00
3.23,5.40,0.01, 0.00
3.23,5.40,0.01, 0.00
3.23,5.39,0.00, 0.00
3.23,5.39,0.00, 0.00
3.23,5.39,0.00, 0.00
3.23,5.39,0.00, 0.00
3.23,5.39,0.00, 0.00
3.23,5.39,0.00, 0.00
3.23,5.39,0.00, 0.00
3.23,5.39,0.00, 0.00
3.23,5.39,0.00, 0.00
3.23,5.39,0.00, 0.00
3.23,5.39,0.00, 0.00
3.23,5.39,0.00, 0.00
3.23,5.39,0.00, 0.00
3.23,5.39,0.00, 0.00
3.23,5.26,0.00, 0.00
3.23,5.26,0.00, 0.00
3.23,5.26,0.00, 0.00
3.23,5.26,0.00, 0.00
3.23,5.26,0.00, 0.00
3.23,5.26,0.00, 0.00
3.23,5.26,0.00, 0.00
3.23,5.26,0.00, 0.00
3.23,5.26,0.00, 0.00
3.23,5.26,0.00, 0.00
3.23,5.26,0.00, 0.00
3.23,5.26,0.00, 0.00
3.23,5.26,0.00, 0.00
3.23,5.26,0.00, 0.00
3.23,5.11,0.00, 0.00
3.23,5.11,0.00, 0.00
3.23,5.03,0.00, 0.00
3.23,5.03,0.00, 0.00
3.23,5.03,0.00, 0.00
3.23,5.03,0.00, 0.00
3.23,5.03,0.00, 0.00
3.23,5.03,0.00, 0.00
3.23,5.03,0.00, 0.00
3.23,5.03,0.00, 0.00
3.23,5.03,0.00, 0.00
3.23,5.03,0.00, 0.00
3.23,5.03,0.00, 0.00
3.23,5.03,0.00, 0.00
3.23,5.03,0.00, 0.00
3.23,5.03,0.00, 0.00
3.23,5.03,0.00, 0.00
3.23,5.03,0.00, 0.00
3.23,5.03,0.00, 0.00
3.23,5.03,0.00, 0.00
3.23,5.03,0.00, 0.00
3.23,4.14,0.00, 0.00
3.23,4.14,0.00, 0.00
3.23,4.14,0.00, 0.00
3.23,4.14,0.00, 0.00
3.23,4.14,0.00, 0.00
3.23,4.14,0.00, 0.00
3.23,4.14,0.00, 0.00
3.23,4.14,0.00, 0.00
3.23,4.14,0.00, 0.00
3.23,4.14,0.00, 0.00
3.23,4.14,0.00, 0.00
3.23,4.14,0.00, 0.00
3.23,4.14,0.00, 0.00
3.23,4.14,0.00, 0.00
3.23,4.14,0.00, 0.00
3.23,4.14,0.00, 0.00
3.23,4.14,0.00, 0.00
3.23,4.14,0.00, 0.00
3.23,4.14,0.00, 0.00
3.23,4.14,0.00, 0.00
3.23,4.14,0.00, 0.00
3.23,4.14,0.00, 0.00
3.23,4.14,0.00, 0.00
3.23,3.55,0.00, 0.00
3.23,3.51,0.00, 0.00
3.23,3.51,0.00, 0.00
3.23,3.51,0.00, 0.00
3.23,3.51,0.00, 0.00
3.23,3.51,0.00, 0.00
3.23,3.51,0.00, 0.00
3.23,3.51,0.00, 0.00
3.23,3.51,0.00, 0.00
3.23,3.51,0.00, 0.00
3.23,3.51,0.00, 0.00
3.23,3.51,0.00, 0.00
3.23,3.51,0.00, 0.00
3.23,3.51,0.00, 0.00
3.23,3.26,0.00, 0.00
3.23,3.26,0.00, 0.00
3.23,3.26,0.00, 0.00
3.23,3.26,0.00, 0.00
3.23,3.26,0.00, 0.00
3.23,3.26,0.00, 0.00
3.23,3.26,0.00, 0.00
3.23,3.26,0.00, 0.00
3.23,3.26,0.00, 0.00
3.23,3.26,0.00, 0.00
3.23,3.26,0.00, 0.00
3.23,3.26,0.00, 0.00
3.23,3.26,0.00, 0.00
3.23,3.26,0.00, 0.00
3.23,3.26,0.00, 0.00
3.23,3.26,0.00, 0.00
3.23,3.26,0.00, 0.00
3.23,3.26,0.00, 0.00
3.23,3.26,0.00, 0.00
3.23,3.26,0.00, 0.00
3.23,3.26,0.00, 0.00
3.23,3.03,0.00, 0.00
3.23,3.03,0.00, 0.00
3.23,3.03,0.00, 0.00
3.23,3.03,0.00, 0.00
3.23,3.03,0.00, 0.00
3.23,3.03,0.00, 0.00
3.23,3.03,0.00, 0.00
3.23,3.03,0.00, 0.00
3.23,3.03,0.00, 0.00
3.23,3.03,0.00, 0.00
3.23,3.03,0.00, 0.00
3.23,3.03,0.00, 0.00
3.23,3.03,0.00, 0.00
3.23,3.03,0.00, 0.00
3.23,3.03,0.00, 0.00
3.23,3.03,0.00, 0.00
3.23,3.03,0.00, 0.00
3.23,3.03,0.00, 0.00
3.23,3.03,0.00, 0.00
3.23,3.03,0.00, 0.00
3.23,3.03,0.00, 0.00
3.23,3.03,0.00, 0.00
3.23,3.03,0.00, 0.00
3.23,3.03,0.00, 0.00
3.23,3.03,0.00, 0.00
3.23,3.03,0.00, 0.00
3.23,3.03,0.00, 0.00
3.23,3.03,0.00, 0.00
3.23,3.03,0.00, 0.00
3.23,3.03,0.00, 0.00
3.23,3.03,0.00, 0.00
3.23,3.03,0.00, 0.00
3.23,3.03,0.00, 0.00
3.23,3.03,0.00, 0.00
3.23,3.03,0.00, 0.00
3.23,3.03,0.00, 0.00
3.23,3.03,0.00, 0.00
3.23,3.03,0.00, 0.00
3.23,3.03,0.00, 0.00
3.23,3.03,0.00, 0.00
3.23,3.03,0.00, 0.00
3.23,3.03,0.00, 0.00
3.23,3.03,0.00, 0.00
3.23,3.03,0.00, 0.00
3.23,3.03,0.00, 0.00
3.23,3.03,0.00, 0.00
3.23,3.03,0.00, 0.00
3.23,3.03,0.00, 0.00
3.23,3.03,0.00, 0.00
3.23,3.03,0.00, 0.00
3.23,3.03,0.00, 0.00
3.23,3.03,0.00, 0.00
3.23,3.03,0.00, 0.00
3.23,3.03,0.00, 0.00
3.23,3.03,0.00, 0.00
3.23,3.03,0.00, 0.00
3.23,3.03,0.00, 0.00
3.23,3.03,0.00, 0.00
3.23,3.03,0.00, 0.00
3.23,3.03,0.00, 0.00
3.23,3.03,0.00, 0.00
3.23,3.03,0.00, 0.00
3.23,3.03,0.00, 0.00
3.23,3.03,0.00, 0.00
3.23,3.03,0.00, 0.00
3.23,3.03,0.00, 0.00
3.23,3.03,0.00, 0.00
3.23,3.03,0.00, 0.00
3.23,3.03,0.00, 0.00
3.23,3.03,0.00, 0.00
3.23,3.03,0.00, 0.00
3.23,3.03,0.00, 0.00
3.23,3.03,0.00, 0.00
3.23,3.03,0.00, 0.00
3.23,3.03,0.00, 0.00
3.23,3.03,0.00, 0.00
3.23,3.03,0.00, 0.00
3.23,3.03,0.00, 0.00
3.23,3.03,0.00, 0.00
3.23,3.03,0.00, 0.00
3.23,3.03,0.00, 0.00
3.23,3.03,0.00, 0.00
3.23,3.03,0.00, 0.00
3.23,3.03,0.00, 0.00
3.23,3.03,0.00, 0.00
3.23,3.03,0.00, 0.00
3.23,3.03,0.00, 0.00
3.23,3.04,0.00, 0.25
3.23,3.04,0.00, 0.25
2.09,2.59,0.00, 0.00
2.09,2.59,0.00, 0.00
2.09,2.59,0.00, 0.00
2.09,2.59,0.00, 0.00
2.09,2.59,0.00, 0.00
2.09,2.59,0.00, 0.00
2.09,2.59,0.00, 0.00
2.09,2.59,0.00, 0.00
2.09,2.59,0.00, 0.00
2.09,2.59,0.00, 0.00
0.14,0.06,0.00, 0.00
0.14,0.06,0.00, 0.00
0.14,0.06,0.00, 0.00
0.14,0.06,0.00, 0.00
0.14,0.06,0.00, 0.00
0.14,0.06,0.00, 0.00
0.14,0.06,0.00, 0.00
0.14,0.06,0.00, 0.00
0.14,0.06,0.00, 0.00
0.14,0.06,0.00, 0.00
0.14,0.06,0.00, 0.00
0.14,0.06,0.00, 0.00
0.12,0.07,0.00, 0.50
0.12,0.07,0.00, 0.50
0.12,0.07,0.00, 0.50
0.12,0.07,0.00, 0.50
0.12,0.07,0.00, 0.50
0.12,0.07,0.00, 0.50
0.12,0.07,0.00, 0.50
0.12,0.07,0.00, 0.50
0.12,0.07,0.00, 0.50
0.12,0.07,0.00, 0.50
0.12,0.07,0.00, 0.50
0.12,0.07,0.00, 0.50
0.12,0.07,0.00, 0.50
0.12,0.07,0.00, 0.50
0.09,0.07,0.00, 0.00
0.05,0.38,0.00, 15.19
0.54,1.68,24.14, 65.32
1.71,3.30,57.99, 80.44
1.87,3.45,8.74, 8.02
2.11,3.62,11.95, 8.50
2.40,3.76,14.46, 6.76
2.70,3.88,14.99, 6.50
2.96,3.99,13.03, 5.01
3.19,4.08,11.52, 4.75
3.19,4.08,11.52, 4.75
3.19,4.08,11.52, 4.75
3.19,4.08,11.52, 4.75
3.19,4.08,11.52, 4.75
3.19,4.08,11.52, 4.75
3.19,4.08,11.52, 4.75
3.19,4.08,11.52, 4.75
3.19,4.08,11.52, 4.75
3.19,4.08,11.52, 4.75
3.19,4.08,11.52, 4.75
3.19,4.08,11.52, 4.75
3.19,4.08,11.52, 4.75
3.19,4.08,11.52, 4.75
3.19,4.08,11.52, 4.75
3.19,4.08,11.52, 4.75
3.17,4.18,0.00, 5.25
3.17,4.18,0.00, 5.25
3.17,4.18,0.00, 5.25
3.17,4.18,0.00, 5.25
3.17,4.18,0.00, 5.25
3.17,4.18,0.00, 5.25
3.17,4.18,0.00, 5.25
3.17,4.18,0.00, 5.25
3.19,4.24,0.99, 3.01
3.19,4.24,0.99, 3.01
3.19,4.24,0.99, 3.01
3.19,4.24,0.99, 3.01
3.19,4.24,0.99, 3.01
3.19,4.24,0.99, 3.01
3.19,4.24,0.99, 3.01
3.19,4.24,0.99, 3.01
3.19,4.24,0.99, 3.01
3.19,4.33,0.01, 4.25
3.19,4.33,0.01, 4.25
3.21,4.85,0.99, 25.92
3.21,4.78,0.01, 0.00
3.21,5.03,0.00, 12.70
3.23,5.05,0.99, 0.79
3.23,5.10,0.01, 2.49
3.23,5.14,0.00, 2.25
3.23,5.14,0.00, 2.25
3.23,5.14,0.00, 2.25
3.23,5.14,0.00, 2.25
3.23,5.18,0.00, 1.75
3.23,5.18,0.00, 1.75
3.23,5.18,0.00, 1.75
3.23,5.18,0.00, 1.75
3.23,5.18,0.00, 1.75
3.23,5.22,0.00, 2.00
3.21,5.24,0.00, 1.00
3.21,5.37,0.00, 6.48
3.21,5.47,0.00, 4.76
3.21,5.53,0.00, 3.01
3.21,5.61,0.00, 4.49
3.23,5.72,0.99, 5.25
3.21,5.81,0.00, 4.50
3.23,5.85,0.99, 2.01
3.21,5.90,0.00, 2.75
3.23,5.95,0.99, 2.00
3.23,5.95,0.99, 2.00
3.23,5.95,0.99, 2.00
3.23,5.95,0.99, 2.00
3.21,5.98,0.00, 1.50
3.23,5.99,0.99, 1.00
3.23,6.01,0.01, 0.50
3.23,6.03,0.00, 1.25
3.23,5.99,0.00, 0.00
3.23,5.99,0.00, 0.00
3.23,5.99,0.00, 0.00
3.23,5.99,0.00, 0.00
3.23,5.99,0.00, 0.00
3.23,5.96,0.00, 0.00
3.21,5.90,0.00, 0.00
3.21,5.90,0.00, 0.00
3.23,5.88,0.99, 0.00
3.23,5.88,0.99, 0.00
3.23,5.76,0.01, 0.00
3.23,5.74,0.00, 0.00
3.21,5.71,0.00, 0.00
3.21,5.71,0.00, 0.00
3.21,5.71,0.00, 0.00
3.21,5.71,0.00, 0.00
3.21,5.71,0.00, 0.00
3.21,5.71,0.00, 0.00
3.21,5.71,0.00, 0.00
3.21,5.71,0.00, 0.00
3.23,5.68,0.99, 0.00
3.23,5.65,0.01, 0.00
3.23,5.65,0.01, 0.00
3.23,5.65,0.01, 0.00
3.23,5.65,0.01, 0.00
3.23,5.65,0.01, 0.00
3.23,5.65,0.01, 0.00
3.23,5.62,0.00, 0.00
3.23,5.62,0.00, 0.00
3.21,5.42,0.00, 0.00
3.23,5.34,0.99, 0.00
3.23,5.01,0.01, 0.00
3.21,5.01,0.00, 0.00
3.21,5.01,0.00, 0.00
3.21,5.02,0.00, 0.00
3.21,5.02,0.00, 0.00
3.23,5.03,0.99, 0.75
3.21,4.99,0.00, 0.00
3.23,4.89,0.99, 0.00
3.23,4.82,0.01, 0.00
3.21,4.76,0.00, 0.00
3.21,4.70,0.00, 0.00
3.23,4.65,0.99, 0.00
3.23,4.65,0.99, 0.00
3.23,4.65,0.99, 0.00
3.23,4.65,0.99, 0.00
3.23,4.56,0.01, 0.00
3.23,4.49,0.00, 0.00
3.23,4.44,0.00, 0.00
3.23,4.36,0.00, 0.00
3.23,4.35,0.00, 0.00
3.23,4.32,0.00, 0.00
3.23,4.30,0.00, 0.00
3.23,4.29,0.00, 0.00
3.23,4.29,0.00, 0.00
3.23,4.29,0.00, 0.00
3.23,4.29,0.00, 0.00
3.23,4.25,0.00, 0.00
3.23,4.25,0.00, 0.00
3.23,4.25,0.00, 0.00
3.23,4.25,0.00, 0.00
3.23,4.25,0.00, 0.00
3.23,4.25,0.00, 0.00
3.23,4.25,0.00, 0.00
3.23,4.22,0.00, 0.00
3.23,4.22,0.00, 0.00
3.23,4.22,0.00, 0.00
3.21,4.13,0.00, 0.00
3.21,4.13,0.00, 0.00
3.21,4.13,0.00, 0.00
3.21,4.13,0.00, 0.00
3.21,4.13,0.00, 0.00
3.21,4.13,0.00, 0.00
3.21,4.13,0.00, 0.00
3.21,4.13,0.00, 0.00
3.21,4.13,0.00, 0.00
3.21,4.13,0.00, 0.00
3.21,4.13,0.00, 0.00
3.21,4.13,0.00, 0.00
3.21,4.13,0.00, 0.00
3.21,4.13,0.00, 0.00
3.21,3.90,0.00, 0.00
3.21,3.90,0.00, 0.00
3.21,3.90,0.00, 0.00
3.21,3.90,0.00, 0.00
3.21,3.90,0.00, 0.00
3.21,3.90,0.00, 0.00
3.21,3.90,0.00, 0.00
3.23,3.96,0.99, 2.74
3.23,3.96,0.99, 2.74
3.23,3.96,0.99, 2.74
3.23,3.96,0.99, 2.74
3.23,3.96,0.99, 2.74
3.23,3.96,0.99, 2.74
3.23,3.96,0.99, 2.74
3.23,3.96,0.99, 2.74
3.23,3.96,0.99, 2.74
3.23,3.96,0.99, 2.74
3.23,3.98,0.01, 1.01
3.23,3.98,0.01, 1.01
3.23,3.98,0.01, 1.01
3.23,3.98,0.01, 1.01
3.23,3.92,0.00, 0.00
3.23,3.92,0.00, 0.00
3.23,3.92,0.00, 0.00
3.23,3.92,0.00, 0.00
3.23,3.92,0.00, 0.00
3.21,3.78,0.00, 0.00
3.21,3.78,0.00, 0.00
3.21,3.78,0.00, 0.00
3.21,3.78,0.00, 0.00
3.21,3.78,0.00, 0.00
3.21,3.78,0.00, 0.00
3.21,3.78,0.00, 0.00
3.21,3.78,0.00, 0.00
3.21,3.78,0.00, 0.00
3.21,3.78,0.00, 0.00
3.21,3.78,0.00, 0.00
3.21,3.78,0.00, 0.00
3.21,3.78,0.00, 0.00
3.21,3.78,0.00, 0.00
3.21,3.78,0.00, 0.00
3.21,3.78,0.00, 0.00
3.23,3.61,0.99, 0.00
3.23,3.61,0.99, 0.00
3.23,3.61,0.99, 0.00
3.23,3.62,0.01, 1.00
3.23,3.66,0.00, 1.75
0.00,2.49,0.00, 0.00
0.00,2.49,0.00, 0.00
0.00,2.27,0.00, 0.00
2.47,2.19,121.68, 0.00
2.47,2.19,121.68, 0.00
2.47,2.19,121.68, 0.00
2.47,2.19,121.68, 0.00
2.47,2.19,121.68, 0.00
2.47,2.19,121.68, 0.00
2.47,2.19,121.68, 0.00
2.47,2.19,121.68, 0.00
2.47,2.19,121.68, 0.00
2.47,2.19,121.68, 0.00
2.47,2.19,121.68, 0.00
2.47,2.19,121.68, 0.00
2.47,2.19,121.68, 0.00
3.35,2.12,45.14, 0.00
2.47,2.07,0.00, 0.00
2.47,2.07,0.00, 0.00
0.00,2.05,0.00, 0.00
0.63,1.67,31.04, 0.00
0.63,1.67,31.04, 0.00
0.63,1.67,31.04, 0.00
0.63,1.67,31.04, 0.00
0.63,1.67,31.04, 0.00
0.63,1.67,31.04, 0.00
0.63,1.67,31.04, 0.00
0.63,1.67,31.04, 0.00
0.63,1.67,31.04, 0.00
0.63,1.67,31.04, 0.00
0.63,1.67,31.04, 0.00
0.63,1.67,31.04, 0.00
0.63,1.67,31.04, 0.00
0.66,1.62,1.93, 0.00
0.66,1.62,1.93, 0.00
0.66,1.62,1.93, 0.00
0.66,1.62,1.93, 0.00
0.66,1.62,1.93, 0.00
0.66,1.62,1.93, 0.00
0.66,1.62,1.93, 0.00
0.50,1.56,0.00, 0.00
0.50,1.56,0.00, 0.00
0.41,1.53,0.00, 0.00
0.00,0.85,0.00, 0.00
0.00,0.37,0.00, 0.00
0.00,0.37,0.00, 0.00
0.00,0.37,0.00, 0.00
0.00,0.37,0.00, 0.00
0.00,0.37,0.00, 0.00
0.00,0.37,0.00, 0.00
0.00,0.37,0.00, 0.00
0.00,0.37,0.00, 0.00
0.00,0.37,0.00, 0.00
0.00,0.37,0.00, 0.00
0.00,0.37,0.00, 0.00
0.00,0.37,0.00, 0.00
0.00,0.37,0.00, 0.00
0.00,0.37,0.00, 0.00
0.00,0.37,0.00, 0.00
0.00,0.37,0.00, 0.00
0.00,0.37,0.00, 0.00
0.00,0.37,0.00, 0.00
0.00,0.37,0.00, 0.00
0.00,0.37,0.00, 0.00
0.00,0.37,0.00, 0.00
0.00,0.37,0.00, 0.00
0.00,0.37,0.00, 0.00
0.00,0.37,0.00, 0.00
0.00,0.37,0.00, 0.00
0.00,0.37,0.00, 0.00
0.00,0.37,0.00, 0.00
0.00,0.37,0.00, 0.00
0.00,0.37,0.00, 0.00
0.00,0.37,0.00, 0.00
0.00,0.37,0.00, 0.00
0.00,0.29,0.00, 0.00
0.00,0.29,0.00, 0.00
0.00,0.29,0.00, 0.00
0.00,0.25,0.00, 0.00
0.00,0.25,0.00, 0.00
0.00,0.25,0.00, 0.00
0.00,0.25,0.00, 0.00
0.00,0.25,0.00, 0.00
0.00,0.25,0.00, 0.00
0.00,0.25,0.00, 0.00
0.00,0.19,0.00, 0.00
0.00,0.19,0.00, 0.00
0.18,0.05,8.87, 0.00
0.18,0.05,8.87, 0.00
0.18,0.05,8.87, 0.00
0.18,0.05,8.87, 0.00
0.18,0.05,8.87, 0.00
0.18,0.05,8.87, 0.00
0.18,0.05,8.87, 0.00
0.18,0.05,8.87, 0.00
0.18,0.05,8.87, 0.00
0.18,0.05,8.87, 0.00
0.18,0.05,8.87, 0.00
0.18,0.05,8.87, 0.00
0.18,0.05,8.87, 0.00
0.18,0.05,8.87, 0.00
0.16,0.05,0.00, 0.00
0.16,0.05,0.00, 0.00
0.16,0.05,0.00, 0.00
0.03,0.05,0.00, 0.00
0.03,0.05,0.00, 0.00
0.03,0.05,0.00, 0.00
0.03,0.05,0.00, 0.00
0.03,0.05,0.00, 0.00
0.03,0.05,0.00, 0.00
0.03,0.05,0.00, 0.00
0.03,0.05,0.00, 0.00
0.03,0.05,0.00, 0.00
0.03,0.05,0.00, 0.00
0.03,0.05,0.00, 0.00
0.03,0.05,0.00, 0.00
0.03,0.05,0.00, 0.00
0.03,0.05,0.00, 0.00
0.09,0.05,2.96, 0.00
0.09,0.06,0.04, 0.75
0.09,0.05,0.00, 0.00
0.09,0.05,0.00, 0.00
0.09,0.05,0.00, 0.00
0.09,0.05,0.00, 0.00
0.09,0.05,0.00, 0.00
0.09,0.05,0.00, 0.00
0.09,0.05,0.00, 0.00
0.09,0.05,0.00, 0.00
0.09,0.05,0.00, 0.00
0.09,0.05,0.00, 0.00
0.09,0.05,0.00, 0.00
0.09,0.05,0.00, 0.00
0.09,0.05,0.00, 0.00
0.09,0.05,0.00, 0.00
0.09,0.05,0.00, 0.00
0.09,0.05,0.00, 0.00
0.09,0.05,0.00, 0.00
0.09,0.05,0.00, 0.00
0.09,0.05,0.00, 0.00
0.09,0.05,0.00, 0.00
0.09,0.05,0.00, 0.00
0.09,0.05,0.00, 0.00
0.09,0.05,0.00, 0.00
0.09,0.05,0.00, 0.00
0.09,0.05,0.00, 0.00
0.09,0.05,0.00, 0.00
0.09,0.05,0.00, 0.00
0.09,0.05,0.00, 0.00
0.09,0.05,0.00, 0.00
0.09,0.05,0.00, 0.00
0.09,0.05,0.00, 0.00
0.09,0.05,0.00, 0.00
0.09,0.05,0.00, 0.00
0.09,0.05,0.00, 0.00
0.09,0.05,0.00, 0.00
0.09,0.05,0.00, 0.00
0.09,0.05,0.00, 0.00
0.09,0.05,0.00, 0.00
0.09,0.05,0.00, 0.00
0.09,0.05,0.00, 0.00
0.09,0.05,0.00, 0.00
0.09,0.05,0.00, 0.00
0.09,0.05,0.00, 0.00
0.09,0.05,0.00, 0.00
0.09,0.05,0.00, 0.00
0.09,0.05,0.00, 0.00
0.09,0.05,0.00, 0.00
0.09,0.05,0.00, 0.00
0.09,0.05,0.00, 0.00
0.09,0.05,0.00, 0.00
0.09,0.05,0.00, 0.00
0.09,0.05,0.00, 0.00
0.07,0.06,0.00, 0.75
0.07,0.06,0.00, 0.75
0.07,0.05,0.00, 0.00
0.07,0.05,0.00, 0.50
0.07,0.05,0.00, 0.00
0.05,0.05,0.00, 0.00
0.05,0.05,0.00, 0.00
0.07,0.05,0.99, 0.00
0.05,0.05,0.00, 0.00
0.05,0.05,0.00, 0.00
0.05,0.05,0.00, 0.00
0.05,0.05,0.00, 0.00
0.05,0.05,0.00, 0.00
0.05,0.05,0.00, 0.00
0.05,0.05,0.00, 0.00
0.05,0.05,0.00, 0.00
0.07,0.05,0.99, 0.00
0.07,0.05,0.01, 0.00
0.07,0.05,0.01, 0.00
0.07,0.05,0.01, 0.00
0.07,0.05,0.01, 0.00
0.07,0.05,0.01, 0.00
0.07,0.05,0.01, 0.00
0.07,0.05,0.01, 0.00
0.07,0.05,0.01, 0.00
0.07,0.05,0.01, 0.00
0.05,0.05,0.00, 0.00
0.05,0.05,0.00, 0.00
0.09,0.05,1.97, 0.50
0.09,0.05,1.97, 0.50
0.09,0.05,1.97, 0.50
0.09,0.05,1.97, 0.50
0.09,0.05,1.97, 0.50
0.09,0.05,1.97, 0.50
0.09,0.05,1.97, 0.50
0.05,0.05,0.00, 0.00
0.05,0.05,0.00, 0.00
0.05,0.05,0.00, 0.50
0.05,0.05,0.00, 0.50
0.05,0.05,0.00, 0.50
0.05,0.05,0.00, 0.50
0.05,0.05,0.00, 0.50
0.05,0.05,0.00, 0.50
0.05,0.05,0.00, 0.50
0.07,0.05,0.99, 0.00
0.05,0.05,0.00, 0.00
0.05,0.05,0.00, 0.00
0.05,0.05,0.00, 0.00
0.05,0.05,0.00, 0.00
0.05,0.05,0.00, 0.00
0.05,0.05,0.00, 0.00
0.05,0.05,0.00, 0.00
0.05,0.05,0.00, 0.00
0.05,0.05,0.00, 0.00
0.05,0.05,0.00, 0.00
0.05,0.05,0.00, 0.00
0.05,0.05,0.00, 0.00
0.05,0.05,0.00, 0.00
0.07,0.05,0.99, 0.00
0.07,0.05,0.99, 0.00
0.07,0.05,0.99, 0.00
0.05,0.05,0.00, 0.00
0.05,0.05,0.00, 0.00
0.05,0.05,0.00, 0.00
0.05,0.05,0.00, 0.00
0.05,0.05,0.00, 0.50
0.07,0.05,0.99, 0.00
0.07,0.05,0.01, 0.50
0.05,0.05,0.00, 0.00
0.05,0.05,0.00, 0.00
0.07,0.05,0.99, 0.50
0.03,0.05,0.00, 0.00
0.07,0.05,1.97, 0.00
0.05,0.05,0.00, 0.00
0.03,0.05,0.00, 0.00
0.05,0.05,0.99, 0.50
0.05,0.05,0.99, 0.50
0.05,0.05,0.99, 0.50
0.05,0.05,0.99, 0.50
0.05,0.05,0.99, 0.50
0.05,0.05,0.99, 0.50
0.05,0.05,0.99, 0.50
0.07,0.06,1.00, 0.25
0.05,0.06,0.00, 0.00
0.05,0.05,0.00, 0.00
0.05,0.05,0.00, 0.00
0.05,0.05,0.00, 0.00
0.05,0.05,0.00, 0.50
0.05,0.05,0.00, 0.00
0.07,0.05,0.99, 0.00
0.07,0.04,0.01, 0.00
0.05,0.05,0.00, 0.50
0.05,0.05,0.00, 0.50
0.05,0.05,0.00, 0.50
0.05,0.05,0.00, 0.50
0.05,0.05,0.00, 0.50
0.05,0.05,0.00, 0.50
0.03,0.05,0.00, 0.00
0.03,0.05,0.00, 0.00
0.03,0.05,0.00, 0.00
0.05,0.05,0.99, 0.50
0.05,0.05,0.01, 0.00
0.05,0.05,0.00, 0.00
0.03,0.05,0.00, 0.00
0.05,0.05,0.99, 0.00
0.07,0.05,1.00, 0.00
0.07,0.05,1.00, 0.00
0.03,0.05,0.00, 0.50
0.05,0.06,0.99, 0.25
0.05,0.05,0.01, 0.00
0.03,0.05,0.00, 0.00
0.07,0.05,1.97, 0.00
0.07,0.05,1.97, 0.00
0.07,0.05,1.97, 0.00
0.07,0.05,1.97, 0.00
0.07,0.05,1.97, 0.00
0.07,0.05,1.97, 0.00
0.07,0.05,1.97, 0.00
0.05,0.05,0.00, 0.00
0.05,0.05,0.00, 0.00
0.05,0.05,0.00, 0.50
0.07,0.05,0.99, 0.00
0.07,0.05,0.99, 0.00
0.07,0.05,0.99, 0.00
0.07,0.05,0.99, 0.00
0.07,0.05,0.99, 0.00
0.07,0.05,0.99, 0.00
0.07,0.05,0.99, 0.00
0.07,0.05,0.99, 0.00
0.07,0.05,0.99, 0.00
0.07,0.05,0.99, 0.00
0.07,0.05,0.99, 0.00
0.07,0.05,0.99, 0.00
0.07,0.05,0.99, 0.00
0.07,0.05,0.99, 0.00
0.05,0.05,0.00, 0.00
0.05,0.05,0.00, 0.00
0.05,0.05,0.00, 0.50
0.05,0.05,0.00, 0.00
0.05,0.05,0.00, 0.00
0.05,0.05,0.00, 0.00
0.05,0.05,0.00, 0.00
0.05,0.05,0.00, 0.00
0.05,0.05,0.00, 0.00
0.05,0.05,0.00, 0.00
0.05,0.05,0.00, 0.00
0.05,0.05,0.00, 0.00
0.05,0.05,0.00, 0.00
0.05,0.05,0.00, 0.00
0.05,0.05,0.00, 0.00
0.05,0.05,0.00, 0.00
0.05,0.05,0.00, 0.00
0.05,0.05,0.00, 0.00
0.05,0.05,0.00, 0.00
0.05,0.05,0.00, 0.00
0.05,0.05,0.00, 0.00
0.05,0.05,0.00, 0.00
0.05,0.05,0.00, 0.00
0.05,0.05,0.00, 0.00
0.05,0.05,0.00, 0.00
0.05,0.05,0.00, 0.00
0.05,0.05,0.00, 0.00
0.05,0.05,0.00, 0.00
0.05,0.05,0.00, 0.00
0.05,0.05,0.00, 0.00
0.05,0.05,0.00, 0.00
0.05,0.05,0.00, 0.00
0.05,0.05,0.00, 0.00
0.05,0.05,0.00, 0.00
0.05,0.05,0.00, 0.00
0.05,0.05,0.00, 0.00
0.05,0.05,0.00, 0.00
0.05,0.05,0.00, 0.00
0.05,0.05,0.00, 0.00
0.05,0.05,0.00, 0.00
0.05,0.05,0.00, 0.00
0.03,0.05,0.00, 0.00
0.05,0.05,0.99, 0.50
0.05,0.05,0.99, 0.50
0.03,0.05,0.00, 0.00
0.05,0.06,0.99, 0.75
0.05,0.06,0.99, 0.75
0.03,0.06,0.00, 0.00
0.05,0.05,0.99, 0.00
0.05,0.05,0.01, 0.50
0.05,0.05,0.01, 0.50
0.05,0.05,0.01, 0.50
0.05,0.05,0.01, 0.50
0.05,0.05,0.01, 0.50
0.05,0.05,0.01, 0.50
0.05,0.05,0.01, 0.50
0.03,0.06,0.00, 0.25
0.03,0.06,0.00, 0.25
0.03,0.06,0.00, 0.25
0.05,0.05,0.99, 0.00
0.03,0.05,0.00, 0.00
0.03,0.05,0.00, 0.50
0.05,0.05,0.99, 0.00
0.05,0.05,0.01, 0.00
0.03,0.05,0.00, 0.50
0.05,0.05,0.99, 0.00
0.05,0.05,0.01, 0.50
0.05,0.05,0.00, 0.00
0.05,0.05,0.00, 0.50
0.05,0.05,0.00, 0.00
0.03,0.05,0.00, 0.00
0.05,0.05,0.99, 0.00
0.05,0.05,0.01, 0.00
0.05,0.05,0.00, 0.50
0.05,0.06,0.00, 0.25
0.03,0.06,0.00, 0.00
0.03,0.05,0.00, 0.00
0.03,0.05,0.00, 0.50
0.03,0.05,0.00, 0.00
0.03,0.05,0.00, 0.00
0.03,0.05,0.00, 0.00
0.03,0.05,0.00, 0.00
0.05,0.05,0.99, 0.00
0.05,0.05,0.01, 0.50
0.03,0.06,0.00, 0.25
0.05,0.06,0.99, 0.00
0.05,0.06,0.99, 0.00
0.03,0.05,0.00, 0.00
0.03