0.00,0.06,0.00, 2.99
0.00,0.06,0.00, 0.01
0.00,0.06,0.00, 0.00
0.00,0.06,0.00, 0.00
0.00,0.05,0.00, 0.00
0.00,0.05,0.00, 0.50
0.00,0.05,0.00, 0.00
0.00,0.05,0.00, 0.50
0.00,0.06,0.00, 0.25
0.00,0.05,0.00, 0.00
0.00,0.05,0.00, 0.50
0.00,0.06,0.00, 0.25
0.00,0.06,0.00, 0.00
0.00,0.06,0.00, 0.00
0.00,0.06,0.00, 0.00
0.00,0.06,0.00, 0.00
0.00,0.06,0.00, 0.00
0.00,0.06,0.00, 0.00
0.00,0.06,0.00, 0.00
0.00,0.06,0.00, 0.00
0.00,0.05,0.00, 0.00
0.00,0.05,0.00, 0.50
0.00,0.06,0.00, 0.25
0.00,0.06,0.00, 0.00
0.00,0.06,0.00, 0.00
0.00,0.06,0.00, 0.00
0.00,0.06,0.00, 0.00
0.00,0.06,0.00, 0.00
0.00,0.06,0.00, 0.00
0.00,0.06,0.00, 0.00
0.00,0.06,0.00, 0.00
0.00,0.06,0.00, 0.00
0.00,0.06,0.00, 0.00
0.00,0.06,0.00, 0.00
0.00,0.05,0.00, 0.00
0.00,0.05,0.00, 0.00
0.00,0.05,0.00, 0.50
0.00,0.06,0.00, 0.25
0.00,0.05,0.00, 0.00
0.00,0.06,0.00, 0.25
0.00,0.05,0.00, 0.00
0.00,0.05,0.00, 0.50
0.00,0.06,0.00, 0.25
0.00,0.06,0.00, 0.00
0.00,0.06,0.00, 0.00
0.00,0.06,0.00, 0.00
0.00,0.06,0.00, 0.00
0.00,0.06,0.00, 0.00
0.00,0.06,0.00, 0.00
0.00,0.06,0.00, 0.00
0.00,0.06,0.00, 0.00
0.00,0.06,0.00, 0.00
0.00,0.06,0.00, 0.00
0.00,0.06,0.00, 0.00
0.00,0.05,0.00, 0.00
0.00,0.06,0.00, 0.25
0.00,0.06,0.00, 0.00
0.00,0.06,0.00, 0.00
0.00,0.06,0.00, 0.00
0.00,0.06,0.00, 0.00
0.00,0.06,0.00, 0.00
0.00,0.06,0.00, 0.00
0.00,0.06,0.00, 0.00
0.00,0.05,0.00, 0.00
0.00,0.06,0.00, 0.25
0.00,0.06,0.00, 0.00
0.00,0.06,0.00, 0.00
0.00,0.06,0.00, 0.00
0.00,0.06,0.00, 0.00
0.00,0.06,0.00, 0.00
0.00,0.06,0.00, 0.00
0.00,0.06,0.00, 0.00
0.00,0.05,0.00, 0.00
0.00,0.05,0.00, 0.50
0.00,0.06,0.00, 0.25
0.00,0.06,0.00, 0.00
0.00,0.06,0.00, 0.00
0.00,0.06,0.00, 0.00
0.00,0.05,0.00, 0.00
0.00,0.05,0.00, 0.50
0.00,0.06,0.00, 0.25
0.00,0.06,0.00, 0.25
0.00,0.06,0.00, 0.25
0.00,0.06,0.00, 0.25
0.00,0.06,0.00, 0.00
0.00,0.06,0.00, 0.00
0.00,0.06,0.00, 0.00
0.00,0.06,0.00, 0.00
0.00,0.06,0.00, 0.00
0.00,0.05,0.00, 0.00
0.00,0.05,0.00, 0.00
0.00,0.05,0.00, 0.00
0.00,0.05,0.00, 0.00
0.00,0.05,0.00, 0.00
0.00,0.05,0.00, 0.00
0.00,0.05,0.00, 0.00
0.00,0.05,0.00, 0.50
0.00,0.06,0.00, 0.25
0.00,0.06,0.00, 0.00
0.00,0.06,0.00, 0.00
0.00,0.06,0.00, 0.00
0.00,0.06,0.00, 0.00
0.00,0.06,0.00, 0.00
0.00,0.06,0.00, 0.00
0.00,0.06,0.00, 0.00
0.00,0.05,0.00, 0.00
0.00,0.05,0.00, 0.50
0.00,0.06,0.00, 0.25
0.00,0.06,0.00, 0.25
0.00,0.06,0.00, 0.25
0.00,0.06,0.00, 0.25
0.00,0.06,0.00, 0.25
0.00,0.06,0.00, 0.25
0.00,0.06,0.00, 0.25
0.00,0.06,0.00, 0.25
0.00,0.06,0.00, 0.25
0.00,0.06,0.00, 0.00
0.00,0.06,0.00, 0.00
0.00,0.06,0.00, 0.00
0.00,0.06,0.00, 0.00
0.00,0.06,0.00, 0.00
0.00,0.06,0.00, 0.00
0.00,0.05,0.00, 0.00
0.00,0.05,0.00, 0.50
0.00,0.06,0.00, 0.25
0.00,0.06,0.00, 0.00
0.00,0.06,0.00, 0.00
0.00,0.06,0.00, 0.00
0.00,0.06,0.00, 0.00
0.00,0.06,0.00, 0.00
0.00,0.06,0.00, 0.00
0.00,0.06,0.00, 0.00
0.00,0.06,0.00, 0.00
0.00,0.06,0.00, 0.00
0.00,0.06,0.00, 0.00
0.00,0.06,0.00, 0.00
0.00,0.06,0.00, 0.00
0.00,0.06,0.00, 0.00
0.00,0.06,0.00, 0.00
0.00,0.06,0.00, 0.00
0.00,0.06,0.00, 0.00
0.00,0.06,0.00, 0.00
0.00,0.06,0.00, 0.00
0.00,0.06,0.00, 0.00
0.00,0.06,0.00, 0.00
0.00,0.06,0.00, 0.00
0.00,0.06,0.00, 0.00
0.00,0.06,0.00, 0.00
0.00,0.06,0.00, 0.00
0.00,0.06,0.00, 0.00
0.00,0.06,0.00, 0.00
0.00,0.06,0.00, 0.00
0.00,0.06,0.00, 0.00
0.00,0.06,0.00, 0.00
0.00,0.06,0.00, 0.00
0.00,0.06,0.00, 0.00
0.00,0.06,0.00, 0.00
0.00,0.06,0.00, 0.00
0.00,0.06,0.00, 0.00
0.00,0.06,0.00, 0.00
0.00,0.06,0.00, 0.00
0.00,0.06,0.00, 0.00
0.00,0.06,0.00, 0.00
0.00,0.06,0.00, 0.00
0.00,0.06,0.00, 0.00
0.00,0.06,0.00, 0.00
0.00,0.06,0.00, 0.00
0.00,0.06,0.00, 0.00
0.00,0.06,0.00, 0.00
0.00,0.06,0.00, 0.00
0.00,0.06,0.00, 0.00
0.00,0.06,0.00, 0.00
0.00,0.06,0.00, 0.00
0.00,0.06,0.00, 0.00
0.00,0.06,0.00, 0.00
0.00,0.06,0.00, 0.00
0.00,0.06,0.00, 0.00
0.00,0.06,0.00, 0.00
0.00,0.06,0.00, 0.00
0.00,0.06,0.00, 0.00
0.00,0.06,0.00, 0.00
0.00,0.06,0.00, 0.00
0.00,0.06,0.00, 0.00
0.00,0.06,0.00, 0.00
0.00,0.06,0.00, 0.00
0.00,0.06,0.00, 0.00
0.00,0.06,0.00, 0.00
0.00,0.06,0.00, 0.00
0.00,0.06,0.00, 0.00
0.00,0.06,0.00, 0.00
0.00,0.06,0.00, 0.00
0.00,0.06,0.00, 0.00
0.00,0.06,0.00, 0.00
0.00,0.06,0.00, 0.00
0.00,0.06,0.00, 0.00
0.00,0.06,0.00, 0.00
0.00,0.06,0.00, 0.00
0.00,0.06,0.00, 0.00
0.00,0.06,0.00, 0.00
0.00,0.06,0.00, 0.00
0.00,0.06,0.00, 0.00
0.00,0.06,0.00, 0.00
0.00,0.06,0.00, 0.00
0.00,0.06,0.00, 0.00
0.00,0.06,0.00, 0.00
0.00,0.06,0.00, 0.00
0.00,0.06,0.00, 0.00
0.00,0.06,0.00, 0.00
0.00,0.06,0.00, 0.00
0.00,0.06,0.00, 0.00
0.00,0.06,0.00, 0.00
0.00,0.06,0.00, 0.00
0.00,0.06,0.00, 0.00
0.00,0.06,0.00, 0.00
0.00,0.06,0.00, 0.00
0.00,0.06,0.00, 0.00
0.00,0.06,0.00, 0.00
0.00,0.06,0.00, 0.00
0.00,0.06,0.00, 0.00
0.00,0.06,0.00, 0.00
0.00,0.06,0.00, 0.00
0.00,0.06,0.00, 0.00
0.00,0.06,0.00, 0.00
0.00,0.06,0.00, 0.00
0.00,0.06,0.00, 0.00
0.00,0.06,0.00, 0.00
0.00,0.06,0.00, 0.00
0.00,0.06,0.00, 0.00
0.00,0.06,0.00, 0.00
0.00,0.06,0.00, 0.00
0.00,0.06,0.00, 0.00
0.00,0.06,0.00, 0.00
0.00,0.06,0.00, 0.00
0.00,0.06,0.00, 0.00
0.00,0.06,0.00, 0.00
0.00,0.06,0.00, 0.00
0.00,0.06,0.00, 0.00
0.00,0.06,0.00, 0.00
0.00,0.06,0.00, 0.00
0.03,0.06,1.48, 0.00
0.00,0.06,0.00, 0.00
0.00,0.06,0.00, 0.00
0.00,0.06,0.00, 0.00
0.00,0.06,0.00, 0.00
0.00,0.06,0.00, 0.00
0.00,0.06,0.00, 0.00
0.00,0.06,0.00, 0.00
0.00,0.06,0.00, 0.00
0.00,0.06,0.00, 0.00
0.00,0.06,0.00, 0.00
0.00,0.06,0.00, 0.00
0.00,0.06,0.00, 0.00
0.00,0.05,0.00, 0.00
0.00,0.06,0.00, 0.75
0.00,0.06,0.00, 0.00
0.00,0.06,0.00, 0.00
0.00,0.06,0.00, 0.00
0.00,0.06,0.00, 0.00
0.00,0.05,0.00, 0.00
0.00,0.05,0.00, 0.50
0.00,0.06,0.00, 0.25
0.00,0.06,0.00, 0.00
0.00,0.06,0.00, 0.00
0.00,0.06,0.00, 0.00
0.00,0.05,0.00, 0.00
0.00,0.05,0.00, 0.00
0.00,0.05,0.00, 0.00
0.00,0.05,0.00, 0.00
0.00,0.05,0.00, 0.50
0.00,0.06,0.00, 0.25
0.00,0.06,0.00, 0.25
0.00,0.06,0.00, 0.25
0.00,0.06,0.00, 0.25
0.00,0.06,0.00, 0.25
0.00,0.06,0.00, 0.25
0.00,0.06,0.00, 0.25
0.00,0.06,0.00, 0.25
0.00,0.06,0.00, 0.25
0.00,0.06,0.00, 0.25
0.00,0.06,0.00, 0.25
0.00,0.06,0.00, 0.25
0.00,0.06,0.00, 0.25
0.00,0.06,0.00, 0.25
0.00,0.06,0.00, 0.25
0.00,0.06,0.00, 0.25
0.00,0.06,0.00, 0.25
0.00,0.06,0.00, 0.25
0.00,0.06,0.00, 0.25
0.00,0.06,0.00, 0.25
0.00,0.06,0.00, 0.25
0.00,0.06,0.00, 0.25
0.00,0.06,0.00, 0.25
0.00,0.06,0.00, 0.25
0.00,0.06,0.00, 0.25
0.00,0.06,0.00, 0.25
0.00,0.06,0.00, 0.00
0.00,0.06,0.00, 0.00
0.00,0.06,0.00, 0.00
0.00,0.06,0.00, 0.00
0.00,0.06,0.00, 0.00
0.00,0.06,0.00, 0.00
0.00,0.06,0.00, 0.00
0.00,0.06,0.00, 0.00
0.00,0.06,0.00, 0.00
0.00,0.06,0.00, 0.00
0.00,0.06,0.00, 0.00
0.00,0.06,0.00, 0.00
0.00,0.06,0.00, 0.00
0.00,0.06,0.00, 0.00
0.00,0.06,0.00, 0.00
0.00,0.06,0.00, 0.00
0.00,0.06,0.00, 0.00
0.00,0.06,0.00, 0.00
0.00,0.06,0.00, 0.00
0.00,0.06,0.00, 0.00
0.00,0.06,0.00, 0.00
0.00,0.06,0.00, 0.00
0.00,0.06,0.00, 0.00
0.00,0.06,0.00, 0.00
0.00,0.06,0.00, 0.00
0.00,0.06,0.00, 0.00
0.00,0.06,0.00, 0.00
0.00,0.06,0.00, 0.00
0.00,0.06,0.00, 0.00
0.00,0.06,0.00, 0.00
0.00,0.06,0.00, 0.00
0.00,0.06,0.00, 0.00
0.00,0.06,0.00, 0.00
0.00,0.06,0.00, 0.00
0.00,0.06,0.00, 0.00
0.00,0.85,0.00, 39.36
0.00,0.85,0.00, 39.36
0.00,0.85,0.00, 39.36
0.00,1.38,0.00, 26.80
0.00,1.38,0.00, 26.80
0.00,1.38,0.00, 26.80
0.00,1.38,0.00, 26.80
0.00,1.38,0.00, 26.80
0.00,1.38,0.00, 26.80
0.00,1.38,0.00, 26.80
0.00,1.38,0.00, 26.80
0.00,1.38,0.00, 26.80
0.00,1.38,0.00, 26.80
0.00,1.38,0.00, 26.80
0.00,1.38,0.00, 26.80
0.00,1.38,0.00, 26.80
0.00,1.38,0.00, 26.80
0.00,1.38,0.00, 26.80
0.00,1.38,0.00, 26.80
0.00,1.38,0.00, 26.80
0.00,1.38,0.00, 26.80
0.00,1.38,0.00, 26.80
0.00,1.38,0.00, 26.80
0.00,1.38,0.00, 26.80
0.00,1.38,0.00, 26.80
0.00,1.38,0.00, 26.80
0.00,1.38,0.00, 26.80
0.03,1.97,1.48, 29.24
0.03,1.97,1.48, 29.24
0.03,1.97,1.48, 29.24
0.03,1.97,1.48, 29.24
0.03,1.97,1.48, 29.24
0.03,1.97,1.48, 29.24
0.03,1.97,1.48, 29.24
1.48,3.34,71.46, 68.36
1.48,3.34,71.46, 68.36
1.77,3.58,15.34, 12.21
1.77,3.58,15.34, 12.21
2.36,8.67,29.29, 253.86
2.36,9.81,0.43, 57.47
2.36,9.81,0.43, 57.47
2.36,9.81,0.43, 57.47
2.36,9.81,0.01, 0.21
2.36,9.81,0.01, 0.21
2.36,9.81,0.01, 0.21
2.36,9.81,0.00, 0.00
2.36,9.81,0.00, 0.00
2.36,9.81,0.00, 0.00
2.36,9.81,0.00, 0.00
2.36,9.81,0.00, 0.00
2.36,9.81,0.00, 0.00
2.36,9.81,0.00, 0.00
2.36,9.81,0.00, 0.00
2.36,9.81,0.00, 0.00
2.36,9.81,0.00, 0.00
2.36,9.81,0.00, 0.00
2.36,9.81,0.00, 0.00
2.36,9.81,0.00, 0.00
2.36,9.81,0.00, 0.00
2.36,9.81,0.00, 0.00
2.36,9.81,0.00, 0.00
2.36,9.81,0.00, 0.00
2.36,9.81,0.00, 0.00
2.36,9.81,0.00, 0.00
2.36,9.81,0.00, 0.00
2.36,9.81,0.00, 0.00
2.36,9.81,0.00, 0.00
2.36,9.81,0.00, 0.00
2.36,9.81,0.00, 0.00
2.36,9.81,0.00, 0.00
2.36,9.81,0.00, 0.00
2.36,9.81,0.00, 0.00
2.36,9.81,0.00, 0.00
2.36,9.81,0.00, 0.00
2.36,9.81,0.00, 0.00
2.36,9.81,0.00, 0.00
2.36,9.81,0.00, 0.00
2.36,9.81,0.00, 0.00
2.36,9.81,0.00, 0.00
2.36,9.81,0.00, 0.00
2.36,9.81,0.00, 0.00
2.36,9.81,0.00, 0.00
2.36,9.81,0.00, 0.00
2.36,9.81,0.00, 0.00
2.36,9.81,0.00, 0.00
2.36,9.81,0.00, 0.00
2.36,9.81,0.00, 0.00
2.36,9.81,0.00, 0.00
2.36,9.81,0.00, 0.00
2.36,9.81,0.00, 0.00
2.36,9.81,0.00, 0.00
2.36,9.81,0.00, 0.00
2.36,9.81,0.00, 0.00
2.36,9.81,0.00, 0.00
2.36,9.81,0.00, 0.00
2.36,9.81,0.00, 0.00
2.36,9.81,0.00, 0.00
2.36,9.81,0.00, 0.00
2.36,9.81,0.00, 0.00
2.34,9.81,0.00, 0.00
2.36,9.81,0.99, 0.00
2.36,9.81,0.01, 0.00
2.36,9.81,0.01, 0.00
2.36,9.81,0.01, 0.00
2.36,9.81,0.01, 0.00
2.36,9.81,0.00, 0.00
2.36,9.81,0.00, 0.00
2.36,9.81,0.00, 0.00
2.36,9.81,0.00, 0.00
2.36,9.81,0.00, 0.00
2.36,9.81,0.00, 0.00
2.36,9.81,0.00, 0.00
2.36,9.81,0.00, 0.00
2.36,9.81,0.00, 0.00
2.36,9.81,0.00, 0.00
2.36,9.81,0.00, 0.00
2.36,9.81,0.00, 0.00
2.36,9.70,0.00, 0.00
2.36,9.56,0.00, 0.00
2.36,9.47,0.00, 0.00
2.36,9.38,0.00, 0.00
2.36,9.31,0.00, 0.00
2.36,9.22,0.00, 0.00
2.36,9.15,0.00, 0.00
2.36,9.09,0.00, 0.00
2.36,9.01,0.00, 0.00
2.36,8.90,0.00, 0.00
2.36,8.78,0.00, 0.00
2.36,8.70,0.00, 0.00
2.36,8.65,0.00, 0.00
2.36,8.62,0.00, 0.00
2.36,8.61,0.00, 0.00
2.34,8.61,0.00, 0.00
2.36,8.56,0.99, 0.00
2.36,8.51,0.01, 0.00
2.36,8.43,0.00, 0.00
2.36,8.32,0.00, 0.00
2.36,8.20,0.00, 0.00
2.36,8.20,0.00, 0.00
2.36,8.06,0.00, 0.00
2.36,7.91,0.00, 0.00
2.36,7.75,0.00, 0.00
2.36,7.75,0.00, 0.00
2.36,7.75,0.00, 0.00
2.36,7.75,0.00, 0.00
2.36,7.75,0.00, 0.00
2.36,7.75,0.00, 0.00
2.36,7.75,0.00, 0.00
2.36,7.75,0.00, 0.00
2.36,7.75,0.00, 0.00
2.36,7.75,0.00, 0.00
2.36,7.75,0.00, 0.00
2.36,7.75,0.00, 0.00
2.36,7.75,0.00, 0.00
2.36,7.75,0.00, 0.00
2.36,7.75,0.00, 0.00
2.36,7.75,0.00, 0.00
2.36,7.75,0.00, 0.00
2.36,7.55,0.00, 0.00
2.36,7.55,0.00, 0.00
2.36,7.35,0.00, 0.00
2.36,7.35,0.00, 0.00
2.36,7.35,0.00, 0.00
2.36,7.35,0.00, 0.00
2.36,7.35,0.00, 0.00
2.36,7.35,0.00, 0.00
2.36,7.35,0.00, 0.00
2.36,7.13,0.00, 0.00
0.00,2.87,0.00, 0.00
0.00,2.87,0.00, 0.00
0.00,2.87,0.00, 0.00
0.00,2.87,0.00, 0.00
0.00,2.87,0.00, 0.00
0.00,2.87,0.00, 0.00
0.00,2.87,0.00, 0.00
0.27,2.49,13.30, 0.00
0.27,2.49,13.30, 0.00
0.27,2.49,13.30, 0.00
0.00,0.83,0.00, 0.00
0.00,0.69,0.00, 0.00
0.00,0.20,0.00, 0.00
0.00,0.12,0.00, 0.00
0.00,0.12,0.00, 0.00
0.00,0.09,0.00, 0.00
0.00,0.09,0.00, 0.00
0.00,0.11,0.00, 1.25
0.00,0.12,0.00, 0.25
0.00,0.12,0.00, 0.25
0.00,0.12,0.00, 0.25
0.00,0.12,0.00, 0.25
0.00,0.12,0.00, 0.25
0.00,0.12,0.00, 0.25
0.00,0.12,0.00, 0.25
0.00,0.12,0.00, 0.25
0.00,0.12,0.00, 0.25
0.00,0.12,0.00, 0.25
0.00,0.12,0.00, 0.25
0.00,0.11,0.00, 0.00
0.00,0.11,0.00, 0.00
0.00,0.11,0.00, 0.00
0.00,0.12,0.00, 0.75
0.00,0.11,0.00, 0.00
0.00,0.11,0.00, 0.00
0.00,0.09,0.00, 0.00
0.03,0.11,1.48, 0.50
0.03,0.11,1.48, 0.50
0.09,0.11,2.98, 0.00
0.09,0.11,2.98, 0.00
0.09,0.11,2.98, 0.00
0.09,0.11,2.98, 0.00
0.09,0.11,2.98, 0.00
0.09,0.11,2.98, 0.00
0.09,0.11,2.98, 0.00
0.09,0.11,2.98, 0.00
0.09,0.11,2.98, 0.00
0.09,0.11,2.98, 0.00
0.09,0.11,2.98, 0.00
0.09,0.11,2.98, 0.00
0.09,0.11,2.98, 0.00
0.09,0.11,2.98, 0.00
0.09,0.11,2.98, 0.00
0.09,0.11,2.98, 0.00
0.09,0.11,2.98, 0.00
0.09,0.11,2.98, 0.00
0.09,0.11,2.98, 0.00
0.09,0.11,2.98, 0.00
0.09,0.08,0.04, 0.00
0.09,0.08,0.00, 0.00
0.07,0.07,0.00, 0.00
0.00,1.39,0.00, 65.76
0.00,1.39,0.00, 65.76
0.00,1.39,0.00, 65.76
0.00,1.39,0.00, 65.76
0.00,1.39,0.00, 65.76
0.00,1.39,0.00, 65.76
0.00,1.39,0.00, 65.76
0.00,1.39,0.00, 65.76
0.00,1.39,0.00, 65.76
0.00,1.39,0.00, 65.76
0.00,1.39,0.00, 65.76
0.00,1.39,0.00, 65.76
0.00,1.39,0.00, 65.76
0.00,1.39,0.00, 65.76
0.00,1.39,0.00, 65.76
0.00,1.39,0.00, 65.76
0.00,1.39,0.00, 65.76
0.00,1.39,0.00, 65.76
0.00,1.39,0.00, 65.76
0.00,1.39,0.00, 65.76
0.00,1.39,0.00, 65.76
0.00,1.39,0.00, 65.76
0.00,1.39,0.00, 65.76
0.00,1.39,0.00, 65.76
0.00,1.39,0.00, 65.76
0.00,1.39,0.00, 65.76
0.00,1.39,0.00, 65.76
0.00,1.39,0.00, 65.76
0.00,1.39,0.00, 65.76
0.00,1.39,0.00, 65.76
0.00,1.39,0.00, 65.76
0.00,1.39,0.00, 65.76
0.00,1.39,0.00, 65.76
0.00,1.39,0.00, 65.76
0.00,1.39,0.00, 65.76
0.00,1.39,0.00, 65.76
0.00,1.39,0.00, 65.76
0.00,1.39,0.00, 65.76
0.00,1.39,0.00, 65.76
0.00,1.39,0.00, 65.76
0.00,1.39,0.00, 65.76
0.00,1.39,0.00, 65.76
0.00,1.39,0.00, 65.76
0.00,1.39,0.00, 65.76
0.00,1.39,0.00, 65.76
0.00,1.39,0.00, 65.76
0.00,1.39,0.00, 65.76
0.00,1.39,0.00, 65.76
0.00,1.39,0.00, 65.76
0.00,1.39,0.00, 65.76
0.00,1.64,0.00, 12.94
0.00,1.64,0.00, 12.94
0.00,1.88,0.00, 11.75
0.00,1.88,0.00, 11.75
0.00,1.88,0.00, 11.75
0.00,1.88,0.00, 11.75
0.00,1.88,0.00, 11.75
0.00,2.09,0.00, 10.75
0.00,2.09,0.00, 10.75
0.00,2.09,0.00, 10.75
0.00,2.09,0.00, 10.75
0.00,2.09,0.00, 10.75
0.00,2.09,0.00, 10.75
0.00,2.09,0.00, 10.75
0.00,2.09,0.00, 10.75
0.00,2.09,0.00, 10.75
0.00,2.09,0.00, 10.75
0.00,2.09,0.00, 10.75
2.36,9.81,116.26, 384.38
2.36,9.81,1.71, 1.41
2.36,9.81,0.03, 0.01
2.36,9.81,0.00, 0.00
2.36,9.81,0.00, 0.00
2.36,9.81,0.00, 0.00
2.36,9.81,0.00, 0.00
2.36,9.81,0.00, 0.00
2.36,9.81,0.00, 0.00
2.36,9.81,0.00, 0.00
2.36,9.81,0.00, 0.00
2.36,9.81,0.00, 0.00
2.36,9.81,0.00, 0.00
2.36,9.81,0.00, 0.00
2.36,9.81,0.00, 0.00
2.36,9.81,0.00, 0.00
2.36,9.81,0.00, 0.00
2.36,9.81,0.00, 0.00
2.36,9.81,0.00, 0.00
2.36,9.81,0.00, 0.00
2.36,9.81,0.00, 0.00
2.36,9.81,0.00, 0.00
2.36,9.81,0.00, 0.00
2.36,9.81,0.00, 0.00
2.36,9.81,0.00, 0.00
2.36,9.81,0.00, 0.00
2.36,9.81,0.00, 0.00
2.36,9.81,0.00, 0.00
2.36,9.81,0.00, 0.00
2.36,9.81,0.00, 0.00
2.36,9.81,0.00, 0.00
2.36,9.81,0.00, 0.00
2.36,9.81,0.00, 0.00
2.36,9.81,0.00, 0.00
2.36,9.81,0.00, 0.00
2.36,9.81,0.00, 0.00
2.36,9.81,0.00, 0.00
2.36,9.81,0.00, 0.00
2.36,9.81,0.00, 0.00
2.36,9.81,0.00, 0.00
2.36,9.81,0.00, 0.00
2.36,9.81,0.00, 0.00
2.36,9.81,0.00, 0.00
2.36,9.81,0.00, 0.00
2.36,9.81,0.00, 0.00
2.36,9.81,0.00, 0.00
2.36,9.81,0.00, 0.00
2.36,9.81,0.00, 0.00
2.36,9.81,0.00, 0.00
2.36,9.81,0.00, 0.00
2.36,9.81,0.00, 0.00
2.36,9.81,0.00, 0.00
2.36,9.81,0.00, 0.00
2.36,9.81,0.00, 0.00
2.36,9.81,0.00, 0.00
2.36,9.81,0.00, 0.00
2.36,9.81,0.00, 0.00
2.36,9.81,0.00, 0.00
2.36,9.81,0.00, 0.00
2.36,9.81,0.00, 0.00
2.36,9.81,0.00, 0.00
2.36,9.81,0.00, 0.00
2.36,9.81,0.00, 0.00
2.36,9.81,0.00, 0.00
2.36,9.81,0.00, 0.00
2.36,9.81,0.00, 0.00
2.36,9.81,0.00, 0.00
2.36,9.81,0.00, 0.00
2.36,9.81,0.00, 0.00
2.36,9.81,0.00, 0.00
2.36,9.81,0.00, 0.00
2.36,9.81,0.00, 0.00
2.36,9.81,0.00, 0.00
2.36,9.81,0.00, 0.00
2.36,9.81,0.00, 0.00
2.36,9.81,0.00, 0.00
2.36,9.81,0.00, 0.00
2.36,9.81,0.00, 0.00
2.36,9.81,0.00, 0.00
2.36,9.81,0.00, 0.00
2.36,9.81,0.00, 0.00
2.36,9.81,0.00, 0.00
2.36,9.81,0.00, 0.00
2.36,9.81,0.00, 0.00
2.36,9.81,0.00, 0.00
2.36,9.81,0.00, 0.00
2.36,9.81,0.00, 0.00
2.36,9.81,0.00, 0.00
2.36,9.81,0.00, 0.00
2.36,9.81,0.00, 0.00
2.36,9.81,0.00, 0.00
2.36,9.81,0.00, 0.00
2.36,9.81,0.00, 0.00
2.36,9.81,0.00, 0.00
2.36,9.81,0.00, 0.00
2.36,9.81,0.00, 0.00
2.36,9.81,0.00, 0.00
2.36,9.81,0.00, 0.00
2.36,9.81,0.00, 0.00
2.36,9.81,0.00, 0.00
2.36,9.81,0.00, 0.00
2.36,9.81,0.00, 0.00
2.36,9.81,0.00, 0.00
2.36,9.81,0.00, 0.00
2.36,9.81,0.00, 0.00
2.36,7.98,0.00, 0.00
2.36,7.98,0.00, 0.00
2.36,7.98,0.00, 0.00
2.36,7.98,0.00, 0.00
2.36,7.98,0.00, 0.00
2.36,7.98,0.00, 0.00
2.36,7.98,0.00, 0.00
2.36,7.98,0.00, 0.00
2.36,7.98,0.00, 0.00
2.36,4.88,0.00, 0.00
0.00,4.66,0.00, 0.00
0.00,4.66,0.00, 0.00
0.59,2.94,29.07, 0.00
0.00,1.94,0.00, 0.00
0.00,1.89,0.00, 0.00
0.00,1.88,0.00, 0.00
0.00,1.88,0.00, 0.00
0.00,1.88,0.00, 0.00
0.00,1.88,0.00, 0.00
0.00,1.88,0.00, 0.00
0.00,1.88,0.00, 0.00
0.00,1.88,0.00, 0.00
0.00,1.88,0.00, 0.00
0.00,1.88,0.00, 0.00
0.00,1.88,0.00, 0.00
0.00,1.88,0.00, 0.00
0.00,1.88,0.00, 0.00
0.00,1.88,0.00, 0.00
0.00,1.88,0.00, 0.00
0.00,1.88,0.00, 0.00
0.00,1.88,0.00, 0.00
0.00,1.88,0.00, 0.00
0.00,1.88,0.00, 0.00
0.00,1.88,0.00, 0.00
0.00,1.88,0.00, 0.00
0.00,1.87,0.00, 0.00
0.00,1.87,0.00, 0.00
0.00,1.87,0.00, 0.00
0.00,1.87,0.00, 0.00
0.00,1.87,0.00, 0.00
0.00,1.87,0.00, 0.00
0.00,1.87,0.00, 0.00
0.00,1.87,0.00, 0.00
0.00,1.87,0.00, 0.00
0.00,1.87,0.00, 0.00
0.00,1.87,0.00, 0.00
0.00,1.87,0.00, 0.00
0.00,1.87,0.00, 0.00
0.00,1.87,0.00, 0.00
0.00,1.87,0.00, 0.00
0.00,1.87,0.00, 0.00
0.00,1.87,0.00, 0.00
0.00,1.87,0.00, 0.00
0.00,1.87,0.00, 0.00
0.00,1.87,0.00, 0.00
0.00,1.87,0.00, 0.00
0.00,1.87,0.00, 0.00
0.00,1.87,0.00, 0.00
0.00,1.87,0.00, 0.00
0.00,1.87,0.00, 0.00
0.00,1.87,0.00, 0.00
0.00,1.87,0.00, 0.00
0.00,1.87,0.00, 0.00
0.00,1.87,0.00, 0.00
0.00,1.87,0.00, 0.00
0.00,1.87,0.00, 0.00
0.00,1.87,0.00, 0.00
0.00,1.87,0.00, 0.00
0.00,1.87,0.00, 0.00
0.00,1.87,0.00, 0.00
0.00,1.87,0.00, 0.00
0.00,1.87,0.00, 0.00
0.00,1.87,0.00, 0.00
0.00,1.87,0.00, 0.00
0.00,1.87,0.00, 0.00
0.00,1.87,0.00, 0.00
0.00,1.87,0.00, 0.00
0.00,1.87,0.00, 0.00
0.00,1.87,0.00, 0.00
0.00,1.87,0.00, 0.00
0.00,1.87,0.00, 0.00
0.00,1.87,0.00, 0.00
0.00,1.87,0.00, 0.00
0.00,1.87,0.00, 0.00
0.00,1.87,0.00, 0.00
0.00,1.87,0.00, 0.00
0.00,1.87,0.00, 0.00
0.00,1.87,0.00, 0.00
0.00,1.87,0.00, 0.00
0.00,1.87,0.00, 0.00
0.00,1.87,0.00, 0.00
0.00,1.87,0.00, 0.00
0.00,1.87,0.00, 0.00
0.00,1.87,0.00, 0.00
0.00,1.87,0.00, 0.00
0.00,1.87,0.00, 0.00
0.00,1.87,0.00, 0.00
0.00,1.87,0.00, 0.00
0.00,1.87,0.00, 0.00
0.00,1.87,0.00, 0.00
0.00,1.87,0.00, 0.00
0.00,1.87,0.00, 0.00
0.00,1.87,0.00, 0.00
0.00,1.87,0.00, 0.00
0.00,1.87,0.00, 0.00
0.00,1.87,0.00, 0.00
0.00,1.87,0.00, 0.00
0.00,1.87,0.00, 0.00
0.00,1.87,0.00, 0.00
0.00,1.87,0.00, 0.00
0.00,1.87,0.00, 0.00
0.00,1.87,0.00, 0.00
0.00,1.87,0.00, 0.00
0.00,1.87,0.00, 0.00
0.00,1.87,0.00, 0.00
0.00,1.87,0.00, 0.00
0.00,1.87,0.00, 0.00
0.00,1.87,0.00, 0.00
0.00,1.87,0.00, 0.00
0.00,1.87,0.00, 0.00
0.00,1.87,0.00, 0.00
0.00,1.87,0.00, 0.00
0.00,1.87,0.00, 0.00
0.00,1.87,0.00, 0.00
0.00,1.87,0.00, 0.00
0.00,1.87,0.00, 0.00
0.00,1.87,0.00, 0.00
0.00,1.87,0.00, 0.00
0.00,1.87,0.00, 0.00
0.00,1.87,0.00, 0.00
0.00,1.87,0.00, 0.00
0.00,1.88,0.00, 0.50
0.00,1.87,0.00, 0.00
0.00,1.87,0.00, 0.00
0.27,1.87,13.30, 0.00
2.36,9.81,103.16, 395.55
2.36,9.81,1.52, 1.45
2.36,9.81,1.52, 1.45
2.36,9.81,0.02, 0.01
2.36,9.81,0.02, 0.01
2.36,9.81,0.02, 0.01
2.36,9.81,0.00, 0.00
2.36,9.81,0.00, 0.00
2.36,9.81,0.00, 0.00
2.36,9.81,0.00, 0.00
2.36,9.81,0.00, 0.00
2.36,9.81,0.00, 0.00
2.36,9.81,0.00, 0.00
2.36,9.81,0.00, 0.00
2.36,9.81,0.00, 0.00
2.36,9.81,0.00, 0.00
2.36,9.81,0.00, 0.00
2.36,9.81,0.00, 0.00
2.36,9.81,0.00, 0.00
2.36,9.81,0.00, 0.00
2.36,9.81,0.00, 0.00
2.36,9.81,0.00, 0.00
2.36,9.81,0.00, 0.00
2.36,9.81,0.00, 0.00
2.36,9.81,0.00, 0.00
2.36,9.81,0.00, 0.00
2.36,9.81,0.00, 0.00
2.36,9.81,0.00, 0.00
2.36,9.81,0.00, 0.00
2.36,9.81,0.00, 0.00
2.36,9.81,0.00, 0.00
2.36,9.81,0.00, 0.00
2.36,9.81,0.00, 0.00
2.36,9.81,0.00, 0.00
2.36,9.81,0.00, 0.00
2.36,9.81,0.00, 0.00
2.36,9.81,0.00, 0.00
2.36,9.81,0.00, 0.00
2.36,9.81,0.00, 0.00
2.36,9.81,0.00, 0.00
2.36,9.81,0.00, 0.00
2.36,9.81,0.00, 0.00
2.36,9.81,0.00, 0.00
2.36,9.81,0.00, 0.00
2.36,9.81,0.00, 0.00
2.36,9.81,0.00, 0.00
2.36,9.81,0.00, 0.00
2.36,9.81,0.00, 0.00
2.36,9.81,0.00, 0.00
2.36,9.81,0.00, 0.00
2.36,9.81,0.00, 0.00
2.36,9.81,0.00, 0.00
2.36,9.81,0.00, 0.00
2.36,9.81,0.00, 0.00
2.36,9.81,0.00, 0.00
2.36,9.81,0.00, 0.00
2.36,9.81,0.00, 0.00
2.36,9.81,0.00, 0.00
2.36,9.81,0.00, 0.00
2.36,9.81,0.00, 0.00
2.36,9.81,0.00, 0.00
2.36,9.81,0.00, 0.00
2.36,9.81,0.00, 0.00
2.36,9.81,0.00, 0.00
2.36,9.81,0.00, 0.00
2.36,9.81,0.00, 0.00
2.36,9.81,0.00, 0.00
2.36,9.81,0.00, 0.00
2.36,9.81,0.00, 0.00
2.36,9.81,0.00, 0.00
2.36,9.78,0.00, 0.00
2.36,9.67,0.00, 0.00
2.36,9.52,0.00, 0.00
2.36,9.37,0.00, 0.00
2.36,9.37,0.00, 0.00
2.36,9.37,0.00, 0.00
2.36,9.37,0.00, 0.00
2.36,9.24,0.00, 0.00
2.36,9.24,0.00, 0.00
2.36,9.15,0.00, 0.00
2.36,9.15,0.00, 0.00
2.36,9.15,0.00, 0.00
2.36,9.15,0.00, 0.00
2.36,9.15,0.00, 0.00
2.36,9.15,0.00, 0.00
2.36,9.15,0.00, 0.00
2.36,9.15,0.00, 0.00
2.36,9.15,0.00, 0.00
2.36,9.15,0.00, 0.00
2.36,9.15,0.00, 0.00
2.36,9.15,0.00, 0.00
2.36,9.15,0.00, 0.00
2.36,9.15,0.00, 0.00
2.36,9.15,0.00, 0.00
2.36,9.15,0.00, 0.00
2.36,9.15,0.00, 0.00
2.36,9.15,0.00, 0.00
2.36,9.15,0.00, 0.00
2.36,9.15,0.00, 0.00
2.36,9.15,0.00, 0.00
2.36,9.15,0.00, 0.00
2.36,9.15,0.00, 0.00
2.36,9.15,0.00, 0.00
2.36,9.15,0.00, 0.00
2.36,9.15,0.00, 0.00
2.36,9.15,0.00, 0.00
2.36,9.15,0.00, 0.00
2.36,9.15,0.00, 0.00
2.36,9.15,0.00, 0.00
2.36,9.04,0.00, 0.00
2.36,9.04,0.00, 0.00
2.36,9.04,0.00, 0.00
2.36,9.04,0.00, 0.00
2.36,9.04,0.00, 0.00
2.36,9.04,0.00, 0.00
2.36,9.04,0.00, 0.00
2.36,9.04,0.00, 0.00
2.36,9.04,0.00, 0.00
2.36,9.04,0.00, 0.00
2.36,9.04,0.00, 0.00
2.36,9.04,0.00, 0.00
2.36,9.04,0.00, 0.00
2.36,9.04,0.00, 0.00
2.36,9.04,0.00, 0.00
2.36,9.04,0.00, 0.00
2.36,9.04,0.00, 0.00
2.36,9.04,0.00, 0.00
2.36,9.04,0.00, 0.00
2.36,9.04,0.00, 0.00
2.36,8.64,0.00, 0.00
2.36,8.64,0.00, 0.00
2.36,8.64,0.00, 0.00
2.36,8.64,0.00, 0.00
2.36,8.64,0.00, 0.00
2.36,8.64,0.00, 0.00
2.36,8.64,0.00, 0.00
2.36,8.64,0.00, 0.00
2.36,8.64,0.00, 0.00
2.36,8.64,0.00, 0.00
2.36,8.64,0.00, 0.00
2.36,8.64,0.00, 0.00
2.36,8.64,0.00, 0.00
2.36,8.64,0.00, 0.00
2.36,8.64,0.00, 0.00
2.36,8.64,0.00, 0.00
2.36,8.64,0.00, 0.00
2.36,8.64,0.00, 0.00
2.36,8.64,0.00, 0.00
2.36,8.64,0.00, 0.00
2.36,8.64,0.00, 0.00
2.36,8.64,0.00, 0.00
2.36,8.64,0.00, 0.00
2.36,8.64,0.00, 0.00
2.36,8.64,0.00, 0.00
2.36,8.64,0.00, 0.00
2.36,8.64,0.00, 0.00
2.36,8.64,0.00, 0.00
2.36,8.64,0.00, 0.00
2.36,8.64,0.00, 0.00
2.36,8.64,0.00, 0.00
2.36,8.64,0.00, 0.00
2.36,8.64,0.00, 0.00
2.36,8.64,0.00, 0.00
2.36,8.64,0.00, 0.00
2.36,8.64,0.00, 0.00
2.36,8.64,0.00, 0.00
2.36,8.64,0.00, 0.00
2.36,8.64,0.00, 0.00
2.36,8.64,0.00, 0.00
2.36,8.64,0.00, 0.00
2.36,8.64,0.00, 0.00
2.36,8.64,0.00, 0.00
2.36,8.64,0.00, 0.00
2.36,8.64,0.00, 0.00
2.36,8.64,0.00, 0.00
2.36,8.64,0.00, 0.00
2.36,8.64,0.00, 0.00
2.36,8.64,0.00, 0.00
2.36,8.64,0.00, 0.00
2.36,8.64,0.00, 0.00
2.36,8.64,0.00, 0.00
2.36,8.64,0.00, 0.00
2.36,8.64,0.00, 0.00
2.36,8.64,0.00, 0.00
2.36,8.64,0.00, 0.00
2.36,8.64,0.00, 0.00
2.36,8.64,0.00, 0.00
2.36,8.64,0.00, 0.00
2.36,8.64,0.00, 0.00
2.36,8.64,0.00, 0.00
2.36,8.64,0.00, 0.00
2.36,8.64,0.00, 0.00
2.36,8.64,0.00, 0.00
2.36,8.64,0.00, 0.00
2.36,8.64,0.00, 0.00
2.36,8.64,0.00, 0.00
2.36,8.64,0.00, 0.00
2.36,8.64,0.00, 0.00
2.36,8.64,0.00, 0.00
2.36,8.64,0.00, 0.00
2.36,8.64,0.00, 0.00
2.36,8.64,0.00, 0.00
2.36,8.64,0.00, 0.00
2.36,8.64,0.00, 0.00
2.36,8.64,0.00, 0.00
2.36,8.64,0.00, 0.00
2.36,8.64,0.00, 0.00
2.36,8.64,0.00, 0.00
2.36,8.64,0.00, 0.00
2.36,8.55,0.00, 0.00
2.36,8.55,0.00, 0.00
1.93,4.39,0.00, 0.00
1.93,4.39,0.00, 0.00
1.93,4.39,0.00, 0.00
1.93,4.39,0.00, 0.00
1.93,4.39,0.00, 0.00
1.93,4.39,0.00, 0.00
1.93,4.39,0.00, 0.00
1.93,4.39,0.00, 0.00
1.93,4.39,0.00, 0.00
1.93,4.39,0.00, 0.00
1.93,4.39,0.00, 0.00
1.93,4.39,0.00, 0.00
1.93,4.39,0.00, 0.00
1.93,4.39,0.00, 0.00
1.93,4.39,0.00, 0.00
1.93,4.39,0.00, 0.00
0.00,1.85,0.00, 0.00
0.00,1.85,0.00, 0.00
2.36,5.89,116.26, 201.76
2.36,6.02,1.71, 6.97
2.36,8.49,0.03, 123.32
2.36,8.67,0.00, 9.17
2.36,8.67,0.00, 9.17
2.36,8.90,0.00, 11.49
2.36,9.23,0.00, 16.23
2.36,9.56,0.00, 16.75
2.36,9.80,0.00, 12.02
2.36,9.81,0.00, 0.54
2.36,9.81,0.00, 0.00
2.36,9.81,0.00, 0.00
2.36,9.81,0.00, 0.00
2.36,9.81,0.00, 0.00
2.36,9.81,0.00, 0.00
2.36,9.81,0.00, 0.00
2.36,9.81,0.00, 0.00
2.36,9.81,0.00, 0.00
2.36,9.81,0.00, 0.00
2.36,9.81,0.00, 0.00
2.36,9.81,0.00, 0.00
2.36,9.81,0.00, 0.00
2.36,9.81,0.00, 0.00
2.36,9.81,0.00, 0.00
2.36,9.81,0.00, 0.00
2.36,9.81,0.00, 0.00
2.36,9.81,0.00, 0.00
2.36,9.81,0.00, 0.00
2.36,9.81,0.00, 0.00
2.36,9.81,0.00, 0.00
2.36,9.81,0.00, 0.00
2.36,9.81,0.00, 0.00
2.36,9.81,0.00, 0.00
2.36,9.81,0.00, 0.00
2.36,9.81,0.00, 0.00
2.36,9.81,0.00, 0.00
2.36,9.81,0.00, 0.00
2.36,9.81,0.00, 0.00
2.36,9.81,0.00, 0.00
2.36,9.81,0.00, 0.00
2.36,9.81,0.00, 0.00
2.36,9.81,0.00, 0.00
2.36,9.81,0.00, 0.00
2.36,9.81,0.00, 0.00
2.36,9.81,0.00, 0.00
2.36,9.81,0.00, 0.00
2.36,9.81,0.00, 0.00
2.36,9.81,0.00, 0.00
2.36,9.81,0.00, 0.00
2.36,9.81,0.00, 0.00
2.36,9.81,0.00, 0.00
2.36,9.81,0.00, 0.00
2.36,9.81,0.00, 0.00
2.36,9.81,0.00, 0.00
2.36,9.81,0.00, 0.00
2.36,9.81,0.00, 0.00
2.34,9.81,0.00, 0.00
2.36,9.81,0.99, 0.00
2.36,9.81,0.99, 0.00
2.36,9.81,0.01, 0.00
2.36,9.81,0.00, 0.00
2.36,9.81,0.00, 0.00
2.36,9.81,0.00, 0.00
2.36,9.81,0.00, 0.00
2.36,9.81,0.00, 0.00
2.36,9.81,0.00, 0.00
2.36,9.81,0.00, 0.00
2.36,9.81,0.00, 0.00
2.36,9.81,0.00, 0.00
2.36,9.81,0.00, 0.00
2.36,9.81,0.00, 0.00
2.36,9.81,0.00, 0.00
2.36,9.81,0.00, 0.00
2.36,9.81,0.00, 0.00
2.36,9.81,0.00, 0.00
2.36,9.81,0.00, 0.00
2.36,9.81,0.00, 0.00
2.36,9.81,0.00, 0.00
2.36,9.81,0.00, 0.00
2.36,9.81,0.00, 0.00
2.36,9.81,0.00, 0.00
2.36,9.81,0.00, 0.00
2.36,9.81,0.00, 0.00
2.36,9.76,0.00, 0.00
2.36,9.53,0.00, 0.00
2.36,9.19,0.00, 0.00
2.36,8.82,0.00, 0.00
2.36,8.53,0.00, 0.00
2.36,8.39,0.00, 0.00
2.36,8.30,0.00, 0.00
2.36,8.30,0.00, 0.00
2.36,8.30,0.00, 0.00
2.36,8.30,0.00, 0.00
2.36,8.30,0.00, 0.00
2.36,8.28,0.00, 0.00
2.36,8.28,0.00, 0.25
2.36,8.30,0.00, 0.75
2.36,8.39,0.00, 4.49
2.36,8.35,0.00, 0.00
2.36,8.26,0.00, 0.00
2.36,8.26,0.00, 0.00
2.36,8.16,0.00, 0.00
2.36,8.05,0.00, 0.00
2.36,7.90,0.00, 0.00
2.36,7.75,0.00, 0.00
2.36,7.58,0.00, 0.00
2.36,7.35,0.00, 0.00
2.36,7.09,0.00, 0.00
2.36,6.80,0.00, 0.00
2.36,6.80,0.00, 0.00
2.36,6.80,0.00, 0.00
2.36,6.80,0.00, 0.00
2.36,6.80,0.00, 0.00
2.36,6.80,0.00, 0.00
2.36,6.80,0.00, 0.00
2.36,6.80,0.00, 0.00
2.36,6.80,0.00, 0.00
2.36,6.49,0.00, 0.00
2.36,6.49,0.00, 0.00
2.36,6.49,0.00, 0.00
2.36,6.49,0.00, 0.00
2.36,6.49,0.00, 0.00
2.36,6.49,0.00, 0.00
2.36,6.49,0.00, 0.00
2.36,6.49,0.00, 0.00
2.36,6.49,0.00, 0.00
2.36,6.49,0.00, 0.00
2.36,6.49,0.00, 0.00
2.36,6.49,0.00, 0.00
2.36,6.49,0.00, 0.00
2.36,6.49,0.00, 0.00
2.36,6.49,0.00, 0.00
2.36,6.49,0.00, 0.00
2.36,6.20,0.00, 0.00
2.36,6.20,0.00, 0.00
2.36,5.97,0.00, 0.00
2.36,5.22,0.00, 0.00
0.00,2.73,0.00, 0.00
0.97,2.51,47.79, 0.00
0.97,2.51,47.79, 0.00
0.32,2.28,0.00, 0.00
0.00,2.07,0.00, 0.00
0.03,1.90,1.48, 0.00
0.00,1.70,0.00, 0.00
0.00,1.62,0.00, 0.00
0.00,1.62,0.00, 0.00
0.00,1.62,0.00, 0.00
0.00,1.62,0.00, 0.00
0.00,1.62,0.00, 0.00
0.00,1.62,0.00, 0.00
0.00,1.62,0.00, 0.00
0.00,1.62,0.00, 0.00
0.00,1.62,0.00, 0.00
0.00,1.62,0.00, 0.00
0.00,1.62,0.00, 0.00
0.00,1.62,0.00, 0.00
0.00,1.62,0.00, 0.00
0.00,1.62,0.00, 0.00
0.00,1.62,0.00, 0.00
0.00,1.62,0.00, 0.00
0.00,1.62,0.00, 0.00
0.00,1.62,0.00, 0.00
0.00,1.62,0.00, 0.00
0.00,1.62,0.00, 0.00
0.00,1.62,0.00, 0.00
0.00,1.62,0.00, 0.00
0.00,1.62,0.00, 0.00
0.00,1.62,0.00, 0.00
0.00,1.62,0.00, 0.00
0.00,1.62,0.00, 0.00
0.00,1.58,0.00, 0.00
0.00,1.58,0.00, 0.00
0.00,1.53,0.00, 0.00
0.00,1.49,0.00, 0.00
0.00,1.36,0.00, 0.00
0.00,1.35,0.00, 0.00
0.00,1.35,0.00, 0.00
0.00,1.37,0.00, 1.25
0.00,1.36,0.00, 0.00
0.00,1.36,0.00, 0.00
0.00,1.37,0.00, 0.75
0.00,1.37,0.00, 0.75
0.00,1.37,0.00, 0.75
0.00,1.37,0.00, 0.75
0.00,1.37,0.00, 0.75
0.00,1.37,0.00, 0.75
0.00,1.37,0.00, 0.75
0.00,1.37,0.00, 0.75
0.00,1.36,0.00, 0.00
0.00,1.36,0.00, 0.00
0.00,1.35,0.00, 0.00
0.00,1.36,0.00, 0.50
0.00,1.36,0.00, 0.50
0.00,1.47,0.00, 5.73
0.00,1.47,0.00, 5.73
0.00,1.47,0.00, 5.73
0.00,1.47,0.00, 5.73
0.00,1.47,0.00, 5.73
0.00,1.47,0.00, 5.73
0.00,1.47,0.00, 5.73
0.00,1.47,0.00, 5.73
0.00,1.47,0.00, 5.73
0.00,1.47,0.00, 5.73
0.00,1.47,0.00, 5.73
0.00,1.47,0.00, 5.73
0.00,1.47,0.00, 5.73
0.00,1.47,0.00, 5.73
0.00,1.47,0.00, 5.73
0.00,1.47,0.00, 5.73
0.00,1.47,0.00, 5.73
0.00,1.47,0.00, 5.73
0.00,1.47,0.00, 5.73
0.00,1.47,0.00, 5.73
0.00,1.47,0.00, 5.73
0.00,1.50,0.00, 1.52
0.00,1.55,0.00, 2.25
1.93,3.67,95.08, 105.87
1.93,3.67,95.08, 105.87
2.11,3.87,10.27, 10.35
2.25,4.03,7.05, 8.01
2.29,4.19,2.07, 7.75
2.36,4.35,3.48, 8.25
2.36,4.51,0.05, 7.75
2.36,4.51,0.05, 7.75
2.36,4.51,0.05, 7.75
2.36,4.51,0.05, 7.75
2.36,4.51,0.05, 7.75
2.36,4.68,0.00, 8.50
2.36,4.68,0.00, 8.50
2.36,4.68,0.00, 8.50
2.36,4.80,0.00, 6.01
2.36,4.80,0.00, 6.01
2.36,4.80,0.00, 6.01
2.36,4.80,0.00, 6.01
2.36,4.80,0.00, 6.01
2.36,4.80,0.00, 6.01
2.36,4.80,0.00, 6.01
2.36,4.80,0.00, 6.01
2.36,4.80,0.00, 6.01
2.36,4.80,0.00, 6.01
2.36,4.80,0.00, 6.01
2.36,4.80,0.00, 6.01
2.36,4.80,0.00, 6.01
2.36,4.80,0.00, 6.01
2.36,4.80,0.00, 6.01
2.36,4.80,0.00, 6.01
2.36,4.80,0.00, 6.01
2.36,4.80,0.00, 6.01
2.36,4.80,0.00, 6.01
2.36,4.80,0.00, 6.01
2.36,4.80,0.00, 6.01
2.36,4.80,0.00, 6.01
2.36,4.80,0.00, 6.01
2.36,4.80,0.00, 6.01
2.36,4.80,0.00, 6.01
2.36,4.86,0.00, 3.51
2.36,5.49,0.00, 31.40
2.36,5.86,0.00, 18.55
2.36,9.81,0.00, 196.60
2.36,9.81,0.00, 0.72
2.36,9.81,0.00, 0.00
2.36,9.81,0.00, 0.00
2.36,9.81,0.00, 0.00
2.36,9.81,0.00, 0.00
2.36,9.81,0.00, 0.00
2.36,9.81,0.00, 0.00
2.36,9.81,0.00, 0.00
2.36,9.81,0.00, 0.00
2.36,9.81,0.00, 0.00
2.36,9.81,0.00, 0.00
2.36,9.81,0.00, 0.00
2.36,9.81,0.00, 0.00
2.36,9.81,0.00, 0.00
2.36,9.81,0.00, 0.00
2.36,9.81,0.00, 0.00
2.36,9.81,0.00, 0.00
2.36,9.81,0.00, 0.00
2.36,9.81,0.00, 0.00
2.36,9.81,0.00, 0.00
2.36,9.57,0.00, 0.00
2.36,9.31,0.00, 0.00
2.36,9.31,0.00, 0.00
2.36,9.31,0.00, 0.00
2.36,9.31,0.00, 0.00
2.36,9.31,0.00, 0.00
2.34,9.34,0.00, 1.49
2.34,9.34,0.00, 1.49
2.36,9.44,0.99, 5.49
2.36,9.65,0.01, 9.98
2.36,9.81,0.00, 8.26
2.36,9.77,0.00, 0.00
2.36,9.77,0.00, 0.00
2.36,9.81,0.00, 1.74
2.36,9.81,0.00, 1.74
2.36,9.81,0.00, 1.74
2.36,9.81,0.00, 1.74
2.36,9.81,0.00, 1.74
2.36,9.81,0.00, 1.74
2.36,9.81,0.00, 1.74
2.34,9.81,0.00, 0.01
2.34,9.81,0.00, 0.01
2.36,9.81,0.99, 0.00
2.36,9.81,0.01, 0.00
2.36,9.81,0.00, 0.00
2.36,9.81,0.00, 0.00
2.36,9.81,0.00, 0.00
2.36,9.81,0.00, 0.00
2.36,9.81,0.00, 0.00
2.36,9.81,0.00, 0.00
2.36,9.81,0.00, 0.00
2.36,9.81,0.00, 0.00
2.36,9.81,0.00, 0.00
2.36,9.81,0.00, 0.00
2.36,9.81,0.00, 0.00
2.36,9.81,0.00, 0.00
2.36,9.81,0.00, 0.00
2.36,9.81,0.00, 0.00
2.36,9.81,0.00, 0.00
2.36,9.81,0.00, 0.00
2.36,9.81,0.00, 0.00
2.36,9.81,0.00, 0.00
2.36,9.81,0.00, 0.00
2.36,9.67,0.00, 0.00
2.36,9.55,0.00, 0.00
2.36,9.10,0.00, 0.00
2.36,8.83,0.00, 0.00
2.36,8.83,0.00, 0.00
2.34,8.64,0.00, 0.00
2.36,8.49,0.99, 0.00
2.36,8.34,0.01, 0.00
2.36,8.23,0.00, 0.00
2.36,8.15,0.00, 0.00
2.36,8.07,0.00, 0.00
2.36,8.07,0.00, 0.00
2.36,8.07,0.00, 0.00
2.36,8.07,0.00, 0.00
2.34,7.95,0.00, 0.00
2.36,7.85,0.99, 0.00
2.36,7.71,0.01, 0.00
2.36,7.25,0.00, 0.00
2.36,7.08,0.00, 0.00
2.36,6.90,0.00, 0.00
2.36,6.90,0.00, 0.00
2.36,6.90,0.00, 0.00
2.36,6.90,0.00, 0.00
2.36,6.90,0.00, 0.00
2.36,6.90,0.00, 0.00
2.36,6.76,0.00, 0.00
2.36,6.65,0.00, 0.00
2.36,6.65,0.00, 0.00
2.36,6.61,0.00, 0.00
2.36,6.61,0.00, 0.00
2.36,6.61,0.00, 0.00
2.36,6.61,0.00, 0.00
2.36,6.61,0.00, 0.00
2.36,6.61,0.00, 0.00
2.36,6.61,0.00, 0.00
2.36,6.61,0.00, 0.00
2.36,6.61,0.00, 0.00
2.36,6.61,0.00, 0.00
2.36,6.61,0.00, 0.00
2.36,6.61,0.00, 0.00
2.36,6.61,0.00, 0.00
2.36,6.61,0.00, 0.00
2.36,6.61,0.00, 0.00
2.36,6.61,0.00, 0.00
2.36,6.61,0.00, 0.00
2.36,6.61,0.00, 0.00
2.36,6.61,0.00, 0.00
2.36,6.61,0.00, 0.00
2.36,6.61,0.00, 0.00
2.36,6.61,0.00, 0.00
2.36,6.61,0.00, 0.00
2.36,6.61,0.00, 0.00
2.36,6.61,0.00, 0.00
2.36,6.61,0.00, 0.00
2.36,6.61,0.00, 0.00
2.36,6.61,0.00, 0.00
2.36,6.61,0.00, 0.00
2.36,6.61,0.00, 0.00
2.36,6.61,0.00, 0.00
2.36,6.61,0.00, 0.00
2.36,6.61,0.00, 0.00
2.36,6.61,0.00, 0.00
2.36,6.61,0.00, 0.00
2.36,6.61,0.00, 0.00
2.36,6.61,0.00, 0.00
2.36,6.57,0.00, 0.00
2.36,6.51,0.00, 0.00
2.36,6.51,0.00, 0.00
2.36,6.51,0.00, 0.00
2.36,6.51,0.00, 0.00
2.36,6.51,0.00, 0.00
2.36,6.51,0.00, 0.00
2.36,6.51,0.00, 0.00
2.36,6.51,0.00, 0.00
2.36,6.51,0.00, 0.00
2.36,6.51,0.00, 0.00
2.36,6.51,0.00, 0.00
2.36,6.51,0.00, 0.00
2.36,6.51,0.00, 0.00
2.36,6.51,0.00, 0.00
2.36,6.51,0.00, 0.00
2.36,6.51,0.00, 0.00
2.36,6.51,0.00, 0.00
2.36,6.51,0.00, 0.00
2.36,6.51,0.00, 0.00
2.36,6.34,0.00, 0.00
2.36,6.34,0.00, 0.00
2.36,6.34,0.00, 0.00
0.00,1.92,0.00, 0.00
0.00,1.92,0.00, 0.00
0.00,1.92,0.00, 0.00
0.00,1.92,0.00, 0.00
0.00,1.92,0.00, 0.00
0.00,1.92,0.00, 0.00
0.00,1.92,0.00, 0.00
0.00,1.92,0.00, 0.00
0.00,1.92,0.00, 0.00
0.00,1.92,0.00, 0.00
0.00,1.92,0.00, 0.00
0.00,1.92,0.00, 0.00
0.00,1.92,0.00, 0.00
0.00,1.92,0.00, 0.00
0.38,1.80,18.72, 0.00
0.38,1.80,18.72, 0.00
0.38,1.80,18.72, 0.00
0.38,1.80,18.72, 0.00
0.38,1.80,18.72, 0.00
0.38,1.80,18.72, 0.00
0.38,1.80,18.72, 0.00
0.38,1.80,18.72, 0.00
0.38,1.80,18.72, 0.00
0.38,1.80,18.72, 0.00
0.38,1.80,18.72, 0.00
0.38,1.80,18.72, 0.00
0.38,1.80,18.72, 0.00
0.38,1.80,18.72, 0.00
0.00,1.44,0.00, 0.00
0.00,1.44,0.00, 0.00
0.00,1.44,0.00, 0.00
0.00,1.44,0.00, 0.00
0.00,1.44,0.00, 0.00
0.00,1.44,0.00, 0.00
0.00,1.44,0.00, 0.00
0.00,1.44,0.00, 0.00
0.00,1.44,0.00, 0.00
0.00,1.44,0.00, 0.00
0.00,1.44,0.00, 0.00
0.00,1.44,0.00, 0.00
0.00,1.44,0.00, 0.00
0.00,1.44,0.00, 0.00
0.00,1.44,0.00, 0.00
0.00,1.44,0.00, 0.00
0.00,1.44,0.00, 0.00
0.00,1.44,0.00, 0.00
0.00,1.44,0.00, 0.00
0.00,1.44,0.00, 0.00
0.00,1.44,0.00, 0.00
0.00,1.44,0.00, 0.00
0.00,1.44,0.00, 0.00
0.00,1.44,0.00, 0.00
0.00,1.44,0.00, 0.00
0.00,1.46,0.00, 1.25
0.00,1.46,0.00, 1.25
0.00,1.41,0.00, 0.00
0.00,1.41,0.00, 0.00
0.00,1.41,0.00, 0.00
0.00,1.52,0.00, 5.23
0.00,1.52,0.00, 5.23
1.93,3.14,95.08, 80.97
2.20,3.53,14.70, 19.72
2.36,3.97,8.10, 21.49
2.36,4.17,0.12, 10.29
2.36,4.17,0.12, 10.29
2.36,4.38,0.00, 10.25
2.36,4.38,0.00, 10.25
2.36,4.38,0.00, 10.25
2.36,4.38,0.00, 10.25
2.36,4.38,0.00, 10.25
2.36,4.38,0.00, 10.25
2.36,4.38,0.00, 10.25
2.36,4.38,0.00, 10.25
2.36,4.38,0.00, 10.25
2.36,4.38,0.00, 10.25
2.36,4.38,0.00, 10.25
2.36,4.38,0.00, 10.25
2.36,4.38,0.00, 10.25
2.36,4.38,0.00, 10.25
2.36,4.38,0.00, 10.25
2.36,4.38,0.00, 10.25
2.36,4.38,0.00, 10.25
2.36,4.38,0.00, 10.25
2.36,4.38,0.00, 10.25
2.36,4.38,0.00, 10.25
2.36,4.38,0.00, 10.25
2.36,4.38,0.00, 10.25
2.36,4.38,0.00, 10.25
2.36,4.38,0.00, 10.25
2.36,4.38,0.00, 10.25
2.36,4.57,0.00, 9.50
2.36,4.71,0.00, 7.26
2.36,4.84,0.00, 6.50
2.36,8.27,0.00, 170.90
2.36,8.43,0.00, 8.85
2.36,8.67,0.00, 11.74
2.36,8.85,0.00, 9.26
2.36,8.97,0.00, 5.51
2.36,9.05,0.00, 4.01
2.36,9.12,0.00, 4.00
2.36,9.18,0.00, 2.51
2.36,9.16,0.00, 0.00
2.36,9.17,0.00, 0.50
2.36,9.18,0.00, 0.50
2.36,9.22,0.00, 1.75
2.36,9.26,0.00, 2.25
2.36,9.28,0.00, 1.25
2.36,9.26,0.00, 0.00
2.36,9.15,0.00, 0.00
2.36,8.97,0.00, 0.00
2.36,8.77,0.00, 0.00
2.36,8.61,0.00, 0.00
2.36,8.42,0.00, 0.00
2.36,8.20,0.00, 0.00
2.36,7.99,0.00, 0.00
2.36,7.80,0.00, 0.00
2.36,7.80,0.00, 0.00
2.36,7.80,0.00, 0.00
2.36,7.80,0.00, 0.00
2.36,7.61,0.00, 0.00
2.36,7.51,0.00, 0.00
2.36,7.45,0.00, 0.00
2.36,7.96,0.00, 25.41
2.36,8.17,0.00, 10.55
2.36,8.40,0.00, 11.25
2.36,8.40,0.00, 11.25
2.36,8.40,0.00, 11.25
2.36,8.40,0.00, 11.25
2.36,8.61,0.00, 11.00
2.36,8.61,0.00, 11.00
2.36,8.61,0.00, 11.00
2.36,8.61,0.00, 11.00
2.36,8.81,0.00, 9.51
2.36,8.93,0.00, 6.51
2.36,8.93,0.00, 6.51
2.36,9.20,0.00, 13.23
2.36,9.20,0.00, 13.23
2.36,9.54,0.00, 16.99
2.36,9.80,0.00, 12.77
2.36,9.81,0.00, 0.79
2.36,9.81,0.00, 0.00
2.36,9.81,0.00, 0.00
2.36,9.81,0.00, 0.00
2.36,9.81,0.00, 0.00
2.36,9.81,0.00, 0.00
2.36,9.81,0.00, 0.00
2.36,9.81,0.00, 0.00
2.36,9.81,0.00, 0.00
2.36,9.81,0.00, 0.00
2.36,9.81,0.00, 0.00
2.36,9.81,0.00, 0.00
2.36,9.81,0.00, 0.00
2.36,9.81,0.00, 0.00
2.36,9.81,0.00, 0.00
2.36,9.81,0.00, 0.00
2.36,9.79,0.00, 0.00
2.36,9.74,0.00, 0.00
2.36,9.74,0.00, 0.00
2.36,9.74,0.00, 0.00
2.36,9.74,0.00, 0.00
2.36,9.68,0.00, 0.00
2.36,9.60,0.00, 0.00
2.36,9.45,0.00, 0.00
2.36,8.84,0.00, 0.00
2.36,8.62,0.00, 0.00
2.36,8.40,0.00, 0.00
2.36,8.15,0.00, 0.00
2.36,8.15,0.00, 0.00
2.36,8.15,0.00, 0.00
2.36,7.91,0.00, 0.00
2.36,7.91,0.00, 0.00
2.36,7.91,0.00, 0.00
2.36,7.91,0.00, 0.00
2.36,7.91,0.00, 0.00
2.36,7.78,0.00, 0.00
2.36,7.70,0.00, 0.00
2.36,7.62,0.00, 0.00
2.36,7.62,0.00, 0.00
2.36,7.60,0.00, 0.00
2.36,7.61,0.00, 0.50
2.36,7.61,0.00, 0.50
2.36,7.60,0.00, 0.00
2.36,7.59,0.00, 0.00
2.36,7.59,0.00, 0.00
2.36,7.59,0.00, 0.00
2.36,7.59,0.00, 0.00
2.36,7.59,0.00, 0.00
2.36,7.59,0.00, 0.00
2.36,7.59,0.00, 0.00
2.36,7.59,0.00, 0.00
2.36,7.59,0.00, 0.00
2.36,7.59,0.00, 0.00
2.36,7.59,0.00, 0.00
2.36,7.59,0.00, 0.00
2.36,7.59,0.00, 0.00
2.36,7.59,0.00, 0.00
2.36,7.59,0.00, 0.00
2.36,7.56,0.00, 0.00
2.36,7.56,0.00, 0.00
2.36,7.56,0.00, 0.00
2.36,7.56,0.00, 0.00
2.36,7.56,0.00, 0.00
2.36,7.56,0.00, 0.00
2.36,7.56,0.00, 0.00
2.36,7.56,0.00, 0.00
2.36,7.56,0.00, 0.00
2.36,7.56,0.00, 0.00
2.36,7.56,0.00, 0.00
2.36,7.56,0.00, 0.00
2.36,7.56,0.00, 0.00
2.36,7.56,0.00, 0.00
2.36,7.36,0.00, 0.00
2.36,7.36,0.00, 0.00
2.36,7.27,0.00, 0.00
2.36,5.30,0.00, 0.00
2.36,2.42,0.00, 0.00
2.36,2.28,0.00, 0.00
1.77,2.07,0.00, 0.00
0.00,1.86,0.00, 0.00
0.00,1.86,0.00, 0.00
0.07,1.67,3.45, 0.00
0.07,1.67,3.45, 0.00
0.07,1.67,3.45, 0.00
0.07,1.67,3.45, 0.00
0.07,1.67,3.45, 0.00
0.07,1.67,3.45, 0.00
0.07,1.67,3.45, 0.00
0.50,1.57,21.23, 0.00
0.50,1.57,21.23, 0.00
0.50,1.57,21.23, 0.00
0.50,1.57,21.23, 0.00
0.50,1.57,21.23, 0.00
0.50,1.57,21.23, 0.00
0.50,1.57,21.23, 0.00
0.18,1.47,0.00, 0.00
0.18,1.47,0.00, 0.00
0.00,1.37,0.00, 0.00
0.00,0.88,0.00, 0.00
0.00,0.46,0.00, 0.00
0.00,0.46,0.00, 0.00
0.00,0.46,0.00, 0.00
0.00,0.46,0.00, 0.00
0.00,0.46,0.00, 0.00
0.00,0.46,0.00, 0.00
0.00,0.46,0.00, 0.00
0.00,0.46,0.00, 0.00
0.00,0.46,0.00, 0.00
0.00,0.46,0.00, 0.00
0.00,0.46,0.00, 0.00
0.00,0.46,0.00, 0.00
0.03,0.40,1.48, 0.00
0.03,0.36,0.02, 0.00
0.03,0.36,0.02, 0.00
0.00,0.31,0.00, 0.00
0.00,0.31,0.00, 0.00
0.00,0.31,0.00, 0.00
0.00,0.31,0.00, 0.00
0.00,0.31,0.00, 0.00
0.00,0.31,0.00, 0.00
0.00,0.31,0.00, 0.00
0.00,0.31,0.00, 0.00
0.00,0.31,0.00, 0.00
0.00,0.31,0.00, 0.00
0.00,0.31,0.00, 0.00
0.00,0.31,0.00, 0.00
0.00,0.31,0.00, 0.00
0.00,0.31,0.00, 0.00
0.00,0.31,0.00, 0.00
0.00,0.31,0.00, 0.00
0.00,0.31,0.00, 0.00
0.00,0.31,0.00, 0.00
0.00,0.31,0.00, 0.00
0.00,0.31,0.00, 0.00
0.00,0.31,0.00, 0.00
0.00,0.31,0.00, 0.00
0.00,0.31,0.00, 0.00
0.00,0.31,0.00, 0.00
0.00,0.31,0.00, 0.00
0.00,0.31,0.00, 0.00
0.00,0.31,0.00, 0.00
0.00,0.31,0.00, 0.00
0.00,0.31,0.00, 0.00
0.00,0.31,0.00, 0.00
0.00,0.31,0.00, 0.00
0.00,0.31,0.00, 0.00
0.00,0.31,0.00, 0.00
0.00,0.31,0.00, 0.00
0.00,0.34,0.00, 1.49
0.00,0.34,0.00, 1.49
0.00,0.38,0.00, 2.00
0.00,1.60,0.00, 60.53
0.70,2.91,34.49, 65.73
1.08,3.37,19.23, 23.16
1.08,3.37,19.23, 23.16
1.08,3.37,19.23, 23.16
1.08,3.37,19.23, 23.16
1.08,3.37,19.23, 23.16
1.08,3.37,19.23, 23.16
1.08,3.37,19.23, 23.16
1.08,3.37,19.23, 23.16
1.08,3.37,19.23, 23.16
1.08,3.37,19.23, 23.16
1.08,3.37,19.23, 23.16
1.08,3.37,19.23, 23.16
1.08,3.37,19.23, 23.16
1.08,3.37,19.23, 23.16
1.08,3.37,19.23, 23.16
1.08,3.37,19.23, 23.16
1.08,3.37,19.23, 23.16
1.08,3.37,19.23, 23.16
1.08,3.37,19.23, 23.16
1.08,3.37,19.23, 23.16
1.08,3.37,19.23, 23.16
1.08,3.37,19.23, 23.16
1.08,3.37,19.23, 23.16
1.08,3.37,19.23, 23.16
1.08,3.37,19.23, 23.16
1.08,3.37,19.23, 23.16
1.08,3.37,19.23, 23.16
1.08,3.37,19.23, 23.16
1.08,3.37,19.23, 23.16
1.08,3.37,19.23, 23.16
1.26,3.58,9.15, 10.55
1.26,3.58,9.15, 10.55
1.26,3.58,9.15, 10.55
1.26,3.58,9.15, 10.55
1.26,3.58,9.15, 10.55
1.26,3.58,9.15, 10.55
1.26,3.58,9.15, 10.55
1.26,3.58,9.15, 10.55
1.26,3.58,9.15, 10.55
1.51,3.78,12.45, 10.25
1.73,4.06,11.02, 13.49
2.36,8.55,31.20, 223.98
2.36,9.34,0.46, 40.18
2.36,9.39,0.01, 2.64
2.36,9.40,0.00, 0.26
2.36,9.40,0.00, 0.26
2.36,9.48,0.00, 4.24
2.36,9.43,0.00, 0.00
2.36,9.47,0.00, 1.74
2.36,9.52,0.00, 2.75
2.36,9.62,0.00, 5.24
2.36,9.69,0.00, 3.51
2.36,9.73,0.00, 1.51
2.36,9.77,0.00, 2.25
2.36,9.78,0.00, 0.76
2.36,9.81,0.00, 1.25
2.36,9.81,0.00, 0.00
2.36,9.81,0.00, 0.00
2.36,9.80,0.00, 0.00
2.36,9.73,0.00, 0.00
2.36,9.54,0.00, 0.00
2.36,9.54,0.00, 0.00
2.36,9.33,0.00, 0.00
2.36,9.03,0.00, 0.00
2.36,8.76,0.00, 0.00
2.36,8.59,0.00, 0.00
2.36,8.53,0.00, 0.00
2.36,8.53,0.00, 0.00
2.36,8.53,0.00, 0.00
2.36,8.51,0.00, 0.00
2.36,8.55,0.00, 1.74
2.36,8.61,0.00, 3.24
2.36,8.81,0.00, 9.73
2.36,9.02,0.00, 10.75
2.36,9.28,0.00, 12.74
2.36,9.52,0.00, 12.00
2.36,9.76,0.00, 11.75
2.36,9.76,0.00, 11.75
2.36,9.81,0.00, 2.78
2.36,9.81,0.00, 0.01
2.36,9.81,0.00, 0.00
2.36,9.81,0.00, 0.00
2.36,9.81,0.00, 0.00
2.36,9.81,0.00, 0.00
2.36,9.81,0.00, 0.00
2.36,9.81,0.00, 0.00
2.36,9.81,0.00, 0.00
2.36,9.81,0.00, 0.00
2.36,9.81,0.00, 0.00
2.36,9.81,0.00, 0.00
2.36,9.81,0.00, 0.00
2.36,9.81,0.00, 0.00
2.36,9.81,0.00, 0.00
2.36,9.81,0.00, 0.00
2.36,9.81,0.00, 0.00
2.36,9.81,0.00, 0.00
2.36,9.81,0.00, 0.00
2.36,9.81,0.00, 0.00
2.36,9.81,0.00, 0.00
2.36,9.81,0.00, 0.00
2.36,9.81,0.00, 0.00
2.36,9.81,0.00, 0.00
2.36,9.81,0.00, 0.00
2.36,9.81,0.00, 0.00
2.36,9.81,0.00, 0.00
2.36,9.81,0.00, 0.00
2.36,9.81,0.00, 0.00
2.36,9.81,0.00, 0.00
2.36,9.72,0.00, 0.00
2.36,9.56,0.00, 0.00
2.36,9.42,0.00, 0.00
2.36,9.28,0.00, 0.00
2.36,9.13,0.00, 0.00
2.36,8.97,0.00, 0.00
2.36,8.10,0.00, 0.00
2.36,8.10,0.00, 0.00
2.36,8.10,0.00, 0.00
2.36,8.10,0.00, 0.00
2.36,8.10,0.00, 0.00
2.36,8.10,0.00, 0.00
2.36,7.67,0.00, 0.00
2.36,7.32,0.00, 0.00
2.36,7.32,0.00, 0.00
2.36,7.32,0.00, 0.00
2.36,7.32,0.00, 0.00
2.36,7.10,0.00, 0.00
2.36,6.60,0.00, 0.00
2.36,6.56,0.00, 0.00
2.36,6.28,0.00, 0.00
2.36,6.11,0.00, 0.00
2.36,5.87,0.00, 0.00
2.36,5.64,0.00, 0.00
2.36,5.36,0.00, 0.00
2.36,5.36,0.00, 0.00
2.36,5.11,0.00, 0.00
2.36,4.88,0.00, 0.00
2.36,4.88,0.00, 0.00
2.36,4.88,0.00, 0.00
2.36,4.88,0.00, 0.00
2.36,4.88,0.00, 0.00
2.36,4.88,0.00, 0.00
2.36,4.88,0.00, 0.00
2.36,4.88,0.00, 0.00
2.36,4.88,0.00, 0.00
2.36,4.88,0.00, 0.00
2.36,4.88,0.00, 0.00
2.36,4.88,0.00, 0.00
2.36,4.88,0.00, 0.00
2.36,4.88,0.00, 0.00
2.36,4.88,0.00, 0.00
2.36,4.69,0.00, 0.00
2.36,4.69,0.00, 0.00
2.36,4.69,0.00, 0.00
2.36,4.69,0.00, 0.00
2.36,4.69,0.00, 0.00
2.36,4.69,0.00, 0.00
2.36,4.69,0.00, 0.00
2.36,4.69,0.00, 0.00
2.36,4.69,0.00, 0.00
2.36,4.51,0.00, 0.00
2.36,4.38,0.00, 0.00
2.36,4.38,0.00, 0.00
0.00,3.01,0.00, 0.00
0.00,3.01,0.00, 0.00
0.00,2.49,0.00, 0.00
0.00,2.49,0.00, 0.00
0.00,2.29,0.00, 0.00
1.44,2.20,70.94, 0.00
1.44,2.20,70.94, 0.00
0.16,2.02,0.00, 0.00
0.12,1.95,0.00, 0.00
0.12,1.95,0.00, 0.00
0.12,1.95,0.00, 0.00
0.12,1.95,0.00, 0.00
0.12,1.95,0.00, 0.00
0.12,1.95,0.00, 0.00
0.12,1.95,0.00, 0.00
0.12,1.95,0.00, 0.00
0.12,1.95,0.00, 0.00
0.12,1.95,0.00, 0.00
0.12,1.95,0.00, 0.00
0.12,1.95,0.00, 0.00
0.81,1.88,33.99, 0.00
0.81,1.88,33.99, 0.00
0.81,1.88,33.99, 0.00
0.56,1.86,0.00, 0.00
0.32,1.81,0.00, 0.00
0.36,2.05,1.97, 12.21
0.38,2.15,1.01, 5.03
0.38,2.15,1.01, 5.03
0.38,2.15,1.01, 5.03
0.38,2.15,1.01, 5.03
0.38,2.15,1.01, 5.03
0.38,2.15,1.01, 5.03
0.38,2.15,1.01, 5.03
0.38,2.15,1.01, 5.03
0.38,2.18,0.01, 1.01
0.38,2.18,0.01, 1.01
0.38,2.18,0.01, 1.01
0.38,2.18,0.00, 0.25
0.38,2.18,0.00, 0.00
0.38,2.18,0.00, 0.00
0.38,2.18,0.00, 0.00
0.38,2.18,0.00, 0.00
0.38,2.18,0.00, 0.00
0.38,2.18,0.00, 0.00
0.36,2.11,0.00, 0.00
0.36,2.11,0.00, 0.00
0.36,2.11,0.00, 0.00
0.36,2.11,0.00, 0.00
0.36,2.11,0.00, 0.00
0.36,2.11,0.00, 0.00
0.36,2.11,0.00, 0.00
0.36,2.11,0.00, 0.00
0.36,2.11,0.00, 0.00
0.50,2.16,6.90, 2.74
0.50,2.16,6.90, 2.74
0.50,2.16,6.90, 2.74
0.50,2.16,6.90, 2.74
0.50,2.16,6.90, 2.74
0.50,2.16,6.90, 2.74
0.50,2.16,6.90, 2.74
0.52,2.17,1.09, 0.26
0.52,2.17,1.09, 0.26
0.52,2.17,1.09, 0.26
0.52,2.17,1.09, 0.26
0.52,2.17,1.09, 0.26
0.52,2.17,1.09, 0.26
0.52,2.17,1.09, 0.26
0.52,2.17,1.09, 0.26
0.52,2.17,1.09, 0.26
0.52,2.17,1.09, 0.26
0.52,2.17,1.09, 0.26
0.52,2.17,1.09, 0.26
0.52,2.17,1.09, 0.26
0.52,2.17,1.09, 0.26
0.52,2.17,1.09, 0.26
0.52,2.17,1.09, 0.26
0.52,2.17,1.09, 0.26
0.52,2.17,1.09, 0.26
0.52,2.17,1.09, 0.26
0.52,2.17,1.09, 0.26
0.52,2.17,1.09, 0.26
0.52,2.17,1.09, 0.26
0.52,2.17,1.09, 0.26
0.52,2.17,1.09, 0.26
0.52,2.17,1.09, 0.26
0.52,2.17,1.09, 0.26
0.52,2.17,1.09, 0.26
0.52,2.17,1.09, 0.26
0.52,2.17,1.09, 0.26
0.52,2.17,1.09, 0.26
0.52,2.17,1.09, 0.26
0.52,2.17,1.09, 0.26
0.52,2.17,1.09, 0.26
0.52,2.17,1.09, 0.26
0.52,2.17,1.09, 0.26
0.52,2.17,1.09, 0.26
0.52,2.17,1.09, 0.26
0.54,2.17,1.00, 0.00
0.54,2.17,1.00, 0.00
0.54,2.17,1.00, 0.00
0.54,2.17,1.00, 0.00
0.54,2.17,1.00, 0.00
0.54,2.17,1.00, 0.00
0.54,2.17,1.00, 0.00
0.54,2.17,1.00, 0.00
0.54,2.17,1.00, 0.00
0.72,2.16,8.88, 0.00
1.03,2.32,15.40, 7.72
2.36,4.89,65.75, 128.06
2.36,5.86,0.97, 49.04
2.36,5.98,0.01, 6.16
2.36,6.07,0.00, 4.26
2.36,6.15,0.00, 4.25
2.36,6.28,0.00, 6.49
2.36,6.28,0.00, 6.49
2.36,6.45,0.00, 8.24
2.36,6.64,0.00, 9.25
2.36,6.83,0.00, 9.75
2.36,6.97,0.00, 7.01
2.36,7.10,0.00, 6.75
2.36,7.20,0.00, 5.01
2.36,7.20,0.00, 5.01
2.36,7.30,0.00, 4.75
2.36,7.30,0.00, 4.75
2.36,7.39,0.00, 4.75
2.36,7.53,0.00, 6.49
2.36,8.12,0.00, 29.91
2.36,8.32,0.00, 9.57
2.36,8.32,0.00, 9.57
2.36,8.48,0.00, 8.01
2.36,8.64,0.00, 8.25
2.36,8.76,0.00, 5.76
2.36,8.88,0.00, 6.00
2.36,9.03,0.00, 7.99
2.36,9.20,0.00, 8.50
2.36,9.33,0.00, 6.51
2.36,9.49,0.00, 7.75
2.36,9.61,0.00, 6.01
2.36,9.69,0.00, 3.76
2.36,9.72,0.00, 1.76
2.36,9.73,0.00, 0.26
2.36,9.73,0.00, 0.26
2.36,9.70,0.00, 0.00
2.36,9.70,0.00, 0.00
2.36,9.67,0.00, 0.00
2.36,9.68,0.00, 0.25
2.36,9.71,0.00, 1.74
2.36,9.71,0.00, 0.01
2.36,9.73,0.00, 0.75
2.36,9.73,0.00, 0.00
2.36,9.73,0.00, 0.00
2.36,9.74,0.00, 0.50
2.36,9.77,0.00, 1.75
2.36,9.80,0.00, 1.25
2.36,9.81,0.00, 0.75
2.36,9.81,0.00, 0.00
2.36,9.81,0.00, 0.00
2.36,9.81,0.00, 0.00
2.36,9.81,0.00, 0.00
2.36,9.79,0.00, 0.00
2.36,9.74,0.00, 0.00
2.36,9.68,0.00, 0.00
2.36,9.58,0.00, 0.00
2.36,9.40,0.00, 0.00
2.36,9.40,0.00, 0.00
2.36,9.25,0.00, 0.00
2.36,9.25,0.00, 0.00
2.36,9.15,0.00, 0.00
2.36,9.03,0.00, 0.00
2.36,8.91,0.00, 0.00
2.36,8.76,0.00, 0.00
2.36,8.60,0.00, 0.00
2.36,8.22,0.00, 0.00
2.36,8.01,0.00, 0.00
2.36,7.76,0.00, 0.00
2.36,7.48,0.00, 0.00
2.36,7.12,0.00, 0.00
2.36,6.66,0.00, 0.00
2.36,6.18,0.00, 0.00
2.36,6.18,0.00, 0.00
2.36,6.18,0.00, 0.00
2.36,6.18,0.00, 0.00
2.36,6.18,0.00, 0.00
2.36,6.18,0.00, 0.00
2.36,6.18,0.00, 0.00
2.36,6.18,0.00, 0.00
2.36,6.18,0.00, 0.00
2.36,6.18,0.00, 0.00
2.36,6.18,0.00, 0.00
2.36,6.18,0.00, 0.00
2.36,5.73,0.00, 0.00
2.36,5.73,0.00, 0.00
2.36,5.73,0.00, 0.00
2.36,5.73,0.00, 0.00
2.36,5.73,0.00, 0.00
2.36,5.73,0.00, 0.00
2.36,5.73,0.00, 0.00
2.36,5.73,0.00, 0.00
2.36,5.73,0.00, 0.00
2.36,5.73,0.00, 0.00
2.36,5.73,0.00, 0.00
2.36,5.73,0.00, 0.00
2.36,5.73,0.00, 0.00
2.36,5.73,0.00, 0.00
2.36,5.73,0.00, 0.00
2.36,5.73,0.00, 0.00
2.36,5.73,0.00, 0.00
2.36,5.73,0.00, 0.00
2.36,5.73,0.00, 0.00
2.36,5.73,0.00, 0.00
2.36,5.73,0.00, 0.00
2.36,5.73,0.00, 0.00
2.36,5.73,0.00, 0.00
2.36,5.73,0.00, 0.00
2.36,5.73,0.00, 0.00
2.36,5.45,0.00, 0.00
2.36,5.45,0.00, 0.00
2.36,5.45,0.00, 0.00
2.36,5.29,0.00, 0.00
2.36,5.29,0.00, 0.00
2.36,5.29,0.00, 0.00
2.36,5.29,0.00, 0.00
2.36,5.29,0.00, 0.00
2.36,5.29,0.00, 0.00
2.36,5.29,0.00, 0.00
2.36,5.29,0.00, 0.00
2.36,5.29,0.00, 0.00
2.36,5.29,0.00, 0.00
2.36,5.29,0.00, 0.00
2.36,5.29,0.00, 0.00
2.36,5.29,0.00, 0.00
2.36,5.29,0.00, 0.00
2.36,4.68,0.00, 0.00
2.36,4.68,0.00, 0.00
2.36,4.68,0.00, 0.00
2.36,4.68,0.00, 0.00
2.36,4.68,0.00, 0.00
2.36,4.68,0.00, 0.00
2.36,4.68,0.00, 0.00
2.36,4.68,0.00, 0.00
2.36,4.68,0.00, 0.00
0.00,2.30,0.00, 0.00
2.27,2.18,111.83, 0.00
2.27,2.18,111.83, 0.00
2.27,2.18,111.83, 0.00
2.27,2.18,111.83, 0.00
2.27,2.18,111.83, 0.00
2.27,2.18,111.83, 0.00
2.27,2.18,111.83, 0.00
2.27,2.18,111.83, 0.00
2.27,2.18,111.83, 0.00
2.27,2.18,111.83, 0.00
2.27,2.18,111.83, 0.00
2.27,2.18,111.83, 0.00
2.27,2.18,111.83, 0.00
2.27,2.18,111.83, 0.00
2.27,2.18,111.83, 0.00
0.29,1.64,0.00, 0.00
0.29,1.64,0.00, 0.00
0.23,1.69,0.00, 2.49
0.23,1.69,0.00, 2.49
0.23,1.69,0.00, 2.49
0.23,1.69,0.00, 2.49
0.23,1.69,0.00, 2.49
0.23,1.69,0.00, 2.49
0.23,1.69,0.00, 2.49
0.23,1.69,0.00, 2.49
0.23,1.69,0.00, 2.49
0.23,1.69,0.00, 2.49
0.23,1.69,0.00, 2.49
0.23,1.69,0.00, 2.49
0.23,1.69,0.00, 2.49
0.23,1.69,0.00, 2.49
0.23,1.69,0.00, 2.49
0.23,1.69,0.00, 2.49
0.23,1.69,0.00, 2.49
0.23,1.69,0.00, 2.49
0.23,1.69,0.00, 2.49
0.23,1.69,0.00, 2.49
0.23,1.69,0.00, 2.49
0.23,1.69,0.00, 2.49
0.23,1.69,0.00, 2.49
0.23,1.69,0.00, 2.49
0.23,1.69,0.00, 2.49
0.23,1.69,0.00, 2.49
0.23,1.69,0.00, 2.49
0.23,1.69,0.00, 2.49
0.23,1.69,0.00, 2.49
0.23,1.69,0.00, 2.49
0.23,1.69,0.00, 2.49
0.23,1.69,0.00, 2.49
0.23,1.69,0.00, 2.49
0.23,1.69,0.00, 2.49
0.23,1.69,0.00, 2.49
0.23,1.69,0.00, 2.49
0.23,1.69,0.00, 2.49
0.23,1.69,0.00, 2.49
0.23,1.69,0.00, 2.49
0.23,1.69,0.00, 2.49
0.23,1.69,0.00, 2.49
0.23,1.69,0.00, 2.49
0.23,1.69,0.00, 2.49
0.23,1.69,0.00, 2.49
0.23,1.69,0.00, 2.49
0.23,1.69,0.00, 2.49
0.23,1.69,0.00, 2.49
0.23,1.69,0.00, 2.49
0.23,1.69,0.00, 2.49
0.23,1.69,0.00, 2.49
0.23,1.69,0.00, 2.49
0.25,1.70,0.99, 0.51
0.25,1.70,0.99, 0.51
0.25,1.70,0.99, 0.51
0.25,1.70,0.99, 0.51
0.25,1.70,0.99, 0.51
0.52,1.92,13.32, 10.96
0.52,1.92,13.32, 10.96
0.52,1.92,13.32, 10.96
0.52,1.92,13.32, 10.96
0.52,1.92,13.32, 10.96
0.52,1.92,13.32, 10.96
0.52,1.92,13.32, 10.96
0.52,1.92,13.32, 10.96
0.52,1.92,13.32, 10.96
0.52,1.92,13.32, 10.96
0.52,1.92,13.32, 10.96
0.52,1.92,13.32, 10.96
0.52,1.92,13.32, 10.96
0.52,1.92,13.32, 10.96
0.52,1.91,0.20, 0.00
0.52,1.91,0.20, 0.00
0.52,1.91,0.20, 0.00
0.52,1.91,0.20, 0.00
0.52,1.91,0.20, 0.00
0.52,1.91,0.20, 0.00
0.52,1.91,0.20, 0.00
0.52,1.91,0.20, 0.00
0.52,1.91,0.20, 0.00
0.52,1.91,0.20, 0.00
0.52,1.91,0.20, 0.00
0.52,1.91,0.20, 0.00
0.52,1.91,0.20, 0.00
0.52,1.91,0.20, 0.00
2.36,3.70,90.65, 88.92
2.36,3.74,1.33, 2.32
2.36,4.89,0.02, 57.30
2.36,5.70,0.00, 40.81
2.36,5.72,0.00, 0.90
2.36,5.82,0.00, 4.98
2.36,5.96,0.00, 6.99
2.36,6.13,0.00, 8.49
2.36,6.13,0.00, 8.49
2.36,6.32,0.00, 9.75
2.36,6.91,0.00, 29.43
2.36,7.24,0.00, 16.55
2.36,7.55,0.00, 15.01
2.36,7.84,0.00, 14.50
2.36,8.16,0.00, 15.99
2.36,8.42,0.00, 13.26
2.36,8.70,0.00, 14.25
2.36,8.91,0.00, 10.51
2.36,9.07,0.00, 8.01
2.36,9.19,0.00, 6.01
2.36,9.27,0.00, 3.76
2.36,9.35,0.00, 4.00
2.36,9.43,0.00, 4.25
2.36,9.53,0.00, 5.00
2.36,9.66,0.00, 6.25
2.36,9.78,0.00, 6.00
2.36,9.78,0.00, 6.00
2.36,9.81,0.00, 1.52
2.36,9.81,0.00, 0.01
2.36,9.81,0.00, 0.00
2.36,9.81,0.00, 0.00
2.36,9.81,0.00, 0.00
2.36,9.81,0.00, 0.00
2.36,9.81,0.00, 0.00
2.36,9.81,0.00, 0.00
2.36,9.81,0.00, 0.00
2.36,9.81,0.00, 0.00
2.36,9.81,0.00, 0.00
2.36,9.81,0.00, 0.00
2.36,9.81,0.00, 0.00
2.36,9.81,0.00, 0.00
2.36,9.71,0.00, 0.00
2.36,9.60,0.00, 0.00
2.36,9.49,0.00, 0.00
2.36,9.42,0.00, 0.00
2.36,9.42,0.00, 0.00
2.36,9.44,0.00, 1.00
2.36,9.44,0.00, 1.00
2.36,9.48,0.00, 1.75
2.36,9.54,0.00, 3.24
2.36,9.60,0.00, 3.00
2.36,9.62,0.00, 1.26
2.36,9.64,0.00, 0.75
2.36,9.65,0.00, 0.50
2.36,9.65,0.00, 0.50
2.36,9.65,0.00, 0.00
2.36,9.68,0.00, 1.25
2.36,9.71,0.00, 1.75
2.36,9.75,0.00, 1.75
2.36,9.76,0.00, 0.75
2.36,9.76,0.00, 0.00
2.36,9.76,0.00, 0.00
2.36,9.76,0.00, 0.00
2.36,9.75,0.00, 0.00
2.36,9.74,0.00, 0.00
2.36,9.75,0.00, 0.75
2.36,9.75,0.00, 0.00
2.36,9.76,0.00, 0.50
2.36,9.74,0.00, 0.00
2.36,9.72,0.00, 0.00
2.36,9.72,0.00, 0.00
2.36,9.67,0.00, 0.00
2.36,9.54,0.00, 0.00
2.36,9.35,0.00, 0.00
2.36,9.16,0.00, 0.00
2.36,8.98,0.00, 0.00
2.36,8.81,0.00, 0.00
2.36,8.81,0.00, 0.00
2.36,8.64,0.00, 0.00
2.36,8.51,0.00, 0.00
2.36,8.38,0.00, 0.00
2.36,8.26,0.00, 0.00
2.36,8.11,0.00, 0.00
2.36,7.94,0.00, 0.00
2.36,7.74,0.00, 0.00
2.36,7.53,0.00, 0.00
2.36,7.30,0.00, 0.00
2.36,7.06,0.00, 0.00
2.36,6.84,0.00, 0.00
2.36,6.84,0.00, 0.00
2.36,6.61,0.00, 0.00
2.36,6.38,0.00, 0.00
2.36,6.18,0.00, 0.00
2.36,6.18,0.00, 0.00
2.36,6.18,0.00, 0.00
2.36,6.18,0.00, 0.00
2.36,6.18,0.00, 0.00
2.36,5.99,0.00, 0.00
2.36,5.85,0.00, 0.00
2.36,5.72,0.00, 0.00
2.36,5.72,0.00, 0.00
2.36,5.72,0.00, 0.00
2.36,5.72,0.00, 0.00
2.36,5.72,0.00, 0.00
2.36,5.72,0.00, 0.00
2.36,5.72,0.00, 0.00
2.36,5.72,0.00, 0.00
2.36,5.72,0.00, 0.00
2.36,5.72,0.00, 0.00
2.36,5.72,0.00, 0.00
2.36,5.72,0.00, 0.00
2.36,5.72,0.00, 0.00
2.36,5.72,0.00, 0.00
2.36,5.72,0.00, 0.00
2.36,5.72,0.00, 0.00
2.36,5.72,0.00, 0.00
2.36,5.72,0.00, 0.00
2.36,5.72,0.00, 0.00
2.36,5.72,0.00, 0.00
2.36,5.72,0.00, 0.00
2.36,5.72,0.00, 0.00
2.36,5.72,0.00, 0.00
2.36,5.72,0.00, 0.00
2.36,5.72,0.00, 0.00
2.36,5.72,0.00, 0.00
2.36,5.72,0.00, 0.00
2.36,5.72,0.00, 0.00
2.36,5.72,0.00, 0.00
2.36,5.72,0.00, 0.00
2.36,5.72,0.00, 0.00
2.36,5.72,0.00, 0.00
2.36,5.72,0.00, 0.00
2.36,5.72,0.00, 0.00
2.36,5.72,0.00, 0.00
2.36,5.61,0.00, 0.00
2.36,5.61,0.00, 0.00
2.36,5.61,0.00, 0.00
2.36,5.61,0.00, 0.00
2.36,5.61,0.00, 0.00
2.36,5.61,0.00, 0.00
2.36,5.61,0.00, 0.00
2.36,5.61,0.00, 0.00
2.36,5.61,0.00, 0.00
2.34,3.26,0.00, 0.00
0.09,2.41,0.00, 0.00
0.09,2.41,0.00, 0.00
0.09,2.41,0.00, 0.00
0.09,2.41,0.00, 0.00
0.09,2.41,0.00, 0.00
0.09,2.41,0.00, 0.00
0.09,2.41,0.00, 0.00
0.09,2.41,0.00, 0.00
0.09,2.41,0.00, 0.00
0.09,2.41,0.00, 0.00
0.09,2.41,0.00, 0.00
0.09,2.41,0.00, 0.00
0.09,2.41,0.00, 0.00
0.25,2.33,7.88, 0.00
0.25,2.33,7.88, 0.00
0.00,2.26,0.00, 0.00
0.00,2.26,0.00, 0.00
0.00,2.26,0.00, 0.00
0.00,2.26,0.00, 0.00
0.00,2.26,0.00, 0.00
0.00,2.26,0.00, 0.00
0.00,2.26,0.00, 0.00
0.00,2.26,0.00, 0.00
0.00,2.26,0.00, 0.00
0.00,2.26,0.00, 0.00
0.00,2.26,0.00, 0.00
0.00,2.26,0.00, 0.00
0.00,2.26,0.00, 0.00
0.00,2.26,0.00, 0.00
0.00,2.26,0.00, 0.00
0.00,2.26,0.00, 0.00
0.00,2.26,0.00, 0.00
0.00,2.26,0.00, 0.00
0.00,2.26,0.00, 0.00
0.00,2.26,0.00, 0.00
0.00,2.26,0.00, 0.00
0.00,2.26,0.00, 0.00
0.00,2.26,0.00, 0.00
0.00,2.26,0.00, 0.00
0.00,2.26,0.00, 0.00
0.00,2.26,0.00, 0.00
0.00,2.26,0.00, 0.00
0.00,2.26,0.00, 0.00
0.00,2.24,0.00, 0.00
0.00,2.24,0.00, 0.00
0.00,2.24,0.00, 0.00
0.00,2.24,0.00, 0.00
0.00,2.24,0.00, 0.00
0.00,2.24,0.00, 0.00
0.00,2.24,0.00, 0.00
0.00,2.00,0.00, 0.00
0.00,2.00,0.00, 0.00
0.00,2.00,0.00, 0.00
0.00,2.00,0.00, 0.00
0.00,2.00,0.00, 0.00
0.00,2.00,0.00, 0.00
0.00,2.00,0.00, 0.00
0.00,2.00,0.00, 0.00
0.00,2.00,0.00, 0.00
0.00,2.00,0.00, 0.00
0.00,2.00,0.00, 0.00
0.00,2.00,0.00, 0.00
0.00,2.00,0.00, 0.00
0.00,2.00,0.00, 0.00
0.00,2.00,0.00, 0.00
0.00,2.00,0.00, 0.00
0.00,2.00,0.00, 0.00
0.00,2.00,0.00, 0.00
0.00,2.00,0.00, 0.00
0.00,2.00,0.00, 0.00
0.00,2.00,0.00, 0.00
0.00,2.00,0.00, 0.00
0.00,2.00,0.00, 0.00
0.00,2.00,0.00, 0.00
0.00,2.00,0.00, 0.00
0.00,2.00,0.00, 0.00
0.00,2.00,0.00, 0.00
0.00,2.00,0.00, 0.00
0.00,1.78,0.00, 0.00
0.00,1.78,0.00, 0.00
0.00,1.78,0.00, 0.00
0.00,1.78,0.00, 0.00
0.00,1.78,0.00, 0.00
0.00,1.78,0.00, 0.00
0.00,1.78,0.00, 0.00
0.18,1.87,8.87, 4.48
0.18,1.87,8.87, 4.48
0.18,1.87,8.87, 4.48
0.18,1.87,8.87, 4.48
0.18,1.87,8.87, 4.48
0.18,1.87,8.87, 4.48
0.18,1.87,8.87, 4.48
0.18,1.87,8.87, 4.48
0.18,1.87,8.87, 4.48
0.18,1.87,8.87, 4.48
0.18,1.87,8.87, 4.48
0.18,1.87,8.87, 4.48
0.18,1.87,8.87, 4.48
0.18,1.87,8.87, 4.48
0.86,2.13,33.63, 13.22
0.86,2.13,33.63, 13.22
2.31,3.49,71.93, 67.80
2.36,4.42,3.52, 46.33
2.36,4.42,3.52, 46.33
2.36,6.44,0.05, 101.05
2.36,6.68,0.00, 12.08
2.36,6.92,0.00, 12.00
2.36,6.92,0.00, 12.00
2.36,7.16,0.00, 12.00
2.36,7.16,0.00, 12.00
2.36,7.53,0.00, 18.48
2.36,7.71,0.00, 9.03
2.36,7.88,0.00, 8.50
2.36,8.13,0.00, 12.49
2.36,8.30,0.00, 8.27
2.36,8.50,0.00, 10.24
2.36,8.65,0.00, 7.76
2.36,8.77,0.00, 6.01
2.36,8.85,0.00, 4.01
2.36,8.91,0.00, 3.00
2.36,8.93,0.00, 0.51
2.36,8.94,0.00, 0.75
2.36,8.93,0.00, 0.00
2.36,8.93,0.00, 0.00
2.36,8.88,0.00, 0.00
2.36,8.85,0.00, 0.00
2.36,8.77,0.00, 0.00
2.36,8.77,0.00, 0.00
2.36,8.64,0.00, 0.00
2.36,8.54,0.00, 0.00
2.36,8.54,0.00, 0.00
2.36,8.51,0.00, 0.00
2.36,8.49,0.00, 0.00
2.36,8.45,0.00, 0.00
2.36,8.44,0.00, 0.00
2.36,8.44,0.00, 0.00
2.36,8.49,0.00, 2.24
2.36,8.61,0.00, 6.24
2.36,8.80,0.00, 9.24
2.36,8.99,0.00, 9.50
2.36,9.16,0.00, 8.50
2.36,9.28,0.00, 6.51
2.36,9.35,0.00, 3.51
2.36,9.35,0.00, 3.51
2.36,9.35,0.00, 3.51
2.36,9.35,0.00, 3.51
2.36,9.35,0.00, 3.51
2.36,9.38,0.00, 1.01
2.36,9.38,0.00, 0.25
2.36,9.44,0.00, 3.24
2.36,9.69,0.00, 11.97
2.36,9.76,0.00, 3.53
2.36,9.81,0.00, 2.75
2.36,9.81,0.00, 2.75
2.36,9.81,0.00, 2.75
2.36,9.81,0.00, 2.75
2.36,9.81,0.00, 0.01
2.36,9.81,0.00, 0.01
2.36,9.81,0.00, 0.00
2.36,9.81,0.00, 0.00
2.36,9.81,0.00, 0.00
2.36,9.81,0.00, 0.00
2.36,9.81,0.00, 0.00
2.36,9.81,0.00, 0.00
2.36,9.81,0.00, 0.00
2.36,9.81,0.00, 0.00
2.36,9.81,0.00, 0.00
2.36,9.81,0.00, 0.00
2.36,9.81,0.00, 0.00
2.36,9.81,0.00, 0.00
2.36,9.81,0.00, 0.00
2.36,9.77,0.00, 0.00
2.36,9.67,0.00, 0.00
2.36,9.55,0.00, 0.00
2.36,9.41,0.00, 0.00
2.36,9.41,0.00, 0.00
2.36,9.41,0.00, 0.00
2.36,9.27,0.00, 0.00
2.36,9.15,0.00, 0.00
2.36,9.06,0.00, 0.00
2.36,9.06,0.00, 0.00
2.36,9.06,0.00, 0.00
2.36,8.83,0.00, 0.00
2.36,8.68,0.00, 0.00
2.36,8.50,0.00, 0.00
2.36,8.40,0.00, 0.00
2.36,8.40,0.00, 0.00
2.36,8.40,0.00, 0.00
2.36,8.40,0.00, 0.00
2.36,8.32,0.00, 0.00
2.36,8.25,0.00, 0.00
2.36,7.92,0.00, 0.00
2.36,7.82,0.00, 0.00
2.36,7.70,0.00, 0.00
2.36,7.70,0.00, 0.00
2.36,7.70,0.00, 0.00
2.36,7.55,0.00, 0.00
2.36,7.41,0.00, 0.00
2.36,7.34,0.00, 0.00
2.36,7.29,0.00, 0.00
2.36,7.22,0.00, 0.00
2.36,7.15,0.00, 0.00
2.36,7.10,0.00, 0.00
2.36,7.10,0.00, 0.00
2.36,7.10,0.00, 0.00
2.36,7.10,0.00, 0.00
2.36,7.10,0.00, 0.00
2.36,7.10,0.00, 0.00
2.36,7.10,0.00, 0.00
2.36,7.10,0.00, 0.00
2.36,7.10,0.00, 0.00
2.36,7.10,0.00, 0.00
2.36,7.10,0.00, 0.00
2.36,7.10,0.00, 0.00
2.36,7.10,0.00, 0.00
2.36,7.10,0.00, 0.00
2.36,7.10,0.00, 0.00
2.36,7.10,0.00, 0.00
2.36,7.10,0.00, 0.00
2.36,7.10,0.00, 0.00
2.36,7.10,0.00, 0.00
2.36,7.10,0.00, 0.00
2.36,7.10,0.00, 0.00
2.36,7.10,0.00, 0.00
2.36,7.10,0.00, 0.00
2.36,7.10,0.00, 0.00
2.36,7.10,0.00, 0.00
2.36,7.10,0.00, 0.00
2.36,7.03,0.00, 0.00
2.36,7.03,0.00, 0.00
2.36,7.03,0.00, 0.00
2.36,7.03,0.00, 0.00
2.36,7.03,0.00, 0.00
2.36,7.03,0.00, 0.00
2.36,7.03,0.00, 0.00
2.36,7.03,0.00, 0.00
2.36,7.03,0.00, 0.00
2.36,7.03,0.00, 0.00
2.36,7.03,0.00, 0.00
2.36,7.03,0.00, 0.00
2.36,6.99,0.00, 0.00
2.36,6.99,0.00, 0.00
2.36,6.99,0.00, 0.00
2.36,6.99,0.00, 0.00
2.36,6.99,0.00, 0.00
2.36,6.99,0.00, 0.00
2.36,6.99,0.00, 0.00
2.36,6.99,0.00, 0.00
2.36,6.99,0.00, 0.00
2.36,6.93,0.00, 0.00
1.84,4.02,0.00, 0.00
0.00,2.45,0.00, 0.00
0.00,2.45,0.00, 0.00
0.00,2.45,0.00, 0.00
0.00,0.99,0.00, 0.00
0.00,0.84,0.00, 0.00
0.00,0.68,0.00, 0.00
0.00,0.68,0.00, 0.00
0.00,0.68,0.00, 0.00
0.00,0.68,0.00, 0.00
0.00,0.68,0.00, 0.00
0.00,0.51,0.00, 0.00
0.00,0.47,0.00, 0.00
0.00,0.47,0.00, 0.00
0.00,0.47,0.00, 0.00
0.00,0.47,0.00, 0.00
0.00,0.47,0.00, 0.00
0.00,0.47,0.00, 0.00
0.00,0.43,0.00, 0.00
0.00,0.26,0.00, 0.00
0.00,0.23,0.00, 0.00
0.00,0.11,0.00, 0.00
0.00,0.11,0.00, 0.00
0.00,0.11,0.00, 0.00
0.00,0.11,0.00, 0.00
0.00,0.11,0.00, 0.00
0.00,0.11,0.00, 0.00
0.00,0.07,0.00, 0.00
0.00,0.07,0.00, 0.00
0.00,0.07,0.00, 0.00
0.00,0.07,0.00, 0.00
0.00,0.07,0.00, 0.00
0.00,0.07,0.00, 0.00
0.00,0.07,0.00, 0.00
0.00,0.07,0.00, 0.00
0.00,0.07,0.00, 0.00
0.00,0.07,0.00, 0.00
0.00,0.07,0.00, 0.00
0.00,0.07,0.00, 0.00
0.00,0.07,0.00, 0.00
0.00,0.07,0.00, 0.00
0.00,0.07,0.00, 0.00
0.00,0.07,0.00, 0.00
0.00,0.07,0.00, 0.00
0.00,0.07,0.00, 0.00
0.00,0.07,0.00, 0.00
0.00,0.07,0.00, 0.00
0.00,0.07,0.00, 0.00
0.00,0.06,0.00, 0.00
0.00,0.06,0.00, 0.00
0.00,0.06,0.00, 0.00
0.00,0.06,0.00, 0.00
0.00,0.06,0.00, 0.00
0.00,0.06,0.00, 0.00
0.00,0.06,0.00, 0.00
0.00,0.06,0.00, 0.00
0.00,0.06,0.00, 0.00
0.00,0.06,0.00, 0.00
0.00,0.06,0.00, 0.00
0.00,0.06,0.00, 0.00
0.00,0.06,0.00, 0.00
0.00,0.06,0.00, 0.00
0.00,0.06,0.00, 0.25
0.00,0.05,0.00, 0.00
0.00,0.05,0.00, 0.00
0.00,0.05,0.00, 0.00
0.00,0.05,0.00, 0.00
0.00,0.05,0.00, 0.00
0.00,0.05,0.00, 0.00
0.00,0.05,0.00, 0.00
0.00,0.05,0.00, 0.00
0.00,0.05,0.00, 0.00
0.00,0.05,0.00, 0.00
0.00,0.05,0.00, 0.00
0.00,0.05,0.00, 0.00
0.00,0.05,0.00, 0.00
0.00,0.05,0.00, 0.00
0.00,0.05,0.00, 0.00
0.03,0.06,1.48, 0.50
0.00,0.06,0.00, 0.00
0.00,0.06,0.00, 0.00
0.00,0.06,0.00, 0.00
0.00,0.05,0.00, 0.00
0.00,0.05,0.00, 0.50
0.00,0.06,0.00, 0.25
0.00,0.06,0.00, 0.00
0.00,0.06,0.00, 0.00
0.00,0.06,0.00, 0.00
0.00,0.06,0.00, 0.00
0.00,0.06,0.00, 0.00
0.00,0.06,0.00, 0.00
0.00,0.06,0.00, 0.00
0.00,0.06,0.00, 0.00
0.00,0.06,0.00, 0.00
0.00,0.06,0.00, 0.00
0.00,0.06,0.00, 0.00
0.00,0.06,0.00, 0.00
0.00,0.05,0.00, 0.00
0.00,0.05,0.00, 0.50
0.00,0.05,0.00, 0.50
0.00,0.05,0.00, 0.50
0.00,0.05,0.00, 0.50
0.00,0.05,0.00, 0.50
0.00,0.05,0.00, 0.50
0.00,0.05,0.00, 0.50
0.00,0.05,0.00, 0.50
0.00,0.06,0.00, 0.25
0.00,0.05,0.00, 0.00
0.00,0.05,0.00, 0.00
0.00,0.05,0.00, 0.00
0.00,0.05,0.00, 0.00
0.00,0.05,0.00, 0.50
0.00,0.06,0.00, 0.25
0.00,0.06,0.00, 0.00
0.00,0.06,0.00, 0.00
0.00,0.06,0.00, 0.00
0.00,0.06,0.00, 0.00
0.00,0.06,0.00, 0.00
0.00,0.06,0.00, 0.00
0.00,0.06,0.00, 0.00
0.00,0.05,0.00, 0.00
0.00,0.05,0.00, 0.50
0.00,0.05,0.00, 0.00
0.00,0.05,0.00, 0.00
0.00,0.05,0.00, 0.00
0.00,0.05,0.00, 0.00
0.00,0.05,0.00, 0.00
0.00,0.05,0.00, 0.00
0.00,0.05,0.00, 0.00
0.00,0.05,0.00, 0.00
0.00,0.05,0.00, 0.50
0.00,0.05,0.00, 0.50
0.00,0.06,0.00, 0.25
0.00,0.06,0.00, 0.00
0.00,0.06,0.00, 0.00
0.00,0.06,0.00, 0.00
0.00,0.06,0.00, 0.00
0.00,0.06,0.00, 0.00
0.00,0.06,0.00, 0.00
0.00,0.06,0.00, 0.00
0.00,0.06,0.00, 0.00
0.00,0.06,0.00, 0.00
0.00,0.05,0.00, 0.00
0.00,0.05,0.00, 0.00
0.00,0.06,0.00, 0.75
0.00,0.06,0.00, 0.00
0.00,0.06,0.00, 0.00
0.00,0.06,0.00, 0.00
0.00,0.06,0.00, 0.00
0.00,0.06,0.00, 0.00
0.00,0.06,0.00, 0.00
0.00,0.06,0.00, 0.00
0.00,0.05,0.00, 0.00
0.00,0.05,0.00, 0.00
0.00,0.05,0.00, 0.00
0.00,0.05,0.00, 0.50
0.00,0.05,0.00, 0.00
0.00,0.05,0.00, 0.00
0.00,0.05,0.00, 0.00
0.00,0.05,0.00, 0.00
0.00,0.05,0.00, 0.50
0.00,0.06,0.00, 0.25
0.00,0.06,0.00, 0.00
0.00,0.06,0.00, 0.00
0.00,0.06,0.00, 0.00
0.00,0.06,0.00, 0.00
0.00,0.06,0.00, 0.00
0.00,0.06,0.00, 0.00
0.00,0.06,0.00, 0.00
0.00,0.05,0.00, 0.00
0.00,0.05,0.00, 0.00
0.00,0.05,0.00, 0.00
0.00,0.05,0.00, 0.00
0.00,0.05,0.00, 0.00
0.00,0.05,0.00, 0.50
0.00,0.05,0.00, 0.50
0.00,0.06,0.00, 0.25
0.00,0.05,0.00, 0.00
0.00,0.06,0.00, 0.75
0.00,0.06,0.00, 0.00
0.00,0.06,0.00, 0.00
0.00,0.06,0.00, 0.00
0.00,0.06,0.00, 0.00
0.00,0.06,0.00, 0.00
0.00,0.06,0.00, 0.00
0.00,0.06,0.00, 0.00
0.00,0.06,0.00, 0.00
0.00,0.06,0.00, 0.00
0.00,0.06,0.00, 0.00
0.00,0.06,0.00, 0.00
0.00,0.06,0.00, 0.00
0.00,0.06,0.00, 0.00
0.00,0.06,0.00, 0.00
0.00,0.06,0.00, 0.00
0.00,0.06,0.00, 0.00
0.00,0.06,0.00, 0.00
0.00,0.06,0.00, 0.00
0.00,0.06,0.00, 0.00
0.00,0.06,0.00, 0.00
0.00,0.06,0.00, 0.00
0.00,0.06,0.00, 0.00
0.00,0.06,0.00, 0.00
0.00,0.06,0.00, 0.00
0.00,0.06,0.00, 0.00
0.00,0.06,0.00, 0.00
0.00,0.06,0.00, 0.00
0.00,0.06,0.00, 0.00
0.00,0.06,0.00, 0.00
0.00,0.06,0.00, 0.00
0.00,0.06,0.00, 0.00
0.00,0.06,0.00, 0.00
0.00,0.06,0.00, 0.00
0.00,0.06,0.00, 0.00
0.00,0.06,0.00, 0.00
0.00,0.06,0.00, 0.00
0.00,0.06,0.00, 0.00
0.00,0.06,0.00, 0.00
0.00,0.06,0.00, 0.00
0.00,0.06,0.00, 0.00
0.00,0.06,0.00, 0.00
0.00,0.06,0.00, 0.00
0.00,0.06,0.00, 0.00
0.00,0.06,0.00, 0.00
0.00,0.06,0.00, 0.00
0.00,0.06,0.00, 0.00
0.00,0.06,0.00, 0.00
0.00,0.06,0.00, 0.00
0.00,0.06,0.00, 0.00
0.00,0.05,0.00, 0.00
0.00,0.05,0.00, 0.50
0.00,0.06,0.00, 0.25
0.00,0.06,0.00, 0.00
0.00,0.06,0.00, 0.00
0.00,0.06,0.00, 0.00
0.00,0.06,0.00, 0.00
0.00,0.06,0.00, 0.00
0.00,0.06,0.00, 0.00
0.00,0.06,0.00, 0.00
0.00,0.06,0.00, 0.00
0.00,0.06,0.00, 0.00
0.00,0.06,0.00, 0.00
0.00,0.06,0.00, 0.00
0.00,0.06,0.00, 0.00
0.00,0.06,0.00, 0.00
0.00,0.06,0.00, 0.00
0.00,0.06,0.00, 0.00
0.00,0.06,0.00, 0.00
0.00,0.06,0.00, 0.00
0.00,0.06,0.00, 0.00
0.00,0.06,0.00, 0.00
0.00,0.06,0.00, 0.00
0.00,0.06,0.00, 0.00
0.00,0.06,0.00, 0.00
0.00,0.06,0.00, 0.00
0.00,0.06,0.00, 0.00
0.00,0.06,0.00, 0.00
0.00,0.06,0.00, 0.00
0.00,0.06,0.00, 0.00
0.00,0.06,0.00, 0.00
0.00,0.06,0.00, 0.00
0.00,0.06,0.00, 0.00
0.00,0.05,0.00, 0.00
0.00,0.06,0.00, 0.75
0.00,0.