1.64,0.00,0.00, 0.00
1.64,0.00,0.00, 0.00
0.03,0.05,0.00, 2.24
0.00,0.05,0.00, 0.51
0.00,0.06,0.00, 0.25
0.00,0.05,0.00, 0.00
0.00,0.05,0.00, 0.50
0.00,0.06,0.00, 0.25
0.00,0.05,0.00, 0.00
0.00,0.05,0.00, 0.50
0.00,0.05,0.00, 0.00
0.00,0.05,0.00, 0.00
0.00,0.05,0.00, 0.00
0.00,0.05,0.00, 0.00
0.00,0.05,0.00, 0.00
0.00,0.05,0.00, 0.00
0.00,0.05,0.00, 0.00
0.00,0.05,0.00, 0.00
0.00,0.05,0.00, 0.00
0.00,0.05,0.00, 0.00
0.00,0.05,0.00, 0.00
0.00,0.05,0.00, 0.00
0.00,0.05,0.00, 0.00
0.00,0.05,0.00, 0.00
0.00,0.05,0.00, 0.00
0.00,0.05,0.00, 0.00
0.00,0.05,0.00, 0.00
0.00,0.05,0.00, 0.00
0.00,0.05,0.00, 0.00
0.00,0.05,0.00, 0.00
0.00,0.05,0.00, 0.00
0.00,0.05,0.00, 0.00
0.00,0.05,0.00, 0.00
0.00,0.05,0.00, 0.00
0.00,0.05,0.00, 0.00
0.00,0.05,0.00, 0.00
0.00,0.05,0.00, 0.00
0.00,0.05,0.00, 0.00
0.00,0.05,0.00, 0.00
0.00,0.05,0.00, 0.00
0.00,0.05,0.00, 0.00
0.00,0.05,0.00, 0.00
0.00,0.05,0.00, 0.00
0.00,0.05,0.00, 0.00
0.00,0.05,0.00, 0.00
0.00,0.05,0.00, 0.00
0.00,0.05,0.00, 0.00
0.00,0.05,0.00, 0.00
0.00,0.05,0.00, 0.00
0.00,0.05,0.00, 0.00
0.00,0.05,0.00, 0.00
0.00,0.05,0.00, 0.00
0.03,0.05,1.48, 0.00
0.03,0.05,1.48, 0.00
0.03,0.05,1.48, 0.00
0.03,0.05,1.48, 0.00
0.03,0.05,1.48, 0.00
0.03,0.05,1.48, 0.00
0.07,0.05,1.99, 0.00
0.00,0.05,0.00, 0.50
0.00,0.05,0.00, 0.50
0.00,0.05,0.00, 0.50
0.00,0.05,0.00, 0.50
0.00,0.05,0.00, 0.50
0.00,0.05,0.00, 0.50
0.00,0.05,0.00, 0.50
0.00,0.05,0.00, 0.50
0.00,0.05,0.00, 0.50
0.00,0.05,0.00, 0.00
0.00,0.05,0.00, 0.00
0.00,0.05,0.00, 0.00
0.00,0.05,0.00, 0.00
0.00,0.05,0.00, 0.00
0.00,0.05,0.00, 0.00
0.00,0.05,0.00, 0.00
0.00,0.05,0.00, 0.00
0.00,0.05,0.00, 0.00
0.00,0.05,0.00, 0.00
0.00,0.05,0.00, 0.00
0.00,0.05,0.00, 0.00
0.00,0.05,0.00, 0.00
0.00,0.05,0.00, 0.00
0.00,0.05,0.00, 0.00
0.00,0.05,0.00, 0.00
0.00,0.05,0.00, 0.00
0.00,0.05,0.00, 0.00
0.00,0.05,0.00, 0.00
0.00,0.05,0.00, 0.00
0.00,0.05,0.00, 0.00
0.00,0.05,0.00, 0.00
0.00,0.05,0.00, 0.50
0.00,0.05,0.00, 0.00
0.00,0.05,0.00, 0.00
0.00,0.05,0.00, 0.00
0.00,0.05,0.00, 0.00
0.00,0.05,0.00, 0.00
0.00,0.05,0.00, 0.00
0.00,0.05,0.00, 0.00
0.00,0.05,0.00, 0.00
0.00,0.05,0.00, 0.00
0.00,0.05,0.00, 0.00
0.00,0.05,0.00, 0.00
0.00,0.05,0.00, 0.00
0.00,0.05,0.00, 0.00
0.00,0.05,0.00, 0.00
0.00,0.05,0.00, 0.00
0.00,0.05,0.00, 0.00
0.00,0.05,0.00, 0.00
0.00,0.05,0.00, 0.00
0.00,0.05,0.00, 0.00
0.00,0.05,0.00, 0.00
0.00,0.05,0.00, 0.00
0.00,0.05,0.00, 0.00
0.00,0.05,0.00, 0.00
0.00,0.05,0.00, 0.00
0.00,0.05,0.00, 0.00
0.00,0.05,0.00, 0.00
0.00,0.05,0.00, 0.00
0.00,0.05,0.00, 0.00
0.00,0.05,0.00, 0.00
0.00,0.05,0.00, 0.00
0.00,0.05,0.00, 0.00
0.00,0.05,0.00, 0.00
0.00,0.05,0.00, 0.00
0.00,0.05,0.00, 0.00
0.09,0.05,4.43, 0.00
0.09,0.05,4.43, 0.00
0.09,0.05,4.43, 0.00
0.09,0.05,4.43, 0.00
0.09,0.05,4.43, 0.00
0.09,0.05,4.43, 0.00
0.09,0.05,4.43, 0.00
0.09,0.05,4.43, 0.00
0.09,0.05,4.43, 0.00
0.09,0.05,4.43, 0.00
0.09,0.05,4.43, 0.00
0.09,0.05,4.43, 0.00
0.07,0.05,0.00, 0.00
0.07,0.05,0.00, 0.00
0.03,0.05,0.00, 0.50
0.00,0.05,0.00, 0.00
0.00,0.05,0.00, 0.00
0.00,0.05,0.00, 0.00
0.00,0.05,0.00, 0.00
0.00,0.05,0.00, 0.00
0.00,0.05,0.00, 0.00
0.00,0.05,0.00, 0.00
0.00,0.05,0.00, 0.00
0.00,0.05,0.00, 0.00
0.00,0.05,0.00, 0.00
0.00,0.05,0.00, 0.00
0.00,0.05,0.00, 0.00
0.00,0.05,0.00, 0.00
0.00,0.05,0.00, 0.00
0.00,0.05,0.00, 0.00
0.00,0.05,0.00, 0.00
0.00,0.05,0.00, 0.00
0.00,0.05,0.00, 0.00
0.00,0.05,0.00, 0.00
0.00,0.05,0.00, 0.00
0.00,0.05,0.00, 0.00
0.00,0.05,0.00, 0.00
0.00,0.05,0.00, 0.00
0.00,0.05,0.00, 0.00
0.00,0.05,0.00, 0.00
0.00,0.05,0.00, 0.00
0.00,0.05,0.00, 0.00
0.00,0.05,0.00, 0.00
0.00,0.05,0.00, 0.00
0.00,0.05,0.00, 0.00
0.00,0.05,0.00, 0.00
0.00,0.05,0.00, 0.00
0.00,0.05,0.00, 0.00
0.00,0.05,0.00, 0.00
0.00,0.05,0.00, 0.00
0.00,0.05,0.00, 0.50
0.00,0.05,0.00, 0.50
0.00,0.05,0.00, 0.50
0.00,0.05,0.00, 0.50
0.00,0.05,0.00, 0.50
0.00,0.05,0.00, 0.50
0.00,0.05,0.00, 0.50
0.00,0.05,0.00, 0.50
0.00,0.05,0.00, 0.50
0.00,0.05,0.00, 0.50
0.00,0.05,0.00, 0.50
0.00,0.05,0.00, 0.50
0.00,0.05,0.00, 0.50
0.00,0.05,0.00, 0.50
0.00,0.05,0.00, 0.50
0.00,0.05,0.00, 0.50
0.00,0.05,0.00, 0.50
0.00,0.05,0.00, 0.50
0.00,0.05,0.00, 0.50
0.00,0.05,0.00, 0.50
0.00,0.06,0.00, 0.25
0.00,0.06,0.00, 0.25
0.00,0.06,0.00, 0.25
0.00,0.06,0.00, 0.25
0.00,0.06,0.00, 0.25
0.00,0.06,0.00, 0.25
0.00,0.06,0.00, 0.25
0.00,0.06,0.00, 0.00
0.00,0.06,0.00, 0.00
0.00,0.05,0.00, 0.00
0.00,0.05,0.00, 0.00
0.00,0.05,0.00, 0.00
0.00,0.05,0.00, 0.00
0.00,0.05,0.00, 0.00
0.00,0.05,0.00, 0.00
0.00,0.05,0.00, 0.00
0.00,0.05,0.00, 0.00
0.00,0.05,0.00, 0.00
0.00,0.05,0.00, 0.00
0.00,0.05,0.00, 0.00
0.09,0.05,4.43, 0.00
0.09,0.05,4.43, 0.00
0.25,0.05,7.95, 0.00
0.25,0.05,7.95, 0.00
0.25,0.05,7.95, 0.00
0.47,0.05,10.96, 0.50
0.34,0.06,0.00, 0.25
0.25,0.06,0.00, 0.00
0.25,0.06,0.00, 0.00
0.25,0.06,0.00, 0.00
0.25,0.06,0.00, 0.00
0.25,0.06,0.00, 0.00
0.25,0.06,0.00, 0.00
0.25,0.06,0.00, 0.00
0.25,0.06,0.00, 0.00
0.25,0.06,0.00, 0.00
0.14,0.05,0.00, 0.00
0.07,0.05,0.00, 0.50
0.07,0.05,0.00, 0.50
0.03,0.05,0.00, 0.00
0.00,0.05,0.00, 0.00
0.00,0.05,0.00, 0.50
0.00,0.05,0.00, 0.50
0.00,0.05,0.00, 0.50
0.00,0.05,0.00, 0.50
0.00,0.05,0.00, 0.50
0.00,0.05,0.00, 0.50
0.00,0.05,0.00, 0.50
0.00,0.05,0.00, 0.00
0.00,0.05,0.00, 0.00
0.00,0.05,0.00, 0.00
0.00,0.05,0.00, 0.00
0.00,0.05,0.00, 0.00
0.00,0.05,0.00, 0.00
0.00,0.05,0.00, 0.00
0.00,0.05,0.00, 0.00
0.00,0.05,0.00, 0.00
0.00,0.05,0.00, 0.00
0.00,0.05,0.00, 0.00
0.00,0.05,0.00, 0.00
0.00,0.05,0.00, 0.00
0.00,0.05,0.00, 0.00
0.00,0.05,0.00, 0.00
0.00,0.05,0.00, 0.00
0.00,0.05,0.00, 0.00
0.00,0.05,0.00, 0.00
0.00,0.05,0.00, 0.00
0.00,0.05,0.00, 0.00
0.00,0.05,0.00, 0.00
0.00,0.05,0.00, 0.00
0.00,0.05,0.00, 0.00
0.00,0.05,0.00, 0.00
0.00,0.05,0.00, 0.00
0.00,0.05,0.00, 0.00
0.00,0.05,0.00, 0.00
0.00,0.05,0.00, 0.00
0.00,0.05,0.00, 0.00
0.00,0.89,0.00, 42.10
0.00,0.89,0.00, 42.10
0.00,0.89,0.00, 42.10
0.00,0.89,0.00, 42.10
0.00,0.89,0.00, 42.10
0.00,0.89,0.00, 42.10
0.00,0.89,0.00, 42.10
0.00,0.89,0.00, 42.10
0.74,3.47,36.46, 128.68
0.74,3.47,36.46, 128.68
0.74,3.47,36.46, 128.68
0.74,3.47,36.46, 128.68
1.30,4.78,28.12, 65.98
1.46,4.90,8.30, 5.97
1.42,5.62,0.00, 35.89
1.44,5.41,0.99, 0.00
1.44,5.20,0.01, 0.00
1.44,4.99,0.00, 0.00
1.46,4.88,0.99, 0.00
1.48,4.81,1.00, 0.00
1.48,4.82,0.01, 0.25
1.48,4.82,0.00, 0.00
1.48,4.84,0.00, 1.25
1.48,4.83,0.00, 0.00
1.48,4.84,0.00, 0.50
1.48,4.76,0.00, 0.00
1.48,4.80,0.00, 1.99
1.48,4.76,0.00, 0.00
1.46,4.72,0.00, 0.00
1.48,4.66,0.99, 0.00
1.46,4.66,0.00, 0.00
1.46,4.64,0.00, 0.00
1.46,4.62,0.00, 0.00
1.46,4.62,0.00, 0.00
1.46,4.57,0.00, 0.00
1.48,4.51,0.99, 0.00
1.48,4.46,0.01, 0.00
1.48,4.44,0.00, 0.00
1.48,4.44,0.00, 0.00
1.51,4.50,1.48, 2.74
1.51,4.53,0.02, 1.75
1.51,4.59,0.00, 2.50
1.51,4.65,0.00, 3.50
1.51,4.67,0.00, 0.76
1.48,4.70,0.00, 1.75
1.48,4.76,0.00, 3.00
1.48,4.76,0.00, 3.00
1.48,4.76,0.00, 3.00
1.51,4.78,1.48, 0.76
1.51,4.82,0.02, 1.75
1.51,4.86,0.00, 2.25
1.51,4.93,0.00, 3.50
1.51,4.99,0.00, 3.00
1.51,5.09,0.00, 4.74
1.51,5.16,0.00, 4.00
1.51,5.23,0.00, 3.50
1.53,5.30,0.99, 3.25
1.53,5.37,0.01, 3.50
1.53,5.45,0.00, 4.00
1.55,5.53,0.99, 3.75
1.55,5.59,0.01, 3.00
1.53,5.62,0.00, 2.00
1.53,5.64,0.00, 1.00
1.55,5.66,0.99, 1.00
1.55,5.68,0.01, 0.50
1.53,5.69,0.00, 0.50
1.53,5.69,0.00, 0.50
1.55,5.70,0.99, 0.50
1.55,5.70,0.99, 0.50
1.55,5.72,0.01, 1.25
1.55,5.72,0.00, 0.00
1.55,5.71,0.00, 0.00
1.55,5.66,0.00, 0.00
1.57,5.62,0.99, 0.00
1.59,5.55,1.00, 0.00
1.59,5.43,0.01, 0.00
1.59,5.32,0.00, 0.00
1.62,5.19,1.48, 0.00
1.62,5.09,0.02, 0.00
1.62,5.09,0.02, 0.00
1.62,5.09,0.02, 0.00
1.64,4.97,0.99, 0.00
1.64,4.87,0.01, 0.00
1.64,4.79,0.00, 0.00
1.64,4.69,0.00, 0.00
1.64,4.61,0.00, 0.00
1.64,4.55,0.00, 0.00
1.64,4.45,0.00, 0.00
1.64,4.37,0.00, 0.00
1.62,4.26,0.00, 0.00
1.62,4.14,0.00, 0.00
1.59,4.03,0.00, 0.00
1.59,3.91,0.00, 0.00
1.59,3.82,0.00, 0.00
1.59,3.72,0.00, 0.00
1.59,3.63,0.00, 0.00
1.59,3.53,0.00, 0.00
1.57,3.42,0.00, 0.00
1.57,3.36,0.00, 0.00
1.57,3.24,0.00, 0.00
1.57,3.24,0.00, 0.00
1.55,3.11,0.00, 0.00
1.55,3.11,0.00, 0.00
1.55,2.99,0.00, 0.00
1.57,2.89,0.99, 0.00
1.55,2.83,0.00, 0.00
1.55,2.74,0.00, 0.00
1.55,2.65,0.00, 0.00
1.55,2.59,0.00, 0.00
1.55,2.58,0.00, 0.00
1.55,2.56,0.00, 0.00
1.57,2.53,0.99, 0.00
1.55,2.53,0.00, 0.00
1.55,2.53,0.00, 0.00
1.57,2.49,0.99, 0.00
1.57,2.49,0.99, 0.00
1.57,2.49,0.99, 0.00
1.57,2.43,0.01, 0.00
1.57,2.43,0.01, 0.00
1.55,2.35,0.00, 0.00
1.55,2.29,0.00, 0.00
1.55,2.22,0.00, 0.00
1.55,2.09,0.00, 0.00
1.55,2.02,0.00, 0.00
1.55,1.95,0.00, 0.00
1.55,1.89,0.00, 0.00
1.55,1.89,0.00, 0.00
1.55,1.89,0.00, 0.00
1.51,1.88,0.00, 0.00
1.53,1.84,0.99, 0.00
1.55,1.80,1.00, 0.00
1.55,1.71,0.01, 0.00
1.55,1.71,0.00, 0.00
1.55,1.69,0.00, 0.00
1.55,1.64,0.00, 0.00
1.55,1.62,0.00, 0.00
1.55,1.59,0.00, 0.00
1.53,1.59,0.00, 0.00
1.48,1.56,0.00, 0.00
1.28,1.50,0.00, 0.00
1.33,1.51,2.46, 0.50
1.33,1.51,2.46, 0.50
1.35,1.49,1.02, 0.00
1.35,1.43,0.02, 0.00
1.35,1.35,0.00, 0.00
1.35,1.26,0.00, 0.00
1.30,1.15,0.00, 0.00
1.19,1.01,0.00, 0.00
1.19,1.01,0.00, 0.00
1.03,0.85,0.00, 0.00
1.03,0.85,0.00, 0.00
1.03,0.85,0.00, 0.00
1.03,0.85,0.00, 0.00
1.03,0.85,0.00, 0.00
1.03,0.85,0.00, 0.00
1.03,0.85,0.00, 0.00
1.03,0.85,0.00, 0.00
1.03,0.85,0.00, 0.00
1.03,0.85,0.00, 0.00
1.03,0.85,0.00, 0.00
1.03,0.85,0.00, 0.00
1.03,0.85,0.00, 0.00
0.63,0.70,0.00, 0.00
0.52,0.53,0.00, 0.00
0.65,0.39,6.40, 0.00
1.62,0.07,47.88, 0.00
1.48,0.09,0.00, 1.00
1.46,0.07,0.00, 0.00
1.42,0.07,0.00, 0.00
1.33,0.08,0.00, 0.50
1.33,0.08,0.00, 0.50
1.33,0.08,0.00, 0.50
1.35,0.10,0.99, 1.00
1.35,0.10,0.99, 1.00
1.35,0.10,0.99, 1.00
1.35,0.10,0.99, 1.00
1.35,0.07,0.01, 0.00
1.30,0.05,0.00, 0.00
1.33,0.05,1.48, 0.25
0.88,0.05,0.00, 0.00
0.88,0.05,0.00, 0.00
0.88,0.05,0.00, 0.00
0.88,0.05,0.00, 0.00
0.20,0.05,0.00, 0.00
0.03,0.05,0.00, 0.00
0.20,0.05,8.37, 0.00
1.30,0.05,54.31, 0.00
1.26,0.05,0.00, 0.50
1.19,0.05,0.00, 0.00
1.19,0.05,0.00, 0.00
1.12,0.05,0.00, 0.50
1.12,0.05,0.00, 0.50
1.12,0.05,0.00, 0.50
1.12,0.05,0.00, 0.50
1.12,0.05,0.00, 0.50
1.12,0.05,0.00, 0.50
1.12,0.05,0.00, 0.50
0.85,0.05,0.00, 0.00
0.85,0.05,0.00, 0.00
0.54,0.05,0.00, 0.00
0.52,0.05,0.00, 0.00
1.01,0.05,24.14, 0.00
0.85,0.05,0.00, 0.50
0.72,0.05,0.00, 0.00
0.65,0.05,0.00, 0.00
0.70,0.05,2.46, 0.50
0.77,0.06,3.48, 0.25
0.83,0.05,3.01, 0.00
0.85,0.05,1.03, 0.00
0.83,0.05,0.00, 0.50
0.83,0.05,0.00, 0.50
0.77,0.05,0.00, 0.00
0.72,0.05,0.00, 0.00
0.70,0.05,0.00, 0.00
0.70,0.05,0.00, 0.50
0.74,0.06,1.97, 0.25
0.68,0.06,0.00, 0.00
0.68,0.06,0.00, 0.00
0.68,0.06,0.00, 0.00
0.68,0.06,0.00, 0.00
0.68,0.06,0.00, 0.00
0.68,0.06,0.00, 0.00
0.68,0.06,0.00, 0.00
0.68,0.06,0.00, 0.00
0.68,0.06,0.00, 0.00
0.68,0.06,0.00, 0.00
0.68,0.06,0.00, 0.00
0.68,0.06,0.00, 0.00
0.68,0.06,0.00, 0.00
0.63,0.05,0.00, 0.00
0.63,0.05,0.00, 0.00
0.70,0.05,3.45, 0.00
0.70,0.05,3.45, 0.00
0.70,0.05,3.45, 0.00
0.70,0.05,3.45, 0.00
0.70,0.05,3.45, 0.00
0.70,0.05,3.45, 0.00
0.70,0.05,3.45, 0.00
0.72,0.14,1.04, 4.73
0.72,0.14,1.04, 4.73
0.68,0.14,0.00, 0.02
0.68,0.14,0.00, 0.02
0.68,0.14,0.00, 0.02
0.59,0.13,0.00, 0.00
0.00,0.64,0.00, 25.66
0.00,0.71,0.00, 3.08
0.00,1.01,0.00, 15.21
0.00,1.22,0.00, 10.52
0.07,1.44,3.45, 11.25
0.29,1.67,10.89, 11.50
0.63,1.90,16.91, 11.25
0.88,2.12,12.56, 10.75
1.10,2.35,11.02, 11.50
1.28,2.52,9.03, 8.51
1.42,2.66,7.03, 7.50
1.33,3.00,0.00, 16.72
1.35,3.08,0.99, 3.80
1.48,3.22,6.42, 7.24
1.46,3.34,0.00, 6.00
1.46,3.41,0.00, 3.76
1.48,3.46,0.99, 2.50
1.51,3.56,1.49, 4.49
1.48,3.63,0.00, 3.75
1.48,3.72,0.00, 4.25
1.46,3.74,0.00, 1.26
1.46,3.75,0.00, 0.50
1.46,3.73,0.00, 0.00
1.46,3.68,0.00, 0.00
1.44,3.62,0.00, 0.00
1.44,3.58,0.00, 0.00
1.44,3.58,0.00, 0.00
1.44,3.58,0.00, 0.00
1.59,3.50,7.39, 0.00
1.42,3.43,0.00, 0.00
1.44,3.30,0.99, 0.00
1.42,3.18,0.00, 0.00
1.42,3.20,0.00, 1.25
1.42,3.28,0.00, 3.49
1.42,3.28,0.00, 3.49
1.42,3.34,0.00, 3.00
1.42,3.37,0.00, 1.75
1.44,3.40,0.99, 1.75
1.42,3.40,0.00, 0.01
1.42,3.45,0.00, 2.24
1.42,3.51,0.00, 3.00
1.42,3.51,0.00, 3.00
1.42,3.61,0.00, 4.74
1.42,3.72,0.00, 5.75
1.42,3.84,0.00, 6.00
1.42,3.98,0.00, 6.75
1.42,3.98,0.00, 6.75
1.42,3.98,0.00, 6.75
1.42,3.98,0.00, 6.75
1.44,4.08,0.99, 5.26
1.44,4.22,0.01, 6.99
1.46,4.36,0.99, 7.25
1.46,4.36,0.99, 7.25
1.46,4.36,0.99, 7.25
1.46,4.36,0.99, 7.25
1.46,4.36,0.99, 7.25
1.42,4.73,0.00, 17.96
1.42,4.76,0.00, 1.56
1.44,4.76,0.99, 0.01
1.42,4.80,0.00, 1.99
1.42,4.81,0.00, 0.51
1.42,4.81,0.00, 0.00
1.42,4.81,0.00, 0.00
1.44,4.82,0.99, 1.00
1.44,4.82,0.99, 1.00
1.44,4.83,0.01, 0.25
1.44,4.84,0.00, 0.50
1.44,4.89,0.00, 2.74
1.42,4.89,0.00, 0.00
1.42,4.89,0.00, 0.00
1.42,4.90,0.00, 0.50
1.44,4.86,0.99, 0.00
1.44,4.84,0.01, 0.00
1.44,4.78,0.00, 0.00
1.44,4.70,0.00, 0.00
1.42,4.61,0.00, 0.00
1.44,4.48,0.99, 0.00
1.44,4.32,0.01, 0.00
1.44,4.20,0.00, 0.00
1.44,4.07,0.00, 0.00
1.44,3.95,0.00, 0.00
1.44,3.86,0.00, 0.00
1.46,3.80,0.99, 0.00
1.44,3.72,0.00, 0.00
1.44,3.72,0.00, 0.00
1.44,3.72,0.00, 0.00
1.44,3.72,0.00, 0.00
1.44,3.72,0.00, 0.00
1.46,3.65,0.99, 0.00
1.46,3.60,0.01, 0.00
1.46,3.60,0.01, 0.00
1.46,3.22,0.00, 0.00
1.46,3.08,0.00, 0.00
1.46,2.94,0.00, 0.00
1.46,2.81,0.00, 0.00
1.46,2.70,0.00, 0.00
1.48,2.63,0.99, 0.00
1.48,2.63,0.99, 0.00
1.48,2.61,0.01, 0.00
1.48,2.51,0.00, 0.00
1.48,2.45,0.00, 0.00
1.48,2.41,0.00, 0.00
1.48,2.38,0.00, 0.00
1.48,2.32,0.00, 0.00
1.48,2.31,0.00, 0.00
1.48,2.21,0.00, 0.00
1.48,2.17,0.00, 0.00
1.48,2.10,0.00, 0.00
1.48,2.01,0.00, 0.00
1.48,1.93,0.00, 0.00
1.48,1.88,0.00, 0.00
1.48,1.86,0.00, 0.00
1.48,1.84,0.00, 0.00
1.48,1.81,0.00, 0.00
1.46,1.79,0.00, 0.00
1.46,1.75,0.00, 0.00
1.01,1.68,0.00, 0.00
1.01,1.68,0.00, 0.00
1.01,1.68,0.00, 0.00
1.01,1.68,0.00, 0.00
0.54,1.62,0.00, 0.00
0.56,1.52,0.99, 0.00
0.56,1.52,0.99, 0.00
0.56,1.52,0.99, 0.00
0.56,1.52,0.99, 0.00
0.56,1.52,0.99, 0.00
0.56,1.52,0.99, 0.00
0.41,1.44,0.00, 0.00
0.41,1.44,0.00, 0.00
0.29,1.35,0.00, 0.00
0.18,1.25,0.00, 0.00
0.05,0.62,0.00, 0.00
0.09,0.48,1.97, 0.00
0.09,0.48,1.97, 0.00
0.16,0.39,3.48, 0.00
0.23,0.27,3.50, 0.00
0.25,0.16,1.04, 0.00
0.25,0.16,1.04, 0.00
0.25,0.16,1.04, 0.00
0.25,0.16,1.04, 0.00
0.25,0.16,1.04, 0.00
0.25,0.16,1.04, 0.00
0.25,0.16,1.04, 0.00
0.25,0.16,1.04, 0.00
0.25,0.16,1.04, 0.00
0.25,0.16,1.04, 0.00
0.25,0.16,1.04, 0.00
0.23,0.05,0.00, 0.00
0.36,0.04,6.40, 0.00
0.36,0.04,6.40, 0.00
0.43,0.05,3.54, 1.00
0.43,0.05,3.54, 1.00
0.47,0.06,2.02, 0.25
0.43,0.06,0.00, 0.00
0.25,0.05,0.00, 0.00
0.25,0.05,0.00, 0.00
0.25,0.05,0.00, 0.00
0.25,0.05,0.00, 0.00
0.25,0.05,0.00, 0.00
0.25,0.05,0.00, 0.00
0.25,0.05,0.00, 0.00
0.14,0.05,0.00, 0.00
0.07,0.05,0.00, 0.00
0.05,0.05,0.00, 0.00
0.00,0.05,0.00, 0.00
0.00,0.05,0.00, 0.00
0.00,0.05,0.00, 0.00
0.00,0.05,0.00, 0.00
0.00,0.05,0.00, 0.00
0.00,0.05,0.00, 0.00
0.00,0.05,0.00, 0.00
0.00,0.05,0.00, 0.00
0.00,0.05,0.00, 0.00
0.00,0.05,0.00, 0.00
0.00,0.05,0.00, 0.00
0.00,0.05,0.00, 0.00
0.00,0.05,0.00, 0.00
0.00,0.05,0.00, 0.00
0.00,0.05,0.00, 0.00
0.00,0.05,0.00, 0.00
0.00,0.05,0.00, 0.00
0.00,0.05,0.00, 0.00
0.00,0.05,0.00, 0.00
0.00,0.05,0.00, 0.00
0.00,0.05,0.00, 0.00
0.00,0.05,0.00, 0.00
0.00,0.05,0.00, 0.00
0.00,0.05,0.00, 0.00
0.00,0.05,0.00, 0.00
0.00,0.05,0.00, 0.00
0.00,0.04,0.00, 0.00
0.00,0.06,0.00, 1.25
0.00,0.06,0.00, 0.00
0.00,0.06,0.00, 0.00
0.00,0.06,0.00, 0.00
0.00,0.06,0.00, 0.00
0.00,0.06,0.00, 0.00
0.00,0.06,0.00, 0.00
0.00,0.06,0.00, 0.00
0.00,0.06,0.00, 0.00
0.00,0.06,0.00, 0.00
0.00,0.06,0.00, 0.00
0.00,0.06,0.00, 0.00
0.00,0.06,0.00, 0.00
0.00,0.06,0.00, 0.00
0.00,0.06,0.00, 0.00
0.00,0.06,0.00, 0.00
0.00,0.06,0.00, 0.00
0.00,0.06,0.00, 0.00
0.00,0.06,0.00, 0.00
0.00,0.06,0.00, 0.00
0.00,0.06,0.00, 0.00
0.00,0.06,0.00, 0.00
0.00,0.06,0.00, 0.00
0.00,0.06,0.00, 0.00
0.00,0.06,0.00, 0.00
0.00,0.06,0.00, 0.00
0.00,0.06,0.00, 0.00
0.00,0.06,0.00, 0.00
0.00,0.06,0.00, 0.00
0.00,0.06,0.00, 0.00
0.00,0.06,0.00, 0.00
0.00,0.06,0.00, 0.00
0.00,0.06,0.00, 0.00
0.00,0.06,0.00, 0.00
0.00,0.06,0.00, 0.00
0.00,0.06,0.00, 0.00
0.27,0.05,13.30, 0.00
0.41,0.05,7.09, 0.00
1.21,1.52,39.52, 73.48
1.21,1.52,39.52, 73.48
1.21,1.52,39.52, 73.48
1.21,1.52,39.52, 73.48
1.21,1.52,39.52, 73.48
1.21,1.52,39.52, 73.48
1.21,1.52,39.52, 73.48
1.21,1.52,39.52, 73.48
1.21,1.52,39.52, 73.48
1.21,1.52,39.52, 73.48
1.21,1.52,39.52, 73.48
1.21,1.52,39.52, 73.48
1.21,1.52,39.52, 73.48
1.24,1.75,2.06, 11.48
1.24,1.75,2.06, 11.48
1.24,1.75,2.06, 11.48
1.33,1.96,4.46, 10.75
1.33,1.96,4.46, 10.75
1.28,2.17,0.00, 10.75
1.51,2.85,11.33, 33.42
1.51,2.85,11.33, 33.42
1.51,2.85,11.33, 33.42
1.51,2.85,11.33, 33.42
1.51,2.82,0.17, 0.00
1.53,2.67,0.99, 0.00
1.53,2.64,0.01, 0.00
1.53,2.63,0.00, 0.00
1.53,2.64,0.00, 0.50
1.53,2.66,0.00, 1.00
1.53,2.68,0.00, 0.75
1.53,2.72,0.00, 2.24
1.51,2.77,0.00, 2.25
1.51,2.82,0.00, 2.50
1.51,2.87,0.00, 2.50
1.51,2.91,0.00, 2.25
1.51,2.91,0.00, 2.25
1.51,2.91,0.00, 2.25
1.51,2.91,0.00, 2.25
1.51,2.91,0.00, 2.25
1.51,2.91,0.00, 2.25
1.51,2.91,0.00, 2.25
1.51,2.99,0.00, 3.50
1.51,3.05,0.00, 3.00
1.51,3.14,0.00, 4.99
1.51,3.63,0.00, 24.18
1.51,3.72,0.00, 4.57
1.51,3.86,0.00, 6.99
1.51,4.01,0.00, 7.25
1.51,4.01,0.00, 7.25
1.51,4.01,0.00, 7.25
1.51,4.01,0.00, 7.25
1.51,4.01,0.00, 7.25
1.51,4.01,0.00, 7.25
1.51,4.17,0.00, 8.25
1.48,4.31,0.00, 6.76
1.51,4.43,1.48, 6.00
1.48,4.88,0.00, 22.44
1.46,4.97,0.00, 4.57
1.46,5.06,0.00, 4.50
1.44,5.21,0.00, 7.74
1.46,5.41,0.99, 9.74
1.46,5.60,0.01, 9.75
1.46,5.74,0.00, 6.76
1.44,5.84,0.00, 5.01
1.44,5.91,0.00, 3.51
1.46,5.95,0.99, 2.50
1.44,5.97,0.00, 0.76
1.46,5.98,0.99, 0.25
1.44,5.96,0.00, 0.00
1.44,5.93,0.00, 0.00
1.44,5.93,0.00, 0.00
1.44,5.90,0.00, 0.00
1.46,5.88,0.99, 0.00
1.46,5.86,0.01, 0.00
1.46,5.86,0.00, 0.00
1.44,5.86,0.00, 0.50
1.46,5.88,0.99, 0.50
1.46,5.86,0.01, 0.00
1.46,5.86,0.00, 0.00
1.46,5.86,0.00, 0.00
1.46,5.80,0.00, 0.00
1.46,5.80,0.00, 0.00
1.46,5.76,0.00, 0.00
1.46,5.65,0.00, 0.00
1.46,5.65,0.00, 0.00
1.53,5.53,3.45, 0.00
1.55,5.42,1.04, 0.00
1.57,5.27,1.00, 0.00
1.57,5.27,1.00, 0.00
1.57,5.15,0.01, 0.00
1.55,5.03,0.00, 0.00
1.55,4.99,0.00, 0.00
1.57,4.93,0.99, 0.00
1.57,4.93,0.99, 0.00
1.57,4.91,0.01, 0.00
1.57,4.91,0.01, 0.00
1.57,4.91,0.01, 0.00
1.57,4.91,0.01, 0.00
1.57,4.91,0.01, 0.00
1.57,4.91,0.01, 0.00
1.57,4.91,0.01, 0.00
1.57,4.86,0.00, 0.00
1.57,4.80,0.00, 0.00
1.59,4.63,0.99, 0.00
1.59,4.18,0.01, 0.00
1.59,4.04,0.00, 0.00
1.62,4.00,1.48, 0.00
1.59,3.95,0.00, 0.00
1.62,3.90,1.48, 0.00
1.62,3.84,0.02, 0.00
1.59,3.77,0.00, 0.00
1.59,3.64,0.00, 0.00
1.62,3.53,1.48, 0.00
1.62,3.53,1.48, 0.00
1.62,3.53,1.48, 0.00
1.62,3.53,1.48, 0.00
1.62,3.53,1.48, 0.00
1.62,3.53,1.48, 0.00
1.62,3.53,1.48, 0.00
1.59,3.38,0.00, 0.00
1.59,3.27,0.00, 0.00
1.59,3.14,0.00, 0.00
1.57,2.58,0.00, 0.00
1.57,2.49,0.00, 0.00
1.59,2.39,0.99, 0.00
1.59,2.30,0.01, 0.00
1.59,2.19,0.00, 0.00
1.59,2.08,0.00, 0.00
1.62,1.98,1.48, 0.00
1.62,1.87,0.02, 0.00
1.62,1.87,0.02, 0.00
1.62,1.77,0.00, 0.00
1.62,1.77,0.00, 0.00
1.59,1.66,0.00, 0.00
1.59,1.52,0.00, 0.00
1.15,1.40,0.00, 0.00
1.15,1.40,0.00, 0.00
1.15,1.40,0.00, 0.00
1.15,1.40,0.00, 0.00
1.15,1.40,0.00, 0.00
1.15,1.40,0.00, 0.00
1.15,1.40,0.00, 0.00
1.15,1.40,0.00, 0.00
1.15,1.40,0.00, 0.00
1.15,1.40,0.00, 0.00
1.15,1.40,0.00, 0.00
1.15,1.40,0.00, 0.00
1.15,1.40,0.00, 0.00
1.15,1.40,0.00, 0.00
0.00,1.28,0.00, 0.00
0.00,1.07,0.00, 0.00
0.00,1.07,0.00, 0.00
1.17,0.89,57.64, 0.00
1.51,0.05,17.60, 0.00
1.53,0.05,1.24, 0.00
1.53,0.05,1.24, 0.00
1.42,0.05,0.00, 0.00
1.35,0.05,0.00, 0.00
1.35,0.05,0.00, 0.00
1.39,0.05,1.97, 0.00
1.39,0.05,1.97, 0.00
1.28,0.05,0.00, 0.00
1.24,0.05,0.00, 0.00
1.21,0.05,0.00, 0.00
1.17,0.05,0.00, 0.00
1.08,0.05,0.00, 0.50
0.25,0.05,0.00, 0.00
0.00,0.05,0.00, 0.00
0.00,0.05,0.00, 0.50
0.00,0.05,0.00, 0.00
0.00,0.05,0.00, 0.00
0.00,0.05,0.00, 0.00
0.50,0.05,24.63, 0.50
0.50,0.05,24.63, 0.50
0.50,0.05,24.63, 0.50
1.51,0.05,50.12, 0.00
1.55,0.05,2.71, 0.00
1.44,0.06,0.00, 0.25
1.35,0.06,0.00, 0.00
0.70,0.06,0.00, 0.00
0.16,0.05,0.00, 0.00
0.14,0.05,0.00, 0.50
0.14,0.05,0.00, 0.50
0.14,0.05,0.00, 0.50
0.43,0.06,14.29, 0.25
0.97,0.06,26.81, 0.00
1.35,0.06,19.11, 0.00
1.15,0.05,0.00, 0.00
0.83,0.05,0.00, 0.50
0.63,0.06,0.00, 0.25
0.63,0.05,0.00, 0.00
0.77,0.05,6.90, 0.50
0.94,0.05,8.48, 0.00
1.03,0.05,4.56, 0.00
0.94,0.05,0.00, 0.00
0.79,0.05,0.00, 0.00
0.70,0.05,0.00, 0.00
0.70,0.05,0.00, 0.00
0.70,0.05,0.00, 0.00
0.81,0.05,5.42, 0.00
0.99,0.05,8.95, 0.00
1.10,0.05,5.55, 0.00
1.06,0.05,0.00, 0.00
0.88,0.05,0.00, 0.00
0.72,0.05,0.00, 0.00
0.65,0.05,0.00, 0.00
0.65,0.05,0.00, 0.00
0.65,0.05,0.00, 0.00
0.79,0.05,6.90, 0.50
0.90,0.05,5.52, 0.00
0.97,0.05,3.53, 0.00
0.97,0.05,3.53, 0.00
0.97,0.05,3.53, 0.00
0.97,0.05,3.53, 0.00
0.97,0.05,3.53, 0.00
0.97,0.05,3.53, 0.00
0.97,0.05,3.53, 0.00
0.97,0.05,3.53, 0.00
0.97,0.05,3.53, 0.00
0.97,0.05,3.53, 0.00
0.97,0.05,3.53, 0.00
0.97,0.05,3.53, 0.00
0.97,0.05,3.53, 0.00
0.97,0.05,3.53, 0.00
0.97,0.05,3.53, 0.00
0.97,0.05,3.53, 0.00
0.97,0.05,3.53, 0.00
0.97,0.05,3.53, 0.00
0.97,0.05,3.53, 0.00
0.97,0.05,3.53, 0.00
0.97,0.05,0.05, 0.00
0.97,0.05,0.05, 0.00
0.97,0.05,0.05, 0.00
0.92,0.05,0.00, 0.00
0.92,0.05,0.00, 0.00
0.90,0.05,0.00, 0.50
1.37,1.47,23.15, 70.24
1.39,1.84,1.33, 18.69
1.39,1.84,1.33, 18.69
1.39,1.99,0.02, 7.79
1.39,1.99,0.02, 7.79
1.39,1.99,0.02, 7.79
1.35,2.13,0.00, 7.25
1.33,2.44,0.00, 15.22
1.33,2.44,0.00, 15.22
1.33,2.44,0.00, 15.22
1.33,2.44,0.00, 15.22
1.33,2.44,0.00, 15.22
1.33,2.44,0.00, 15.22
1.33,2.44,0.00, 15.22
1.33,2.44,0.00, 15.22
1.30,2.62,0.00, 9.02
1.44,2.88,6.90, 12.74
1.55,2.95,5.52, 3.78
1.51,3.04,0.00, 4.50
1.48,3.01,0.00, 0.00
1.51,2.95,1.48, 0.00
1.51,2.92,0.02, 0.00
1.51,2.88,0.00, 0.00
1.51,2.84,0.00, 0.00
1.51,2.81,0.00, 0.00
1.51,2.81,0.00, 0.00
1.51,2.81,0.00, 0.00
1.51,2.81,0.00, 0.00
1.51,2.81,0.00, 0.00
1.51,2.80,0.00, 0.00
1.51,2.80,0.00, 0.00
1.51,2.82,0.00, 0.75
1.51,2.86,0.00, 2.00
1.48,2.93,0.00, 3.49
1.48,2.97,0.00, 2.50
1.46,3.03,0.00, 2.75
1.46,3.03,0.00, 2.75
1.48,3.06,0.99, 1.50
1.48,3.06,0.99, 1.50
1.48,3.06,0.99, 1.50
1.48,3.06,0.99, 1.50
1.48,3.06,0.99, 1.50
1.48,3.06,0.99, 1.50
1.48,3.06,0.99, 1.50
1.51,3.11,1.49, 2.50
1.51,3.11,1.49, 2.50
1.51,3.11,1.49, 2.50
1.51,3.11,1.49, 2.50
1.51,3.11,1.49, 2.50
1.51,3.11,1.49, 2.50
1.51,3.13,0.02, 1.01
1.48,3.13,0.00, 0.00
1.48,4.36,0.00, 61.52
1.48,4.60,0.00, 11.68
1.51,4.81,1.48, 10.75
1.51,4.99,0.02, 9.26
1.48,5.18,0.00, 9.25
1.51,5.33,1.48, 7.51
1.51,5.51,0.02, 8.75
1.51,5.51,0.02, 8.75
1.48,5.65,0.00, 7.26
1.51,5.78,1.48, 6.50
1.48,5.88,0.00, 5.01
1.48,5.88,0.00, 5.01
1.48,5.92,0.00, 2.01
1.48,5.93,0.00, 0.75
1.48,5.93,0.00, 0.00
1.48,5.87,0.00, 0.00
1.48,5.85,0.00, 0.00
1.48,5.82,0.00, 0.00
1.48,5.77,0.00, 0.00
1.48,5.70,0.00, 0.00
1.48,5.61,0.00, 0.00
1.48,5.61,0.00, 0.00
1.48,5.61,0.00, 0.00
1.48,5.61,0.00, 0.00
1.48,5.61,0.00, 0.00
1.48,5.61,0.00, 0.00
1.48,5.53,0.00, 0.00
1.48,5.43,0.00, 0.00
1.48,5.43,0.00, 0.00
1.48,5.35,0.00, 0.00
1.48,5.16,0.00, 0.00
1.48,5.10,0.00, 0.00
1.48,5.03,0.00, 0.00
1.48,4.96,0.00, 0.00
1.48,4.90,0.00, 0.00
1.48,4.78,0.00, 0.00
1.48,4.78,0.00, 0.00
1.48,4.78,0.00, 0.00
1.48,4.78,0.00, 0.00
1.48,4.78,0.00, 0.00
1.48,4.69,0.00, 0.00
1.48,4.69,0.00, 0.00
1.46,4.56,0.00, 0.00
1.46,4.47,0.00, 0.00
1.46,3.87,0.00, 0.00
1.46,3.74,0.00, 0.00
1.46,3.60,0.00, 0.00
1.46,3.43,0.00, 0.00
1.46,3.32,0.00, 0.00
1.48,3.22,0.99, 0.00
1.48,3.17,0.01, 0.00
1.48,3.17,0.01, 0.00
1.48,3.17,0.01, 0.00
1.48,3.17,0.01, 0.00
1.48,3.11,0.00, 0.00
1.48,3.11,0.00, 0.00
1.48,3.04,0.00, 0.00
1.48,2.72,0.00, 0.00
1.48,2.64,0.00, 0.00
1.48,2.59,0.00, 0.00
1.48,2.59,0.00, 0.00
1.48,2.53,0.00, 0.00
1.48,2.48,0.00, 0.00
1.48,2.45,0.00, 0.00
1.48,2.42,0.00, 0.00
1.48,2.42,0.00, 0.00
1.48,2.42,0.00, 0.00
1.48,2.42,0.00, 0.00
1.48,2.42,0.00, 0.00
1.48,2.42,0.00, 0.00
1.48,2.42,0.00, 0.00
1.48,2.42,0.00, 0.00
1.48,2.38,0.00, 0.00
1.48,2.38,0.00, 0.00
1.48,2.38,0.00, 0.00
1.48,2.38,0.00, 0.00
1.48,2.38,0.00, 0.00
1.51,2.36,1.48, 0.00
1.48,2.36,0.00, 0.00
1.48,2.36,0.00, 0.00
1.48,2.36,0.00, 0.00
1.48,2.36,0.00, 0.00
1.48,2.36,0.00, 0.00
1.48,2.36,0.00, 0.00
1.48,2.61,0.00, 12.45
1.51,2.43,1.48, 0.00
1.51,2.35,0.02, 0.00
1.51,1.97,0.00, 0.00
1.51,1.84,0.00, 0.00
1.42,1.69,0.00, 0.00
1.42,1.69,0.00, 0.00
1.42,1.69,0.00, 0.00
1.42,1.69,0.00, 0.00
1.42,1.69,0.00, 0.00
1.42,1.69,0.00, 0.00
0.00,1.50,0.00, 0.00
0.00,1.18,0.00, 0.00
0.99,1.03,48.77, 0.00
0.00,0.31,0.00, 0.00
0.00,0.21,0.00, 0.00
0.00,0.21,0.00, 0.00
0.00,0.21,0.00, 0.00
0.00,0.21,0.00, 0.00
0.00,0.21,0.00, 0.00
0.00,0.21,0.00, 0.00
0.00,0.21,0.00, 0.00
0.00,0.14,0.00, 0.00
0.00,0.14,0.00, 0.00
0.00,0.08,0.00, 0.00
0.00,0.06,0.00, 0.00
0.00,0.06,0.00, 0.00
1.33,0.05,65.52, 0.00
0.79,0.06,0.00, 0.25
0.79,0.06,0.00, 0.25
0.79,0.06,0.00, 0.25
0.00,0.06,0.00, 0.00
0.00,0.05,0.00, 0.00
0.00,0.05,0.00, 0.00
0.00,0.05,0.00, 0.00
0.52,0.05,25.62, 0.50
0.85,0.05,16.63, 0.00
0.85,0.05,16.63, 0.00
0.90,0.05,2.71, 0.00
0.65,0.05,0.00, 0.00
0.65,0.05,0.00, 0.00
0.65,0.05,0.00, 0.00
0.65,0.05,0.00, 0.00
0.27,0.05,0.00, 0.00
0.00,0.05,0.00, 0.00
0.00,0.05,0.00, 0.00
0.52,0.05,25.62, 0.50
0.56,0.06,2.35, 0.25
0.50,0.05,0.00, 0.00
0.32,0.05,0.00, 0.50
0.18,0.05,0.00, 0.00
0.16,0.05,0.00, 0.00
0.16,0.05,0.00, 0.00
0.16,0.05,0.00, 0.00
0.16,0.05,0.00, 0.00
0.16,0.05,0.00, 0.00
0.16,0.05,0.00, 0.00
0.16,0.05,0.00, 0.00
0.16,0.05,0.00, 0.00
0.16,0.05,0.00, 0.00
0.16,0.05,0.00, 0.00
0.16,0.05,0.00, 0.00
0.16,0.05,0.00, 0.00
0.16,0.05,0.00, 0.00
0.16,0.05,0.00, 0.00
0.16,0.05,0.00, 0.00
0.16,0.05,0.00, 0.00
0.16,0.05,0.00, 0.00
0.16,0.05,0.00, 0.00
0.16,0.05,0.00, 0.00
0.23,0.05,3.45, 0.50
0.36,0.05,6.46, 0.00
0.36,0.05,6.46, 0.00
0.45,0.05,4.53, 0.00
0.45,0.05,4.53, 0.00
0.41,0.05,0.00, 0.00
0.36,0.05,0.00, 0.00
0.36,0.05,0.00, 0.00
0.41,0.05,2.46, 0.00
0.41,0.05,2.46, 0.00
0.41,0.05,2.46, 0.00
0.41,0.05,2.46, 0.00
0.41,0.05,2.46, 0.00
0.41,0.05,2.46, 0.00
0.41,0.05,2.46, 0.00
0.41,0.05,2.46, 0.00
0.41,0.05,2.46, 0.00
0.41,0.05,2.46, 0.00
0.41,0.05,2.46, 0.00
0.43,0.05,1.02, 0.00
0.43,0.05,1.02, 0.00
0.43,0.05,1.02, 0.00
0.43,0.05,1.02, 0.00
0.43,0.05,1.02, 0.00
0.43,0.05,1.02, 0.00
0.43,0.05,1.02, 0.00
0.43,0.05,1.02, 0.00
0.43,0.05,1.02, 0.00
0.43,0.05,1.02, 0.00
0.43,0.05,1.02, 0.00
0.43,0.05,1.02, 0.00
0.43,0.05,1.02, 0.00
0.43,0.05,1.02, 0.00
0.43,0.05,0.02, 0.00
0.43,0.05,0.02, 0.00
0.43,0.05,0.02, 0.00
0.43,0.05,0.02, 0.00
0.43,0.05,0.02, 0.00
0.43,0.05,0.02, 0.00
0.43,0.05,0.02, 0.00
0.43,0.05,0.02, 0.00
0.43,0.05,0.02, 0.00
0.43,0.05,0.02, 0.00
0.43,0.05,0.02, 0.00
0.43,0.05,0.02, 0.00
0.43,0.05,0.02, 0.00
0.43,0.05,0.02, 0.00
0.41,0.05,0.00, 0.00
0.41,0.05,0.00, 0.00
0.27,0.05,0.00, 0.00
0.27,0.05,0.00, 0.00
0.27,0.05,0.00, 0.00
0.27,0.05,0.00, 0.00
0.27,0.05,0.00, 0.00
0.27,0.05,0.00, 0.00
0.27,0.05,0.00, 0.00
0.27,0.05,0.00, 0.00
0.27,0.05,0.00, 0.00
0.05,1.07,0.00, 50.81
0.05,1.07,0.00, 50.81
0.05,1.07,0.00, 50.81
0.05,1.07,0.00, 50.81
0.05,1.07,0.00, 50.81
0.05,1.07,0.00, 50.81
0.05,1.07,0.00, 50.81
1.46,2.66,69.46, 79.64
1.48,2.72,2.01, 3.53
1.51,3.13,1.51, 20.44
1.51,3.13,1.51, 20.44
1.51,3.13,1.51, 20.44
1.51,3.13,1.51, 20.44
1.51,3.13,1.51, 20.44
1.48,2.97,0.00, 0.00
1.48,2.97,0.00, 0.00
1.48,2.97,0.00, 0.00
1.48,2.95,0.00, 0.00
1.48,2.95,0.00, 0.00
1.46,2.92,0.00, 0.00
1.46,2.96,0.00, 2.24
1.46,3.15,0.00, 9.47
1.46,3.28,0.00, 6.26
1.46,3.28,0.00, 6.26
1.46,3.28,0.00, 6.26
1.46,3.28,0.00, 6.26
1.46,3.28,0.00, 6.26
1.46,3.28,0.00, 6.26
1.46,3.41,0.00, 6.50
1.48,3.57,0.99, 7.75
1.48,3.57,0.99, 7.75
1.48,3.72,0.01, 7.75
1.48,4.13,0.00, 20.45
1.48,4.20,0.00, 3.81
1.48,4.28,0.00, 3.50
1.46,4.38,0.00, 4.99
1.46,4.45,0.00, 4.00
1.46,4.56,0.00, 5.49
1.46,4.66,0.00, 5.00
1.46,4.77,0.00, 5.25
1.46,4.86,0.00, 4.75
1.46,4.95,0.00, 4.25
1.46,5.00,0.00, 2.51
1.46,5.06,0.00, 3.25
1.46,5.11,0.00, 2.25
1.46,5.16,0.00, 2.50
1.46,5.16,0.00, 2.50
1.48,5.17,0.99, 0.51
1.48,5.23,0.01, 2.99
1.48,5.26,0.00, 1.51
1.48,5.32,0.00, 2.99
1.48,5.36,0.00, 2.00
1.48,5.41,0.00, 2.50
1.48,5.41,0.00, 2.50
1.48,5.47,0.00, 2.75
1.48,5.49,0.00, 1.26
1.51,5.51,1.48, 0.75
1.51,5.49,0.02, 0.00
1.51,5.49,0.00, 0.00
1.51,5.49,0.00, 0.00
1.48,5.44,0.00, 0.00
1.48,5.43,0.00, 0.00
1.51,5.41,1.48, 0.00
1.48,5.39,0.00, 0.00
1.48,5.34,0.00, 0.00
1.48,5.31,0.00, 0.00
1.48,5.27,0.00, 0.00
1.48,5.24,0.00, 0.00
1.48,5.24,0.00, 0.00
1.48,5.24,0.00, 0.00
1.48,5.24,0.00, 0.00
1.48,5.24,0.00, 0.00
1.48,5.24,0.00, 0.00
1.48,5.24,0.00, 0.00
1.48,5.24,0.00, 0.00
1.48,5.19,0.00, 0.00
1.51,5.08,1.48, 0.00
1.51,5.08,1.48, 0.00
1.51,5.08,1.48, 0.00
1.51,5.08,1.48, 0.00
1.51,5.08,1.48, 0.00
1.51,5.08,1.48, 0.00
1.51,5.08,1.48, 0.00
1.51,5.08,1.48, 0.00
1.51,5.08,1.48, 0.00
1.51,5.08,1.48, 0.00
1.51,5.08,1.48, 0.00
1.51,5.08,1.48, 0.00
1.51,5.08,1.48, 0.00
1.51,5.08,1.48, 0.00
1.51,5.08,1.48, 0.00
1.51,5.08,1.48, 0.00
1.51,5.08,1.48, 0.00
1.51,5.08,1.48, 0.00
1.51,5.08,1.48, 0.00
1.51,5.08,1.48, 0.00
1.51,4.97,0.02, 0.00
1.48,4.58,0.00, 0.00
1.48,4.51,0.00, 0.00
1.48,2.67,0.00, 0.00
1.51,2.58,1.48, 0.00
1.51,2.49,0.02, 0.00
1.48,2.38,0.00, 0.00
1.48,2.27,0.00, 0.00
1.48,2.27,0.00, 0.00
1.48,2.27,0.00, 0.00
1.48,2.27,0.00, 0.00
1.48,2.27,0.00, 0.00
1.48,2.27,0.00, 0.00
1.48,2.23,0.00, 0.00
1.46,2.18,0.00, 0.00
1.46,2.18,0.00, 0.00
1.48,2.14,0.99, 0.00
1.48,1.98,0.01, 0.00
1.46,1.87,0.00, 0.00
1.46,1.79,0.00, 0.00
1.46,1.69,0.00, 0.00
1.46,1.59,0.00, 0.00
1.42,1.49,0.00, 0.00
0.00,1.30,0.00, 0.00
0.00,1.09,0.00, 0.00
0.00,1.09,0.00, 0.00
0.00,1.09,0.00, 0.00
0.00,1.09,0.00, 0.00
0.00,1.09,0.00, 0.00
0.00,1.09,0.00, 0.00
0.00,1.09,0.00, 0.00
0.00,1.09,0.00, 0.00
1.35,0.92,66.51, 0.00
1.12,0.76,0.00, 0.00
0.00,0.63,0.00, 0.00
0.00,0.63,0.00, 0.00
0.00,0.06,0.00, 0.00
0.00,0.05,0.00, 0.00
0.00,0.05,0.00, 0.00
0.00,0.05,0.00, 0.00
0.00,0.05,0.00, 0.00
0.00,0.05,0.00, 0.00
0.00,0.05,0.00, 0.00
0.00,0.05,0.00, 0.00
0.00,0.05,0.00, 0.00
0.00,0.05,0.00, 0.00
0.00,0.05,0.00, 0.00
0.00,0.05,0.00, 0.00
0.00,0.05,0.00, 0.00
0.00,0.05,0.00, 0.00
0.00,0.05,0.00, 0.00
0.00,0.05,0.00, 0.00
0.00,0.05,0.00, 0.00
0.05,0.08,2.46, 1.74
1.28,0.05,60.63, 0.00
0.00,0.05,0.00, 0.00
0.00,0.05,0.00, 0.00
0.00,0.05,0.00, 0.50
0.00,0.05,0.00, 0.50
0.00,0.05,0.00, 0.50
0.00,0.05,0.00, 0.50
0.00,0.05,0.00, 0.50
0.00,0.05,0.00, 0.50
0.00,0.05,0.00, 0.50
0.00,0.05,0.00, 0.50
0.00,0.05,0.00, 0.50
0.00,0.05,0.00, 0.50
0.00,0.05,0.00, 0.50
0.00,0.05,0.00, 0.50
0.00,0.05,0.00, 0.50
0.00,0.05,0.00, 0.50
0.61,0.05,30.05, 0.00
1.15,0.05,27.04, 0.00
1.15,0.05,27.04, 0.00
1.15,0.05,27.04, 0.00
1.15,0.05,27.04, 0.00
1.15,0.05,27.04, 0.00
1.15,0.05,27.04, 0.00
1.26,0.05,5.82, 0.50
1.26,0.05,5.82, 0.50
1.26,0.05,5.82, 0.50
0.23,0.05,0.00, 0.00
0.11,0.05,0.00, 0.00
0.00,0.05,0.00, 0.00
0.00,0.05,0.00, 0.00
0.00,0.05,0.00, 0.00
0.00,0.05,0.00, 0.00
0.00,0.05,0.00, 0.00
0.00,0.05,0.00, 0.00
0.00,0.05,0.00, 0.00
0.00,0.05,0.00, 0.00
0.00,0.05,0.00, 0.00
0.00,0.05,0.00, 0.00
0.00,0.05,0.00, 0.00
0.00,0.05,0.00, 0.00
0.00,0.05,0.00, 0.50
0.00,0.05,0.00, 0.50
0.00,0.05,0.00, 0.00
0.00,0.05,0.00, 0.00
0.50,0.06,24.63, 0.75
0.50,0.06,24.63, 0.75
0.50,0.06,24.63, 0.75
0.50,0.05,0.36, 0.00
0.45,0.06,0.00, 0.25
0.38,0.05,0.00, 0.00
0.38,0.05,0.00, 0.00
0.38,0.05,0.00, 0.00
0.38,0.05,0.00, 0.00
0.38,0.05,0.00, 0.00
0.38,0.05,0.00, 0.00
0.38,0.05,0.00, 0.00
0.38,0.05,0.00, 0.00
0.38,0.05,0.00, 0.00
0.38,0.05,0.00, 0.00
0.38,0.05,0.00, 0.00
0.38,0.05,0.00, 0.00
0.38,0.05,0.00, 0.00
0.38,0.05,0.00, 0.00
0.38,0.05,0.00, 0.00
0.38,0.05,0.00, 0.00
0.38,0.05,0.00, 0.00
0.38,0.05,0.00, 0.00
0.38,0.05,0.00, 0.00
0.34,0.05,0.00, 0.50
0.34,0.05,0.00, 0.50
0.34,0.05,0.00, 0.50
0.34,0.05,0.00, 0.50
0.34,0.05,0.00, 0.50
0.34,0.05,0.00, 0.50
0.34,0.05,0.00, 0.50
0.34,0.05,0.00, 0.50
0.34,0.05,0.00, 0.50
0.34,0.05,0.00, 0.50
0.34,0.05,0.00, 0.50
0.34,0.05,0.00, 0.50
0.34,0.05,0.00, 0.50
0.34,0.05,0.00, 0.50
0.34,0.05,0.00, 0.50
0.34,0.05,0.00, 0.50
0.34,0.05,0.00, 0.50
0.34,0.05,0.00, 0.50
0.34,0.05,0.00, 0.50
0.34,0.05,0.00, 0.50
0.34,0.05,0.00, 0.50
0.34,0.05,0.00, 0.50
0.34,0.05,0.00, 0.50
0.34,0.05,0.00, 0.50
0.34,0.05,0.00, 0.50
0.34,0.05,0.00, 0.50
0.34,0.05,0.00, 0.50
0.34,0.05,0.00, 0.50
0.32,0.05,0.00, 0.00
0.32,0.05,0.00, 0.00
0.32,0.05,0.00, 0.00
0.32,0.05,0.00, 0.00
0.32,0.05,0.00, 0.00
0.32,0.05,0.00, 0.00
0.32,0.05,0.00, 0.00
0.32,0.05,0.00, 0.00
0.32,0.05,0.00, 0.00
0.32,0.05,0.00, 0.00
0.32,0.05,0.00, 0.00
0.32,0.05,0.00, 0.00
0.32,0.05,0.00, 0.00
0.27,0.05,0.00, 0.50
0.27,0.05,0.00, 0.50
0.27,0.05,0.00, 0.50
0.27,0.05,0.00, 0.50
0.27,0.05,0.00, 0.50
0.27,0.05,0.00, 0.50
0.27,0.05,0.00, 0.50
0.27,0.05,0.00, 0.50
0.27,0.05,0.00, 0.50
0.27,0.05,0.00, 0.50
0.27,0.05,0.00, 0.50
0.27,0.05,0.00, 0.50
0.27,0.05,0.00, 0.50
0.27,0.05,0.00, 0.50
0.27,0.05,0.00, 0.50
0.27,0.05,0.00, 0.50
0.27,0.05,0.00, 0.50
0.27,0.05,0.00, 0.50
0.27,0.05,0.00, 0.50
0.27,0.05,0.00, 0.50
0.27,0.05,0.00, 0.50
0.27,0.05,0.00, 0.50
1.39,2.76,55.18, 134.51
1.46,2.80,4.26, 2.98
1.46,2.80,4.26, 2.98
1.46,2.80,4.26, 2.98
1.46,2.80,4.26, 2.98
1.46,2.80,4.26, 2.98
1.48,3.18,1.05, 18.69
1.48,3.55,0.02, 18.50
1.48,3.55,0.02, 18.50
1.46,3.57,0.00, 0.81
1.46,3.85,0.00, 13.95
1.44,3.88,0.00, 2.04
1.46,3.89,0.99, 0.51
1.46,3.98,0.01, 3.99
1.46,4.01,0.00, 1.76
1.46,4.11,0.00, 4.74
1.46,4.26,0.00, 7.49
1.46,4.39,0.00, 6.75
1.48,4.57,0.99, 9.24
1.46,4.74,0.00, 8.25
1.46,4.92,0.00, 9.00
1.46,5.07,0.00, 7.75
1.46,5.07,0.00, 7.75
1.46,5.07,0.00, 7.75
1.46,5.07,0.00, 7.75
1.46,5.07,0.00, 7.75
1.46,5.07,0.00, 7.75
1.46,5.07,0.00, 7.75
1.46,5.07,0.00, 7.75
1.46,5.07,0.00, 7.75
1.46,5.07,0.00, 7.75
1.46,5.07,0.00, 7.75
1.46,5.22,0.00, 7.25
1.48,5.34,0.99, 6.00
1.48,5.45,0.01, 5.50
1.51,5.97,1.48, 26.17
1.53,6.05,1.01, 3.83
1.53,6.04,0.01, 0.00
1.53,6.03,0.00, 0.00
1.53,5.97,0.00, 0.00
1.53,5.87,0.00, 0.00
1.53,5.87,0.00, 0.00
1.53,5.87,0.00, 0.00
1.53,5.87,0.00, 0.00
1.53,5.87,0.00, 0.00
1.53,5.87,0.00, 0.00
1.53,5.79,0.00, 0.00
1.51,5.69,0.00, 0.00
1.53,5.63,0.99, 0.00
1.57,5.41,1.99, 0.00
1.57,5.36,0.03, 0.00
1.59,5.31,0.99, 0.00
1.59,5.22,0.01, 0.00
1.59,5.16,0.00, 0.00
1.62,5.10,1.48, 0.00
1.64,5.01,1.01, 0.00
1.64,4.93,0.01, 0.00
1.64,4.83,0.00, 0.00
1.64,4.83,0.00, 0.00
1.64,4.83,0.00, 0.00
1.64,4.83,0.00, 0.00
1.64,4.83,0.00, 0.00
1.64,4.83,0.00, 0.00
1.64,4.83,0.00, 0.00
1.64,4.72,0.00, 0.00
1.64,4.57,0.00, 0.00
1.59,4.39,0.00, 0.00
1.59,4.39,0.00, 0.00
1.59,4.39,0.00, 0.00
1.57,3.82,0.00, 0.00
1.57,3.83,0.00, 0.50
1.59,3.80,0.99, 0.00
1.62,3.65,1.49, 0.00
1.62,3.54,0.02, 0.00
1.62,3.54,0.02, 0.00
1.62,3.54,0.02, 0.00
1.62,3.39,0.00, 0.00
1.59,3.24,0.00, 0.00
1.57,2.95,0.00, 0.00
1.55,2.72,0.00, 0.00
1.55,2.64,0.00, 0.00
1.53,2.57,0.00, 0.00
1.53,2.57,0.00, 0.00
1.53,2.57,0.00, 0.00
1.53,2.57,0.00, 0.00
1.53,2.57,0.00, 0.00
1.53,2.57,0.00, 0.00
1.53,2.57,0.00, 0.00
1.53,2.57,0.00, 0.00
1.53,2.57,0.00, 0.00
1.53,2.57,0.00, 0.00
1.53,2.57,0.00, 0.00
1.53,2.57,0.00, 0.00
1.53,2.57,0.00, 0.00
1.53,2.57,0.00, 0.00
1.53,2.57,0.00, 0.00
1.53,2.49,0.00, 0.00
1.55,2.39,0.99, 0.00
1.55,2.39,0.99, 0.00
1.55,2.39,0.99, 0.00
1.55,2.39,0.99, 0.00
1.55,2.39,0.99, 0.00
1.55,2.39,0.99, 0.00
1.55,2.39,0.99, 0.00
1.55,2.39,0.99, 0.00
1.55,2.39,0.99, 0.00
1.55,2.39,0.99, 0.00
1.55,2.39,0.99, 0.00
1.55,2.39,0.99, 0.00
1.55,2.39,0.99, 0.00
1.55,2.29,0.01, 0.00
1.55,2.29,0.01, 0.00
1.55,2.29,0.01, 0.00
1.55,2.29,0.01, 0.00
1.55,2.29,0.01, 0.00
1.55,2.29,0.01, 0.00
1.55,2.29,0.01, 0.00
1.33,1.76,0.00, 0.00
1.33,1.76,0.00, 0.00
1.33,1.76,0.00, 0.00
1.28,1.65,0.00, 0.00
1.28,1.65,0.00, 0.00
1.28,1.65,0.00, 0.00
1.28,1.65,0.00, 0.00
1.28,1.65,0.00, 0.00
1.28,1.65,0.00, 0.00
1.28,1.65,0.00, 0.00
1.28,1.65,0.00, 0.00
1.28,1.65,0.00, 0.00
1.28,1.65,0.00, 0.00
1.28,1.65,0.00, 0.00
1.28,1.65,0.00, 0.00
1.28,1.65,0.00, 0.00
1.28,1.65,0.00, 0.00
1.28,1.65,0.00, 0.00
1.28,1.65,0.00, 0.00
1.28,1.65,0.00, 0.00
1.28,1.65,0.00, 0.00
1.28,1.65,0.00, 0.00
1.28,1.65,0.00, 0.00
1.28,1.65,0.00, 0.00
1.30,0.04,0.99, 0.00
1.30,0.04,0.99, 0.00
1.30,0.04,0.99, 0.00
1.30,0.04,0.99, 0.00
1.30,0.04,0.99, 0.00
1.30,0.04,0.99, 0.00
1.30,0.04,0.99, 0.00
1.30,0.04,0.99, 0.00
1.30,0.04,0.99, 0.00
1.30,0.04,0.99, 0.00
1.30,0.04,0.99, 0.00
1.30,0.04,0.99, 0.00
1.30,0.04,0.99, 0.00
1.30,0.04,0.99, 0.00
1.30,0.04,0.99, 0.00
1.30,0.04,0.99, 0.00
1.30,0.04,0.99, 0.00
1.30,0.04,0.99, 0.00
1.30,0.04,0.99, 0.00
1.30,0.04,0.99, 0.00
1.30,0.04,0.99, 0.00
1.30,0.04,0.99, 0.00
1.30,0.04,0.99, 0.00
1.30,0.04,0.99, 0.00
1.30,0.04,0.99, 0.00
0.81,0.05,0.00, 0.75
0.81,0.05,0.00, 0.75
0.81,0.05,0.00, 0.75
0.81,0.05,0.00, 0.75
0.81,0.05,0.00, 0.75
0.81,0.05,0.00, 0.75
0.81,0.05,0.00, 0.75
0.81,0.05,0.00, 0.75
0.81,0.05,0.00, 0.75
0.81,0.05,0.00, 0.75
0.81,0.05,0.00, 0.75
0.81,0.05,0.00, 0.75
0.81,0.05,0.00, 0.75
0.81,0.05,0.00, 0.75
0.81,0.05,0.00, 0.75
0.81,0.05,0.00, 0.75
0.81,0.05,0.00, 0.75
0.81,0.05,0.00, 0.75
0.81,0.05,0.00, 0.75
0.81,0.05,0.00, 0.75
0.81,0.05,0.00, 0.75
0.83,0.05,0.99, 0.00
0.83,0.05,0.99, 0.00
0.83,0.05,0.99, 0.00
0.83,0.05,0.99, 0.00
0.83,0.05,0.99, 0.00
0.83,0.05,0.99, 0.00
0.83,0.05,0.99, 0.00
0.83,0.05,0.99, 0.00
0.83,0.05,0.99, 0.00
0.83,0.05,0.99, 0.00
0.83,0.05,0.99, 0.00
0.83,0.05,0.99, 0.00
0.83,0.05,0.99, 0.00
0.83,0.05,0.99, 0.00
0.83,0.05,0.99, 0.00
0.83,0.05,0.99, 0.00
0.70,0.05,0.00, 0.00
0.70,0.05,0.00, 0.00
0.70,0.05,0.00, 0.00
0.70,0.05,0.00, 0.00
0.70,0.05,0.00, 0.00
0.70,0.05,0.00, 0.00
0.70,0.05,0.00, 0.00
0.70,0.05,0.00, 0.00
0.70,0.05,0.00, 0.00
0.70,0.05,0.00, 0.00
0.70,0.05,0.00, 0.00
0.70,0.05,0.00, 0.00
0.70,0.05,0.00, 0.00
0.70,0.05,0.00, 0.00
0.65,0.06,0.00, 0.25
0.00,0.63,0.00, 28.65
0.00,0.63,0.00, 28.65
0.00,0.63,0.00, 28.65
0.00,0.63,0.00, 28.65
0.00,0.63,0.00, 28.65
0.00,0.63,0.00, 28.65
0.00,0.63,0.00, 28.65
0.00,0.63,0.00, 28.65
0.00,0.63,0.00, 28.65
1.19,2.56,58.62, 95.75
1.19,2.56,58.62, 95.75
1.39,2.99,10.72, 22.27
1.42,2.93,1.64, 0.00
1.42,3.32,0.02, 18.93
1.39,3.45,0.00, 6.79
1.39,3.45,0.00, 6.79
1.39,3.53,0.00, 4.01
1.39,3.53,0.00, 4.01
1.39,3.58,0.00, 2.51
1.37,3.65,0.00, 3.50
1.37,3.68,0.00, 1.51
1.37,3.76,0.00, 3.99
1.35,3.76,0.00, 0.26
1.35,3.76,0.00, 0.26
1.35,3.76,0.00, 0.26
1.35,3.76,0.00, 0.26
1.35,3.76,0.00, 0.26
1.35,3.76,0.00, 0.26
1.35,3.76,0.00, 0.26
1.35,3.76,0.00, 0.26
1.35,3.80,0.00, 1.50
1.35,3.80,0.00, 1.50
1.35,3.87,0.00, 3.49
1.35,3.96,0.00, 4.75
1.37,4.44,0.99, 23.93
1.35,4.48,0.00, 2.08
1.37,4.48,0.99, 0.01
1.35,4.52,0.00, 1.74
1.35,4.55,0.00, 1.75
1.35,4.62,0.00, 3.49
1.37,4.74,0.99, 5.74
1.35,4.84,0.00, 5.25
1.35,4.96,0.00, 6.00
1.35,5.07,0.00, 5.50
1.35,5.15,0.00, 4.25
1.37,5.22,0.99, 3.00
1.39,5.28,1.00, 3.50
1.39,5.34,0.01, 2.50
1.39,5.39,0.00, 2.50
1.39,5.45,0.00, 3.00
1.39,5.45,0.00, 0.51
1.39,5.45,0.00, 0.51
1.39,5.45,0.00, 0.51
1.37,5.48,0.00, 1.25
1.37,5.47,0.00, 0.00
1.37,5.45,0.00, 0.00
1.39,5.43,0.99, 0.00
1.37,5.40,0.00, 0.00
1.39,5.35,0.99, 0.00
1.39,5.29,0.01, 0.00
1.39,5.26,0.00, 0.00
1.39,5.21,0.00, 0.00
1.39,5.13,0.00, 0.00
1.39,5.13,0.00, 0.00
1.39,5.05,0.00, 0.00
1.39,5.05,0.00, 0.00
1.42,4.90,1.48, 0.00
1.42,4.77,0.02, 0.00
1.42,4.60,0.00, 0.00
1.42,4.43,0.00, 0.00
1.44,4.27,0.99, 0.00
1.46,4.11,1.00, 0.00
1.46,3.97,0.01, 0.00
1.46,3.84,0.00, 0.00
1.46,3.71,0.00, 0.00
1.46,3.71,0.00, 0.00
1.46,3.71,0.00, 0.00
1.46,3.71,0.00, 0.00
1.46,3.71,0.00, 0.00
1.46,3.71,0.00, 0.00
1.46,3.54,0.00, 0.00
1.44,3.38,0.00, 0.00
1.44,3.20,0.00, 0.00
1.46,2.59,0.99, 0.00
1.46,2.53,0.01, 0.00
1.46,2.47,0.00, 0.00
1.46,2.47,0.00, 0.00
1.48,2.41,0.99, 0.00
1.48,2.38,0.01, 0.00
1.48,2.40,0.00, 1.00
1.48,2.43,0.00, 1.50
1.48,2.45,0.00, 1.00
1.48,2.50,0.00, 2.49
1.48,2.50,0.00, 2.49
1.48,2.50,0.00, 2.49
1.48,2.50,0.00, 2.49
1.48,2.50,0.00, 2.49
1.48,2.50,0.00, 2.49
1.48,2.50,0.00, 2.49
1.46,2.53,0.00, 1.75
1.46,2.53,0.00, 0.00
1.46,2.53,0.00, 0.00
1.46,2.53,0.00, 0.00
1.46,2.53,0.00, 0.00
1.46,2.53,0.00, 0.00
1.46,2.53,0.00, 0.00
1.46,2.53,0.00, 0.00
1.46,2.53,0.00, 0.00
1.46,2.53,0.00, 0.00
1.44,2.48,0.00, 0.00
1.46,2.07,0.99, 0.00
1.46,2.00,0.01, 0.00
0.00,1.30,0.00, 0.00
0.00,1.03,0.00, 0.00
0.74,0.75,36.46, 0.00
1.30,0.55,28.12, 0.00
1.15,0.39,0.00, 0.00
1.15,0.39,0.00, 0.00
1.15,0.39,0.00, 0.00
1.15,0.39,0.00, 0.00
1.15,0.39,0.00, 0.00
1.15,0.39,0.00, 0.00
1.15,0.39,0.00, 0.00
0.36,0.28,0.00, 0.00
0.00,0.17,0.00, 0.00
0.00,0.10,0.00, 0.00
0.94,0.06,46.31, 0.00
1.06,0.07,6.59, 0.50
0.90,0.05,0.00, 0.00
0.65,0.05,0.00, 0.00
0.68,0.05,1.48, 0.00
0.68,0.05,1.48, 0.00
0.59,0.05,0.00, 0.00
0.52,0.05,0.00, 0.00
0.45,0.05,0.00, 0.00
0.50,0.05,2.46, 0.00
0.56,0.05,2.99, 0.00
0.61,0.05,2.51, 0.00
0.63,0.05,1.02, 0.00
0.70,0.05,3.46, 0.00
0.77,0.05,3.50, 0.00
0.81,0.05,2.02, 0.00
0.81,0.05,2.02, 0.00
0.88,0.05,3.48, 0.50
0.88,0.06,0.05, 0.25
0.79,0.04,0.00, 0.00
0.74,0.05,0.00, 0.50
0.74,0.05,0.00, 0.50
0.74,0.05,0.00, 0.50
0.74,0.05,0.00, 0.50
0.74,0.05,0.00, 0.50
0.74,0.05,0.00, 0.50
0.74,0.05,0.00, 0.50
0.74,0.05,0.00, 0.50
0.74,0.05,0.00, 0.50
0.74,0.05,0.00, 0.50
0.74,0.05,0.00, 0.50
0.74,0.05,0.00, 0.50
0.74,0.05,0.00, 0.50
0.74,0.05,0.00, 0.50
0.70,0.05,0.00, 0.50
0.70,0.05,0.00, 0.50
0.68,0.05,0.00, 0.00
0.59,0.05,0.00, 0.50
0.92,0.06,16.26, 0.25
0.90,0.06,0.00, 0.00
0.88,0.06,0.00, 0.00
0.81,0.06,0.00, 0.00
0.81,0.06,0.00, 0.00
0.81,0.06,0.00, 0.00
0.81,0.06,0.00, 0.00
0.81,0.06,0.00, 0.00
0.81,0.06,0.00, 0.00
0.81,0.06,0.00, 0.00
0.81,0.06,0.00, 0.00
0.81,0.06,0.00, 0.00
0.11,0.05,0.00, 0.00
0.11,0.05,0.00, 0.00
0.00,0.05,0.00, 0.00
0.00,0.05,0.00, 0.00
0.32,0.05,15.76, 0.00
0.09,0.05,0.00, 0.00
0.20,0.05,5.42, 0.00
0.52,0.05,15.84, 0.00
0.52,0.05,15.84, 0.00
0.77,0.05,12.55, 0.50
0.88,0.06,5.60, 0.25
0.88,0.06,5.60, 0.25
0.83,0.06,0.00, 0.00
0.65,0.06,0.00, 0.00
0.50,0.06,0.00, 0.00
0.38,0.06,0.00, 0.00
0.38,0.06,0.00, 0.00
0.38,0.06,0.00, 0.00
0.38,0.06,0.00, 0.00
0.38,0.06,0.00, 0.00
0.38,0.06,0.00, 0.00
0.38,0.06,0.00, 0.00
0.38,0.06,0.00, 0.00
0.36,0.07,0.00, 0.50
0.36,0.07,0.00, 0.50
0.36,0.07,0.00, 0.50
0.36,0.07,0.00, 0.50
0.36,0.07,0.00, 0.50
0.36,0.07,0.00, 0.50
0.36,0.07,0.00, 0.50
0.36,0.07,0.00, 0.50
0.36,0.07,0.00, 0.50
0.36,0.07,0.00, 0.50
0.36,0.07,0.00, 0.50
0.36,0.07,0.00, 0.50
0.36,0.07,0.00, 0.50
0.36,0.07,0.00, 0.50
0.36,0.07,0.00, 0.50
0.36,0.07,0.00, 0.50
0.36,0.07,0.00, 0.50
0.36,0.07,0.00, 0.50
0.36,0.07,0.00, 0.50
0.36,0.07,0.00, 0.50
0.36,0.07,0.00, 0.50
0.36,0.07,0.00, 0.50
0.36,0.07,0.00, 0.50
0.36,0.07,0.00, 0.50
0.36,0.07,0.00, 0.50
0.23,0.08,0.00, 0.50
0.23,0.08,0.00, 0.50
0.23,0.08,0.00, 0.50
0.23,0.08,0.00, 0.50
0.23,0.08,0.00, 0.50
0.23,0.08,0.00, 0.50
0.23,0.08,0.00, 0.50
0.23,0.08,0.00, 0.50
0.23,0.08,0.00, 0.50
0.00,0.07,0.00, 0.00
0.72,0.11,35.47, 2.24
0.72,0.11,35.47, 2.24
0.72,0.11,35.47, 2.24
0.72,0.11,35.47, 2.24
0.72,0.11,35.47, 2.24
0.72,0.11,35.47, 2.24
0.72,0.11,35.47, 2.24
0.72,0.11,35.47, 2.24
1.44,3.13,35.99, 150.46
1.42,3.30,0.00, 8.77
1.42,3.27,0.00, 0.00
1.42,3.04,0.00, 0.00
1.42,3.09,0.00, 2.49
1.42,3.19,0.00, 5.24
1.42,3.34,0.00, 6.99
1.39,3.49,0.00, 7.75
1.42,3.65,1.48, 8.00
1.39,3.76,0.00, 5.76
1.39,3.76,0.00, 5.76
1.42,3.88,1.48, 5.50
1.42,3.91,0.02, 2.01
1.42,3.93,0.00, 0.75
1.42,3.95,0.00, 1.00
1.42,3.95,0.00, 1.00
1.42,3.95,0.00, 1.00
1.42,3.95,0.00, 1.00
1.42,3.95,0.00, 1.00
1.42,3.95,0.00, 1.00
1.42,3.90,0.00, 0.00
1.42,3.90,0.00, 0.00
1.42,3.90,0.00, 0.00
1.42,3.86,0.00, 0.00
1.44,3.83,0.99, 0.00
1.44,3.69,0.01, 0.00
1.44,3.72,0.00, 1.49
1.44,3.78,0.00, 2.99
1.44,3.81,0.00, 1.26
1.44,3.88,0.00, 3.24
1.42,3.82,0.00, 0.00
1.42,3.83,0.00, 0.50
1.42,3.80,0.00, 0.00
1.42,3.80,0.00, 0.00
1.42,3.79,0.00, 0.00
1.42,3.79,0.00, 0.00
1.44,3.81,0.99, 1.00
1.44,3.86,0.01, 2.49
1.44,3.85,0.00, 0.00
1.44,3.84,0.00, 0.00
1.44,3.79,0.00, 0.00
1.44,3.76,0.00, 0.00
1.44,3.72,0.00, 0.00
1.44,3.68,0.00, 0.00
1.44,3.68,0.00, 0.00
1.44,3.70,0.00, 1.00
1.42,3.70,0.00, 0.25
1.42,3.70,0.00, 0.25
1.42,3.69,0.00, 0.00
1.42,3.69,0.00, 0.00
1.42,3.69,0.00, 0.00
1.42,3.69,0.00, 0.00
1.42,3.69,0.00, 0.00
1.42,3.69,0.00, 0.00
1.42,3.69,0.00, 0.00
1.42,3.68,0.00, 0.00
1.42,3.64,0.00, 0.00
1.42,3.59,0.00, 0.00
1.42,3.59,0.00, 0.00
1.42,3.59,0.00, 0.00
1.39,3.31,0.00, 0.00
1.39,3.30,0.00, 0.00
1.37,3.28,0.00, 0.00
1.37,3.28,0.00, 0.00
1.37,3.28,0.00, 0.00
1.37,3.28,0.00, 0.00
1.37,3.28,0.00, 0.00
1.37,3.28,0.00, 0.00
1.37,3.28,0.00, 0.00
1.37,3.28,0.00, 0.00
1.37,3.28,0.00, 0.00
1.37,3.28,0.00, 0.00
1.37,3.28,0.00, 0.00
1.37,3.28,0.00, 0.00
1.37,3.19,0.00, 0.00
1.37,3.19,0.00, 0.00
1.37,3.19,0.00, 0.00
1.37,3.19,0.00, 0.00
1.37,3.19,0.00, 0.00
1.37,3.19,0.00, 0.00
1.37,3.19,0.00, 0.00
1.37,3.17,0.00, 0.00
1.35,3.13,0.00, 0.00
1.35,3.13,0.00, 0.00
1.35,3.13,0.00, 0.00
1.35,3.13,0.00, 0.00
1.35,3.13,0.00, 0.00
1.35,3.13,0.00, 0.00
1.30,2.30,0.00, 0.00
1.30,2.30,0.00, 0.00
1.28,2.32,0.00, 1.00
1.28,2.32,0.00, 1.00
1.28,2.27,0.00, 0.00
0.70,1.67,0.00, 0.00
0.70,1.67,0.00, 0.00
0.68,1.12,0.00, 0.00
0.14,1.00,0.00, 0.00
0.00,0.83,0.00, 0.00
0.00,0.83,0.00, 0.00
0.00,0.83,0.00, 0.00
0.00,0.83,0.00, 0.00
0.00,0.83,0.00, 0.00
0.00,0.83,0.00, 0.00
0.00,0.83,0.00, 0.00
0.00,0.83,0.00, 0.00
0.00,0.83,0.00, 0.00
0.00,0.83,0.00, 0.00
0.00,0.83,0.00, 0.00
0.00,0.83,0.00, 0.00
0.00,0.67,0.00, 0.00
0.00,0.67,0.00, 0.00
0.00,0.67,0.00, 0.00
0.00,0.67,0.00, 0.00
0.00,0.67,0.00, 0.00
0.00,0.67,0.00, 0.00
0.00,0.67,0.00, 0.00
0.00,0.67,0.00, 0.00
0.00,0.67,0.00, 0.00
0.00,0.49,0.00, 0.00
0.00,0.49,0.00, 0.00
0.00,0.49,0.00, 0.00
0.00,0.34,0.00, 0.00
0.00,0.05,0.00, 0.00
0.00,0.05,0.00, 0.00
0.00,0.05,0.00, 0.00
0.00,0.05,0.00, 0.00
0.00,0.05,0.00, 0.00
0.00,0.05,0.00, 0.00
0.00,0.05,0.00, 0.00
0.00,0.05,0.00, 0.00
0.00,0.05,0.00, 0.00
0.00,0.05,0.00, 0.00
0.00,0.05,0.00, 0.50
0.00,0.06,0.00, 0.25
0.00,0.05,0.00, 0.00
0.00,0.06,0.00, 0.75
0.00,0.05,0.00, 0.00
0.00,0.05,0.00, 0.50
0.00,0.05,0.00, 0.00
0.00,0.05,0.00, 0.50
0.00,0.05,0.00, 0.50
0.00,0.05,0.00, 0.50
0.00,0.05,0.00, 0.50
0.00,0.05,0.00, 0.50
0.00,0.05,0.00, 0.50
0.00,0.05,0.00, 0.50
0.00,0.05,0.00, 0.00
0.00,0.05,0.00, 0.00
0.00,0.05,0.00, 0.00
0.00,0.05,0.00, 0.00
0.00,0.05,0.00, 0.00
0.00,0.05,0.00, 0.00
0.00,0.05,0.00, 0.00
0.00,0.05,0.00, 0.00
0.00,0.04,0.00, 0.00
0.00,0.05,0.00, 0.50
0.00,0.05,0.00, 0.00
0.00,0.05,0.00, 0.00
0.00,0.05,0.00, 0.00
0.00,0.05,0.00, 0.00
0.00,0.05,0.00, 0.00
0.00,0.05,0.00, 0.00
0.00,0.05,0.00, 0.00
0.00,0.05,0.00, 0.00
0.00,0.05,0.00, 0.00
0.00,0.05,0.00, 0.00
0.00,0.05,0.00, 0.00
0.00,0.05,0.00, 0.00
0.00,0.05,0.00, 0.00
0.00,0.05,0.00, 0.00
0.00,0.05,0.00, 0.00
0.00,0.05,0.00, 0.00
0.00,0.05,0.00, 0.00
0.00,0.05,0.00, 0.00
0.00,0.05,0.00, 0.50
0.00,0.05,0.00, 0.50
0.00,0.05,0.00, 0.50
0.00,0.05,0.00, 0.50
0.00,0.05,0.00, 0.50
0.00,0.05,0.00, 0.50
0.00,0.05,0.00, 0.50
0.00,0.05,0.00, 0.00
0.00,0.05,0.00, 0.00
0.00,0.05,0.00, 0.00
0.00,0.05,0.00, 0.00
0.00,0.05,0.00, 0.00
0.00,0.05,0.00, 0.00
0.00,0.05,0.00, 0.00
0.00,0.05,0.00, 0.00
0.00,0.05,0.00, 0.00
0.00,0.05,0.00, 0.00
0.00,0.05,0.00, 0.00
0.00,0.05,0.00, 0.00
0.00,0.05,0.00, 0.00
0.00,0.05,0.00, 0.00
0.00,0.05,0.00, 0.00
0.00,0.05,0.00, 0.00
0.00,0.05,0.00, 0.50
0.00,0.05,0.00, 0.50
0.00,0.05,0.00, 0.50
0.00,0.05,0.00, 0.50
0.00,0.05,0.00, 0.50
0.00,0.05,0.00, 0.50
0.00,0.05,0.00, 0.50
0.00,0.45,0.00, 19.68
0.00,0.45,0.00, 19.68
0.00,0.55,0.00, 4.80
0.09,0.67,4.43, 6.24
0.09,0.67,4.43, 6.24
0.09,0.67,4.43, 6.24
0.09,0.67,4.43, 6.24
0.09,0.67,4.43, 6.24
0.09,0.67,4.43, 6.24
0.09,0.67,4.43, 6.24
0.09,0.67,4.43, 6.24
0.61,1.68,25.68, 50.34
0.68,1.93,3.83, 12.64
0.68,1.93,3.83, 12.64
0.79,2.06,5.48, 6.52
1.39,2.45,29.64, 19.45
1.42,2.51,1.91, 3.06
1.42,2.57,0.03, 3.00
1.42,2.57,0.03, 3.00
1.42,2.57,0.03, 3.00
1.42,2.57,0.03, 3.00
1.39,2.65,0.00, 4.25
1.39,2.68,0.00, 1.26
1.39,2.69,0.00, 0.50
1.39,2.72,0.00, 1.25
1.39,2.74,0.00, 1.25
1.39,2.73,0.00, 0.00
1.39,2.73,0.00, 0.00
1.37,2.73,0.00, 0.00
1.37,2.74,0.00, 0.50
1.35,2.76,0.00, 1.00
1.37,2.78,0.99, 1.25
1.39,2.86,1.00, 3.49
1.39,2.92,0.01, 3.50
1.39,2.92,0.01, 3.50
1.39,2.97,0.00, 2.01
1.39,3.00,0.00, 1.75
1.42,3.07,1.48, 3.24
1.42,3.13,0.02, 3.25
1.42,3.16,0.00, 1.76
1.44,3.22,0.99, 3.00
1.44,3.28,0.01, 2.75
1.46,3.35,0.99, 3.25
1.46,3.39,0.01, 2.50
1.46,3.44,0.00, 2.25
1.46,3.47,0.00, 1.75
1.48,3.51,0.99, 1.50
1.48,3.60,0.01, 4.49
1.48,3.71,0.00, 5.75
1.48,3.71,0.00, 5.75
1.48,3.71,0.00, 5.75
1.48,3.85,0.00, 7.00
1.48,4.00,0.00, 7.25
1.48,4.17,0.00, 8.74
1.48,4.32,0.00, 7.26
1.46,4.46,0.00, 7.25
1.46,4.60,0.00, 6.75
1.44,4.74,0.00, 7.00
1.44,4.84,0.00, 5.26
1.44,4.93,0.00, 4.50
1.44,4.97,0.00, 2.01
1.42,4.94,0.00, 0.00
1.44,4.91,0.99, 0.00
1.44,4.85,0.01, 0.00
1.42,4.80,0.00, 0.00
1.42,4.80,0.00, 0.00
1.42,4.80,0.00, 0.00
1.44,4.71,0.99, 0.00
1.44,4.65,0.01, 0.00
1.44,4.59,0.00, 0.00
1.44,4.62,0.00, 1.25
1.42,4.65,0.00, 1.25
1.42,4.69,0.00, 2.50
1.42,4.69,0.00, 2.50
1.42,4.69,0.00, 2.50
1.42,4.69,0.00, 2.50
1.42,4.69,0.00, 2.50
1.42,4.69,0.00, 2.50
1.42,4.69,0.00, 2.50
1.44,4.72,0.99, 1.01
1.44,4.72,0.99, 1.01
1.44,4.74,0.01, 1.25
1.42,4.73,0.00, 0.00
1.46,4.32,1.97, 0.00
1.46,4.23,0.03, 0.00
1.46,4.23,0.03, 0.00
1.46,4.23,0.03, 0.00
1.46,4.23,0.03, 0.00
1.46,4.23,0.03, 0.00
1.46,4.23,0.03, 0.00
1.46,4.23,0.03, 0.00
1.46,4.23,0.03, 0.00
1.46,4.23,0.03, 0.00
1.46,4.23,0.03, 0.00
1.46,4.23,0.03, 0.00
1.46,4.23,0.03, 0.00
1.46,4.23,0.03, 0.00
1.46,4.20,0.00, 0.00
1.46,4.16,0.00, 0.00
1.46,4.11,0.00, 0.00
1.48,3.24,0.99, 0.00
1.48,3.21,0.01, 0.00
1.48,3.21,0.01, 0.00
1.48,3.21,0.01, 0.00
1.48,3.21,0.01, 0.00
1.48,3.21,0.01, 0.00
1.48,3.21,0.01, 0.00
1.48,3.19,0.00, 0.00
1.46,3.15,0.00, 0.00
1.46,3.09,0.00, 0.00
1.46,2.63,0.00, 0.00
1.44,2.47,0.00, 0.00
1.44,2.32,0.00, 0.00
1.44,2.14,0.00, 0.00
1.44,2.05,0.00, 0.00
1.44,1.91,0.00, 0.00
1.42,1.81,0.00, 0.00
1.42,1.70,0.00, 0.00
1.42,1.59,0.00, 0.00
1.42,1.59,0.00, 0.00
1.39,1.51,0.00, 0.00
1.35,1.41,0.00, 0.00
1.35,1.41,0.00, 0.00
0.00,1.22,0.00, 0.00
0.00,0.95,0.00, 0.00
0.00,0.95,0.00, 0.00
0.00,0.95,0.00, 0.00
0.00,0.95,0.00, 0.00
0.00,0.95,0.00, 0.00
0.00,0.95,0.00, 0.00
0.00,0.95,0.00, 0.00
0.00,0.95,0.00, 0.00
1.48,0.76,72.91, 0.00
1.46,0.56,0.09, 0.00
1.46,0.56,0.09, 0.00
1.46,0.56,0.09, 0.00
1.46,0.56,0.09, 0.00
1.46,0.56,0.09, 0.00
1.46,0.56,0.09, 0.00
0.85,0.44,0.00, 0.00
0.85,0.44,0.00, 0.00
0.00,0.05,0.00, 0.00
0.00,0.05,0.00, 0.50
0.00,0.05,0.00, 0.50
0.59,0.05,29.07, 0.00
0.59,0.05,0.43, 0.00
0.56,0.05,0.00, 0.00
0.56,0.05,0.00, 0.00
0.56,0.05,0.00, 0.00
0.56,0.05,0.00, 0.00
0.56,0.05,0.00, 0.00
0.56,0.05,0.00, 0.00
0.56,0.05,0.00, 0.00
0.59,0.05,1.48, 0.00
0.61,0.05,1.01, 0.00
0.61,0.05,1.01, 0.00
0.61,0.05,1.01, 0.00
0.61,0.05,1.01, 0.00
0.61,0.05,1.01, 0.00
0.61,0.05,1.01, 0.00
0.61,0.05,0.01, 0.00
0.54,0.05,0.00, 0.00
0.25,0.05,0.00, 0.00
0.23,0.05,0.00, 0.00
0.77,0.05,26.60, 0.00
0.74,0.05,0.00, 0.50
0.74,0.05,0.00, 0.50
0.74,0.05,0.00, 0.00
0.72,0.05,0.00, 0.00
0.68,0.05,0.00, 0.50
0.23,0.05,0.00, 0.00
0.00,0.05,0.00, 0.00
0.00,0.05,0.00, 0.00
0.00,0.05,0.00, 0.00
0.34,0.05,16.75, 0.00
0.56,0.05,11.08, 0.50
0.56,0.06,0.16, 0.25
0.43,0.05,0.00, 0.00
0.20,0.05,0.00, 0.00
0.05,0.05,0.00, 0.00
0.05,0.04,0.00, 0.00
0.20,0.05,7.39, 0.50
0.20,0.05,7.39, 0.50
0.36,0.05,7.99, 0.00
0.45,0.05,4.55, 0.00
0.45,0.05,0.07, 0.50
0.45,0.05,0.07, 0.50
0.45,0.05,0.07, 0.50
0.45,0.05,0.07, 0.50
0.45,0.05,0.07, 0.50
0.45,0.05,0.07, 0.50
0.45,0.05,0.07, 0.50
0.45,0.05,0.07, 0.50
0.45,0.05,0.07, 0.50
0.45,0.05,0.07, 0.50
0.45,0.05,0.07, 0.50
0.45,0.05,0.07, 0.50
0.45,0.05,0.07, 0.50
0.45,0.05,0.07, 0.50
0.43,0.05,0.00, 0.00
0.43,0.05,0.00, 0.00
0.43,0.05,0.00, 0.00
0.38,0.05,0.00, 0.00
0.38,0.05,0.00, 0.00
0.38,0.05,0.00, 0.00
0.41,0.05,1.48, 0.50
0.36,0.06,0.00, 0.25
0.20,0.07,0.00, 0.50
0.20,0.07,0.00, 0.50
0.20,0.06,0.00, 0.00
0.20,0.06,0.00, 0.00
0.25,0.06,2.46, 0.00
0.25,0.06,0.04, 0.00
0.20,0.07,0.00, 0.50
0.00,0.22,0.00, 7.23
0.00,0.22,0.00, 7.23
0.00,0.29,0.00, 3.76
0.00,0.38,0.00, 4.75
0.00,0.46,0.00, 4.00
0.00,0.55,0.00, 4.25
0.00,0.62,0.00, 3.25
0.00,0.62,0.00, 3.25
0.00,0.71,0.00, 4.50
0.09,0.83,4.43, 5.99
0.25,0.95,7.95, 6.25
0.25,0.95,7.95, 6.25
0.25,0.95,7.95, 6.25
0.25,0.95,7.95, 6.25
0.25,0.95,7.95, 6.25
0.25,0.95,7.95, 6.25
0.25,0.95,7.95, 6.25
0.25,0.95,7.95, 6.25
0.25,0.95,7.95, 6.25
0.25,0.95,7.95, 6.25
0.25,0.95,7.95, 6.25
0.25,0.95,7.95, 6.25
0.34,1.15,4.55, 10.24
0.34,1.15,4.55, 10.24
0.34,1.15,4.55, 10.24
0.41,1.32,3.52, 8.26
0.41,1.32,3.52, 8.26
0.50,1.46,4.49, 7.25
0.50,1.46,4.49, 7.25
1.39,3.01,43.91, 76.74
1.42,3.09,2.12, 4.52
1.42,3.19,0.03, 5.00
1.42,3.19,0.00, 0.02
1.42,3.16,0.00, 0.00
1.44,3.14,0.99, 0.00
1.42,3.14,0.00, 0.00
1.42,3.13,0.00, 0.00
1.42,3.13,0.00, 0.00
1.42,3.17,0.00, 1.99
1.42,3.22,0.00, 2.00
1.44,3.25,0.99, 1.75
1.42,3.29,0.00, 2.00
1.42,3.29,0.00, 2.00
1.44,3.30,0.99, 0.51
1.44,3.32,0.01, 1.00
1.44,3.37,0.00, 2.49
1.46,3.39,0.99, 1.25
1.46,3.43,0.01, 1.75
1.46,3.43,0.00, 0.01
1.46,3.43,0.00, 0.01
1.46,3.41,0.00, 0.00
1.46,3.39,0.00, 0.00
1.46,3.35,0.00, 0.00
1.46,3.33,0.00, 0.00
1.46,3.32,0.00, 0.00
1.46,3.35,0.00, 1.49
1.44,3.37,0.00, 1.25
1.44,3.41,0.00, 2.25
1.44,3.43,0.00, 1.00
1.44,3.43,0.00, 1.00
1.44,3.45,0.00, 1.00
1.44,3.47,0.00, 0.75
1.42,3.51,0.00, 2.00
1.42,3.51,0.00, 2.00
1.42,3.51,0.00, 2.00
1.42,3.51,0.00, 2.00
1.42,3.51,0.00, 2.00
1.42,3.54,0.00, 1.50
1.42,3.54,0.00, 0.01
1.44,3.53,0.99, 0.00
1.46,3.45,1.00, 0.00
1.46,3.42,0.01, 0.00
1.46,3.38,0.00, 0.00
1.46,3.38,0.00, 0.00
1.46,3.38,0.00, 0.00
1.46,3.38,0.00, 0.00
1.46,3.38,0.00, 0.00
1.46,3.38,0.00, 0.00
1.46,3.38,0.00, 0.00
1.46,3.38,0.00, 0.00
1.46,3.38,0.00, 0.00
1.46,3.33,0.00, 0.00
1.46,3.27,0.00, 0.00
1.46,3.19,0.00, 0.00
1.46,3.12,0.00, 0.00
1.44,3.14,0.00, 1.00
1.44,3.14,0.00, 0.25
1.44,3.12,0.00, 0.00
1.42,3.12,0.00, 0.00
1.42,3.09,0.00, 0.00
1.44,3.02,0.99, 0.00
1.42,2.95,0.00, 0.00
1.42,2.92,0.00, 0.00
1.42,2.92,0.00, 0.00
1.42,2.88,0.00, 0.00
1.39,2.87,0.00, 0.00
1.39,2.85,0.00, 0.00
1.39,2.80,0.00, 0.00
1.39,2.76,0.00, 0.00
1.42,2.68,1.48, 0.00
1.44,2.62,1.01, 0.00
1.44,2.51,0.01, 0.00
1.42,2.39,0.00, 0.00
1.42,2.39,0.00, 0.00
1.42,2.39,0.00, 0.00
1.42,2.39,0.00, 0.00
1.42,2.39,0.00, 0.00
1.42,2.39,0.00, 0.00
1.42,2.27,0.00, 0.00
1.42,2.17,0.00, 0.00
1.42,2.09,0.00, 0.00
1.42,1.75,0.00, 0.00
1.42,1.75,0.00, 0.00
1.42,1.70,0.00, 0.00
1.42,1.65,0.00, 0.00
1.42,1.63,0.00, 0.00
1.42,1.63,0.00, 0.00
1.42,1.63,0.00, 0.00
1.42,1.63,0.00, 0.00
1.42,1.63,0.00, 0.00
1.42,1.63,0.00, 0.00
1.42,1.63,0.00, 0.00
1.42,1.62,0.00, 0.00
1.42,1.62,0.00, 0.00
1.42,1.62,0.00, 0.00
1.42,1.62,0.00, 0.00
1.42,1.60,0.00, 0.00
1.42,1.37,0.00, 0.00
1.44,1.31,0.99, 0.00
1.44,1.31,0.99, 0.00
1.44,1.31,0.99, 0.00
1.44,1.31,0.99, 0.00
1.44,1.31,0.99, 0.00
1.44,1.31,0.99, 0.00
1.44,1.29,0.01, 0.00
1.44,1.29,0.01, 0.00
1.44,1.29,0.01, 0.00
1.44,1.29,0.01, 0.00
1.44,1.29,0.01, 0.00
1.10,1.23,0.00, 0.00
1.10,1.23,0.00, 0.00
1.10,1.23,0.00, 0.00
1.10,1.23,0.00, 0.00
1.10,1.23,0.00, 0.00
1.10,1.23,0.00, 0.00
1.10,1.23,0.00, 0.00
1.10,1.23,0.00, 0.00
1.10,1.23,0.00, 0.00
1.10,1.23,0.00, 0.00
1.10,1.23,0.00, 0.00
1.10,1.23,0.00, 0.00
1.10,1.23,0.00, 0.00
1.10,1.23,0.00, 0.00
0.00,1.19,0.00, 0.00
0.00,0.35,0.00, 0.00
0.00,0.26,0.00, 0.00
0.00,0.06,0.00, 0.00
0.00,0.05,0.00, 0.00
0.00,0.05,0.00, 0.00
0.00,0.05,0.00, 0.00
0.16,0.05,7.88, 0.00
0.16,0.05,7.88, 0.00
0.16,0.05,7.88, 0.00
0.16,0.05,7.88, 0.00
0.32,0.05,8.00, 0.00
0.27,0.05,0.00, 0.00
0.09,0.05,0.00, 0.00
0.00,0.05,0.00, 0.00
0.14,0.05,6.90, 0.00
0.14,0.05,6.90, 0.00
0.14,0.05,6.90, 0.00
0.23,0.05,4.54, 0.00
0.23,0.05,4.54, 0.00
0.23,0.05,4.54, 0.00
0.23,0.05,4.54, 0.00
0.23,0.05,0.07, 0.00
0.23,0.05,0.07, 0.00
0.23,0.05,0.07, 0.00
0.20,0.05,0.00, 0.00
0.20,0.05,0.00, 0.00
0.20,0.05,0.00, 0.00
0.20,0.05,0.00, 0.00
0.20,0.05,0.00, 0.00
0.20,0.05,0.00, 0.00
0.20,0.05,0.00, 0.00
0.20,0.05,0.00, 0.00
0.20,0.05,0.00, 0.00
0.14,0.05,0.00, 0.00
0.25,0.05,5.42, 0.00
0.25,0.05,5.42, 0.00
0.25,0.05,5.42, 0.00
0.25,0.05,5.42, 0.00
0.25,