9.76,0.00,0.00, 0.00
9.76,0.00,0.00, 0.00
1.13,0.04,0.00, 1.74
1.13,0.04,0.00, 1.74
1.13,0.04,0.00, 1.74
1.13,0.04,0.00, 1.74
0.25,0.05,0.00, 0.50
0.48,0.05,11.33, 0.00
0.63,0.07,7.56, 1.25
0.45,0.05,0.00, 0.00
0.48,0.05,1.48, 0.00
0.48,0.05,0.02, 0.00
0.45,0.04,0.00, 0.00
0.43,0.05,0.00, 0.50
0.36,0.04,0.00, 0.00
0.36,0.05,0.00, 0.50
0.41,0.05,2.46, 0.00
0.36,0.05,0.00, 0.50
0.43,0.05,3.45, 0.00
0.39,0.05,0.00, 0.00
0.41,0.05,0.99, 0.00
0.36,0.05,0.00, 0.00
0.34,0.05,0.00, 0.00
0.34,0.05,0.00, 0.00
0.34,0.05,0.00, 0.00
0.41,0.05,3.45, 0.00
0.43,0.05,1.04, 0.00
0.43,0.05,1.04, 0.00
0.43,0.05,1.04, 0.00
0.43,0.05,0.02, 0.00
0.41,0.05,0.00, 0.00
0.39,0.05,0.00, 0.00
0.45,0.10,2.96, 2.74
0.59,0.12,6.94, 1.26
0.88,0.16,14.39, 1.75
0.88,0.16,14.39, 1.75
0.88,0.16,14.39, 1.75
0.88,0.16,14.39, 1.75
0.86,0.19,0.00, 1.25
0.86,0.19,0.00, 1.25
0.86,0.19,0.00, 1.25
0.86,0.19,0.00, 1.25
0.86,0.19,0.00, 1.25
0.86,0.19,0.00, 1.25
0.86,0.19,0.00, 1.25
0.81,0.20,0.00, 0.50
0.81,0.20,0.00, 0.50
0.81,0.20,0.00, 0.50
0.81,0.20,0.00, 0.50
0.72,0.23,0.00, 1.75
0.00,0.35,0.00, 5.98
0.00,0.35,0.00, 5.98
0.00,0.35,0.00, 5.98
0.00,0.35,0.00, 5.98
0.00,0.35,0.00, 5.98
0.00,0.35,0.00, 5.98
0.00,0.35,0.00, 5.98
0.00,0.35,0.00, 5.98
0.00,0.35,0.00, 5.98
0.00,0.35,0.00, 5.98
0.00,0.35,0.00, 5.98
0.00,0.35,0.00, 5.98
0.00,0.35,0.00, 5.98
0.00,0.35,0.00, 5.98
0.18,0.22,8.87, 0.00
0.18,0.22,8.87, 0.00
0.18,0.22,8.87, 0.00
0.18,0.22,8.87, 0.00
0.18,0.22,8.87, 0.00
0.18,0.22,8.87, 0.00
0.18,0.22,8.87, 0.00
0.18,0.22,8.87, 0.00
0.18,0.22,8.87, 0.00
0.18,0.22,8.87, 0.00
0.18,0.22,8.87, 0.00
0.18,0.22,8.87, 0.00
0.18,0.22,8.87, 0.00
0.18,0.22,8.87, 0.00
0.18,0.22,8.87, 0.00
0.18,0.22,8.87, 0.00
0.18,0.22,8.87, 0.00
0.18,0.22,8.87, 0.00
0.95,0.11,38.06, 0.00
0.95,0.11,38.06, 0.00
0.95,0.11,38.06, 0.00
0.95,0.11,38.06, 0.00
1.19,0.09,12.38, 0.00
1.19,0.09,12.38, 0.00
1.01,2.02,0.00, 95.90
1.01,2.02,0.00, 95.90
4.78,5.15,185.73, 156.28
4.78,5.23,2.73, 4.56
4.80,5.08,1.03, 0.00
4.80,5.01,0.02, 0.00
4.80,4.94,0.00, 0.00
4.80,4.91,0.00, 0.00
4.80,4.91,0.00, 0.00
4.80,4.91,0.00, 0.00
4.80,4.91,0.00, 0.00
4.80,4.91,0.00, 0.00
4.80,4.91,0.00, 0.00
4.80,4.91,0.00, 0.00
4.80,4.91,0.00, 0.00
4.80,4.91,0.00, 0.00
4.80,4.91,0.00, 0.00
4.80,4.91,0.00, 0.00
4.80,4.86,0.00, 0.00
4.80,4.82,0.00, 0.00
4.80,4.79,0.00, 0.00
4.83,4.98,1.48, 9.71
4.80,4.98,0.00, 0.04
4.83,4.97,1.48, 0.00
4.83,4.95,0.02, 0.00
4.83,4.95,0.02, 0.00
4.80,4.94,0.00, 0.00
4.80,4.94,0.00, 0.00
4.80,4.94,0.00, 0.00
4.83,4.93,1.48, 0.00
4.80,4.92,0.00, 0.00
4.80,4.98,0.00, 2.99
4.80,4.98,0.00, 2.99
4.80,4.98,0.00, 2.99
4.80,4.98,0.00, 2.99
4.80,4.98,0.00, 2.99
4.80,4.98,0.00, 2.99
4.80,4.98,0.00, 2.99
4.80,4.98,0.00, 2.99
4.83,5.01,1.48, 1.26
4.83,5.01,1.48, 1.26
4.83,5.01,1.48, 1.26
4.83,5.01,1.48, 1.26
4.83,5.01,1.48, 1.26
4.83,5.01,1.48, 1.26
4.83,5.01,1.48, 1.26
4.83,5.01,1.48, 1.26
4.83,5.01,1.48, 1.26
4.83,5.01,1.48, 1.26
4.83,5.01,1.48, 1.26
4.83,5.01,1.48, 1.26
4.83,5.01,1.48, 1.26
4.83,5.01,1.48, 1.26
4.83,5.01,1.48, 1.26
4.83,5.01,1.48, 1.26
4.83,5.01,1.48, 1.26
4.83,5.01,1.48, 1.26
4.83,5.01,1.48, 1.26
4.83,5.01,1.48, 1.26
4.83,5.01,1.48, 1.26
4.83,5.01,1.48, 1.26
4.83,5.01,1.48, 1.26
4.83,5.01,1.48, 1.26
4.83,5.01,1.48, 1.26
4.83,5.01,1.48, 1.26
4.83,5.01,1.48, 1.26
4.83,5.01,1.48, 1.26
4.83,5.01,1.48, 1.26
4.83,5.01,1.48, 1.26
4.83,5.01,1.48, 1.26
4.83,5.01,1.48, 1.26
4.83,5.01,1.48, 1.26
4.83,5.01,1.48, 1.26
4.83,5.01,1.48, 1.26
4.83,5.01,1.48, 1.26
4.83,5.01,1.48, 1.26
4.83,5.01,1.48, 1.26
4.83,5.01,1.48, 1.26
4.83,5.01,1.48, 1.26
4.83,5.01,1.48, 1.26
4.83,5.01,1.48, 1.26
4.83,5.01,1.48, 1.26
4.83,5.01,1.48, 1.26
4.83,5.01,1.48, 1.26
4.83,5.01,1.48, 1.26
4.83,5.01,1.48, 1.26
4.83,5.01,1.48, 1.26
4.83,5.01,1.48, 1.26
4.83,5.01,1.48, 1.26
4.83,5.01,1.48, 1.26
4.83,5.01,1.48, 1.26
4.83,5.01,1.48, 1.26
4.83,5.01,1.48, 1.26
4.83,5.01,1.48, 1.26
4.83,5.01,1.48, 1.26
4.83,5.01,1.48, 1.26
4.83,5.01,1.48, 1.26
4.83,5.01,1.48, 1.26
4.83,5.01,1.48, 1.26
4.83,5.01,1.48, 1.26
4.83,5.01,1.48, 1.26
4.83,5.01,1.48, 1.26
4.83,5.01,1.48, 1.26
4.83,5.01,1.48, 1.26
4.83,5.01,1.48, 1.26
4.83,5.01,1.48, 1.26
4.83,5.01,1.48, 1.26
4.83,5.01,1.48, 1.26
4.83,5.01,1.48, 1.26
4.83,5.01,1.48, 1.26
4.83,5.01,1.48, 1.26
4.83,5.01,1.48, 1.26
4.83,5.01,1.48, 1.26
4.83,5.01,1.48, 1.26
4.83,5.01,1.48, 1.26
4.80,5.04,0.00, 1.75
4.80,5.04,0.00, 1.75
4.80,5.04,0.00, 1.75
4.80,5.04,0.00, 1.75
4.80,5.04,0.00, 1.75
4.80,5.04,0.00, 1.75
4.80,5.04,0.00, 1.75
4.80,5.04,0.00, 1.75
4.80,5.04,0.00, 1.75
4.80,5.05,0.00, 0.50
4.80,5.05,0.00, 0.50
4.80,5.05,0.00, 0.50
4.80,5.05,0.00, 0.50
4.80,5.05,0.00, 0.50
4.80,5.05,0.00, 0.50
4.80,5.05,0.00, 0.50
4.80,5.05,0.00, 0.50
4.80,5.05,0.00, 0.50
4.80,5.05,0.00, 0.50
4.80,5.05,0.00, 0.50
4.80,5.05,0.00, 0.50
4.80,5.05,0.00, 0.50
4.80,5.05,0.00, 0.50
4.80,5.05,0.00, 0.50
4.80,5.05,0.00, 0.50
4.80,5.05,0.00, 0.50
4.80,5.05,0.00, 0.50
4.80,5.05,0.00, 0.50
4.80,5.05,0.00, 0.50
4.80,5.05,0.00, 0.50
4.80,5.05,0.00, 0.50
4.80,5.05,0.00, 0.50
4.80,5.05,0.00, 0.50
4.80,5.05,0.00, 0.50
4.80,5.05,0.00, 0.50
4.80,5.05,0.00, 0.50
4.80,5.05,0.00, 0.50
4.80,5.05,0.00, 0.50
4.80,5.05,0.00, 0.50
4.80,5.05,0.00, 0.50
4.83,5.24,1.48, 9.47
4.83,5.24,1.48, 9.47
4.83,5.24,1.48, 9.47
4.83,5.24,1.48, 9.47
4.83,5.24,1.48, 9.47
4.83,5.24,1.48, 9.47
4.83,5.24,1.48, 9.47
0.72,0.57,0.00, 0.00
0.72,0.57,0.00, 0.00
0.72,0.57,0.00, 0.00
0.72,0.57,0.00, 0.00
0.72,0.57,0.00, 0.00
0.72,0.57,0.00, 0.00
0.05,0.05,0.00, 0.00
0.05,0.05,0.00, 0.00
0.05,0.05,0.00, 0.00
0.05,0.05,0.00, 0.00
0.05,0.05,0.00, 0.00
0.05,0.05,0.00, 0.00
0.05,0.05,0.00, 0.00
0.05,0.05,0.00, 0.00
0.05,0.05,0.00, 0.00
0.05,0.05,0.00, 0.00
0.05,0.05,0.00, 0.00
0.05,0.05,0.00, 0.00
0.05,0.05,0.00, 0.00
0.05,0.05,0.00, 0.00
0.05,0.05,0.00, 0.00
0.05,0.05,0.00, 0.00
0.45,0.05,19.71, 0.00
0.45,0.05,19.71, 0.00
0.45,0.05,19.71, 0.00
0.45,0.05,19.71, 0.00
0.45,0.05,19.71, 0.00
0.45,0.05,19.71, 0.00
0.41,0.05,0.00, 0.00
0.41,0.05,0.00, 0.00
0.41,0.05,0.00, 0.00
0.41,0.05,0.00, 0.00
0.41,0.05,0.00, 0.00
0.41,0.05,0.00, 0.00
0.41,0.05,0.00, 0.00
0.41,0.05,0.00, 0.00
0.41,0.05,0.00, 0.00
0.41,0.05,0.00, 0.00
0.41,0.05,0.00, 0.00
0.41,0.05,0.00, 0.00
0.41,0.05,0.00, 0.00
0.41,0.05,0.00, 0.00
0.41,0.05,0.00, 0.00
0.41,0.05,0.00, 0.00
0.41,0.05,0.00, 0.00
0.41,0.06,0.00, 0.75
0.41,0.06,0.00, 0.75
0.41,0.06,0.00, 0.75
0.41,0.06,0.00, 0.75
0.41,0.06,0.00, 0.75
0.41,0.06,0.00, 0.75
0.41,0.06,0.00, 0.75
0.41,0.06,0.00, 0.75
0.39,0.05,0.00, 0.00
0.39,0.05,0.00, 0.00
0.39,0.05,0.00, 0.00
0.39,0.05,0.00, 0.00
0.39,0.05,0.00, 0.00
0.39,0.05,0.00, 0.00
0.39,0.05,0.00, 0.00
1.62,2.71,60.60, 133.01
2.07,3.01,23.06, 14.93
4.78,4.73,133.85, 85.99
4.78,4.73,133.85, 85.99
4.78,4.73,133.85, 85.99
4.78,4.73,133.85, 85.99
4.78,4.73,133.85, 85.99
4.78,4.73,133.85, 85.99
4.78,4.73,133.85, 85.99
4.78,4.73,133.85, 85.99
4.78,4.73,133.85, 85.99
4.78,4.73,133.85, 85.99
4.78,4.73,133.85, 85.99
4.78,4.73,133.85, 85.99
4.80,5.56,2.95, 41.41
4.80,5.56,2.95, 41.41
4.80,5.56,2.95, 41.41
4.80,5.56,2.95, 41.41
4.80,5.56,2.95, 41.41
4.80,5.56,2.95, 41.41
4.80,5.56,2.95, 41.41
4.80,5.56,2.95, 41.41
4.80,5.56,2.95, 41.41
4.80,5.56,2.95, 41.41
4.80,5.56,2.95, 41.41
4.80,5.56,2.95, 41.41
4.80,5.56,2.95, 41.41
4.80,5.62,0.04, 3.39
4.80,5.64,0.00, 1.26
4.80,5.64,0.00, 1.26
4.80,5.64,0.00, 1.26
4.80,5.64,0.00, 1.26
4.80,5.64,0.00, 1.26
4.80,5.64,0.00, 1.26
4.83,5.66,1.48, 0.75
4.83,5.42,0.02, 0.00
4.83,5.39,0.00, 0.00
4.83,5.39,0.00, 0.00
4.83,5.39,0.00, 0.00
4.83,5.39,0.00, 0.00
4.83,5.21,0.00, 0.00
4.83,5.18,0.00, 0.00
4.83,5.16,0.00, 0.00
4.83,5.16,0.00, 0.00
4.83,5.16,0.00, 0.00
4.83,5.16,0.00, 0.00
4.83,5.16,0.00, 0.00
4.83,5.16,0.00, 0.00
4.83,5.16,0.00, 0.00
4.83,5.16,0.00, 0.00
4.83,5.16,0.00, 0.00
4.83,5.16,0.00, 0.00
4.83,5.16,0.00, 0.00
4.83,5.16,0.00, 0.00
4.83,5.16,0.00, 0.00
4.83,5.15,0.00, 0.00
4.83,5.15,0.00, 0.00
4.83,5.15,0.00, 0.00
4.83,5.15,0.00, 0.00
4.83,5.15,0.00, 0.00
4.83,5.15,0.00, 0.00
4.83,5.15,0.00, 0.00
4.83,5.20,0.00, 2.49
4.83,5.20,0.00, 2.49
4.83,5.20,0.00, 2.49
4.83,5.20,0.00, 2.49
4.83,5.20,0.00, 2.49
4.83,5.20,0.00, 2.49
4.83,5.20,0.00, 2.49
4.83,5.20,0.00, 2.49
4.83,5.20,0.00, 2.49
4.83,5.24,0.00, 2.00
4.83,5.24,0.00, 2.00
4.83,5.24,0.00, 2.00
4.83,5.24,0.00, 2.00
4.83,5.24,0.00, 2.00
4.83,5.24,0.00, 2.00
4.83,5.24,0.00, 2.00
4.83,5.45,0.00, 10.72
4.83,5.67,0.00, 10.75
4.83,5.93,0.00, 12.99
4.83,5.93,0.00, 12.99
4.83,5.93,0.00, 12.99
4.83,5.93,0.00, 12.99
4.83,5.93,0.00, 12.99
4.83,5.93,0.00, 12.99
4.83,5.93,0.00, 12.99
4.83,5.93,0.00, 12.99
4.83,5.93,0.00, 12.99
4.83,5.93,0.00, 12.99
4.83,5.93,0.00, 12.99
4.83,5.82,0.00, 0.00
4.83,5.82,0.00, 0.00
4.83,5.82,0.00, 0.00
4.83,5.82,0.00, 0.00
4.83,5.82,0.00, 0.00
4.83,5.82,0.00, 0.00
4.83,5.82,0.00, 0.00
4.83,5.82,0.00, 0.00
4.83,5.82,0.00, 0.00
4.83,5.82,0.00, 0.00
4.83,5.82,0.00, 0.00
4.83,5.82,0.00, 0.00
4.83,5.82,0.00, 0.00
4.83,5.82,0.00, 0.00
4.83,5.81,0.00, 0.00
4.83,5.81,0.00, 0.00
4.83,5.81,0.00, 0.00
4.83,5.78,0.00, 0.00
4.83,5.05,0.00, 0.00
4.83,5.05,0.00, 0.00
4.83,5.05,0.00, 0.00
4.83,5.05,0.00, 0.00
4.83,5.05,0.00, 0.00
4.83,5.05,0.00, 0.00
4.83,5.05,0.00, 0.00
4.83,5.05,0.00, 0.00
4.83,5.05,0.00, 0.00
4.83,5.05,0.00, 0.00
4.83,5.05,0.00, 0.00
4.83,5.05,0.00, 0.00
4.83,4.17,0.00, 0.00
4.83,3.93,0.00, 0.00
4.83,3.93,0.00, 0.00
4.83,3.85,0.00, 0.00
4.83,3.85,0.00, 0.00
4.83,3.85,0.00, 0.00
4.83,3.85,0.00, 0.00
4.83,3.85,0.00, 0.00
4.83,3.85,0.00, 0.00
4.83,3.85,0.00, 0.00
4.74,2.39,0.00, 0.00
4.76,2.13,0.99, 0.00
4.76,1.97,0.01, 0.00
1.98,0.61,0.00, 0.00
1.51,0.38,0.00, 0.00
1.51,0.38,0.00, 0.00
1.62,0.23,5.42, 0.00
1.37,0.12,0.00, 0.00
0.27,0.11,0.00, 0.00
0.00,0.05,0.00, 0.00
0.00,0.05,0.00, 0.00
0.34,0.05,16.75, 0.00
0.83,0.05,24.39, 0.00
0.54,0.05,0.00, 0.00
0.39,0.05,0.00, 0.00
0.39,0.05,0.00, 0.00
0.00,0.14,0.00, 4.48
0.45,0.05,22.17, 0.00
0.45,0.05,22.17, 0.00
0.45,0.05,22.17, 0.00
0.45,0.05,22.17, 0.00
0.45,0.05,22.17, 0.00
0.45,0.05,22.17, 0.00
0.45,0.05,22.17, 0.00
0.45,0.05,22.17, 0.00
0.45,0.05,22.17, 0.00
0.45,0.05,22.17, 0.00
0.52,0.05,3.77, 0.00
0.45,0.05,0.00, 0.00
0.48,0.05,1.48, 0.00
0.54,0.06,2.98, 0.75
0.54,0.06,2.98, 0.75
0.54,0.06,0.04, 0.00
0.54,0.06,0.04, 0.00
0.54,0.06,0.04, 0.00
0.54,0.06,0.04, 0.00
0.54,0.06,0.04, 0.00
0.54,0.06,0.04, 0.00
0.54,0.06,0.04, 0.00
0.54,0.06,0.04, 0.00
0.54,0.06,0.04, 0.00
0.54,0.06,0.04, 0.00
0.54,0.06,0.04, 0.00
0.54,0.06,0.04, 0.00
0.54,0.06,0.04, 0.00
0.54,0.05,0.00, 0.00
0.52,0.05,0.00, 0.00
0.48,0.05,0.00, 0.00
0.54,0.05,2.96, 0.00
0.52,0.05,0.00, 0.00
0.52,0.05,0.00, 0.00
0.52,0.05,0.00, 0.00
0.52,0.05,0.00, 0.00
0.52,0.05,0.00, 0.00
0.52,0.05,0.00, 0.00
0.39,0.05,0.00, 0.00
0.27,0.05,0.00, 0.00
0.30,0.05,1.48, 0.00
0.57,0.05,13.32, 0.50
0.57,0.05,13.32, 0.50
0.57,0.05,13.32, 0.50
0.57,0.05,13.32, 0.50
0.57,0.05,13.32, 0.50
0.57,0.05,13.32, 0.50
0.57,0.05,13.32, 0.50
0.57,0.05,13.32, 0.50
0.57,0.05,13.32, 0.50
0.57,0.05,13.32, 0.50
0.57,0.05,13.32, 0.50
0.59,0.05,1.18, 0.00
0.59,0.05,1.18, 0.00
0.59,0.05,1.18, 0.00
0.59,0.05,1.18, 0.00
0.61,0.05,1.00, 0.50
0.57,0.06,0.00, 0.25
0.57,0.06,0.00, 0.25
0.57,0.06,0.00, 0.25
0.57,0.06,0.00, 0.25
0.57,0.06,0.00, 0.25
0.57,0.06,0.00, 0.25
0.57,0.06,0.00, 0.25
0.57,0.06,0.00, 0.25
0.57,0.06,0.00, 0.25
0.57,0.06,0.00, 0.25
0.57,0.06,0.00, 0.25
0.57,0.06,0.00, 0.25
0.57,0.06,0.00, 0.25
0.57,0.06,0.00, 0.25
0.57,0.06,0.00, 0.25
0.57,0.06,0.00, 0.25
0.57,0.06,0.00, 0.25
0.57,0.06,0.00, 0.25
0.57,0.06,0.00, 0.25
0.57,0.06,0.00, 0.25
0.57,0.06,0.00, 0.25
0.57,0.06,0.00, 0.25
0.57,0.06,0.00, 0.25
0.57,0.06,0.00, 0.25
0.57,0.06,0.00, 0.25
0.57,0.06,0.00, 0.25
0.57,0.06,0.00, 0.25
0.57,0.06,0.00, 0.25
0.57,0.06,0.00, 0.25
0.57,0.06,0.00, 0.25
0.57,0.06,0.00, 0.25
0.57,0.06,0.00, 0.25
0.57,0.06,0.00, 0.25
0.57,0.06,0.00, 0.25
0.57,0.06,0.00, 0.25
0.57,0.06,0.00, 0.25
0.57,0.06,0.00, 0.25
0.57,0.06,0.00, 0.25
0.57,0.06,0.00, 0.25
0.57,0.06,0.00, 0.25
0.57,0.06,0.00, 0.25
0.54,0.05,0.00, 0.00
0.54,0.05,0.00, 0.00
0.54,0.05,0.00, 0.00
0.54,0.05,0.00, 0.00
0.54,0.05,0.00, 0.00
0.54,0.05,0.00, 0.00
0.54,0.05,0.00, 0.00
0.54,0.05,0.00, 0.00
0.54,0.05,0.00, 0.00
0.54,0.05,0.00, 0.00
0.54,0.05,0.00, 0.00
0.54,0.05,0.00, 0.00
0.54,0.05,0.00, 0.00
0.54,0.05,0.00, 0.00
0.43,0.05,0.00, 0.00
0.43,0.05,0.00, 0.00
0.41,0.05,0.00, 0.00
0.41,0.05,0.00, 0.00
0.41,0.05,0.00, 0.00
0.41,0.05,0.00, 0.00
0.41,0.05,0.00, 0.00
0.41,0.05,0.00, 0.00
0.41,0.05,0.00, 0.00
0.00,0.88,0.00, 41.60
0.00,0.88,0.00, 41.60
0.00,0.88,0.00, 41.60
0.00,0.88,0.00, 41.60
0.00,0.88,0.00, 41.60
0.00,0.88,0.00, 41.60
0.00,0.88,0.00, 41.60
0.00,0.88,0.00, 41.60
0.00,0.88,0.00, 41.60
0.00,0.88,0.00, 41.60
0.00,0.88,0.00, 41.60
0.00,0.88,0.00, 41.60
0.00,0.88,0.00, 41.60
0.00,0.88,0.00, 41.60
0.00,0.88,0.00, 41.60
0.00,0.88,0.00, 41.60
0.00,0.88,0.00, 41.60
0.00,0.88,0.00, 41.60
0.00,0.88,0.00, 41.60
0.00,0.88,0.00, 41.60
0.00,1.02,0.00, 7.38
0.00,1.02,0.00, 7.38
0.00,1.02,0.00, 7.38
0.00,1.02,0.00, 7.38
0.00,1.02,0.00, 7.38
0.00,1.25,0.00, 10.99
0.00,1.25,0.00, 10.99
0.00,1.25,0.00, 10.99
0.00,1.25,0.00, 10.99
0.00,1.25,0.00, 10.99
0.00,1.25,0.00, 10.99
0.00,1.25,0.00, 10.99
0.00,1.25,0.00, 10.99
0.00,1.25,0.00, 10.99
0.00,1.25,0.00, 10.99
0.00,1.25,0.00, 10.99
0.00,1.25,0.00, 10.99
0.00,1.25,0.00, 10.99
0.00,1.25,0.00, 10.99
0.00,1.25,0.00, 10.99
0.00,1.25,0.00, 10.99
0.00,1.25,0.00, 10.99
0.00,1.25,0.00, 10.99
0.00,1.25,0.00, 10.99
0.00,1.25,0.00, 10.99
0.00,1.25,0.00, 10.99
0.00,1.25,0.00, 10.99
0.00,1.25,0.00, 10.99
0.00,1.25,0.00, 10.99
0.00,1.25,0.00, 10.99
0.00,1.25,0.00, 10.99
0.00,1.25,0.00, 10.99
0.00,1.25,0.00, 10.99
0.00,1.25,0.00, 10.99
0.00,1.25,0.00, 10.99
0.00,1.25,0.00, 10.99
0.00,1.25,0.00, 10.99
0.00,1.25,0.00, 10.99
0.00,1.25,0.00, 10.99
0.00,1.25,0.00, 10.99
0.00,1.25,0.00, 10.99
0.00,1.25,0.00, 10.99
0.00,1.25,0.00, 10.99
0.00,1.25,0.00, 10.99
0.00,1.25,0.00, 10.99
0.00,1.25,0.00, 10.99
0.00,1.25,0.00, 10.99
0.00,1.25,0.00, 10.99
0.00,1.25,0.00, 10.99
0.00,1.25,0.00, 10.99
0.00,1.25,0.00, 10.99
0.00,1.25,0.00, 10.99
0.00,1.25,0.00, 10.99
0.00,1.25,0.00, 10.99
0.00,1.25,0.00, 10.99
0.00,1.25,0.00, 10.99
0.00,1.25,0.00, 10.99
0.00,1.25,0.00, 10.99
0.00,1.25,0.00, 10.99
0.00,1.25,0.00, 10.99
0.00,1.25,0.00, 10.99
0.00,1.25,0.00, 10.99
0.00,1.25,0.00, 10.99
0.00,1.25,0.00, 10.99
0.00,1.25,0.00, 10.99
2.25,3.07,110.85, 90.71
2.25,3.07,110.85, 90.71
2.25,3.07,110.85, 90.71
2.25,3.07,110.85, 90.71
2.25,3.07,110.85, 90.71
2.25,3.07,110.85, 90.71
2.25,3.07,110.85, 90.71
2.25,3.07,110.85, 90.71
2.25,3.07,110.85, 90.71
2.25,3.07,110.85, 90.71
2.25,3.07,110.85, 90.71
2.25,3.07,110.85, 90.71
2.25,3.07,110.85, 90.71
2.25,3.07,110.85, 90.71
4.78,5.19,126.27, 106.44
4.80,4.81,2.84, 0.00
4.80,4.81,2.84, 0.00
4.80,4.81,2.84, 0.00
4.80,4.81,2.84, 0.00
4.80,4.81,2.84, 0.00
4.80,4.81,2.84, 0.00
4.80,4.81,2.84, 0.00
4.80,4.81,2.84, 0.00
4.80,4.81,2.84, 0.00
4.80,4.81,2.84, 0.00
4.80,4.81,2.84, 0.00
4.80,4.81,2.84, 0.00
4.80,4.81,2.84, 0.00
4.80,4.81,2.84, 0.00
4.80,4.81,2.84, 0.00
4.80,4.81,2.84, 0.00
4.80,4.81,2.84, 0.00
4.80,4.81,2.84, 0.00
4.80,4.81,2.84, 0.00
4.80,4.81,2.84, 0.00
4.80,4.81,2.84, 0.00
4.80,4.81,2.84, 0.00
4.80,4.81,2.84, 0.00
4.80,4.81,2.84, 0.00
4.80,4.81,2.84, 0.00
4.80,4.81,2.84, 0.00
4.83,5.83,1.52, 50.81
4.83,5.83,1.52, 50.81
4.83,5.83,1.52, 50.81
4.80,5.99,0.00, 8.41
4.80,5.99,0.00, 8.41
4.80,5.99,0.00, 8.41
4.80,5.99,0.00, 8.41
4.80,5.99,0.00, 8.41
4.80,5.99,0.00, 8.41
4.80,5.99,0.00, 8.41
4.80,5.99,0.00, 8.41
4.80,5.99,0.00, 8.41
4.80,5.99,0.00, 8.41
4.80,5.99,0.00, 8.41
4.80,5.99,0.00, 8.41
4.80,5.99,0.00, 8.41
4.80,5.99,0.00, 8.41
4.80,5.99,0.00, 8.41
4.80,5.99,0.00, 8.41
4.80,5.99,0.00, 8.41
4.80,5.99,0.00, 8.41
4.80,5.99,0.00, 8.41
4.80,5.99,0.00, 8.41
4.80,5.99,0.00, 8.41
4.80,5.99,0.00, 8.41
4.80,5.99,0.00, 8.41
4.80,5.99,0.00, 8.41
4.80,5.99,0.00, 8.41
4.80,5.99,0.00, 8.41
4.80,5.99,0.00, 8.41
4.80,5.99,0.00, 8.41
4.80,5.99,0.00, 8.41
4.80,5.99,0.00, 8.41
4.80,5.99,0.00, 8.41
4.80,5.99,0.00, 8.41
4.80,5.99,0.00, 8.41
4.80,5.99,0.00, 8.41
4.80,5.99,0.00, 8.41
4.80,5.99,0.00, 8.41
4.80,5.99,0.00, 8.41
4.80,5.99,0.00, 8.41
4.80,5.99,0.00, 8.41
4.80,5.99,0.00, 8.41
4.80,5.99,0.00, 8.41
4.80,5.99,0.00, 8.41
4.80,5.99,0.00, 8.41
4.80,5.99,0.00, 8.41
4.80,5.99,0.00, 8.41
4.80,5.99,0.00, 8.41
4.80,5.99,0.00, 8.41
4.80,5.99,0.00, 8.41
4.80,5.99,0.00, 8.41
4.80,5.99,0.00, 8.41
4.80,5.99,0.00, 8.41
4.80,5.99,0.00, 8.41
4.80,5.99,0.00, 8.41
4.80,5.99,0.00, 8.41
4.80,5.99,0.00, 8.41
4.80,5.99,0.00, 8.41
4.80,5.99,0.00, 8.41
4.80,5.99,0.00, 8.41
4.80,5.99,0.00, 8.41
4.80,5.99,0.00, 8.41
4.80,5.99,0.00, 8.41
4.80,5.99,0.00, 8.41
4.80,5.99,0.00, 8.41
4.80,5.99,0.00, 8.41
4.80,5.99,0.00, 8.41
4.80,5.99,0.00, 8.41
4.80,5.99,0.00, 8.41
4.80,5.99,0.00, 8.41
4.80,5.99,0.00, 8.41
4.80,5.99,0.00, 8.41
4.80,5.99,0.00, 8.41
4.80,5.99,0.00, 8.41
4.80,5.99,0.00, 8.41
4.80,5.99,0.00, 8.41
4.80,5.99,0.00, 8.41
4.80,5.99,0.00, 8.41
4.80,5.89,0.00, 0.00
4.80,5.89,0.00, 0.00
4.80,5.89,0.00, 0.00
4.80,5.89,0.00, 0.00
4.80,5.89,0.00, 0.00
4.80,3.38,0.00, 0.00
4.80,3.38,0.00, 0.00
4.80,3.38,0.00, 0.00
4.80,3.38,0.00, 0.00
4.80,3.38,0.00, 0.00
4.80,3.38,0.00, 0.00
4.80,3.38,0.00, 0.00
4.80,3.38,0.00, 0.00
4.80,3.38,0.00, 0.00
4.80,3.38,0.00, 0.00
4.80,3.38,0.00, 0.00
4.80,3.38,0.00, 0.00
4.80,3.38,0.00, 0.00
4.80,3.38,0.00, 0.00
4.80,3.38,0.00, 0.00
4.80,3.38,0.00, 0.00
4.80,3.38,0.00, 0.00
4.80,3.38,0.00, 0.00
4.80,3.38,0.00, 0.00
4.80,3.38,0.00, 0.00
4.80,3.38,0.00, 0.00
4.80,3.38,0.00, 0.00
4.80,3.38,0.00, 0.00
4.80,3.38,0.00, 0.00
4.80,3.38,0.00, 0.00
4.80,3.38,0.00, 0.00
4.80,3.38,0.00, 0.00
4.80,3.38,0.00, 0.00
4.80,3.38,0.00, 0.00
4.80,2.83,0.00, 0.00
4.80,2.83,0.00, 0.00
4.80,2.83,0.00, 0.00
4.80,2.83,0.00, 0.00
4.80,2.83,0.00, 0.00
4.80,2.83,0.00, 0.00
4.80,2.83,0.00, 0.00
4.80,2.83,0.00, 0.00
4.80,2.83,0.00, 0.00
4.80,2.83,0.00, 0.00
4.80,2.83,0.00, 0.00
4.80,2.83,0.00, 0.00
4.80,2.83,0.00, 0.00
4.80,2.83,0.00, 0.00
0.23,0.05,0.00, 0.00
0.23,0.05,0.00, 0.00
0.23,0.05,0.00, 0.00
0.23,0.05,0.00, 0.00
0.23,0.05,0.00, 0.00
0.23,0.05,0.00, 0.00
0.23,0.05,0.00, 0.00
0.23,0.05,0.00, 0.00
0.23,0.05,0.00, 0.00
0.23,0.05,0.00, 0.00
0.23,0.05,0.00, 0.00
0.23,0.05,0.00, 0.00
0.23,0.05,0.00, 0.00
0.23,0.05,0.00, 0.00
0.23,0.05,0.00, 0.00
0.23,0.05,0.00, 0.00
0.23,0.05,0.00, 0.00
0.23,0.05,0.00, 0.00
0.23,0.05,0.00, 0.00
0.23,0.05,0.00, 0.00
0.23,0.05,0.00, 0.00
0.23,0.05,0.00, 0.00
0.23,0.05,0.00, 0.00
0.23,0.05,0.00, 0.00
0.23,0.05,0.00, 0.00
0.23,0.05,0.00, 0.00
0.23,0.05,0.00, 0.00
0.23,0.05,0.00, 0.00
0.23,0.05,0.00, 0.00
0.23,0.05,0.00, 0.00
0.23,0.05,0.00, 0.00
0.23,0.05,0.00, 0.00
0.23,0.05,0.00, 0.00
0.23,0.05,0.00, 0.00
0.23,0.05,0.00, 0.00
0.23,0.05,0.00, 0.00
0.23,0.05,0.00, 0.00
0.23,0.05,0.00, 0.00
0.23,0.05,0.00, 0.00
0.23,0.05,0.00, 0.00
0.23,0.05,0.00, 0.00
0.23,0.05,0.00, 0.00
0.23,0.05,0.00, 0.00
0.23,0.05,0.00, 0.00
0.23,0.05,0.00, 0.00
0.23,0.05,0.00, 0.00
0.23,0.05,0.00, 0.00
0.23,0.05,0.00, 0.00
0.23,0.05,0.00, 0.00
0.23,0.05,0.00, 0.00
0.23,0.05,0.00, 0.00
0.21,0.05,0.00, 0.00
0.21,0.05,0.00, 0.00
0.21,0.05,0.00, 0.00
0.21,0.05,0.00, 0.00
0.21,0.05,0.00, 0.00
0.21,0.05,0.00, 0.00
0.21,0.05,0.00, 0.00
0.21,0.05,0.00, 0.00
0.21,0.05,0.00, 0.00
0.21,0.05,0.00, 0.00
0.21,0.05,0.00, 0.00
0.21,0.05,0.00, 0.00
0.21,0.05,0.00, 0.00
0.21,0.05,0.00, 0.00
0.16,0.05,0.00, 0.00
0.16,0.05,0.00, 0.00
0.16,0.05,0.00, 0.00
0.16,0.05,0.00, 0.00
0.16,0.05,0.00, 0.00
0.16,0.05,0.00, 0.00
0.16,0.05,0.00, 0.00
0.16,0.05,0.00, 0.00
0.16,0.05,0.00, 0.00
0.16,0.05,0.00, 0.00
0.16,0.05,0.00, 0.00
0.16,0.05,0.00, 0.00
0.16,0.05,0.00, 0.00
0.16,0.05,0.00, 0.00
0.25,0.05,4.43, 0.50
0.25,0.05,4.43, 0.50
0.25,0.05,4.43, 0.50
0.25,0.05,4.43, 0.50
0.25,0.05,4.43, 0.50
0.25,0.05,4.43, 0.50
0.25,0.05,4.43, 0.50
0.25,0.05,4.43, 0.50
0.25,0.05,4.43, 0.50
0.25,0.05,4.43, 0.50
0.25,0.05,4.43, 0.50
0.25,0.05,4.43, 0.50
0.25,0.05,4.43, 0.50
0.25,0.05,4.43, 0.50
0.25,0.05,4.43, 0.50
0.25,0.05,4.43, 0.50
0.25,0.05,4.43, 0.50
0.25,0.05,4.43, 0.50
0.25,0.05,4.43, 0.50
0.25,0.05,4.43, 0.50
0.25,0.05,4.43, 0.50
0.25,0.05,4.43, 0.50
0.25,0.05,4.43, 0.50
0.25,0.05,4.43, 0.50
0.25,0.05,4.43, 0.50
0.25,0.05,4.43, 0.50
0.25,0.05,4.43, 0.50
0.25,0.05,4.43, 0.50
0.25,0.05,4.43, 0.50
0.25,0.05,4.43, 0.50
0.25,0.05,4.43, 0.50
0.25,0.05,4.43, 0.50
0.25,0.05,4.43, 0.50
0.25,0.05,4.43, 0.50
0.25,0.05,4.43, 0.50
0.25,0.05,4.43, 0.50
0.25,0.05,4.43, 0.50
0.25,0.05,4.43, 0.50
0.25,0.05,4.43, 0.50
0.25,0.05,4.43, 0.50
0.25,0.05,4.43, 0.50
0.25,0.05,4.43, 0.50
0.25,0.05,4.43, 0.50
0.25,0.05,4.43, 0.50
0.25,0.05,4.43, 0.50
0.25,0.05,4.43, 0.50
0.25,0.05,4.43, 0.50
0.25,0.05,4.43, 0.50
0.25,0.05,4.43, 0.50
0.25,0.05,4.43, 0.50
0.25,0.05,4.43, 0.50
0.25,0.05,4.43, 0.50
0.25,0.05,4.43, 0.50
0.25,0.05,4.43, 0.50
0.25,0.05,4.43, 0.50
0.25,0.05,4.43, 0.50
0.25,0.05,4.43, 0.50
0.25,0.05,4.43, 0.50
0.25,0.05,4.43, 0.50
0.25,0.05,4.43, 0.50
4.27,3.85,198.11, 188.81
4.27,3.85,198.11, 188.81
4.76,5.47,27.05, 81.39
4.76,5.47,27.05, 81.39
4.76,5.47,27.05, 81.39
4.78,5.42,1.38, 0.00
4.78,5.42,1.38, 0.00
4.78,5.42,1.38, 0.00
4.78,5.42,1.38, 0.00
4.78,5.42,1.38, 0.00
4.78,5.42,1.38, 0.00
4.78,5.42,1.38, 0.00
4.78,6.70,0.02, 63.77
4.78,6.70,0.02, 63.77
4.78,6.70,0.02, 63.77
4.78,6.70,0.02, 63.77
4.78,6.70,0.02, 63.77
4.78,6.70,0.02, 63.77
4.78,6.70,0.02, 63.77
4.78,6.70,0.02, 63.77
4.78,6.70,0.02, 63.77
4.78,6.70,0.02, 63.77
4.78,6.70,0.02, 63.77
4.78,6.70,0.02, 63.77
4.78,6.70,0.02, 63.77
4.80,6.65,0.99, 0.00
4.80,6.65,0.99, 0.00
4.80,6.65,0.99, 0.00
4.80,6.65,0.99, 0.00
4.80,6.65,0.99, 0.00
4.80,6.65,0.99, 0.00
4.80,6.65,0.99, 0.00
4.80,6.65,0.99, 0.00
4.80,6.65,0.99, 0.00
4.80,6.65,0.99, 0.00
4.80,6.65,0.99, 0.00
4.80,6.65,0.99, 0.00
4.80,6.65,0.99, 0.00
4.80,6.65,0.99, 0.00
4.80,6.61,0.01, 0.00
4.80,6.61,0.01, 0.00
4.80,6.61,0.01, 0.00
4.80,6.61,0.01, 0.00
4.80,6.61,0.01, 0.00
4.80,6.61,0.01, 0.00
4.80,6.61,0.01, 0.00
4.80,6.61,0.01, 0.00
4.80,6.61,0.01, 0.00
4.80,6.61,0.01, 0.00
4.80,6.61,0.01, 0.00
4.80,6.61,0.01, 0.00
4.80,6.61,0.01, 0.00
4.80,6.61,0.01, 0.00
4.80,6.61,0.01, 0.00
4.80,6.61,0.01, 0.00
4.80,6.61,0.01, 0.00
4.80,6.61,0.01, 0.00
4.80,6.61,0.01, 0.00
4.80,6.61,0.01, 0.00
4.80,6.61,0.01, 0.00
4.80,6.61,0.01, 0.00
4.80,6.61,0.01, 0.00
4.80,6.61,0.01, 0.00
4.80,6.61,0.01, 0.00
4.80,6.61,0.01, 0.00
4.80,6.61,0.01, 0.00
4.80,6.61,0.01, 0.00
4.80,6.61,0.01, 0.00
4.80,6.61,0.01, 0.00
4.80,6.61,0.01, 0.00
4.80,6.61,0.01, 0.00
4.80,6.61,0.01, 0.00
4.80,6.61,0.01, 0.00
4.80,6.61,0.01, 0.00
4.80,6.61,0.01, 0.00
4.80,6.61,0.01, 0.00
4.80,5.63,0.00, 0.00
4.80,5.63,0.00, 0.00
0.00,2.48,0.00, 0.00
0.00,2.48,0.00, 0.00
0.00,2.48,0.00, 0.00
0.00,2.48,0.00, 0.00
0.00,2.48,0.00, 0.00
0.00,0.34,0.00, 0.00
0.00,0.34,0.00, 0.00
0.00,0.05,0.00, 0.00
0.00,0.05,0.00, 0.00
0.00,0.05,0.00, 0.00
0.00,0.05,0.00, 0.00
0.00,0.05,0.00, 0.00
0.00,0.05,0.00, 0.00
0.00,0.05,0.00, 0.00
0.00,0.05,0.00, 0.00
0.00,0.05,0.00, 0.00
0.00,0.05,0.00, 0.00
0.00,0.05,0.00, 0.00
0.00,0.05,0.00, 0.00
0.00,0.05,0.00, 0.00
0.00,0.05,0.00, 0.00
0.00,0.05,0.00, 0.00
0.00,0.05,0.00, 0.00
0.00,0.05,0.00, 0.00
0.00,0.05,0.00, 0.00
0.00,0.05,0.00, 0.00
0.00,0.05,0.00, 0.00
0.00,0.05,0.00, 0.00
0.00,0.05,0.00, 0.00
0.00,0.05,0.00, 0.00
0.00,0.05,0.00, 0.00
0.00,0.05,0.00, 0.00
0.00,0.05,0.00, 0.00
0.00,0.05,0.00, 0.00
0.00,0.05,0.00, 0.00
0.00,0.05,0.00, 0.00
0.00,0.05,0.00, 0.00
0.00,0.05,0.00, 0.00
0.00,0.05,0.00, 0.00
0.00,0.05,0.00, 0.00
0.00,0.05,0.00, 0.00
0.00,0.05,0.00, 0.00
0.00,0.05,0.00, 0.00
0.00,0.05,0.00, 0.00
0.00,0.05,0.00, 0.00
0.00,0.05,0.00, 0.00
0.00,0.05,0.00, 0.00
0.00,0.05,0.00, 0.00
0.00,0.05,0.00, 0.00
0.00,0.05,0.00, 0.50
0.00,0.05,0.00, 0.50
0.00,0.05,0.00, 0.50
0.00,0.05,0.00, 0.50
0.00,0.05,0.00, 0.50
0.00,0.05,0.00, 0.50
0.00,0.05,0.00, 0.50
0.00,0.05,0.00, 0.50
0.00,0.05,0.00, 0.50
0.00,0.05,0.00, 0.50
0.00,0.05,0.00, 0.50
0.00,0.05,0.00, 0.50
0.00,0.05,0.00, 0.50
0.00,0.05,0.00, 0.50
0.00,0.05,0.00, 0.50
0.00,0.05,0.00, 0.50
0.00,0.05,0.00, 0.50
0.00,0.05,0.00, 0.50
0.00,0.05,0.00, 0.50
0.00,0.05,0.00, 0.50
0.00,0.05,0.00, 0.50
0.00,0.05,0.00, 0.50
0.00,0.05,0.00, 0.50
0.00,0.05,0.00, 0.50
0.00,0.05,0.00, 0.50
0.00,0.05,0.00, 0.50
0.00,0.05,0.00, 0.50
0.00,0.05,0.00, 0.50
0.00,0.05,0.00, 0.50
0.00,0.05,0.00, 0.50
0.00,0.05,0.00, 0.50
0.00,0.05,0.00, 0.50
0.00,0.05,0.00, 0.50
0.00,0.05,0.00, 0.50
0.00,0.05,0.00, 0.50
0.00,0.05,0.00, 0.50
0.00,0.05,0.00, 0.50
0.00,0.05,0.00, 0.50
0.00,0.05,0.00, 0.50
0.00,0.05,0.00, 0.50
0.00,0.05,0.00, 0.50
0.00,0.05,0.00, 0.50
0.00,0.05,0.00, 0.50
0.00,0.05,0.00, 0.50
0.00,0.05,0.00, 0.50
0.00,0.05,0.00, 0.50
0.00,0.05,0.00, 0.50
0.00,0.05,0.00, 0.50
0.00,0.05,0.00, 0.50
0.00,0.05,0.00, 0.50
0.00,0.05,0.00, 0.50
0.00,0.05,0.00, 0.50
0.00,0.05,0.00, 0.50
0.00,0.05,0.00, 0.50
0.00,0.06,0.00, 0.25
0.00,0.06,0.00, 0.00
0.00,0.06,0.00, 0.00
0.00,0.06,0.00, 0.00
0.00,0.06,0.00, 0.00
0.00,0.06,0.00, 0.00
0.00,0.06,0.00, 0.00
0.00,0.06,0.00, 0.00
0.00,0.06,0.00, 0.00
0.00,0.06,0.00, 0.00
0.00,0.06,0.00, 0.00
0.00,0.06,0.00, 0.00
0.00,0.06,0.00, 0.00
0.00,0.06,0.00, 0.00
0.00,0.06,0.00, 0.00
0.00,0.06,0.00, 0.00
0.00,0.06,0.00, 0.00
0.00,0.06,0.00, 0.00
0.00,0.06,0.00, 0.00
0.00,0.06,0.00, 0.00
0.00,0.06,0.00, 0.00
0.00,0.05,0.00, 0.00
0.00,0.05,0.00, 0.00
0.00,0.33,0.00, 14.20
0.00,0.33,0.00, 14.20
0.00,0.41,0.00, 4.04
0.00,0.41,0.00, 4.04
0.00,0.41,0.00, 4.04
0.00,0.41,0.00, 4.04
0.00,0.41,0.00, 4.04
0.00,0.41,0.00, 4.04
0.00,0.41,0.00, 4.04
4.85,5.23,238.93, 240.13
4.85,5.23,238.93, 240.13
4.85,5.23,238.93, 240.13
4.85,5.38,3.51, 8.10
4.85,5.39,0.05, 0.53
4.87,5.27,0.99, 0.00
4.87,5.11,0.01, 0.00
4.87,5.11,0.01, 0.00
4.87,5.11,0.01, 0.00
4.87,5.11,0.01, 0.00
4.87,5.11,0.01, 0.00
4.87,5.11,0.01, 0.00
4.87,5.11,0.01, 0.00
4.87,5.11,0.01, 0.00
4.87,5.07,0.00, 0.00
4.85,5.07,0.00, 0.00
4.87,5.08,0.99, 0.25
4.87,5.41,0.01, 16.44
4.87,5.41,0.01, 16.44
4.87,5.41,0.01, 16.44
4.87,5.41,0.01, 16.44
4.85,5.49,0.00, 4.05
4.87,5.61,0.99, 5.99
4.87,5.66,0.01, 2.26
4.87,5.66,0.01, 2.26
4.87,5.66,0.01, 2.26
4.87,5.66,0.01, 2.26
4.87,5.66,0.01, 2.26
4.87,5.68,0.00, 1.50
4.87,5.69,0.00, 0.50
4.87,5.70,0.00, 0.25
4.87,5.86,0.00, 7.97
4.85,5.89,0.00, 1.77
4.87,5.91,0.99, 0.75
4.87,5.91,0.99, 0.75
4.87,5.91,0.99, 0.75
4.87,5.91,0.99, 0.75
4.87,5.91,0.99, 0.75
4.87,5.91,0.99, 0.75
4.87,5.91,0.99, 0.75
4.85,5.89,0.00, 0.00
4.85,5.89,0.00, 0.00
4.85,5.87,0.00, 0.00
4.85,5.82,0.00, 0.00
4.85,5.85,0.00, 1.25
4.85,5.86,0.00, 0.75
4.87,5.88,0.99, 0.50
4.87,5.88,0.99, 0.50
4.87,5.88,0.99, 0.50
4.87,5.88,0.99, 0.50
4.87,5.88,0.99, 0.50
4.87,5.88,0.99, 0.50
4.87,5.88,0.99, 0.50
4.87,5.88,0.99, 0.50
4.87,5.88,0.99, 0.50
4.87,5.88,0.99, 0.50
4.87,5.83,0.01, 0.00
4.85,5.83,0.00, 0.00
4.87,5.77,0.99, 0.00
4.87,5.45,0.01, 0.00
4.85,5.41,0.00, 0.00
4.87,5.36,0.99, 0.00
4.85,5.32,0.00, 0.00
4.85,5.28,0.00, 0.00
4.85,5.30,0.00, 1.00
4.85,5.23,0.00, 0.00
4.85,5.19,0.00, 0.00
4.85,5.19,0.00, 0.00
4.85,5.18,0.00, 0.00
4.83,5.18,0.00, 0.00
4.85,5.18,0.99, 0.00
4.85,5.18,0.99, 0.00
4.85,5.18,0.99, 0.00
4.85,5.18,0.99, 0.00
4.85,5.18,0.99, 0.00
4.85,5.18,0.99, 0.00
4.85,5.18,0.99, 0.00
4.85,5.18,0.99, 0.00
4.85,5.18,0.99, 0.00
4.85,5.18,0.99, 0.00
4.85,5.18,0.99, 0.00
4.85,5.18,0.99, 0.00
4.85,5.11,0.01, 0.00
4.85,5.11,0.01, 0.00
4.85,5.06,0.00, 0.00
4.85,4.95,0.00, 0.00
4.85,4.44,0.00, 0.00
4.83,4.38,0.00, 0.00
4.83,4.37,0.00, 0.00
4.85,4.37,0.99, 0.00
4.85,4.35,0.01, 0.00
4.85,4.33,0.00, 0.00
4.83,4.32,0.00, 0.00
4.87,4.29,1.97, 0.00
4.83,4.26,0.00, 0.00
4.85,4.18,0.99, 0.00
4.85,4.10,0.01, 0.00
4.85,3.95,0.00, 0.00
4.85,3.78,0.00, 0.00
4.85,3.59,0.00, 0.00
4.85,3.36,0.00, 0.00
4.85,3.36,0.00, 0.00
4.85,3.16,0.00, 0.00
0.00,2.93,0.00, 0.00
0.00,2.70,0.00, 0.00
0.00,2.70,0.00, 0.00
0.00,2.70,0.00, 0.00
1.26,2.51,62.07, 0.00
4.45,2.28,158.07, 0.00
4.80,2.07,19.57, 0.00
1.87,1.59,0.00, 0.00
1.87,1.59,0.00, 0.00
0.68,1.38,0.00, 0.00
1.28,1.16,29.56, 0.00
2.23,0.93,47.24, 0.00
2.38,0.72,8.08, 0.00
1.24,0.51,0.00, 0.00
1.24,0.51,0.00, 0.00
1.24,0.51,0.00, 0.00
1.01,0.35,0.00, 0.00
0.68,0.21,0.00, 0.00
0.12,0.11,0.00, 0.00
0.00,0.07,0.00, 0.00
0.36,0.05,17.74, 0.00
0.34,0.05,0.00, 0.00
0.00,0.05,0.00, 0.00
0.00,0.05,0.00, 0.50
0.00,0.05,0.00, 0.50
0.00,0.05,0.00, 0.50
0.00,0.05,0.00, 0.50
0.00,0.05,0.00, 0.00
0.00,0.05,0.00, 0.00
0.00,0.05,0.00, 0.50
0.00,0.05,0.00, 0.00
0.00,0.05,0.00, 0.00
0.23,0.05,11.33, 0.50
0.21,0.05,0.00, 0.00
0.00,0.05,0.00, 0.00
0.00,0.05,0.00, 0.50
0.00,0.06,0.00, 0.25
0.00,0.05,0.00, 0.00
0.00,0.05,0.00, 0.00
0.00,0.05,0.00, 0.50
0.00,0.05,0.00, 0.50
0.00,0.05,0.00, 0.00
0.03,0.05,1.48, 0.00
0.14,0.05,5.44, 0.00
0.21,0.04,3.53, 0.00
0.12,0.05,0.00, 0.50
0.00,0.05,0.00, 0.00
0.00,0.05,0.00, 0.00
0.00,0.05,0.00, 0.00
0.00,0.05,0.00, 0.00
0.00,0.05,0.00, 0.00
0.00,0.05,0.00, 0.00
0.00,0.05,0.00, 0.00
0.00,0.05,0.00, 0.00
0.00,0.05,0.00, 0.00
0.00,0.05,0.00, 0.00
0.03,0.05,1.48, 0.00
0.05,0.05,1.01, 0.00
0.09,0.05,1.99, 0.00
0.03,0.05,0.00, 0.00
0.00,0.05,0.00, 0.00
0.00,0.05,0.00, 0.00
0.00,0.05,0.00, 0.00
0.00,0.05,0.00, 0.00
0.00,0.05,0.00, 0.50
0.00,0.05,0.00, 0.00
0.00,0.05,0.00, 0.00
0.00,0.05,0.00, 0.00
0.00,0.05,0.00, 0.00
0.00,0.05,0.00, 0.00
0.00,0.05,0.00, 0.00
0.00,0.05,0.00, 0.00
0.00,0.05,0.00, 0.00
0.00,0.05,0.00, 0.00
0.00,0.05,0.00, 0.00
0.00,0.05,0.00, 0.00
0.00,0.05,0.00, 0.00
0.00,0.05,0.00, 0.00
0.00,0.05,0.00, 0.00
0.00,0.05,0.00, 0.00
0.00,0.05,0.00, 0.50
0.00,0.05,0.00, 0.00
0.00,0.05,0.00, 0.00
0.00,0.05,0.00, 0.00
0.00,0.05,0.00, 0.00
0.00,0.05,0.00, 0.00
0.00,0.05,0.00, 0.00
0.00,0.05,0.00, 0.00
0.03,0.05,1.48, 0.00
0.05,0.05,1.01, 0.00
0.00,0.05,0.00, 0.00
0.00,0.05,0.00, 0.00
0.00,0.05,0.00, 0.00
0.00,0.05,0.00, 0.00
0.00,0.05,0.00, 0.00
0.00,0.05,0.00, 0.00
0.00,0.05,0.00, 0.00
0.00,0.05,0.00, 0.00
0.00,0.05,0.00, 0.00
0.00,0.05,0.00, 0.00
0.03,0.05,1.48, 0.50
0.03,0.05,1.48, 0.50
0.03,0.05,1.48, 0.50
0.00,0.06,0.00, 0.25
0.00,0.04,0.00, 0.00
0.00,0.04,0.00, 0.00
0.00,0.04,0.00, 0.00
0.00,0.04,0.00, 0.00
0.00,0.05,0.00, 0.50
0.00,0.05,0.00, 0.00
0.00,0.05,0.00, 0.00
0.00,0.05,0.00, 0.00
0.00,0.05,0.00, 0.00
0.00,0.05,0.00, 0.00
0.00,0.05,0.00, 0.00
0.00,0.05,0.00, 0.00
0.00,0.05,0.00, 0.00
0.00,0.05,0.00, 0.00
0.00,0.05,0.00, 0.00
0.00,0.05,0.00, 0.00
0.00,0.05,0.00, 0.00
0.00,0.05,0.00, 0.00
0.00,0.05,0.00, 0.00
0.00,0.05,0.00, 0.00
0.00,0.05,0.00, 0.00
0.00,0.05,0.00, 0.00
0.00,0.05,0.00, 0.00
0.00,0.05,0.00, 0.00
0.00,0.05,0.00, 0.00
0.00,0.05,0.00, 0.50
0.23,0.09,11.33, 1.75
0.23,0.09,11.33, 1.75
0.23,0.09,11.33, 1.75
0.23,0.09,11.33, 1.75
0.23,0.09,11.33, 1.75
0.23,0.09,11.33, 1.75
0.23,0.09,11.33, 1.75
0.23,0.09,11.33, 1.75
0.23,0.09,11.33, 1.75
0.23,0.09,11.33, 1.75
0.23,0.09,11.33, 1.75
0.23,0.09,11.33, 1.75
0.23,0.09,11.33, 1.75
0.45,0.28,11.00, 9.47
0.45,0.28,11.00, 9.47
0.63,1.71,9.03, 71.27
0.63,1.71,9.03, 71.27
0.63,1.71,9.03, 71.27
0.72,1.97,4.57, 13.46
4.78,4.48,200.08, 124.59
4.78,4.72,2.94, 12.66
4.80,4.81,1.03, 4.28
4.80,4.85,0.02, 2.01
4.80,4.87,0.00, 1.25
4.80,4.87,0.00, 1.25
4.80,4.87,0.00, 1.25
4.80,4.87,0.00, 1.25
4.80,4.85,0.00, 0.00
4.80,4.85,0.00, 0.00
4.80,4.82,0.00, 0.00
4.80,4.80,0.00, 0.00
4.83,4.76,1.48, 0.00
4.80,4.74,0.00, 0.00
4.80,4.69,0.00, 0.00
4.83,4.61,1.48, 0.00
4.80,4.58,0.00, 0.00
4.83,4.53,1.48, 0.00
4.83,4.49,0.02, 0.00
4.83,4.47,0.00, 0.00
4.83,4.43,0.00, 0.00
4.83,4.43,0.00, 0.00
4.83,4.43,0.00, 0.00
4.83,4.43,0.00, 0.00
4.85,4.43,0.99, 0.00
4.83,4.41,0.00, 0.00
4.83,4.44,0.00, 1.49
4.83,4.48,0.00, 2.00
4.83,4.51,0.00, 1.75
4.85,4.53,0.99, 1.00
4.83,4.57,0.00, 2.00
4.83,4.61,0.00, 1.75
4.85,4.65,0.99, 1.75
4.83,4.68,0.00, 1.75
4.83,4.72,0.00, 2.25
4.83,4.72,0.00, 2.25
4.85,4.80,0.99, 3.74
4.85,4.80,0.99, 3.74
4.83,4.87,0.00, 3.50
4.83,4.87,0.00, 3.50
4.83,4.87,0.00, 3.50
4.83,4.87,0.00, 3.50
4.83,4.87,0.00, 3.50
4.85,4.93,0.99, 3.00
4.85,4.97,0.01, 2.00
4.83,5.00,0.00, 1.50
4.85,5.05,0.99, 2.75
4.85,5.02,0.01, 0.00
4.83,5.02,0.00, 0.00
4.83,5.02,0.00, 0.00
4.85,5.04,0.99, 1.25
4.85,5.04,0.99, 1.25
4.85,5.04,0.99, 1.25
4.85,5.04,0.99, 1.25
4.83,5.05,0.00, 0.50
4.83,5.05,0.00, 0.50
4.83,5.05,0.00, 0.50
4.83,5.06,0.00, 0.50
4.83,5.06,0.00, 0.50
4.83,5.06,0.00, 0.50
4.83,5.06,0.00, 0.50
4.83,5.06,0.00, 0.50
4.83,5.06,0.00, 0.50
4.83,5.06,0.00, 0.50
4.83,5.06,0.00, 0.50
4.83,5.06,0.00, 0.50
4.83,5.11,0.00, 2.49
4.83,5.11,0.00, 2.49
4.83,5.11,0.00, 2.49
4.83,5.11,0.00, 2.49
4.83,5.11,0.00, 2.49
4.83,5.11,0.00, 2.49
4.83,5.11,0.00, 2.49
4.83,5.11,0.00, 2.49
4.83,5.11,0.00, 2.49
4.83,5.11,0.00, 2.49
4.83,5.11,0.00, 2.49
4.83,5.11,0.00, 2.49
4.83,5.11,0.00, 2.49
4.83,5.11,0.00, 2.49
4.83,5.15,0.00, 2.00
4.85,5.15,0.99, 0.01
4.85,5.19,0.01, 2.24
4.83,5.30,0.00, 5.24
4.83,5.28,0.00, 0.00
4.83,5.28,0.00, 0.00
4.83,5.28,0.00, 0.00
4.83,5.28,0.00, 0.00
4.83,5.28,0.00, 0.00
4.83,5.31,0.00, 1.00
4.83,5.31,0.00, 1.00
4.83,5.31,0.00, 1.00
4.83,5.31,0.00, 1.00
4.83,5.31,0.00, 1.00
4.83,5.31,0.00, 1.00
4.83,5.31,0.00, 1.00
4.83,5.31,0.00, 1.00
4.83,5.31,0.00, 1.00
4.83,5.31,0.00, 1.00
4.83,5.32,0.00, 1.00
4.83,5.32,0.00, 1.00
4.83,5.32,0.00, 1.00
4.83,5.32,0.00, 1.00
4.83,5.32,0.00, 1.00
4.83,5.32,0.00, 1.00
4.83,5.32,0.00, 1.00
4.83,5.32,0.00, 1.00
4.83,5.32,0.00, 1.00
4.83,5.32,0.00, 1.00
4.83,5.32,0.00, 1.00
4.83,5.32,0.00, 1.00
4.83,5.32,0.00, 1.00
4.83,5.32,0.00, 1.00
4.83,5.32,0.00, 1.00
4.83,5.32,0.00, 1.00
4.83,5.32,0.00, 1.00
4.83,5.32,0.00, 1.00
4.83,5.32,0.00, 1.00
4.83,5.32,0.00, 1.00
4.83,5.36,0.00, 1.50
4.83,5.38,0.00, 1.00
4.83,5.38,0.00, 1.00
4.83,5.38,0.00, 1.00
4.83,5.38,0.00, 1.00
4.83,5.38,0.00, 1.00
4.83,5.38,0.00, 1.00
4.83,5.38,0.00, 1.00
4.83,5.38,0.00, 1.00
4.83,5.38,0.00, 1.00
4.83,5.10,0.00, 0.00
4.83,2.72,0.00, 0.00
0.00,2.38,0.00, 0.00
0.00,0.89,0.00, 0.00
0.00,0.89,0.00, 0.00
0.00,0.89,0.00, 0.00
0.00,0.89,0.00, 0.00
0.00,0.73,0.00, 0.00
2.63,0.43,129.57, 0.00
2.63,0.43,129.57, 0.00
2.63,0.43,129.57, 0.00
0.00,0.32,0.00, 0.00
0.00,0.14,0.00, 0.00
0.00,0.12,0.00, 0.00
0.00,0.06,0.00, 0.00
0.00,0.06,0.00, 0.00
1.06,0.06,52.22, 0.00
1.06,0.06,52.22, 0.00
1.06,0.06,52.22, 0.00
1.06,0.06,52.22, 0.00
1.06,0.06,52.22, 0.00
1.06,0.06,52.22, 0.00
1.06,0.06,52.22, 0.00
0.68,0.05,0.00, 0.00
0.68,0.05,0.00, 0.00
0.68,0.05,0.00, 0.00
0.68,0.05,0.00, 0.00
0.68,0.05,0.00, 0.00
0.68,0.05,0.00, 0.00
0.68,0.05,0.00, 0.00
0.68,0.05,0.00, 0.00
0.68,0.05,0.00, 0.00
0.68,0.05,0.00, 0.00
0.68,0.05,0.00, 0.00
0.68,0.05,0.00, 0.00
0.68,0.05,0.00, 0.00
0.68,0.05,0.00, 0.00
0.68,0.05,0.00, 0.00
0.68,0.05,0.00, 0.00
0.68,0.05,0.00, 0.00
0.68,0.05,0.00, 0.00
0.68,0.05,0.00, 0.00
0.68,0.05,0.00, 0.00
0.68,0.05,0.00, 0.00
0.68,0.05,0.00, 0.00
0.68,0.05,0.00, 0.00
0.68,0.05,0.00, 0.00
0.68,0.05,0.00, 0.00
0.68,0.05,0.00, 0.00
0.00,0.05,0.00, 0.50
0.00,0.05,0.00, 0.50
0.63,0.05,31.04, 0.00
0.03,0.06,0.00, 0.75
0.27,0.05,11.82, 0.00
0.30,0.05,1.65, 0.00
0.34,0.05,1.99, 0.00
0.30,0.05,0.00, 0.00
0.27,0.05,0.00, 0.00
0.23,0.05,0.00, 0.00
0.18,0.05,0.00, 0.00
0.16,0.05,0.00, 0.00
0.16,0.05,0.00, 0.00
0.16,0.05,0.00, 0.00
0.16,0.05,0.00, 0.00
0.16,0.05,0.00, 0.00
0.18,0.05,0.99, 0.50
0.23,0.06,2.48, 0.25
0.27,0.05,2.01, 0.00
0.30,0.05,1.51, 0.00
0.23,0.05,0.00, 0.00
0.21,0.05,0.00, 0.50
0.23,0.05,0.99, 0.00
0.27,0.05,1.99, 0.00
0.27,0.05,1.99, 0.00
0.27,0.05,1.99, 0.00
0.27,0.05,1.99, 0.00
0.25,0.05,0.00, 0.50
0.23,0.05,0.00, 0.00
0.23,0.05,0.00, 0.00
0.27,0.05,1.97, 0.00
0.18,0.05,0.00, 0.00
0.23,0.05,2.46, 0.50
0.23,0.06,0.04, 0.25
0.23,0.05,0.00, 0.00
0.25,0.05,0.99, 0.50
0.25,0.05,0.99, 0.50
0.27,0.06,1.00, 0.25
0.27,0.05,0.01, 0.00
0.25,0.05,0.00, 0.00
0.25,0.05,0.00, 0.00
0.25,0.05,0.00, 0.00
0.23,0.05,0.00, 0.00
0.18,0.05,0.00, 0.00
0.21,0.05,1.48, 0.00
0.25,0.05,1.99, 0.00
0.25,0.05,0.03, 0.00
0.25,0.05,0.03, 0.00
0.25,0.05,0.03, 0.00
0.27,0.05,0.99, 0.00
0.27,0.05,0.99, 0.00
0.32,0.05,2.48, 0.00
0.32,0.05,2.48, 0.00
0.32,0.05,2.48, 0.00
0.32,0.05,2.48, 0.00
0.32,0.05,2.48, 0.00
0.32,0.05,2.48, 0.00
0.32,0.05,2.48, 0.00
0.32,0.05,2.48, 0.00
0.32,0.05,2.48, 0.00
0.30,0.05,0.00, 0.00
0.23,0.05,0.00, 0.50
0.23,0.05,0.00, 0.00
0.23,0.05,0.00, 0.00
0.23,0.05,0.00, 0.00
0.23,0.05,0.00, 0.00
0.23,0.05,0.00, 0.00
0.23,0.05,0.00, 0.00
0.23,0.05,0.00, 0.00
0.23,0.05,0.00, 0.00
0.23,0.05,0.00, 0.00
0.23,0.05,0.00, 0.00
0.23,0.05,0.00, 0.00
0.23,0.05,0.00, 0.00
0.23,0.05,0.00, 0.00
0.23,0.05,0.00, 0.00
0.23,0.05,0.00, 0.00
0.23,0.05,0.00, 0.00
0.23,0.05,0.00, 0.00
0.23,0.05,0.00, 0.00
0.23,0.05,0.00, 0.00
0.21,0.05,0.00, 0.50
0.36,0.05,7.39, 0.00
0.36,0.05,7.39, 0.00
0.36,0.05,7.39, 0.00
0.36,0.05,7.39, 0.00
0.36,0.05,7.39, 0.00
0.36,0.05,7.39, 0.00
0.36,0.05,7.39, 0.00
0.36,0.05,7.39, 0.00
0.36,0.05,7.39, 0.00
0.36,0.05,7.39, 0.00
0.36,0.05,7.39, 0.00
0.36,0.05,7.39, 0.00
0.36,0.05,7.39, 0.00
0.36,0.05,7.39, 0.00
0.36,0.05,7.39, 0.00
0.36,0.05,7.39, 0.00
0.36,0.05,7.39, 0.00
0.36,0.05,7.39, 0.00
0.36,0.05,7.39, 0.00
0.34,0.05,0.00, 0.00
0.34,0.05,0.00, 0.00
0.34,0.05,0.00, 0.00
0.34,0.05,0.00, 0.00
0.34,0.05,0.00, 0.00
0.34,0.05,0.00, 0.00
0.34,0.05,0.00, 0.00
0.34,0.05,0.00, 0.00
0.34,0.05,0.00, 0.00
0.23,0.05,0.00, 0.00
3.46,3.89,159.12, 191.80
4.76,5.20,66.38, 65.71
4.78,5.57,1.96, 18.42
4.78,5.62,0.03, 2.81
4.78,5.63,0.00, 0.51
4.78,5.64,0.00, 0.25
4.80,5.59,0.99, 0.00
4.80,5.56,0.01, 0.00
4.78,5.51,0.00, 0.00
4.78,5.51,0.00, 0.00
4.80,5.36,0.99, 0.00
4.80,5.25,0.01, 0.00
4.80,5.15,0.00, 0.00
4.80,5.08,0.00, 0.00
4.80,5.05,0.00, 0.00
4.80,5.05,0.00, 0.00
4.80,5.05,0.00, 0.00
4.80,5.05,0.00, 0.00
4.80,5.05,0.00, 0.00
4.80,5.01,0.00, 0.00
4.80,5.01,0.00, 0.50
4.80,5.01,0.00, 0.00
4.83,5.03,1.48, 1.49
4.83,5.06,0.02, 1.25
4.83,5.06,0.02, 1.25
4.83,5.06,0.02, 1.25
4.83,5.11,0.00, 2.50
4.80,5.17,0.00, 3.00
4.83,5.20,1.48, 1.75
4.83,5.24,0.02, 1.75
4.83,5.24,0.02, 1.75
4.80,5.26,0.00, 1.25
4.80,5.26,0.00, 1.25
4.83,5.27,1.48, 0.50
4.83,5.31,0.02, 1.75
4.83,5.35,0.00, 1.75
4.83,5.36,0.00, 1.00
4.83,5.38,0.00, 0.50
4.83,5.35,0.00, 0.00
4.83,5.35,0.00, 0.00
4.83,5.35,0.00, 0.00
4.83,5.35,0.00, 0.00
4.83,5.35,0.00, 0.00
4.83,5.35,0.00, 0.00
4.80,5.36,0.00, 0.50
4.83,5.37,1.48, 0.50
4.83,5.37,1.48, 0.50
4.83,5.42,0.02, 2.49
4.83,5.42,0.02, 2.49
4.83,5.42,0.02, 2.49
4.83,5.42,0.02, 2.49
4.83,5.49,0.00, 3.50
4.83,5.49,0.00, 3.50
4.83,5.49,0.00, 3.50
4.83,5.52,0.00, 1.26
4.80,5.53,0.00, 0.50
4.83,5.59,1.48, 2.99
4.83,5.59,0.02, 0.26
4.83,5.59,0.00, 0.00
4.83,5.57,0.00, 0.00
4.83,5.57,0.00, 0.00
4.83,5.57,0.00, 0.00
4.83,5.57,0.00, 0.00
4.83,5.57,0.00, 0.00
4.83,5.57,0.00, 0.00
4.83,5.54,0.00, 0.00
4.83,5.53,0.00, 0.00
4.83,5.53,0.00, 0.00
4.83,5.53,0.00, 0.00
4.83,5.53,0.00, 0.00
4.80,5.52,0.00, 0.00
4.83,5.53,1.48, 0.50
4.83,5.55,0.02, 1.00
4.83,5.55,0.02, 1.00
4.83,5.55,0.02, 1.00
4.83,5.55,0.02, 1.00
4.83,5.55,0.02, 1.00
4.83,5.55,0.02, 1.00
4.83,5.55,0.02, 1.00
4.83,5.55,0.02, 1.00
4.83,5.55,0.02, 1.00
4.83,5.55,0.02, 1.00
4.83,5.55,0.02, 1.00
4.83,5.55,0.02, 1.00
4.83,5.55,0.02, 1.00
4.83,5.55,0.02, 1.00
4.83,5.55,0.02, 1.00
4.83,5.55,0.02, 1.00
4.83,5.55,0.02, 1.00
4.83,5.77,0.00, 11.21
4.83,5.81,0.00, 2.03
4.83,5.85,0.00, 1.75
4.83,5.12,0.00, 0.00
4.83,5.06,0.00, 0.00
4.83,5.06,0.00, 0.00
4.83,5.06,0.00, 0.00
4.83,4.97,0.00, 0.00
4.80,4.90,0.00, 0.00
4.83,4.86,1.48, 0.00
4.83,4.80,0.02, 0.00
4.83,4.68,0.00, 0.00
4.80,4.61,0.00, 0.00
4.83,4.59,1.48, 0.00
4.83,4.43,0.02, 0.00
4.83,4.32,0.00, 0.00
4.83,4.17,0.00, 0.00
4.83,4.01,0.00, 0.00
4.83,3.83,0.00, 0.00
4.83,3.83,0.00, 0.00
4.83,3.83,0.00, 0.00
4.83,3.62,0.00, 0.00
4.83,3.62,0.00, 0.00
4.83,3.43,0.00, 0.00
4.83,3.43,0.00, 0.00
4.83,3.23,0.00, 0.00
4.83,2.83,0.00, 0.00
4.83,2.83,0.00, 0.00
4.83,2.66,0.00, 0.00
4.80,2.40,0.00, 0.00
0.00,2.26,0.00, 0.00
0.00,2.26,0.00, 0.00
0.00,2.26,0.00, 0.00
0.00,2.26,0.00, 0.00
0.00,2.26,0.00, 0.00
0.00,2.26,0.00, 0.00
0.00,2.26,0.00, 0.00
0.00,1.98,0.00, 0.00
0.00,1.98,0.00, 0.00
0.00,1.98,0.00, 0.00
0.00,1.98,0.00, 0.00
0.00,1.98,0.00, 0.00
0.00,1.98,0.00, 0.00
0.00,1.98,0.00, 0.00
0.00,1.98,0.00, 0.00
0.00,1.98,0.00, 0.00
0.00,1.86,0.00, 0.00
5.23,1.75,257.65, 0.00
0.12,0.76,0.00, 0.00
0.00,0.05,0.00, 0.00
0.07,0.05,3.45, 0.00
0.07,0.05,3.45, 0.00
0.07,0.05,3.45, 0.00
0.27,0.05,9.90, 0.00
0.00,0.05,0.00, 0.00
0.03,0.04,1.48, 0.00
0.03,0.04,1.48, 0.00
0.03,0.04,1.48, 0.00
0.41,0.05,18.74, 0.50
0.41,0.05,18.74, 0.50
0.41,0.05,18.74, 0.50
0.41,0.05,18.74, 0.50
0.41,0.05,18.74, 0.50
0.41,0.05,18.74, 0.50
0.41,0.05,18.74, 0.50
0.41,0.05,18.74, 0.50
0.41,0.05,18.74, 0.50
0.41,0.05,18.74, 0.50
0.41,0.05,18.74, 0.50
0.41,0.05,18.74, 0.50
0.41,0.05,18.74, 0.50
0.41,0.05,18.74, 0.50
0.00,0.05,0.00, 0.00
0.00,0.05,0.00, 0.00
0.00,0.05,0.00, 0.00
0.00,0.06,0.00, 0.75
0.09,0.04,4.43, 0.00
0.12,0.05,1.54, 1.00
0.00,0.05,0.00, 0.00
0.03,0.05,1.48, 0.50
0.00,0.05,0.00, 0.00
0.00,0.05,0.00, 0.50
0.00,0.05,0.00, 0.00
0.00,0.05,0.00, 0.00
0.00,0.05,0.00, 0.50
0.00,0.05,0.00, 0.50
0.00,0.05,0.00, 0.50
0.00,0.05,0.00, 0.50
0.00,0.06,0.00, 0.25
0.00,0.05,0.00, 0.00
0.00,0.05,0.00, 0.00
0.00,0.05,0.00, 0.00
0.00,0.05,0.00, 0.00
0.00,0.05,0.00, 0.00
0.00,0.05,0.00, 0.00
0.00,0.05,0.00, 0.00
0.00,0.05,0.00, 0.50
0.00,0.05,0.00, 0.00
0.00,0.05,0.00, 0.00
0.00,0.05,0.00, 0.00
0.00,0.05,0.00, 0.00
0.00,0.05,0.00, 0.00
0.00,0.05,0.00, 0.00
0.00,0.05,0.00, 0.00
0.00,0.05,0.00, 0.00
0.00,0.05,0.00, 0.00
0.00,0.05,0.00, 0.00
0.00,0.05,0.00, 0.00
0.00,0.05,0.00, 0.00
0.00,0.05,0.00, 0.00
0.00,0.05,0.00, 0.00
0.00,0.05,0.00, 0.00
0.00,0.05,0.00, 0.00
0.00,0.05,0.00, 0.00
0.00,0.05,0.00, 0.00
0.00,0.05,0.00, 0.00
0.00,0.05,0.00, 0.00
0.00,0.05,0.00, 0.00
0.00,0.05,0.00, 0.50
0.00,0.05,0.00, 0.00
0.00,0.05,0.00, 0.00
0.00,0.05,0.00, 0.00
0.00,0.05,0.00, 0.00
0.00,0.05,0.00, 0.50
0.00,0.05,0.00, 0.50
0.00,0.05,0.00, 0.50
0.00,0.05,0.00, 0.50
0.00,0.05,0.00, 0.50
0.00,0.06,0.00, 0.25
0.00,0.06,0.00, 0.25
0.00,0.06,0.00, 0.25
0.00,0.06,0.00, 0.25
0.00,0.06,0.00, 0.25
0.00,0.06,0.00, 0.25
0.00,0.06,0.00, 0.25
0.00,0.06,0.00, 0.25
0.00,0.06,0.00, 0.25
0.00,0.05,0.00, 0.00
0.00,0.05,0.00, 0.00
0.00,0.05,0.00, 0.00
0.00,0.05,0.00, 0.00
0.00,0.05,0.00, 0.00
0.00,0.05,0.00, 0.00
0.00,0.05,0.00, 0.00
0.00,0.05,0.00, 0.00
0.00,0.05,0.00, 0.00
0.00,0.05,0.00, 0.00
0.00,0.05,0.00, 0.00
0.00,0.05,0.00, 0.00
0.00,0.05,0.00, 0.00
0.00,0.05,0.00, 0.00
0.00,0.05,0.00, 0.00
0.00,0.05,0.00, 0.00
0.00,0.05,0.00, 0.00
0.00,0.05,0.00, 0.00
0.00,0.05,0.00, 0.00
0.00,0.05,0.00, 0.00
0.00,0.05,0.00, 0.00
0.00,0.05,0.00, 0.00
0.00,0.05,0.00, 0.00
0.00,0.05,0.00, 0.00
0.00,0.05,0.00, 0.00
0.00,0.05,0.00, 0.00
0.00,0.05,0.00, 0.00
0.00,0.05,0.00, 0.00
0.00,0.05,0.00, 0.00
0.00,0.05,0.00, 0.00
0.00,0.05,0.00, 0.00
0.00,0.05,0.00, 0.00
0.00,0.05,0.00, 0.00
0.00,0.05,0.00, 0.00
0.00,0.05,0.00, 0.00
0.00,0.05,0.00, 0.00
0.00,0.05,0.00, 0.00
0.00,0.05,0.00, 0.00
0.00,0.05,0.00, 0.00
0.00,0.05,0.00, 0.00
0.18,0.47,8.87, 21.42
0.23,0.54,2.59, 3.32
0.00,1.55,0.00, 50.08
4.80,5.19,236.47, 181.77
4.80,5.19,236.47, 181.77
4.80,5.19,236.47, 181.77
4.80,5.19,236.47, 181.77
4.80,5.19,236.47, 181.77
4.80,5.19,236.47, 181.77
4.80,5.37,3.48, 9.63
4.80,5.37,3.48, 9.63
4.80,5.37,3.48, 9.63
4.80,5.37,3.48, 9.63
4.80,5.37,3.48, 9.63
4.83,5.49,1.53, 6.26
4.83,5.49,1.53, 6.26
4.83,5.49,1.53, 6.26
4.83,5.49,1.53, 6.26
4.83,5.49,1.53, 6.26
4.83,5.49,1.53, 6.26
4.83,5.49,1.53, 6.26
4.83,5.49,1.53, 6.26
4.83,5.49,1.53, 6.26
4.83,5.62,0.02, 6.50
4.83,5.62,0.02, 6.50
4.83,5.62,0.02, 6.50
4.83,5.62,0.02, 6.50
4.83,5.62,0.02, 6.50
4.83,5.62,0.02, 6.50
4.83,5.62,0.02, 6.50
4.83,5.62,0.02, 6.50
4.83,5.62,0.02, 6.50
4.83,5.62,0.02, 6.50
4.83,5.62,0.02, 6.50
4.83,5.62,0.02, 6.50
4.83,5.62,0.02, 6.50
4.83,5.62,0.02, 6.50
4.83,5.62,0.02, 6.50
4.83,5.62,0.02, 6.50
4.83,5.62,0.02, 6.50
4.83,5.62,0.02, 6.50
4.83,5.62,0.02, 6.50
4.83,5.62,0.02, 6.50
4.83,5.62,0.02, 6.50
4.83,5.62,0.02, 6.50
4.83,5.62,0.02, 6.50
4.83,5.62,0.02, 6.50
4.83,5.62,0.02, 6.50
4.83,5.62,0.02, 6.50
4.83,5.62,0.02, 6.50
4.83,5.62,0.02, 6.50
4.83,5.62,0.02, 6.50
4.83,5.62,0.02, 6.50
4.83,5.62,0.02, 6.50
4.83,5.79,0.00, 8.24
4.83,5.79,0.00, 8.24
4.83,5.79,0.00, 8.24
4.83,5.79,0.00, 8.24
4.83,5.79,0.00, 8.24
4.83,5.79,0.00, 8.24
4.83,5.79,0.00, 8.24
4.83,5.79,0.00, 8.24
4.83,5.79,0.00, 8.24
4.83,5.79,0.00, 8.24
4.83,5.79,0.00, 8.24
4.83,5.79,0.00, 8.24
4.83,5.79,0.00, 8.24
4.83,5.79,0.00, 8.24
4.85,5.40,0.99, 0.00
4.85,5.32,0.01, 0.00
4.85,5.32,0.01, 0.00
4.85,5.32,0.01, 0.00
4.85,5.32,0.01, 0.00
4.85,5.32,0.01, 0.00
4.85,5.32,0.01, 0.00
4.85,5.32,0.01, 0.00
4.85,5.32,0.01, 0.00
4.85,5.32,0.01, 0.00
4.85,5.32,0.01, 0.00
4.85,5.72,0.00, 19.68
4.85,5.72,0.00, 19.68
4.85,5.72,0.00, 19.68
4.85,5.72,0.00, 19.68
4.85,5.72,0.00, 19.68
4.85,5.72,0.00, 19.68
4.85,5.72,0.00, 19.68
4.85,5.72,0.00, 19.68
4.85,5.72,0.00, 19.68
4.85,5.72,0.00, 19.68
4.85,5.72,0.00, 19.68
4.85,5.72,0.00, 19.68
4.85,5.72,0.00, 19.68
4.85,5.72,0.00, 19.68
4.85,4.90,0.00, 0.00
4.85,4.90,0.00, 0.00
4.85,4.90,0.00, 0.00
4.85,4.90,0.00, 0.00
4.85,4.90,0.00, 0.00
4.85,4.90,0.00, 0.00
4.85,4.90,0.00, 0.00
4.85,4.86,0.00, 0.00
4.85,4.86,0.00, 0.00
4.85,4.86,0.00, 0.00
4.85,4.86,0.00, 0.00
4.85,4.86,0.00, 0.00
4.85,4.24,0.00, 0.00
4.85,4.31,0.00, 3.74
4.85,4.38,0.00, 3.50
4.85,4.38,0.00, 3.50
4.85,4.38,0.00, 3.50
4.85,4.38,0.00, 3.50
4.85,4.38,0.00, 3.50
4.85,4.38,0.00, 3.50
4.85,4.38,0.00, 3.50
4.85,4.22,0.00, 0.00
4.85,4.22,0.00, 0.00
4.85,4.18,0.00, 0.00
4.83,4.12,0.00, 0.00
4.83,4.12,0.00, 0.00
4.83,3.84,0.00, 0.00
4.85,3.76,0.99, 0.00
4.85,3.75,0.01, 0.00
4.85,3.75,0.01, 0.00
4.85,3.65,0.00, 0.00
4.85,3.58,0.00, 0.00
4.85,3.58,0.00, 0.00
4.85,3.29,0.00, 0.00
4.85,3.16,0.00, 0.00
4.83,3.01,0.00, 0.00
4.83,2.92,0.00, 0.00
4.85,2.82,0.99, 0.00
4.85,2.82,0.99, 0.00
4.85,2.82,0.99, 0.00
4.85,2.71,0.01, 0.00
4.85,2.61,0.00, 0.00
4.85,2.45,0.00, 0.00
4.85,2.18,0.00, 0.00
4.83,2.03,0.00, 0.00
4.83,2.03,0.00, 0.00
4.83,2.03,0.00, 0.00
4.83,2.03,0.00, 0.00
4.83,2.03,0.00, 0.00
0.00,1.91,0.00, 0.00
0.00,1.69,0.00, 0.00
3.77,1.46,185.73, 0.00
3.77,1.46,185.73, 0.00
3.77,1.46,185.73, 0.00
3.77,1.46,185.73, 0.00
3.77,1.46,185.73, 0.00
0.00,0.94,0.00, 0.00
2.79,0.79,137.45, 0.00
3.62,0.64,42.91, 0.00
1.60,0.24,0.00, 0.00
1.08,0.17,0.00, 0.00
0.00,0.11,0.00, 0.00
0.00,0.09,0.00, 0.00
0.00,0.07,0.00, 0.00
0.52,0.06,25.62, 0.00
0.52,0.06,25.62, 0.00
0.52,0.06,25.62, 0.00
0.52,0.06,25.62, 0.00
0.52,0.06,25.62, 0.00
0.52,0.06,25.62, 0.00
0.52,0.06,25.62, 0.00
0.52,0.06,25.62, 0.00
0.52,0.06,25.62, 0.00
0.52,0.06,25.62, 0.00
0.52,0.06,25.62, 0.00
0.52,0.06,25.62, 0.00
0.52,0.06,25.62, 0.00
0.12,0.06,0.00, 0.00
0.12,0.06,0.00, 0.00
0.12,0.06,0.00, 0.00
0.12,0.06,0.00, 0.00
0.12,0.06,0.00, 0.00
0.36,0.05,11.82, 0.00
0.36,0.05,11.82, 0.00
0.77,0.05,20.37, 0.00
0.61,0.05,0.00, 0.00
0.48,0.05,0.00, 0.00
0.36,0.04,0.00, 0.00
0.36,0.04,0.00, 0.00
0.36,0.04,0.00, 0.00
0.36,0.04,0.00, 0.00
0.25,0.05,0.00, 0.50
0.25,0.05,0.00, 0.00
0.43,0.05,8.87, 0.00
0.43,0.05,8.87, 0.00
0.43,0.05,8.87, 0.00
0.43,0.05,8.87, 0.00
0.43,0.05,8.87, 0.00
0.70,0.05,13.43, 0.00
0.70,0.05,13.43, 0.00
0.68,0.05,0.00, 0.50
0.61,0.05,0.00, 0.00
0.61,0.05,0.00, 0.00
0.61,0.05,0.00, 0.00
0.61,0.05,0.00, 0.00
0.61,0.05,0.00, 0.00
0.61,0.05,0.00, 0.00
0.61,0.05,0.00, 0.00
0.61,0.05,0.00, 0.00
0.61,0.05,0.00, 0.00
0.61,0.05,0.00, 0.00
0.61,0.05,0.00, 0.00
0.61,0.05,0.00, 0.00
0.61,0.05,0.00, 0.00
0.45,0.05,0.00, 0.00
0.45,0.05,0.00, 0.00
0.45,0.05,0.00, 0.00
0.45,0.05,0.00, 0.00
0.45,0.05,0.00, 0.00
0.50,0.05,2.46, 0.00
0.50,0.05,0.04, 0.50
0.48,0.05,0.00, 0.00
0.45,0.06,0.00, 0.75
0.45,0.06,0.00, 0.00
0.48,0.05,1.48, 0.00
0.50,0.05,1.01, 0.50
0.54,0.05,1.99, 0.00
0.57,0.05,1.51, 0.00
0.54,0.05,0.00, 0.00
0.54,0.05,0.00, 0.00
0.54,0.05,0.00, 0.00
0.52,0.05,0.00, 0.00
0.52,0.05,0.00, 0.00
0.52,0.05,0.00, 0.00
0.52,0.05,0.00, 0.00
0.52,0.05,0.00, 0.00
0.52,0.05,0.00, 0.00
0.52,0.05,0.00, 0.00
0.52,0.05,0.00, 0.00
0.52,0.05,0.00, 0.00
0.52,0.05,0.00, 0.00
0.52,0.05,0.00, 0.00
0.52,0.05,0.00, 0.00
0.52,0.05,0.00, 0.00
0.52,0.05,0.00, 0.00
0.52,0.05,0.00, 0.00
0.52,0.05,0.00, 0.00
0.52,0.05,0.00, 0.00
0.52,0.05,0.00, 0.00
0.52,0.05,0.00, 0.00
0.52,0.05,0.00, 0.00
0.52,0.05,0.00, 0.00
0.52,0.05,0.00, 0.00
0.52,0.05,0.00, 0.00
0.52,0.05,0.00, 0.00
0.52,0.05,0.00, 0.00
0.52,0.05,0.00, 0.00
0.52,0.05,0.00, 0.00
0.52,0.05,0.00, 0.00
0.52,0.05,0.00, 0.00
0.52,0.05,0.00, 0.00
0.52,0.05,0.00, 0.00
0.52,0.05,0.00, 0.00
0.52,0.05,0.00, 0.00
0.52,0.05,0.00, 0.00
0.52,0.05,0.00, 0.00
0.52,0.05,0.00, 0.00
0.52,0.05,0.00, 0.00
0.48,0.05,0.00, 0.00
0.48,0.05,0.00, 0.00
0.48,0.05,0.00, 0.00
0.48,0.05,0.00, 0.00
0.48,0.05,0.00, 0.00
0.48,0.05,0.00, 0.00
0.48,0.05,0.00, 0.00
0.41,0.05,0.00, 0.00
0.41,0.05,0.00, 0.00
0.41,0.05,0.00, 0.00
0.41,0.05,0.00, 0.00
0.41,0.05,0.00, 0.00
0.41,0.05,0.00, 0.00
0.41,0.05,0.00, 0.00
0.41,0.05,0.00, 0.00
0.41,0.05,0.00, 0.00
0.41,0.05,0.00, 0.00
0.41,0.05,0.00, 0.00
0.41,0.05,0.00, 0.00
0.41,0.05,0.00, 0.00
0.41,0.05,0.00, 0.00
0.41,0.05,0.00, 0.00
0.41,0.05,0.00, 0.00
0.41,0.05,0.00, 0.00
0.41,0.05,0.00, 0.00
0.41,0.05,0.00, 0.00
0.43,0.05,0.99, 0.00
0.43,0.05,0.99, 0.00
0.43,0.05,0.99, 0.00
0.43,0.05,0.99, 0.00
0.43,0.05,0.99, 0.00
0.43,0.05,0.99, 0.00
0.43,0.05,0.99, 0.00
0.43,0.05,0.99, 0.00
0.43,0.05,0.99, 0.00
0.43,0.05,0.99, 0.00
0.43,0.05,0.99, 0.00
0.43,0.05,0.99, 0.00
0.43,0.05,0.99, 0.00
0.43,0.05,0.99, 0.00
0.43,0.05,0.99, 0.00
0.43,0.05,0.99, 0.00
0.43,0.05,0.99, 0.00
0.43,0.05,0.99, 0.00
0.43,0.05,0.99, 0.00
0.43,0.05,0.99, 0.00
0.43,0.05,0.99, 0.00
0.43,0.05,0.99, 0.00
0.43,0.05,0.99, 0.00
4.11,3.67,181.31, 180.59
4.11,3.67,181.31, 180.59
4.11,3.67,181.31, 180.59
4.78,4.45,35.67, 39.52
4.78,4.45,35.67, 39.52
4.78,4.45,35.67, 39.52
4.78,4.45,35.67, 39.52
4.78,4.45,35.67, 39.52
4.78,4.45,35.67, 39.52
4.78,4.45,35.67, 39.52
4.78,4.45,35.67, 39.52
4.78,4.45,35.67, 39.52
4.78,4.45,35.67, 39.52
4.78,4.45,35.67, 39.52
4.78,4.45,35.67, 39.52
4.78,4.45,35.67, 39.52
4.78,4.45,35.67, 39.52
4.78,4.45,35.67, 39.52
4.78,4.45,35.67, 39.52
4.78,4.45,35.67, 39.52
4.78,4.45,35.67, 39.52
4.78,4.45,35.67, 39.52
4.78,4.45,35.67, 39.52
4.78,4.45,35.67, 39.52
4.78,4.45,35.67, 39.52
4.78,4.45,35.67, 39.52
4.78,4.45,35.67, 39.52
4.78,4.45,35.67, 39.52
4.80,3.67,1.51, 0.00
4.80,3.67,1.51, 0.00
4.80,3.67,1.51, 0.00
4.80,3.67,1.51, 0.00
4.80,3.67,1.51, 0.00
4.80,3.67,1.51, 0.00
4.80,3.67,1.51, 0.00
4.80,3.67,1.51, 0.00
4.80,3.67,1.51, 0.00
4.80,3.67,1.51, 0.00
4.80,3.67,1.51, 0.00
4.80,3.67,1.51, 0.00
4.80,3.67,1.51, 0.00
4.80,3.67,1.51, 0.00
4.80,3.67,1.51, 0.00
4.80,3.67,1.51, 0.00
4.80,3.67,1.51, 0.00
4.80,3.67,1.51, 0.00
4.80,3.67,1.51, 0.00
4.80,3.67,1.51, 0.00
4.80,3.67,1.51, 0.00
4.80,3.67,1.51, 0.00
4.80,3.67,1.51, 0.00
4.80,3.67,1.51, 0.00
4.80,3.67,1.51, 0.00
4.80,3.67,1.51, 0.00
4.80,3.67,1.51, 0.00
4.80,3.67,1.51, 0.00
4.80,3.67,1.51, 0.00
4.80,3.67,1.51, 0.00
4.80,3.67,1.51, 0.00
4.80,3.67,1.51, 0.00
4.80,3.67,1.51, 0.00
4.80,3.85,0.02, 8.72
4.80,3.84,0.00, 0.00
4.80,3.84,0.00, 0.00
4.80,3.84,0.00, 0.00
4.80,3.84,0.00, 0.00
4.83,3.89,1.48, 2.74
4.83,3.89,1.48, 2.74
4.83,3.89,1.48, 2.74
4.83,3.89,1.48, 2.74
4.83,4.30,0.02, 20.43
4.83,4.36,0.00, 2.57
4.83,4.36,0.00, 2.57
4.83,4.48,0.00, 6.24
4.83,4.34,0.00, 0.00
4.83,4.34,0.00, 0.00
4.83,4.34,0.00, 0.00
4.83,4.34,0.00, 0.00
4.83,4.34,0.00, 0.00
4.83,4.34,0.00, 0.00
4.83,4.34,0.00, 0.00
4.83,4.34,0.00, 0.00
4.83,4.34,0.00, 0.00
4.83,4.34,0.00, 0.00
4.83,4.34,0.00, 0.00
4.83,4.34,0.00, 0.00
4.83,4.34,0.00, 0.00
4.83,4.34,0.00, 0.00
4.83,4.34,0.00, 0.00
4.83,4.34,0.00, 0.00
4.83,4.34,0.00, 0.00
4.83,4.34,0.00, 0.00
4.83,4.34,0.00, 0.00
4.83,4.27,0.00, 0.00
4.83,4.27,0.00, 0.00
4.83,4.27,0.00, 0.00
4.83,4.27,0.00, 0.00
4.83,4.27,0.00, 0.00
4.83,4.27,0.00, 0.00
4.83,4.27,0.00, 0.00
4.83,4.27,0.00, 0.00
4.83,4.27,0.00, 0.00
4.83,4.27,0.00, 0.00
4.83,4.27,0.00, 0.00
4.83,4.27,0.00, 0.00
4.83,4.27,0.00, 0.00
4.83,4.27,0.00, 0.00
4.83,4.27,0.00, 0.00
4.83,4.27,0.00, 0.00
4.83,4.27,0.00, 0.00
4.83,4.27,0.00, 0.00
4.83,4.27,0.00, 0.00
4.83,4.27,0.00, 0.00
4.83,4.27,0.00, 0.00
4.83,4.27,0.00, 0.00
4.83,4.27,0.00, 0.00
4.83,4.27,0.00, 0.00
4.83,4.27,0.00, 0.00
4.83,4.27,0.00, 0.00
4.83,4.27,0.00, 0.00
4.83,4.27,0.00, 0.00
4.83,4.27,0.00, 0.00
4.83,4.27,0.00, 0.00
4.83,4.27,0.00, 0.00
4.83,4.27,0.00, 0.00
4.83,4.27,0.00, 0.00
4.83,4.20,0.00, 0.00
4.83,4.11,0.00, 0.00
4.83,4.11,0.00, 0.00
4.83,4.11,0.00, 0.00
4.83,4.11,0.00, 0.00
4.83,4.11,0.00, 0.00
4.83,4.11,0.00, 0.00
4.83,4.11,0.00, 0.00
4.83,4.11,0.00, 0.00
4.83,4.11,0.00, 0.00
0.00,0.19,0.00, 0.00
0.86,0.05,42.37, 0.00
1.06,0.05,10.48, 0.00
1.01,0.05,0.00, 0.00
1.01,0.05,0.00, 0.00
1.01,0.05,0.00, 0.00
1.01,0.05,0.00, 0.00
1.01,0.05,0.00, 0.00
1.01,0.05,0.00, 0.00
1.01,0.05,0.00, 0.00
1.01,0.05,0.00, 0.00
1.01,0.05,0.00, 0.00
1.01,0.05,0.00, 0.00
1.01,0.05,0.00, 0.00
1.01,0.05,0.00, 0.50
1.01,0.05,0.00, 0.50
1.01,0.05,0.00, 0.00
1.06,0.05,2.46, 0.00
1.01,0.05,0.00, 0.00
1.01,0.05,0.00, 0.00
1.01,0.05,0.00, 0.00
1.01,0.05,0.00, 0.00
1.01,0.05,0.00, 0.00
1.01,0.05,0.00, 0.00
1.01,0.05,0.00, 0.00
1.04,0.05,1.48, 0.00
1.01,0.05,0.00, 0.00
1.01,0.05,0.00, 0.00
0.99,0.05,0.00, 0.00
1.01,0.05,0.99, 0.00
1.01,0.05,0.01, 0.00
0.99,0.05,0.00, 0.50
0.99,0.05,0.00, 0.50
0.99,0.05,0.00, 0.50
0.99,0.05,0.00, 0.50
0.99,0.05,0.00, 0.00
0.99,0.05,0.00, 0.50
0.99,0.05,0.00, 0.50
0.99,0.05,0.00, 0.50
0.99,0.05,0.00, 0.00
0.99,0.05,0.00, 0.00
0.99,0.05,0.00, 0.00
0.99,0.05,0.00, 0.00
0.99,0.05,0.00, 0.00
0.99,0.05,0.00, 0.00
0.99,0.05,0.00, 0.00
0.99,0.05,0.00, 0.00
0.99,0.05,0.00, 0.00
0.99,0.05,0.00, 0.00
0.99,0.05,0.00, 0.00
0.99,0.05,0.00, 0.00
0.99,0.05,0.00, 0.00
0.99,0.05,0.00, 0.00
0.99,0.05,0.00, 0.00
0.99,0.05,0.00, 0.00
0.99,0.05,0.00, 0.00
1.01,0.05,0.99, 0.00
1.01,0.05,0.99, 0.00
1.01,0.05,0.99, 0.00
1.01,0.05,0.99, 0.00
1.01,0.05,0.99, 0.00
1.01,0.05,0.99, 0.00
1.01,0.05,0.99, 0.00
1.01,0.05,0.99, 0.00
1.01,0.05,0.99, 0.00
1.01,0.05,0.99, 0.00
1.01,0.05,0.99, 0.00
1.01,0.05,0.99, 0.00
1.01,0.05,0.99, 0.00
1.01,0.05,0.99, 0.00
1.01,0.05,0.99, 0.00
1.01,0.05,0.99, 0.00
1.01,0.05,0.99, 0.00
1.01,0.05,0.99, 0.00
1.01,0.05,0.99, 0.00
1.01,0.05,0.99, 0.00
1.01,0.05,0.99, 0.00
1.01,0.05,0.99, 0.00
1.01,0.05,0.99, 0.00
1.01,0.05,0.99, 0.00
1.01,0.05,0.99, 0.00
1.01,0.05,0.99, 0.00
1.01,0.05,0.99, 0.00
1.01,0.05,0.99, 0.00
1.01,0.05,0.01, 0.00
1.01,0.05,0.01, 0.00
1.01,0.05,0.01, 0.00
1.01,0.05,0.01, 0.00
1.01,0.05,0.01, 0.00
1.01,0.05,0.01, 0.00
1.01,0.05,0.01, 0.00
1.01,0.05,0.01, 0.00
1.01,0.05,0.01, 0.00
1.01,0.05,0.01, 0.00
1.01,0.05,0.01, 0.00
1.01,0.05,0.01, 0.00
1.01,0.05,0.01, 0.00
1.01,0.05,0.01, 0.00
1.01,0.05,0.01, 0.00
1.01,0.05,0.01, 0.00
1.01,0.05,0.01, 0.00
1.01,0.05,0.01, 0.00
1.01,0.05,0.01, 0.00
1.01,0.05,0.01, 0.00
1.01,0.05,0.01, 0.00
1.01,0.05,0.01, 0.00
1.01,0.05,0.01, 0.00
1.01,0.05,0.01, 0.00
1.01,0.05,0.01, 0.00
1.01,0.05,0.01, 0.00
1.01,0.05,0.01, 0.00
1.01,0.05,0.01, 0.00
1.01,0.05,0.01, 0.00
1.01,0.05,0.01, 0.00
1.01,0.05,0.01, 0.00
1.01,0.05,0.01, 0.00
1.01,0.05,0.01, 0.00
1.01,0.05,0.01, 0.00
1.01,0.05,0.01, 0.00
1.01,0.05,0.01, 0.00
1.01,0.05,0.01, 0.00
0.95,0.05,0.00, 0.00
0.95,0.05,0.00, 0.00
0.95,0.05,0.00, 0.00
0.95,0.05,0.00, 0.00
0.95,0.05,0.00, 0.00
0.95,0.05,0.00, 0.00
0.95,0.05,0.00, 0.00
0.95,0.05,0.00, 0.00
0.95,0.05,0.00, 0.00
0.95,0.05,0.00, 0.00
0.95,0.05,0.00, 0.00
0.95,0.05,0.00, 0.00
0.95,0.05,0.00, 0.00
0.95,0.05,0.00, 0.00
0.95,0.05,0.00, 0.00
0.95,0.05,0.00, 0.00
0.95,0.05,0.00, 0.00
0.95,0.05,0.00, 0.00
0.95,0.05,0.00, 0.00
0.95,0.05,0.00, 0.00
0.95,0.05,0.00, 0.00
0.95,0.05,0.00, 0.00
0.95,0.05,0.00, 0.00
0.95,0.05,0.00, 0.00
0.95,0.05,0.00, 0.00
0.95,0.05,0.00, 0.00
0.95,0.05,0.00, 0.00
0.95,0.05,0.00, 0.00
0.99,0.05,1.97, 0.00
0.99,0.05,1.97, 0.00
0.99,0.05,1.97, 0.00
0.99,0.05,1.97, 0.00
0.99,0.05,1.97, 0.00
0.99,0.05,1.97, 0.00
0.99,0.05,1.97, 0.00
0.23,0.44,0.00, 19.68
4.00,3.56,185.73, 155.25
4.00,3.56,185.73, 155.25
4.00,3.56,185.73, 155.25
4.00,3.56,185.73, 155.25
4.00,3.56,185.73, 155.25
4.00,3.56,185.73, 155.25
4.00,3.56,185.73, 155.25
4.00,3.56,185.73, 155.25
4.00,3.56,185.73, 155.25
4.00,3.56,185.73, 155.25
4.00,3.56,185.73, 155.25
4.00,3.56,185.73, 155.25
4.00,3.56,185.73, 155.25
4.00,3.56,185.73, 155.25
4.00,3.56,185.73, 155.25
4.00,3.56,185.73, 155.25
4.00,3.56,185.73, 155.25
4.80,3.79,42.14, 12.28
4.80,3.79,42.14, 12.28
4.80,3.88,0.62, 4.53
4.80,3.93,0.01, 2.51
4.80,4.14,0.00, 10.22
4.80,4.14,0.00, 0.29
4.80,4.14,0.00, 0.29
4.80,4.14,0.00, 0.29
4.80,4.14,0.00, 0.29
4.80,4.14,0.00, 0.29
4.80,4.14,0.00, 0.29
4.80,4.14,0.00, 0.29
4.80,4.14,0.00, 0.29
4.80,4.14,0.00, 0.29
4.80,4.14,0.00, 0.29
4.80,4.14,0.00, 0.29
4.80,4.14,0.00, 0.29
4.80,4.14,0.00, 0.29
4.80,4.14,0.00, 0.29
4.80,4.14,0.00, 0.29
4.80,4.14,0.00, 0.29
4.80,4.14,0.00, 0.29
4.80,4.14,0.00, 0.29
4.80,4.14,0.00, 0.29
4.80,4.14,0.00, 0.29
4.80,4.14,0.00, 0.29
4.80,4.14,0.00, 0.29
4.80,4.14,0.00, 0.29
4.80,4.14,0.00, 0.29
4.80,4.14,0.00, 0.29
4.80,4.12,0.00, 0.00
4.80,4.12,0.00, 0.00
4.80,4.12,0.00, 0.00
4.80,4.12,0.00, 0.00
4.80,4.12,0.00, 0.00
4.80,4.12,0.00, 0.00
4.80,4.12,0.00, 0.00
4.80,4.12,0.00, 0.00
4.80,4.12,0.00, 0.00
4.80,4.12,0.00, 0.00
4.80,4.12,0.00, 0.00
4.80,4.11,0.00, 0.00
4.80,3.47,0.00, 0.00
4.83,3.38,1.48, 0.00
4.80,3.36,0.00, 0.00
4.80,3.33,0.00, 0.00
4.80,3.31,0.00, 0.00
4.80,3.31,0.00, 0.00
4.80,3.31,0.00, 0.00
4.80,3.31,0.00, 0.00
4.80,3.31,0.00, 0.00
4.80,3.31,0.00, 0.00
4.80,3.31,0.00, 0.00
4.80,3.31,0.00, 0.00
4.80,3.31,0.00, 0.00
4.80,3.31,0.00, 0.00
4.83,3.31,1.48, 0.00
4.83,3.30,0.02, 0.00
4.83,3.30,0.02, 0.00
4.83,3.30,0.02, 0.00
4.83,3.30,0.02, 0.00
4.83,3.30,0.02, 0.00
4.83,3.30,0.02, 0.00
4.83,3.30,0.02, 0.00
4.83,3.30,0.02, 0.00
4.80,3.30,0.00, 0.00
4.80,2.79,0.00, 0.00
4.83,2.68,1.48, 0.00
0.97,1.67,0.00, 0.00
4.83,1.51,190.16, 0.00
4.92,1.39,7.23, 0.00
2.85,1.22,0.00, 0.00
0.48,1.06,0.00, 0.00
0.48,1.06,0.00, 0.00
2.92,0.90,120.21, 0.00
2.92,0.90,120.21, 0.00
2.92,0.90,120.21, 0.00
2.92,0.90,120.21, 0.00
2.92,0.90,120.21, 0.00
2.92,0.90,120.21, 0.00
2.92,0.90,120.21, 0.00
2.92,0.90,120.21, 0.00
2.92,0.90,120.21, 0.00
2.92,0.90,120.21, 0.00
2.92,0.90,120.21, 0.00
2.92,0.90,120.21, 0.00
2.92,0.90,120.21, 0.00
2.92,0.90,120.21, 0.00
2.92,0.90,120.21, 0.00
2.92,0.90,120.21, 0.00
2.92,0.90,120.21, 0.00
2.92,0.90,120.21, 0.00
2.92,0.90,120.21, 0.00
2.92,0.90,120.21, 0.00
2.92,0.90,120.21, 0.00
2.92,0.90,120.21, 0.00
2.92,0.90,120.21, 0.00
2.92,0.90,120.21, 0.00
2.92,0.90,120.21, 0.00
2.92,0.90,120.21, 0.00
2.92,0.90,120.21, 0.00
2.92,0.90,120.21, 0.00
3.10,0.80,10.64, 0.00
1.73,0.69,0.00, 0.00
1.40,0.28,0.00, 0.00
0.74,0.04,0.00, 0.00
0.63,0.05,0.00, 0.50
0.52,0.05,0.00, 0.50
0.45,0.05,0.00, 0.00
0.50,0.05,2.46, 0.50
0.63,0.05,6.44, 0.00
0.70,0.05,3.54, 0.00
0.70,0.05,3.54, 0.00
0.70,0.05,3.54, 0.00
0.70,0.05,3.54, 0.00
0.70,0.05,3.54, 0.00
0.77,0.05,3.50, 0.50
0.77,0.05,3.50, 0.50
0.77,0.05,3.50, 0.50
0.77,0.05,3.50, 0.50
0.77,0.05,3.50, 0.50
0.83,0.05,3.01, 0.00
0.86,0.05,1.52, 0.50
0.66,0.05,0.00, 0.00
0.70,0.05,1.97, 0.00
0.72,0.05,1.01, 0.50
0.72,0.05,1.01, 0.50
0.72,0.05,1.01, 0.50
0.72,0.05,1.01, 0.50
0.72,0.05,1.01, 0.50
0.72,0.05,1.01, 0.50
0.72,0.05,1.01, 0.50
0.72,0.05,0.01, 0.00
0.72,0.05,0.01, 0.00
0.72,0.05,0.01, 0.00
0.74,0.05,0.99, 0.00
0.72,0.05,0.00, 0.00
0.72,0.05,0.00, 0.00
0.72,0.05,0.00, 0.00
0.72,0.05,0.00, 0.00
0.72,0.05,0.00, 0.00
0.72,0.05,0.00, 0.00
0.68,0.04,0.00, 0.00
0.68,0.04,0.00, 0.00
0.68,0.04,0.00, 0.00
0.68,0.04,0.00, 0.00
0.68,0.04,0.00, 0.00
0.68,0.04,0.00, 0.00
0.68,0.04,0.00, 0.00
0.70,0.05,0.99, 0.50
0.66,0.05,0.00, 0.00
0.70,0.05,1.97, 0.00
0.66,0.04,0.00, 0.00
0.63,0.05,0.00, 0.50
0.66,0.05,1.48, 0.00
0.63,0.05,0.00, 0.00
0.63,0.05,0.00, 0.00
0.66,0.05,1.48, 0.00
0.70,0.05,1.99, 0.50
0.70,0.05,0.03, 0.00
0.70,0.05,0.00, 0.00
0.70,0.05,0.00, 0.00
0.70,0.05,0.00, 0.00
0.70,0.05,0.00, 0.50
0.68,0.05,0.00, 0.00
0.63,0.05,0.00, 0.00
0.63,0.05,0.00, 0.50
0.63,0.06,0.00, 0.25
0.63,0.06,0.00, 0.25
0.63,0.06,0.00, 0.25
0.63,0.06,0.00, 0.25
0.63,0.06,0.00, 0.25
0.66,0.05,1.48, 0.00
0.63,0.05,0.00, 0.00
0.63,0.05,0.00, 0.00
0.63,0.05,0.00, 0.00
0.63,0.05,0.00, 0.00
0.68,0.05,2.46, 0.50
0.68,0.05,2.46, 0.50
0.66,0.05,0.00, 0.00
0.66,0.05,0.00, 0.00
0.68,0.05,0.99, 0.00
0.68,0.05,0.99, 0.00
0.68,0.05,0.99, 0.00
0.68,0.05,0.99, 0.00
0.68,0.05,0.99, 0.00
0.57,0.18,0.00, 6.48
0.00,0.61,0.00, 21.69
0.00,0.61,0.00, 21.69
0.00,0.61,0.00, 21.69
0.00,0.61,0.00, 21.69
0.00,0.74,0.00, 6.56
0.00,0.74,0.00, 6.56
0.00,0.74,0.00, 6.56
0.00,0.74,0.00, 6.56
0.54,1.79,26.60, 52.33
0.81,2.11,13.69, 16.13
0.81,2.11,13.69, 16.13
3.55,3.26,135.19, 57.60
3.55,3.26,135.19, 57.60
3.55,3.26,135.19, 57.60
3.55,3.26,135.19, 57.60
4.74,4.12,60.61, 42.80
4.74,4.12,60.61, 42.80
4.74,4.12,60.61, 42.80
4.74,4.12,60.61, 42.80
4.74,4.12,60.61, 42.80
4.74,4.12,60.61, 42.80
4.74,4.12,60.61, 42.80
4.76,4.28,1.88, 7.88
4.76,4.36,0.03, 4.26
4.76,4.63,0.00, 13.47
4.78,4.64,0.99, 0.30
4.78,4.60,0.01, 0.00
4.78,4.56,0.00, 0.00
4.78,4.56,0.00, 0.00
4.78,4.56,0.00, 0.00
4.78,4.56,0.00, 0.00
4.78,4.56,0.00, 0.00
4.78,4.56,0.00, 0.00
4.78,4.56,0.00, 0.00
4.78,4.51,0.00, 0.00
4.78,4.46,0.00, 0.00
4.78,4.42,0.00, 0.00
4.78,4.11,0.00, 0.00
4.78,4.11,0.00, 0.00
4.78,4.11,0.00, 0.00
4.78,4.11,0.00, 0.00
4.78,4.11,0.00, 0.00
4.78,4.11,0.00, 0.00
4.80,3.97,0.99, 0.00
4.80,3.97,0.99, 0.00
4.80,3.97,0.99, 0.00
4.80,3.97,0.99, 0.00
4.80,3.97,0.99, 0.00
4.80,3.97,0.99, 0.00
4.80,3.97,0.99, 0.00
4.80,3.97,0.99, 0.00
4.80,3.97,0.99, 0.00
4.78,3.93,0.00, 0.00
4.78,3.93,0.00, 0.00
4.78,3.93,0.00, 0.00
4.78,3.93,0.00, 0.00
4.78,3.93,0.00, 0.00
4.78,3.93,0.00, 0.00
4.78,3.93,0.00, 0.00
4.78,3.95,0.00, 0.75
4.78,3.95,0.00, 0.75
4.78,3.95,0.00, 0.75
4.78,3.95,0.00, 0.75
4.78,3.95,0.00, 0.75
4.78,3.95,0.00, 0.75
4.78,3.95,0.00, 0.75
4.78,3.95,0.00, 0.75
4.78,3.95,0.00, 0.75
4.78,3.95,0.00, 0.75
4.78,3.95,0.00, 0.75
4.78,3.95,0.00, 0.75
4.78,3.95,0.00, 0.75
4.78,3.95,0.00, 0.75
4.78,3.95,0.00, 0.75
4.78,3.95,0.00, 0.75
4.78,3.95,0.00, 0.75
4.78,3.95,0.00, 0.75
4.78,3.95,0.00, 0.75
4.78,3.95,0.00, 0.75
4.78,3.95,0.00, 0.75
4.78,3.95,0.00, 0.75
4.78,3.98,0.00, 1.50
4.78,3.98,0.00, 1.50
4.78,3.98,0.00, 1.50
4.78,3.98,0.00, 1.50
4.78,3.98,0.00, 1.50
4.78,3.98,0.00, 1.50
4.78,3.98,0.00, 1.50
4.78,3.98,0.00, 1.50
4.78,3.98,0.00, 1.50
4.80,4.05,0.99, 3.49
4.83,4.27,1.49, 11.22
4.80,4.61,0.00, 16.98
4.80,4.66,0.00, 2.30
4.80,4.66,0.00, 2.30
4.80,4.60,0.00, 0.00
4.83,4.55,1.48, 0.00
4.83,4.52,0.02, 0.00
4.83,4.52,0.02, 0.00
4.83,4.52,0.02, 0.00
4.83,4.52,0.02, 0.00
4.83,4.52,0.02, 0.00
4.83,4.52,0.02, 0.00
4.83,4.52,0.02, 0.00
4.80,4.46,0.00, 0.00
4.80,4.46,0.00, 0.00
4.80,4.46,0.00, 0.00
4.80,4.46,0.00, 0.00
4.80,4.46,0.00, 0.00
4.80,4.46,0.00, 0.00
4.80,4.46,0.00, 0.00
4.80,4.43,0.00, 0.00
4.80,4.43,0.00, 0.00
4.83,4.41,1.48, 0.00
4.83,4.41,1.48, 0.00
4.83,4.41,1.48, 0.00
4.83,4.41,1.48, 0.00
4.83,4.41,1.48, 0.00
4.83,4.41,1.48, 0.00
4.83,4.41,1.48, 0.00
4.83,4.41,1.48, 0.00
4.83,4.41,1.48, 0.00
4.83,4.41,1.48, 0.00
4.83,4.41,1.48, 0.00
4.83,4.41,1.48, 0.00
4.83,4.41,1.48, 0.00
4.83,4.41,1.48, 0.00
4.83,4.15,0.02, 0.00
4.83,4.15,0.02, 0.00
4.83,4.15,0.02, 0.00
4.83,3.82,0.00, 0.00
4.83,3.82,0.00, 0.00
4.83,3.82,0.00, 0.00
4.83,3.82,0.00, 0.00
4.83,3.82,0.00, 0.00
4.83,3.82,0.00, 0.00
4.83,3.82,0.00, 0.00
4.83,3.82,0.00, 0.00
4.83,3.82,0.00, 0.00
4.83,3.82,0.00, 0.00
4.83,3.82,0.00, 0.00
4.83,3.82,0.00, 0.00
4.83,3.82,0.00, 0.00
4.83,3.82,0.00, 0.00
4.83,3.82,0.00, 0.00
4.83,3.82,0.00, 0.00
4.83,3.82,0.00, 0.00
4.83,3.82,0.00, 0.00
4.83,3.82,0.00, 0.00
4.83,3.82,0.00, 0.00
4.83,3.82,0.00, 0.00
4.83,3.82,0.00, 0.00
4.83,3.82,0.00, 0.00
4.83,3.82,0.00, 0.00
4.83,3.82,0.00, 0.00
4.83,3.82,0.00, 0.00
4.83,3.82,0.00, 0.00
4.83,3.82,0.00, 0.00
4.83,3.82,0.00, 0.00
4.83,3.82,0.00, 0.00
4.83,3.82,0.00, 0.00
4.83,3.82,0.00, 0.00
4.83,3.82,0.00, 0.00
4.83,3.82,0.00, 0.00
4.83,3.82,0.00, 0.00
4.83,3.82,0.00, 0.00
4.83,3.82,0.00, 0.00
4.83,3.82,0.00, 0.00
4.83,3.82,0.00, 0.00
4.83,3.82,0.00, 0.00
4.83,3.82,0.00, 0.00
4.83,3.82,0.00, 0.00
4.80,3.80,0.00, 0.00
4.80,3.80,0.00, 0.00
4.80,3.80,0.00, 0.00
4.80,3.80,0.00, 0.00
4.80,3.80,0.00, 0.00
4.80,3.80,0.00, 0.00
4.80,3.80,0.00, 0.00
4.80,3.80,0.00, 0.00
4.80,3.80,0.00, 0.00
4.80,3.80,0.00, 0.00
4.80,3.80,0.00, 0.00
4.80,3.80,0.00, 0.00
4.80,3.80,0.00, 0.00
4.80,3.80,0.00, 0.00
4.80,3.80,0.00, 0.00
4.80,3.80,0.00, 0.00
4.80,3.80,0.00, 0.00
4.80,3.80,0.00, 0.00
4.80,3.80,0.00, 0.00
4.80,3.80,0.00, 0.00
4.80,3.80,0.00, 0.00
4.83,4.32,1.48, 25.90
4.83,4.32,1.48, 25.90
4.83,4.32,1.48, 25.90
4.83,4.32,1.48, 25.90
4.83,4.32,1.48, 25.90
4.83,4.32,1.48, 25.90
4.83,4.32,1.48, 25.90
4.83,4.32,1.48, 25.90
4.83,4.32,1.48, 25.90
4.83,4.32,1.48, 25.90
4.83,4.32,1.48, 25.90
4.83,4.32,1.48, 25.90
4.83,4.32,1.48, 25.90
4.83,4.37,0.02, 2.59
0.00,0.06,0.00, 0.00
0.00,0.06,0.00, 0.00
0.00,0.06,0.00, 0.00
0.00,0.06,0.00, 0.00
0.52,0.05,25.62, 0.00
0.52,0.05,25.62, 0.00
0.30,0.05,0.00, 0.00
0.30,0.05,0.00, 0.00
0.30,0.05,0.00, 0.00
0.30,0.05,0.00, 0.00
0.30,0.05,0.00, 0.00
0.30,0.05,0.00, 0.00
0.30,0.05,0.00, 0.00
0.30,0.05,0.00, 0.00
0.30,0.05,0.00, 0.00
0.30,0.05,0.00, 0.00
0.30,0.05,0.00, 0.00
0.30,0.05,0.00, 0.00
0.30,0.05,0.00, 0.00
0.30,0.05,0.00, 0.00
0.30,0.05,0.00, 0.00
0.30,0.05,0.00, 0.00
0.30,0.05,0.00, 0.00
0.36,0.05,2.96, 0.00
0.36,0.05,2.96, 0.00
0.36,0.05,2.96, 0.00
0.36,0.05,2.96, 0.00
0.36,0.05,2.96, 0.00
0.36,0.05,2.96, 0.00
0.36,0.05,2.96, 0.00
0.36,0.05,2.96, 0.00
0.36,0.05,2.96, 0.00
0.36,0.05,2.96, 0.00
0.36,0.05,2.96, 0.00
0.36,0.05,2.96, 0.00
0.36,0.05,2.96, 0.00
0.36,0.05,2.96, 0.00
0.39,0.05,1.52, 0.00
0.36,0.05,0.00, 0.50
0.27,0.05,0.00, 0.00
0.23,0.06,0.00, 0.25
0.23,0.06,0.00, 0.25
0.23,0.06,0.00, 0.25
0.23,0.06,0.00, 0.25
0.23,0.06,0.00, 0.25
0.23,0.06,0.00, 0.25
0.23,0.06,0.00, 0.25
0.23,0.06,0.00, 0.25
0.25,0.05,0.99, 0.00
0.25,0.05,0.01, 0.00
0.25,0.05,0.00, 0.00
0.36,0.05,5.42, 0.00
0.36,0.05,5.42, 0.00
0.30,0.05,0.00, 0.00
0.30,0.05,0.00, 0.00
0.30,0.05,0.00, 0.00
0.30,0.05,0.00, 0.00
0.30,0.05,0.00, 0.00
0.30,0.05,0.00, 0.00
0.30,0.05,0.00, 0.00
0.21,0.05,0.00, 0.00
0.21,0.05,0.00, 0.00
0.23,0.05,0.99, 0.50
0.23,0.05,0.01, 0.00
0.23,0.05,0.01, 0.00
0.00,0.13,0.00, 4.23
0.00,0.13,0.00, 4.23
0.00,0.13,0.00, 4.23
0.00,0.13,0.00, 4.23
0.00,0.13,0.00, 4.23
0.00,0.13,0.00, 4.23
0.00,0.13,0.00, 4.23
0.00,0.13,0.00, 4.23
0.00,0.13,0.00, 4.23
0.00,0.13,0.00, 4.23
0.00,0.13,0.00, 4.23
0.00,0.13,0.00, 4.23
0.00,0.13,0.00, 4.23
0.00,0.13,0.00, 4.23
0.00,0.22,0.00, 4.75
0.00,0.22,0.00, 4.75
0.00,0.38,0.00, 7.49
0.00,0.56,0.00, 8.99
3.95,3.51,194.59, 147.49
4.40,3.81,25.03, 15.24
4.78,4.07,19.09, 13.26
4.78,4.32,0.28, 12.00
4.78,4.48,0.00, 8.26
4.78,4.61,0.00, 6.51
4.78,4.61,0.00, 6.51
4.78,4.74,0.00, 6.50
4.78,4.85,0.00, 5.50
4.78,4.85,0.00, 5.50
4.78,4.93,0.00, 3.76
4.78,4.97,0.00, 2.01
4.80,4.97,0.99, 0.01
4.80,4.97,0.99, 0.01
4.80,4.97,0.99, 0.01
4.80,4.97,0.99, 0.01
4.80,4.97,0.99, 0.01
4.80,4.97,0.99, 0.01
4.80,4.97,0.99, 0.01
4.80,4.97,0.99, 0.01
4.80,4.97,0.99, 0.01
4.80,4.97,0.99, 0.01
4.80,4.97,0.99, 0.01
4.80,4.97,0.99, 0.01
4.80,4.97,0.99, 0.01
4.80,4.97,0.99, 0.01
4.80,4.97,0.01, 0.50
4.80,4.97,0.01, 0.50
4.80,4.97,0.01, 0.50
4.80,4.97,0.01, 0.50
4.80,4.97,0.01, 0.50
4.80,4.97,0.01, 0.50
4.80,4.97,0.01, 0.50
4.80,4.98,0.00, 0.25
4.80,4.98,0.00, 0.25
4.80,4.94,0.00, 0.00
4.80,4.94,0.00, 0.00
4.80,4.94,0.00, 0.00
4.80,4.94,0.00, 0.00
4.80,4.94,0.00, 0.00
4.80,4.94,0.00, 0.00
4.80,4.94,0.00, 0.00
4.83,4.45,1.48, 0.00
4.83,4.45,1.48, 0.00
4.83,4.45,1.48, 0.00
4.83,4.44,0.02, 0.00
4.83,4.45,0.00, 0.75
4.83,4.47,0.00, 0.50
4.83,4.47,0.00, 0.00
4.83,4.47,0.00, 0.00
4.83,4.47,0.00, 0.00
4.83,4.47,0.00, 0.00
4.83,4.47,0.00, 0.00
4.83,4.47,0.00, 0.00
4.83,4.47,0.00, 0.00
4.83,4.47,0.00, 0.00
4.83,4.47,0.00, 0.00
4.83,4.47,0.00, 0.00
4.83,4.47,0.00, 0.00
4.83,4.47,0.00, 0.00
4.83,4.47,0.00, 0.00
4.83,4.47,0.00, 0.00
4.83,4.47,0.00, 0.00
4.83,4.47,0.00, 0.00
4.83,4.47,0.00, 0.00
4.83,4.47,0.00, 0.00
4.83,4.47,0.00, 0.00
4.83,4.47,0.00, 0.00
4.83,4.47,0.00, 0.00
4.83,4.47,0.00, 0.00
4.83,4.47,0.00, 0.00
4.83,4.47,0.00, 0.00
4.83,4.47,0.00, 0.00
4.83,4.47,0.00, 0.00
4.83,4.47,0.00, 0.00
4.83,4.47,0.00, 0.00
4.83,4.47,0.00, 0.00
4.83,4.47,0.00, 0.00
4.83,4.47,0.00, 0.00
4.83,4.47,0.00, 0.00
4.83,4.47,0.00, 0.00
4.83,4.47,0.00, 0.00
4.83,4.47,0.00, 0.00
4.83,4.47,0.00, 0.00
4.83,4.47,0.00, 0.00
4.83,4.47,0.00, 0.00
4.83,4.47,0.00, 0.00
4.83,4.47,0.00, 0.00
4.83,4.47,0.00, 0.00
4.83,4.47,0.00, 0.00
4.83,4.47,0.00, 0.00
4.83,4.47,0.00, 0.00
4.83,4.47,0.00, 0.00
4.83,4.47,0.00, 0.00
4.83,4.47,0.00, 0.00
4.83,4.47,0.00, 0.00
4.83,4.47,0.00, 0.00
4.83,4.47,0.00, 0.00
4.83,4.47,0.00, 0.00
4.83,4.47,0.00, 0.00
4.83,4.47,0.00, 0.00
4.83,4.47,0.00, 0.00
4.83,4.47,0.00, 0.00
4.83,4.47,0.00, 0.00
4.83,4.47,0.00, 0.00
4.83,4.47,0.00, 0.00
4.83,4.47,0.00, 0.00
4.83,4.47,0.00, 0.00
4.83,4.47,0.00, 0.00
4.83,4.47,0.00, 0.00
4.83,4.45,0.00, 0.00
4.83,4.45,0.00, 0.00
4.83,4.45,0.00, 0.00
4.83,4.45,0.00, 0.00
4.83,4.45,0.00, 0.00
4.83,4.45,0.00, 0.00
4.83,4.45,0.00, 0.00
4.83,4.47,0.00, 0.50
4.83,4.47,0.00, 0.50
4.83,4.47,0.00, 0.50
4.83,4.47,0.00, 0.50
4.83,4.47,0.00, 0.50
4.83,4.47,0.00, 0.50
4.83,4.47,0.00, 0.50
4.83,4.47,0.00, 0.50
4.83,4.47,0.00, 0.50
4.83,4.47,0.00, 0.50
4.83,4.47,0.00, 0.50
4.83,4.47,0.00, 0.50
4.83,4.47,0.00, 0.50
4.83,4.47,0.00, 0.50
4.83,4.47,0.00, 0.50
4.83,4.47,0.00, 0.50
4.83,4.47,0.00, 0.50
4.83,4.47,0.00, 0.50
4.83,4.47,0.00, 0.50
4.83,4.47,0.00, 0.50
4.83,4.47,0.00, 0.50
4.83,4.47,0.00, 0.50
4.83,4.47,0.00, 0.50
4.83,4.47,0.00, 0.50
4.83,4.47,0.00, 0.50
4.83,4.47,0.00, 0.50
4.83,4.47,0.00, 0.50
4.83,4.47,0.00, 0.50
4.83,4.47,0.00, 0.50
4.83,4.47,0.00, 0.50
4.83,4.47,0.00, 0.50
4.83,4.47,0.00, 0.50
4.83,4.47,0.00, 0.50
4.83,4.47,0.00, 0.50
4.83,4.47,0.00, 0.50
4.83,4.47,0.00, 0.50
4.83,4.47,0.00, 0.50
4.83,4.47,0.00, 0.50
4.83,4.47,0.00, 0.50
4.83,4.47,0.00, 0.50
4.83,4.47,0.00, 0.50
4.83,4.47,0.00, 0.50
4.83,4.47,0.00, 0.50
4.83,4.47,0.00, 0.50
4.83,4.47,0.00, 0.50
4.83,4.47,0.00, 0.50
4.83,4.47,0.00, 0.50
4.83,4.47,0.00, 0.50
4.83,4.47,0.00, 0.50
4.83,4.47,0.00, 0.50
4.83,4.47,0.00, 0.50
4.83,4.47,0.00, 0.50
4.83,4.47,0.00, 0.50
4.83,4.47,0.00, 0.50
4.83,4.47,0.00, 0.50
4.83,4.47,0.00, 0.50
4.83,4.47,0.00, 0.50
4.83,4.47,0.00, 0.50
4.83,4.47,0.00, 0.50
4.83,4.47,0.00, 0.50
4.83,4.47,0.00, 0.50
4.83,4.47,0.00, 0.50
4.83,4.47,0.00, 0.50
4.83,4.47,0.00, 0.50
4.83,4.47,0.00, 0.50
4.83,4.47,0.00, 0.50
4.83,4.47,0.00, 0.50
4.83,4.47,0.00, 0.50
4.83,4.47,0.00, 0.50
4.83,4.47,0.00, 0.50
4.83,4.47,0.00, 0.50
4.83,4.47,0.00, 0.50
4.83,4.47,0.00, 0.50
4.83,4.47,0.00, 0.50
4.83,4.47,0.00, 0.50
4.83,4.47,0.00, 0.50
4.83,4.47,0.00, 0.50
4.83,4.47,0.00, 0.50
4.83,4.47,0.00, 0.50
4.83,4.47,0.00, 0.50
4.83,4.47,0.00, 0.50
4.83,4.47,0.00, 0.50
4.83,4.47,0.00, 0.50
4.83,4.47,0.00, 0.50
4.83,4.47,0.00, 0.50
4.83,4.47,0.00, 0.50
4.83,4.47,0.00, 0.50
4.83,4.47,0.00, 0.50
4.83,4.47,0.00, 0.50
4.83,4.47,0.00, 0.50
4.83,4.47,0.00, 0.50
4.83,4.47,0.00, 0.50
4.83,4.47,0.00, 0.50
4.83,4.47,0.00, 0.50
4.83,4.47,0.00, 0.50
4.83,4.47,0.00, 0.50
4.83,4.47,0.00, 0.50
4.83,4.47,0.00, 0.50
4.83,4.47,0.00, 0.50
4.83,4.47,0.00, 0.50
4.83,4.47,0.00, 0.50
4.83,4.47,0.00, 0.50
4.83,4.47,0.00, 0.50
4.83,4.47,0.00, 0.50
4.83,4.47,0.00, 0.50
4.83,4.47,0.00, 0.50
4.83,4.47,0.00, 0.50
4.83,4.47,0.00, 0.50
4.83,4.47,0.00, 0.50
4.83,4.47,0.00, 0.50
4.83,4.47,0.00, 0.50
4.83,4.47,0.00, 0.50
4.83,4.47,0.00, 0.50
4.83,4.47,0.00, 0.50
4.83,4.47,0.00, 0.50
4.83,4.47,0.00, 0.50
4.83,4.47,0.00, 0.50
4.83,4.47,0.00, 0.50
4.83,4.47,0.00, 0.50
4.83,4.47,0.00, 0.50
4.83,4.47,0.00, 0.50
4.83,4.47,0.00, 0.50
4.83,4.47,0.00, 0.50
4.83,4.47,0.00, 0.50
4.83,4.47,0.00, 0.50
4.83,4.47,0.00, 0.50
4.83,4.47,0.00, 0.50
4.83,4.47,0.00, 0.50
4.83,4.47,0.00, 0.50
4.83,4.47,0.00, 0.50
4.83,4.47,0.00, 0.50
4.83,4.47,0.00, 0.50
4.83,4.47,0.00, 0.50
4.83,4.45,0.00, 0.00
4.83,4.45,0.00, 0.00
4.83,4.45,0.00, 0.00
4.83,4.45,0.00, 0.00
4.83,4.45,0.00, 0.00
4.83,4.45,0.00, 0.00
4.83,4.45,0.00, 0.00
4.83,4.45,0.00, 0.00
4.83,4.45,0.00, 0.00
4.83,4.45,0.00, 0.00
4.83,4.45,0.00, 0.00
4.83,4.45,0.00, 0.00
4.83,4.45,0.00, 0.00
4.83,4.45,0.00, 0.00
4.83,4.45,0.00, 0.00
4.83,4.45,0.00, 0.00
4.83,4.45,0.00, 0.00
4.83,1.74,0.00, 0.00
4.83,1.74,0.00, 0.00
3.84,0.70,0.00, 0.00
3.84,0.70,0.00, 0.00
4.83,4.47,48.77, 187.56
4.83,4.48,0.72, 1.43
4.83,4.50,0.01, 1.00
4.83,4.50,0.01, 1.00
4.83,4.50,0.01, 1.00
4.83,4.50,0.01, 1.00
4.83,4.50,0.01, 1.00
4.83,4.50,0.01, 1.00
4.83,4.50,0.01, 1.00
4.83,4.50,0.01, 1.00
4.83,4.50,0.01, 1.00
4.83,4.50,0.01, 1.00
4.83,4.50,0.01, 1.00
4.83,4.50,0.01, 1.00
4.83,4.50,0.01, 1.00
4.83,4.50,0.01, 1.00
4.83,4.50,0.01, 1.00
4.83,4.50,0.01, 1.00
4.83,4.50,0.01, 1.00
4.83,4.50,0.01, 1.00
4.83,4.50,0.01, 1.00
4.83,4.50,0.01, 1.00
4.83,4.50,0.01, 1.00
4.83,4.50,0.01, 1.00
4.83,4.50,0.01, 1.00
4.83,4.50,0.01, 1.00
4.83,4.50,0.01, 1.00
4.83,4.50,0.01, 1.00
4.83,4.53,0.00, 1.25
4.83,4.53,0.00, 1.25
4.83,4.53,0.00, 1.25
4.83,4.53,0.00, 1.25
4.83,4.53,0.00, 1.25
4.83,4.53,0.00, 1.25
4.83,4.53,0.00, 1.25
4.83,4.53,0.00, 1.25
4.83,4.53,0.00, 1.25
4.83,4.53,0.00, 1.25
4.83,4.53,0.00, 1.25
4.83,4.53,0.00, 1.25
4.83,4.53,0.00, 1.25
4.83,4.53,0.00, 1.25
4.83,4.53,0.00, 0.50
4.83,4.53,0.00, 0.50
4.83,4.53,0.00, 0.50
4.83,4.53,0.00, 0.50
4.83,4.53,0.00, 0.50
4.83,4.53,0.00, 0.50
4.83,4.53,0.00, 0.50
4.83,4.53,0.00, 0.50
4.83,4.53,0.00, 0.50
4.83,4.53,0.00, 0.50
4.83,4.57,0.00, 1.99
4.83,4.74,0.00, 8.23
4.83,4.74,0.00, 8.23
4.83,4.74,0.00, 8.23
4.83,4.74,0.00, 8.23
4.83,4.74,0.00, 8.23
4.83,4.74,0.00, 8.23
4.83,4.74,0.00, 8.23
4.83,4.74,0.00, 8.23
4.83,4.74,0.00, 8.23
4.83,4.74,0.00, 8.23
4.83,4.74,0.00, 8.23
4.83,4.74,0.00, 8.23
4.83,4.74,0.00, 8.23
4.83,4.74,0.00, 8.23
4.83,4.74,0.00, 8.23
4.83,3.65,0.00, 0.00
4.83,3.65,0.00, 0.00
4.83,3.65,0.00, 0.00
4.83,3.65,0.00, 0.00
4.83,3.65,0.00, 0.00
4.83,3.65,0.00, 0.00
4.83,3.65,0.00, 0.00
4.83,3.65,0.00, 0.00
4.83,3.65,0.00, 0.00
4.83,3.65,0.00, 0.00
4.83,3.65,0.00, 0.00
4.83,3.65,0.00, 0.00
4.83,3.65,0.00, 0.00
4.83,3.65,0.00, 0.00
4.83,3.65,0.00, 0.00
4.83,3.65,0.00, 0.00
4.83,3.65,0.00, 0.00
4.83,3.65,0.00, 0.00
4.83,3.65,0.00, 0.00
4.83,3.65,0.00, 0.00
4.83,3.65,0.00, 0.00
4.83,3.35,0.00, 0.00
4.83,3.35,0.00, 0.00
4.83,3.35,0.00, 0.00
4.83,3.35,0.00, 0.00
4.83,3.35,0.00, 0.00
4.83,3.35,0.00, 0.00
4.83,3.35,0.00, 0.00
4.83,3.35,0.00, 0.00
4.83,3.35,0.00, 0.00
4.83,3.31,0.00, 0.00
0.00,3.32,0.00, 0.25
0.00,3.32,0.00, 0.25
1.64,0.39,80.79, 0.00
1.64,0.39,80.79, 0.00
1.64,0.39,80.79, 0.00
1.64,0.39,80.79, 0.00
1.64,0.39,80.79, 0.00
1.64,0.39,80.79, 0.00
1.64,0.39,80.79, 0.00
1.64,0.39,80.79, 0.00
1.64,0.39,80.79, 0.00
0.00,0.05,0.00, 0.00
0.00,0.05,0.00, 0.00
0.00,0.05,0.00, 0.00
0.00,0.05,0.00, 0.00
0.00,0.05,0.00, 0.00
0.70,0.05,34.49, 0.00
0.70,0.05,34.49, 0.00
0.70,0.05,34.49, 0.00
0.70,0.05,34.49, 0.00
0.70,0.05,34.49, 0.00
0.70,0.05,34.49, 0.00
0.70,0.05,34.49, 0.00
0.70,0.05,34.49, 0.00
0.70,0.05,34.49, 0.00
0.70,0.05,34.49, 0.00
0.70,0.05,34.49, 0.00
0.70,0.05,34.49, 0.00
0.70,0.05,34.49, 0.00
0.70,0.05,34.49, 0.00
0.18,0.05,0.00, 0.00
0.18,0.05,0.00, 0.00
0.18,0.05,0.00, 0.00
0.18,0.05,0.00, 0.00
0.18,0.05,0.00, 0.00
0.18,0.05,0.00, 0.00
0.18,0.05,0.00, 0.00
0.18,0.05,0.00, 0.00
0.18,0.05,0.00, 0.00
0.18,0.05,0.00, 0.00
0.18,0.05,0.00, 0.00
0.18,0.05,0.00, 0.00
0.18,0.05,0.00, 0.00
0.18,0.05,0.00, 0.00
0.18,0.05,0.00, 0.00
0.18,0.05,0.00, 0.00
0.18,0.05,0.00, 0.00
0.00,0.06,0.00, 0.75
0.00,0.06,0.00, 0.75
0.00,0.05,0.00, 0.00
0.00,0.05,0.00, 0.00
0.07,0.05,3.45, 0.00
0.05,0.05,0.00, 0.00
0.05,0.05,0.00, 0.00
0.05,0.05,0.00, 0.00
0.05,0.05,0.00, 0.00
0.05,0.05,0.00, 0.00
0.05,0.05,0.00, 0.00
0.05,0.05,0.00, 0.00
0.05,0.05,0.00, 0.00
0.05,0.05,0.00, 0.00
0.05,0.05,0.00, 0.00
0.05,0.05,0.00, 0.00
0.05,0.05,0.00, 0.00
0.05,0.05,0.00, 0.00
0.05,0.05,0.00, 0.00
0.05,0.05,0.00, 0.00
0.05,0.05,0.00, 0.00
0.00,0.05,0.00, 0.00
0.00,0.05,0.00, 0.00
0.00,0.05,0.00, 0.00
0.00,0.05,0.00, 0.00
0.00,0.05,0.00, 0.00
0.00,0.05,0.00, 0.00
0.00,0.05,0.00, 0.00
0.00,0.05,0.00, 0.00
0.00,0.05,0.00, 0.00
0.00,0.05,0.00, 0.00
0.00,0.05,0.00, 0.00
0.00,0.05,0.00, 0.00
0.00,0.05,0.00, 0.00
0.00,0.05,0.00, 0.00
0.00,0.05,0.00, 0.00
0.00,0.05,0.00, 0.00
0.00,0.05,0.00, 0.00
0.00,0.05,0.00, 0.00
0.00,0.05,0.00, 0.00
0.00,0.05,0.00, 0.00
0.00,0.05,0.00, 0.00
0.00,0.05,0.00, 0.00
0.00,0.05,0.00, 0.00
0.00,0.05,0.00, 0.00
0.00,0.05,0.00, 0.00
0.00,0.05,0.00, 0.00
0.00,0.05,0.00, 0.00
0.00,0.05,0.00, 0.00
0.00,0.05,0.00, 0.00
0.00,0.05,0.00, 0.00
0.00,0.05,0.00, 0.00
0.00,0.05,0.00, 0.00
0.00,0.05,0.00, 0.00
0.00,0.05,0.00, 0.00
0.00,0.05,0.00, 0.00
0.00,0.05,0.00, 0.00
0.00,0.05,0.00, 0.00
0.00,0.05,0.00, 0.00
3.79,3.19,186.71, 156.67
3.79,3.19,186.71, 156.67
3.79,3.19,186.71, 156.67
3.79,3.19,186.71, 156.67
3.79,3.19,186.71, 156.67
3.79,3.19,186.71, 156.67
3.79,3.19,186.71, 156.67
3.79,3.19,186.71, 156.67
3.79,3.19,186.71, 156.67
3.79,3.19,186.71, 156.67
3.79,3.19,186.71, 156.67
3.79,3.19,186.71, 156.67
3.79,3.19,186.71, 156.67
4.80,3.87,52.50, 34.45
4.80,3.87,52.50, 34.45
4.80,3.87,52.50, 34.45
4.80,3.87,52.50, 34.45
4.80,3.87,52.50, 34.45
4.80,3.87,52.50, 34.45
4.80,3.87,52.50, 34.45
4.80,3.87,52.50, 34.45
4.80,3.87,52.50, 34.45
4.80,3.87,52.50, 34.45
4.80,3.87,52.50, 34.45
4.80,3.87,52.50, 34.45
4.80,3.87,52.50, 34.45
4.80,3.87,52.50, 34.45
4.80,3.87,52.50, 34.45
4.80,3.87,52.50, 34.45
4.80,3.87,52.50, 34.45
4.80,3.87,52.50, 34.45
4.80,3.87,52.50, 34.45
4.80,3.86,0.77, 0.00
4.80,3.86,0.77, 0.00
4.80,3.86,0.01, 0.25
4.80,3.86,0.01, 0.25
4.80,3.86,0.01, 0.25
4.83,3.14,1.48, 0.00
4.83,3.14,1.48, 0.00
4.83,3.14,1.48, 0.00
4.83,3.14,1.48, 0.00
4.83,3.14,1.48, 0.00
4.83,3.14,1.48, 0.00
4.83,3.14,1.48, 0.00
4.83,3.14,1.48, 0.00
4.83,3.14,1.48, 0.00
4.83,3.14,1.48, 0.00
4.83,3.14,1.48, 0.00
4.83,3.14,1.48, 0.00
4.83,3.14,1.48, 0.00
4.83,3.14,1.48, 0.00
4.83,3.14,1.48, 0.00
4.83,3.14,1.48, 0.00
4.83,3.14,1.48, 0.00
4.83,3.14,1.48, 0.00
4.83,3.14,1.48, 0.00
4.83,3.14,1.48, 0.00
4.83,3.14,1.48, 0.00
4.83,3.14,1.48, 0.00
4.83,3.14,1.48, 0.00
4.83,3.14,1.48, 0.00
4.83,3.14,1.48, 0.00
4.83,3.14,1.48, 0.00
4.83,3.14,1.48, 0.00
4.83,3.14,1.48, 0.00
4.83,3.14,1.48, 0.00
4.83,3.14,1.48, 0.00
4.83,3.14,1.48, 0.00
4.83,3.14,1.48, 0.00
4.83,3.14,1.48, 0.00
4.83,3.14,1.48, 0.00
4.83,3.14,1.48, 0.00
4.83,3.14,1.48, 0.00
4.83,3.14,1.48, 0.00
4.83,3.14,1.48, 0.00
4.83,3.14,1.48, 0.00
4.83,3.14,1.48, 0.00
4.83,3.14,1.48, 0.00
4.83,3.14,1.48, 0.00
4.83,3.14,1.48, 0.00
4.83,3.14,1.48, 0.00
4.83,3.14,1.48, 0.00
4.83,3.14,1.48, 0.00
4.83,3.14,1.48, 0.00
4.83,3.14,1.48, 0.00
4.83,3.14,1.48, 0.00
4.83,3.14,1.48, 0.00
4.83,3.14,1.48, 0.00
4.83,3.14,1.48, 0.00
4.83,3.14,1.48, 0.00
4.83,3.14,1.48, 0.00
4.83,3.14,1.48, 0.00
4.83,3.14,1.48, 0.00
4.83,3.14,1.48, 0.00
4.83,3.14,1.48, 0.00
4.83,3.14,1.48, 0.00
4.83,3.14,1.48, 0.00
4.83,3.14,1.48, 0.00
4.83,3.14,1.48, 0.00
4.83,3.14,1.48, 0.00
4.83,3.14,1.48, 0.00
4.83,3.14,1.48, 0.00
4.83,3.14,1.48, 0.00
4.83,3.14,1.48, 0.00
4.83,3.14,1.48, 0.00
4.83,3.14,1.48, 0.00
4.83,3.14,1.48, 0.00
4.83,3.14,1.48, 0.00
4.83,3.14,1.48, 0.00
4.83,3.14,1.48, 0.00
4.83,3.14,1.48, 0.00
4.83,3.14,1.48, 0.00
4.83,3.14,1.48, 0.00
4.83,3.14,1.48, 0.00
4.83,3.14,1.48, 0.00
4.83,3.14,1.48, 0.00
4.83,3.14,1.48, 0.00
4.83,3.14,1.48, 0.00
4.83,3.14,1.48, 0.00
4.83,3.14,1.48, 0.00
4.83,3.14,1.48, 0.00
4.83,3.14,1.48, 0.00
4.83,3.14,1.48, 0.00
4.83,3.14,1.48, 0.00
4.83,3.14,1.48, 0.00
4.83,3.14,1.48, 0.00
4.83,3.14,1.48, 0.00
4.83,3.14,1.48, 0.00
4.83,3.14,1.48, 0.00
4.83,3.14,1.48, 0.00
4.83,3.14,1.48, 0.00
4.83,3.14,1.48, 0.00
4.83,3.14,1.48, 0.00
4.83,3.40,0.02, 12.95
4.83,3.40,0.02, 12.95
4.83,3.40,0.02, 12.95
4.83,3.40,0.02, 12.95
4.83,3.40,0.02, 12.95
4.83,3.40,0.02, 12.95
4.83,3.40,0.02, 12.95
4.83,3.40,0.02, 12.95
4.83,3.40,0.02, 12.95
4.83,3.40,0.02, 12.95
4.83,3.40,0.02, 12.95
4.83,3.40,0.02, 12.95
4.83,3.40,0.02, 12.95
4.83,3.40,0.02, 12.95
4.83,3.40,0.02, 12.95
4.83,3.40,0.02, 12.95
4.83,3.40,0.02, 12.95
4.83,3.40,0.02, 12.95
4.83,3.40,0.02, 12.95
4.83,3.40,0.02, 12.95
4.83,3.40,0.02, 12.95
4.83,3.40,0.02, 12.95
4.83,3.40,0.02, 12.95
4.83,3.40,0.02, 12.95
4.83,3.40,0.02, 12.95
4.83,3.40,0.02, 12.95
4.83,3.40,0.02, 12.95
4.83,3.40,0.02, 12.95
4.83,3.40,0.02, 12.95
4.83,3.40,0.02, 12.95
4.83,3.40,0.02, 12.95
4.83,3.40,0.02, 12.95
4.83,3.40,0.02, 12.95
4.83,3.40,0.02, 12.95
4.83,3.40,0.02, 12.95
4.83,3.40,0.02, 12.95
4.83,3.40,0.02, 12.95
4.83,3.40,0.02, 12.95
4.83,3.40,0.02, 12.95
4.83,3.40,0.02, 12.95
4.83,3.40,0.02, 12.95
4.83,3.40,0.02, 12.95
4.83,3.40,0.02, 12.95
4.83,3.40,0.02, 12.95
4.83,3.40,0.02, 12.95
4.83,3.40,0.02, 12.95
4.83,3.40,0.02, 12.95
4.83,3.40,0.02, 12.95
4.83,3.40,0.02, 12.95
4.83,3.40,0.02, 12.95
4.83,3.40,0.02, 12.95
4.83,3.40,0.02, 12.95
4.83,3.40,0.02, 12.95
4.83,3.40,0.02, 12.95
4.83,3.40,0.02, 12.95
4.83,3.40,0.02, 12.95
4.83,3.40,0.02, 12.95
4.83,3.40,0.02, 12.95
4.83,3.40,0.02, 12.95
4.83,3.40,0.02, 12.95
4.83,3.40,0.02, 12.95
4.83,3.40,0.02, 12.95
4.83,3.40,0.02, 12.95
4.83,3.40,0.02, 12.95
4.83,3.40,0.02, 12.95
4.83,3.40,0.02, 12.95
4.83,3.40,0.02, 12.95
4.83,3.40,0.02, 12.95
4.83,3.40,0.02, 12.95
4.83,3.40,0.02, 12.95
4.83,3.40,0.02, 12.95
4.83,3.40,0.02, 12.95
4.83,3.40,0.00, 0.05
4.83,3.40,0.00, 0.05
4.83,3.40,0.00, 0.05
4.83,3.40,0.00, 0.05
4.83,3.40,0.00, 0.05
4.83,3.40,0.00, 0.05
4.83,3.40,0.00, 0.05
4.83,3.40,0.00, 0.05
4.83,3.40,0.00, 0.05
4.83,3.40,0.00, 0.05
4.83,3.40,0.00, 0.05
4.83,3.40,0.00, 0.05
4.83,3.40,0.00, 0.05
4.83,3.40,0.00, 0.05
4.83,3.40,0.00, 0.05
4.83,3.40,0.00, 0.00
4.83,3.40,0.00, 0.00
4.83,3.40,0.00, 0.00
4.83,3.40,0.00, 0.00
4.83,3.40,0.00, 0.00
4.83,3.40,0.00, 0.00
4.83,3.40,0.00, 0.00
4.83,3.40,0.00, 0.00
4.83,3.40,0.00, 0.00
4.83,3.40,0.00, 0.00
4.83,3.40,0.00, 0.00
4.83,3.40,0.00, 0.00
4.83,3.40,0.00, 0.00
4.83,3.40,0.00, 0.00
0.00,0.05,0.00, 0.00
0.00,0.05,0.00, 0.00
0.00,0.05,0.00, 0.00
0.00,0.05,0.00, 0.00
0.00,0.05,0.00, 0.00
0.00,0.05,0.00, 0.00
0.00,0.05,0.00, 0.00
0.00,0.05,0.00, 0.00
0.00,0.05,0.00, 0.00
0.00,0.05,0.00, 0.00
0.00,0.05,0.00, 0.00
0.00,0.05,0.00, 0.00
0.00,0.05,0.00, 0.00
0.00,0.05,0.00, 0.00
0.00,0.05,0.00, 0.00
0.00,0.05,0.00, 0.00
0.00,0.05,0.00, 0.00
0.00,0.05,0.00, 0.00
0.00,0.05,0.00, 0.00
0.00,0.05,0.00, 0.00
0.00,0.05,0.00, 0.00
0.00,0.05,0.00, 0.00
0.00,0.05,0.00, 0.00
0.00,0.05,0.00, 0.00
0.00,0.05,0.00, 0.00
0.00,0.05,0.00, 0.00
0.00,0.05,0.00, 0.00
0.00,0.05,0.00, 0.00
0.00,0.05,0.00, 0.00
0.00,0.05,0.00, 0.00
0.00,0.05,0.00, 0.00
0.00,0.05,0.00, 0.00
0.00,0.05,0.00, 0.00
0.00,0.05,0.00, 0.00
0.00,0.05,0.00, 0.00
0.00,0.05,0.00, 0.00
0.00,0.05,0.00, 0.00
0.00,0.05,0.00, 0.00
0.00,0.05,0.00, 0.00
0.00,0.05,0.00, 0.00
0.00,0.05,0.00, 0.00
0.00,0.05,0.00, 0.00
0.00,0.05,0.00, 0.00
0.00,0.05,0.00, 0.00
0.00,0.05,0.00, 0.00
0.00,0.05,0.00, 0.00
0.00,0.05,0.00, 0.00
0.00,0.05,0.00, 0.00
0.00,0.05,0.00, 0.00
0.00,0.05,0.00, 0.00
0.00,0.05,0.00, 0.00
0.00,0.05,0.00, 0.00
0.00,0.05,0.00, 0.00
0.00,0.05,0.00, 0.00
0.00,1.41,0.00, 68.25
0.00,1.41,0.00, 68.25
0.00,1.41,0.00, 68.25
0.00,1.41,0.00, 68.25
0.00,1.41,0.00, 68.25
0.00,1.41,0.00, 68.25
0.00,1.41,0.00, 68.25
4.78,3.73,235.48, 115.58
4.78,3.73,235.48, 115.58
4.78,3.73,235.48, 115.58
4.78,3.73,235.48, 115.58
4.78,3.73,235.48, 115.58
4.78,3.73,235.48, 115.58
4.78,3.73,235.48, 115.58
4.78,3.73,235.48, 115.58
4.78,3.73,235.48, 115.58
4.78,3.73,235.48, 115.58
4.78,3.73,235.48, 115.58
4.78,3.73,235.48, 115.58
4.78,3.73,235.48, 115.58
4.78,3.73,235.48, 115.58
4.80,4.07,4.45, 17.36
4.80,4.07,4.45, 17.36
4.83,4.18,1.54, 5.54
4.80,4.30,0.00, 6.00
4.83,4.26,1.48, 0.00
4.83,4.26,1.48, 0.00
4.83,4.26,1.48, 0.00
4.83,4.26,1.48, 0.00
4.83,4.26,1.48, 0.00
4.83,4.26,1.48, 0.00
4.83,4.26,1.48, 0.00
4.83,4.26,1.48, 0.00
4.83,4.18,0.02, 0.00
4.83,4.18,0.02, 0.00
4.83,4.18,0.02, 0.00
4.83,4.18,0.02, 0.00
4.83,4.12,0.00, 0.00
4.83,4.12,0.00, 0.00
4.83,4.12,0.00, 0.00
4.80,4.05,0.00, 0.00
4.80,4.05,0.00, 0.00
4.80,4.05,0.00, 0.00
4.80,4.05,0.00, 0.00
4.80,4.05,0.00, 0.00
4.80,4.05,0.00, 0.00
4.80,4.05,0.00, 0.00
4.80,4.05,0.00, 0.00
4.80,4.05,0.00, 0.00
4.80,4.05,0.00, 0.00
4.80,4.05,0.00, 0.00
4.80,4.05,0.00, 0.00
4.80,4.05,0.00, 0.00
4.80,4.05,0.00, 0.00
4.80,4.05,0.00, 0.00
4.80,4.05,0.00, 0.00
4.80,4.05,0.00, 0.00
4.80,4.05,0.00, 0.00
4.80,4.05,0.00, 0.00
4.80,4.05,0.00, 0.00
4.80,4.05,0.00, 0.00
4.80,4.05,0.00, 0.00
4.80,4.05,0.00, 0.00
4.80,4.05,0.00, 0.00
4.80,4.05,0.00, 0.00
4.80,4.05,0.00, 0.00
4.80,4.05,0.00, 0.00
4.80,4.05,0.00, 0.00
4.80,4.05,0.00, 0.00
4.80,4.05,0.00, 0.00
4.80,4.05,0.00, 0.00
4.80,4.05,0.00, 0.00
4.80,4.05,0.00, 0.00
4.80,4.05,0.00, 0.00
4.80,4.05,0.00, 0.00
4.80,4.05,0.00, 0.00
4.80,4.05,0.00, 0.00
4.80,4.05,0.00, 0.00
4.80,4.05,0.00, 0.00
4.80,4.05,0.00, 0.00
4.80,4.05,0.00, 0.00
4.80,4.05,0.00, 0.00
4.80,4.05,0.00, 0.00
4.80,4.05,0.00, 0.00
4.80,4.05,0.00, 0.00
4.80,4.05,0.00, 0.00
4.80,4.05,0.00, 0.00
4.80,4.05,0.00, 0.00
4.80,4.05,0.00, 0.00
4.80,4.05,0.00, 0.00
4.80,4.05,0.00, 0.00
4.80,4.05,0.00, 0.00
4.80,4.05,0.00, 0.00
4.80,4.05,0.00, 0.00
4.80,4.05,0.00, 0.00
4.80,4.05,0.00, 0.00
4.80,4.05,0.00, 0.00
4.80,4.05,0.00, 0.00
4.83,3.81,1.48, 0.00
4.83,3.81,1.48, 0.00
4.83,3.81,1.48, 0.00
4.83,3.81,1.48, 0.00
4.83,3.81,1.48, 0.00
4.83,3.81,1.48, 0.00
4.83,3.81,1.48, 0.00
4.83,3.81,1.48, 0.00
4.83,3.81,1.48, 0.00
4.83,3.81,1.48, 0.00
4.83,3.81,1.48, 0.00
4.83,3.81,1.48, 0.00
4.83,3.81,1.48, 0.00
4.83,3.81,1.48, 0.00
4.83,3.81,1.48, 0.00
4.83,3.81,1.48, 0.00
4.83,3.81,1.48, 0.00
4.83,3.81,1.48, 0.00
4.83,3.81,1.48, 0.00
4.83,3.65,0.02, 0.00
4.83,3.65,0.02, 0.00
4.83,3.65,0.02, 0.00
4.83,3.65,0.02, 0.00
4.83,3.65,0.02, 0.00
4.83,3.65,0.02, 0.00
4.83,3.65,0.02, 0.00
4.83,3.65,0.02, 0.00
4.83,3.65,0.02, 0.00
4.83,3.65,0.02, 0.00
4.83,3.65,0.02, 0.00
4.83,3.65,0.02, 0.00
4.83,3.65,0.02, 0.00
4.83,3.65,0.02, 0.00
4.83,3.59,0.00, 0.00
4.83,3.59,0.00, 0.00
4.83,3.59,0.00, 0.00
4.83,3.59,0.00, 0.00
4.83,3.59,0.00, 0.00
4.83,3.59,0.00, 0.00
4.83,3.59,0.00, 0.00
4.83,3.59,0.00, 0.00
4.83,3.59,0.00, 0.00
4.83,3.59,0.00, 0.00
4.83,3.59,0.00, 0.00
4.83,3.59,0.00, 0.00
4.83,3.59,0.00, 0.00
4.83,3.59,0.00, 0.00
4.83,3.59,0.00, 0.00
4.83,3.59,0.00, 0.00
0.00,0.06,0.00, 0.00
0.00,0.06,0.00, 0.00
0.00,0.06,0.00, 0.00
0.00,0.06,0.00, 0.00
0.00,0.06,0.00, 0.00
0.00,0.06,0.00, 0.00
0.00,0.06,0.00, 0.00
0.00,0.06,0.00, 0.00
0.00,0.05,0.00, 0.00
0.00,0.05,0.00, 0.00
0.00,0.05,0.00, 0.00
0.00,0.05,0.00, 0.00
0.00,0.05,0.00, 0.00
0.00,0.05,0.00, 0.00
0.00,0.05,0.00, 0.00
0.00,0.05,0.00, 0.00
0.00,0.05,0.00, 0.00
0.00,0.05,0.00, 0.00
0.00,0.05,0.00, 0.00
0.00,0.05,0.00, 0.00
0.00,0.05,0.00, 0.00
0.00,0.05,0.00, 0.00
0.00,0.05,0.00, 0.00
0.00,0.05,0.00, 0.00
0.00,0.05,0.00, 0.00
0.00,0.05,0.00, 0.00
0.00,0.05,0.00, 0.00
0.00,0.05,0.00, 0.00
0.00,0.05,0.00, 0.00
0.00,0.05,0.00, 0.00
0.00,0.05,0.00, 0.00
0.00,0.05,0.00, 0.00
0.00,0.05,0.00, 0.00
0.00,0.05,0.00, 0.00
0.00,0.05,0.00, 0.00
0.00,0.05,0.00, 0.00
0.00,0.05,0.00, 0.00
0.00,0.05,0.00, 0.00
0.00,0.05,0.00, 0.00
0.00,0.05,0.00, 0.00
0.00,0.05,0.00, 0.00
0.00,0.05,0.00, 0.00
0.00,0.05,0.00, 0.00
0.00,0.05,0.00, 0.00
0.00,0.05,0.00, 0.00
0.00,0.05,0.00, 0.00
0.00,0.05,0.00, 0.00
0.00,0.05,0.00, 0.00
0.00,0.05,0.00, 0.00
0.00,0.05,0.00, 0.00
0.00,0.05,0.00, 0.00
0.00,0.05,0.00, 0.00
0.00,0.05,0.00, 0.00
0.00,0.05,0.00, 0.00
0.0