4.62,0.00,0.00, 0.00
0.00,4.94,0.00, 246.35
0.00,4.94,0.00, 246.35
0.00,4.94,0.00, 246.35
0.00,4.94,0.00, 246.35
0.00,4.94,0.00, 246.35
0.00,4.94,0.00, 246.35
0.00,4.94,0.00, 246.35
0.00,4.94,0.00, 246.35
0.00,4.94,0.00, 246.35
0.00,4.94,0.00, 246.35
0.00,4.94,0.00, 246.35
0.00,4.94,0.00, 246.35
0.00,4.94,0.00, 246.35
0.00,4.94,0.00, 246.35
0.00,4.94,0.00, 246.35
0.00,4.94,0.00, 246.35
0.00,4.94,0.00, 246.35
0.00,4.94,0.00, 246.35
0.00,4.94,0.00, 246.35
0.00,4.94,0.00, 246.35
0.00,4.94,0.00, 246.35
0.00,4.94,0.00, 246.35
0.00,4.94,0.00, 246.35
0.00,4.94,0.00, 246.35
0.00,4.94,0.00, 246.35
0.00,4.94,0.00, 246.35
0.00,4.94,0.00, 246.35
0.00,4.94,0.00, 246.35
0.00,4.94,0.00, 246.35
0.00,4.94,0.00, 246.35
0.00,4.94,0.00, 246.35
0.00,4.94,0.00, 246.35
0.00,4.94,0.00, 246.35
0.00,4.94,0.00, 246.35
0.00,4.94,0.00, 246.35
0.00,4.94,0.00, 246.35
0.00,4.94,0.00, 246.35
0.00,4.94,0.00, 246.35
0.00,4.94,0.00, 246.35
0.00,4.94,0.00, 246.35
0.00,4.94,0.00, 246.35
0.00,4.94,0.00, 246.35
0.00,4.94,0.00, 246.35
0.00,4.82,0.00, 0.00
0.00,4.82,0.00, 0.00
0.00,4.82,0.00, 0.00
0.00,4.82,0.00, 0.00
0.00,4.82,0.00, 0.00
0.00,3.98,0.00, 0.00
0.00,3.98,0.00, 0.00
0.02,4.20,0.99, 11.21
0.00,0.81,0.00, 0.00
0.00,0.11,0.00, 0.00
0.00,0.13,0.00, 0.75
0.00,0.07,0.00, 0.00
0.00,0.07,0.00, 0.00
0.00,0.05,0.00, 0.00
0.00,0.07,0.00, 1.25
0.00,0.07,0.00, 0.00
0.00,0.07,0.00, 0.00
0.00,0.05,0.00, 0.00
0.00,0.06,0.00, 0.25
0.00,0.05,0.00, 0.00
0.00,0.05,0.00, 0.00
0.00,0.05,0.00, 0.00
0.00,0.05,0.00, 0.00
0.00,0.05,0.00, 0.00
0.00,0.05,0.00, 0.00
0.00,0.05,0.00, 0.00
0.00,0.05,0.00, 0.00
0.00,0.05,0.00, 0.00
0.00,0.05,0.00, 0.00
0.00,0.05,0.00, 0.00
0.00,0.05,0.00, 0.50
0.00,0.05,0.00, 0.00
0.00,0.05,0.00, 0.50
0.00,0.05,0.00, 0.50
0.00,0.05,0.00, 0.50
0.00,0.05,0.00, 0.50
0.00,0.06,0.00, 0.25
0.00,0.05,0.00, 0.00
0.00,0.05,0.00, 0.00
0.00,0.05,0.00, 0.00
0.00,0.05,0.00, 0.50
0.00,0.05,0.00, 0.00
0.00,0.05,0.00, 0.50
0.00,0.05,0.00, 0.00
0.00,0.05,0.00, 0.50
0.00,0.05,0.00, 0.00
0.00,0.05,0.00, 0.50
0.00,0.06,0.00, 0.25
0.00,0.05,0.00, 0.00
0.00,0.05,0.00, 0.00
0.00,0.05,0.00, 0.00
0.00,0.05,0.00, 0.00
0.00,0.05,0.00, 0.00
0.00,0.05,0.00, 0.00
0.00,0.05,0.00, 0.00
0.00,0.05,0.00, 0.00
0.00,0.05,0.00, 0.50
0.00,0.06,0.00, 0.25
0.00,0.05,0.00, 0.00
0.00,0.05,0.00, 0.00
0.00,0.05,0.00, 0.00
0.00,0.05,0.00, 0.00
0.00,0.05,0.00, 0.00
0.00,0.05,0.00, 0.00
0.00,0.05,0.00, 0.00
0.00,0.05,0.00, 0.00
0.00,0.05,0.00, 0.00
0.00,0.05,0.00, 0.00
0.00,0.05,0.00, 0.00
0.00,0.05,0.00, 0.00
0.00,0.05,0.00, 0.00
0.00,0.05,0.00, 0.00
0.00,0.05,0.00, 0.00
0.00,0.05,0.00, 0.00
0.00,0.05,0.00, 0.00
0.00,0.05,0.00, 0.00
0.00,0.05,0.00, 0.50
0.00,0.05,0.00, 0.00
0.00,0.05,0.00, 0.00
0.00,0.05,0.00, 0.50
0.00,0.04,0.00, 0.00
0.00,0.05,0.00, 0.50
0.00,0.05,0.00, 0.00
0.00,0.74,0.00, 34.62
0.00,2.83,0.00, 104.24
0.00,3.31,0.00, 24.29
0.00,3.31,0.00, 24.29
0.00,3.31,0.00, 24.29
0.00,3.31,0.00, 24.29
0.00,3.31,0.00, 24.29
0.00,3.31,0.00, 24.29
0.00,3.31,0.00, 24.29
0.00,3.31,0.00, 24.29
0.00,3.31,0.00, 24.29
0.00,3.31,0.00, 24.29
0.00,3.31,0.00, 24.29
0.00,3.31,0.00, 24.29
0.00,3.31,0.00, 24.29
0.00,3.31,0.00, 24.29
0.00,3.31,0.00, 24.29
0.00,3.31,0.00, 24.29
0.00,3.31,0.00, 24.29
0.00,3.31,0.00, 24.29
0.00,3.31,0.00, 24.29
0.00,3.76,0.00, 22.51
0.00,3.76,0.00, 22.51
0.00,3.76,0.00, 22.51
0.00,3.76,0.00, 22.51
0.00,4.16,0.00, 20.26
0.00,4.93,0.00, 38.18
0.00,4.93,0.00, 38.18
0.00,4.93,0.00, 38.18
0.00,4.93,0.00, 38.18
0.00,4.93,0.00, 38.18
0.00,4.93,0.00, 38.18
0.00,4.93,0.00, 38.18
0.00,4.93,0.00, 38.18
0.00,4.93,0.00, 38.18
0.00,4.93,0.00, 38.18
0.00,4.93,0.00, 38.18
0.00,4.93,0.00, 38.18
0.00,4.93,0.00, 38.18
0.00,4.93,0.00, 38.18
0.00,4.93,0.00, 38.18
0.00,4.93,0.00, 38.18
0.00,4.93,0.00, 38.18
0.00,4.93,0.00, 38.18
0.00,6.72,0.00, 89.31
0.00,6.72,0.00, 89.31
0.00,6.72,0.00, 89.31
0.00,6.81,0.00, 4.56
0.00,6.81,0.00, 4.56
0.00,6.81,0.00, 4.56
0.00,6.81,0.00, 4.56
0.00,6.81,0.00, 4.56
0.00,6.81,0.00, 4.56
0.00,6.81,0.00, 4.56
0.00,6.81,0.00, 4.56
0.00,6.81,0.00, 4.56
0.00,6.81,0.00, 4.56
0.00,6.81,0.00, 4.56
0.00,6.81,0.00, 4.56
0.00,6.81,0.00, 4.56
0.00,6.85,0.00, 2.26
0.00,6.85,0.00, 2.26
0.00,7.64,0.00, 39.61
0.00,7.64,0.00, 39.61
0.00,7.64,0.00, 39.61
0.00,7.64,0.00, 39.61
0.00,7.64,0.00, 39.61
0.00,7.64,0.00, 39.61
0.00,7.64,0.00, 39.61
0.00,7.64,0.00, 39.61
0.00,7.64,0.00, 39.61
0.00,7.64,0.00, 39.61
0.00,7.64,0.00, 39.61
0.00,7.64,0.00, 39.61
0.00,7.64,0.00, 39.61
0.00,7.64,0.00, 39.61
0.00,7.64,0.00, 39.61
0.00,7.64,0.00, 39.61
0.00,7.64,0.00, 39.61
0.00,7.64,0.00, 39.61
0.00,7.64,0.00, 39.61
0.00,7.64,0.00, 39.61
0.00,7.64,0.00, 39.61
0.00,7.64,0.00, 39.61
0.00,7.64,0.00, 39.61
0.00,7.64,0.00, 39.61
0.00,7.64,0.00, 39.61
0.00,7.64,0.00, 39.61
0.00,7.77,0.00, 6.62
0.00,8.80,0.00, 51.09
0.02,8.91,0.99, 5.67
0.02,7.83,0.01, 0.00
0.00,7.64,0.00, 0.00
0.00,7.49,0.00, 0.00
0.02,7.39,0.99, 0.00
0.02,7.30,0.01, 0.00
0.02,7.16,0.00, 0.00
0.02,7.01,0.00, 0.00
0.02,7.01,0.00, 0.00
0.02,6.86,0.00, 0.00
0.00,6.72,0.00, 0.00
0.02,6.57,0.99, 0.00
0.02,6.40,0.01, 0.00
0.00,6.21,0.00, 0.00
0.00,5.99,0.00, 0.00
0.00,5.74,0.00, 0.00
0.00,5.49,0.00, 0.00
0.00,5.25,0.00, 0.00
0.02,5.01,0.99, 0.00
0.02,4.81,0.01, 0.00
0.00,4.64,0.00, 0.00
0.02,4.45,0.99, 0.00
0.02,4.16,0.01, 0.00
0.00,3.90,0.00, 0.00
0.00,3.58,0.00, 0.00
0.00,3.19,0.00, 0.00
0.00,2.62,0.00, 0.00
0.00,2.13,0.00, 0.00
0.02,1.94,0.99, 0.00
0.00,1.70,0.00, 0.00
0.00,1.38,0.00, 0.00
0.00,1.04,0.00, 0.00
0.00,0.75,0.00, 0.00
0.00,0.56,0.00, 0.00
0.00,0.42,0.00, 0.00
0.00,0.25,0.00, 0.00
0.00,0.11,0.00, 0.00
0.00,0.11,0.00, 0.00
0.00,0.11,0.00, 0.00
0.00,0.11,0.00, 0.00
0.00,0.11,0.00, 0.00
0.00,0.11,0.00, 0.00
0.00,0.06,0.00, 0.00
0.00,0.06,0.00, 0.00
0.00,0.05,0.00, 0.00
0.00,0.05,0.00, 0.00
0.00,0.05,0.00, 0.00
0.00,0.05,0.00, 0.50
0.00,0.05,0.00, 0.00
0.00,0.05,0.00, 0.00
0.00,0.05,0.00, 0.50
0.00,0.06,0.00, 0.25
0.00,0.06,0.00, 0.00
0.00,0.06,0.00, 0.00
0.00,0.06,0.00, 0.00
0.00,0.06,0.00, 0.00
0.00,0.06,0.00, 0.00
0.00,0.06,0.00, 0.00
0.00,0.06,0.00, 0.00
0.00,0.06,0.00, 0.00
0.00,0.06,0.00, 0.00
0.00,0.06,0.00, 0.00
0.00,0.06,0.00, 0.00
0.00,0.06,0.00, 0.00
0.00,0.05,0.00, 0.00
0.00,0.05,0.00, 0.00
0.00,0.05,0.00, 0.00
0.00,0.05,0.00, 0.00
0.00,0.05,0.00, 0.00
0.00,0.05,0.00, 0.00
0.00,0.05,0.00, 0.00
0.00,0.05,0.00, 0.00
0.00,0.05,0.00, 0.00
0.00,0.05,0.00, 0.00
0.00,0.05,0.00, 0.00
0.00,0.05,0.00, 0.00
0.00,0.05,0.00, 0.50
0.00,0.06,0.00, 0.25
0.00,0.05,0.00, 0.00
0.00,0.05,0.00, 0.00
0.00,0.05,0.00, 0.00
0.00,0.05,0.00, 0.00
0.00,0.05,0.00, 0.50
0.00,0.05,0.00, 0.00
0.00,0.04,0.00, 0.00
0.00,0.05,0.00, 0.50
0.00,0.05,0.00, 0.50
0.00,0.05,0.00, 0.00
0.00,0.05,0.00, 0.00
0.00,0.05,0.00, 0.00
0.00,0.05,0.00, 0.50
0.00,0.06,0.00, 0.25
0.00,0.06,0.00, 0.00
0.00,0.06,0.00, 0.00
0.00,0.06,0.00, 0.00
0.00,0.06,0.00, 0.00
0.00,0.06,0.00, 0.00
0.00,0.06,0.00, 0.00
0.00,0.05,0.00, 0.00
0.00,0.05,0.00, 0.00
0.00,0.05,0.00, 0.00
0.00,0.05,0.00, 0.00
0.00,0.05,0.00, 0.50
0.00,0.05,0.00, 0.00
0.00,0.05,0.00, 0.00
0.00,0.05,0.00, 0.50
0.00,0.04,0.00, 0.00
0.00,0.05,0.00, 0.50
0.00,0.05,0.00, 0.00
0.00,0.04,0.00, 0.00
0.00,0.05,0.00, 0.50
0.00,0.05,0.00, 0.00
0.00,0.05,0.00, 0.00
0.00,0.05,0.00, 0.00
0.00,0.05,0.00, 0.00
0.00,0.05,0.00, 0.00
0.00,0.05,0.00, 0.50
0.00,0.06,0.00, 0.25
0.00,0.08,0.00, 1.00
0.00,0.24,0.00, 8.22
0.00,0.28,0.00, 2.02
0.00,0.40,0.00, 5.74
0.00,0.55,0.00, 7.24
0.00,1.20,0.00, 32.91
0.00,1.66,0.00, 22.79
0.00,2.02,0.00, 18.02
0.00,2.40,0.00, 19.25
0.00,2.87,0.00, 23.24
0.00,3.33,0.00, 22.75
0.00,3.70,0.00, 18.76
0.00,4.07,0.00, 18.50
0.00,4.41,0.00, 17.01
0.00,4.76,0.00, 17.75
0.00,5.04,0.00, 13.76
0.00,5.27,0.00, 11.76
0.00,5.45,0.00, 8.51
0.00,5.59,0.00, 7.01
0.00,5.68,0.00, 4.51
0.00,5.69,0.00, 0.51
0.00,5.68,0.00, 0.00
0.00,5.68,0.00, 0.00
0.00,5.68,0.00, 0.00
0.00,5.68,0.00, 0.00
0.00,5.68,0.00, 0.00
0.00,5.68,0.00, 0.00
0.00,5.68,0.00, 0.00
0.00,5.68,0.00, 0.00
0.00,5.68,0.00, 0.00
0.00,5.65,0.00, 0.00
0.00,5.59,0.00, 0.00
0.00,5.52,0.00, 0.00
0.00,4.87,0.00, 0.00
0.00,4.87,0.00, 0.00
0.00,4.81,0.00, 0.00
0.00,4.81,0.00, 0.00
0.00,4.81,0.00, 0.00
0.00,4.81,0.00, 0.00
0.00,4.81,0.00, 0.00
0.00,4.81,0.00, 0.00
0.00,4.81,0.00, 0.00
0.00,4.81,0.00, 0.00
0.00,4.76,0.00, 0.00
0.00,4.76,0.00, 0.00
0.00,4.76,0.00, 0.00
0.00,4.67,0.00, 0.00
0.00,4.67,0.00, 0.00
0.00,4.67,0.00, 0.00
0.00,4.67,0.00, 0.00
0.00,4.67,0.00, 0.00
0.00,4.67,0.00, 0.00
0.00,4.67,0.00, 0.00
0.00,4.67,0.00, 0.00
0.00,4.67,0.00, 0.00
0.00,4.67,0.00, 0.00
0.00,4.67,0.00, 0.00
0.00,4.67,0.00, 0.00
0.00,4.67,0.00, 0.00
0.00,4.67,0.00, 0.00
0.00,4.67,0.00, 0.00
0.00,4.67,0.00, 0.00
0.00,4.67,0.00, 0.00
0.00,4.67,0.00, 0.00
0.00,4.67,0.00, 0.00
0.00,4.67,0.00, 0.00
0.00,4.65,0.00, 0.00
0.00,4.77,0.00, 5.98
0.00,4.86,0.00, 4.01
0.00,4.86,0.00, 4.01
0.00,4.86,0.00, 4.01
0.00,4.86,0.00, 4.01
0.00,4.86,0.00, 4.01
0.00,4.86,0.00, 4.01
0.00,4.86,0.00, 4.01
0.00,6.09,0.00, 61.29
0.00,6.09,0.00, 61.29
0.00,6.09,0.00, 61.29
0.00,6.09,0.00, 61.29
0.00,6.09,0.00, 61.29
0.00,6.09,0.00, 61.29
0.00,6.09,0.00, 61.29
0.00,6.09,0.00, 61.29
0.00,6.09,0.00, 61.29
0.00,6.09,0.00, 61.29
0.00,6.09,0.00, 61.29
0.00,6.09,0.00, 61.29
0.00,6.09,0.00, 61.29
0.00,6.09,0.00, 61.29
0.00,6.09,0.00, 61.29
0.00,6.09,0.00, 61.29
0.00,6.18,0.00, 4.71
0.00,6.26,0.00, 4.25
0.00,6.89,0.00, 31.15
0.00,7.26,0.00, 18.80
0.02,7.24,0.99, 0.00
0.00,7.22,0.00, 0.00
0.02,7.19,0.99, 0.00
0.00,7.16,0.00, 0.00
0.00,7.11,0.00, 0.00
0.00,7.10,0.00, 0.00
0.00,7.08,0.00, 0.00
0.00,7.08,0.00, 0.00
0.00,7.03,0.00, 0.00
0.00,7.01,0.00, 0.00
0.02,6.97,0.99, 0.00
0.02,6.97,0.99, 0.00
0.02,6.97,0.99, 0.00
0.02,6.97,0.99, 0.00
0.02,6.97,0.99, 0.00
0.02,6.97,0.99, 0.00
0.02,6.97,0.99, 0.00
0.02,6.97,0.99, 0.00
0.02,6.97,0.99, 0.00
0.02,6.97,0.99, 0.00
0.02,6.97,0.99, 0.00
0.02,6.97,0.99, 0.00
0.02,6.97,0.99, 0.00
0.02,6.97,0.99, 0.00
0.02,6.97,0.99, 0.00
0.02,6.97,0.99, 0.00
0.02,6.97,0.99, 0.00
0.02,6.97,0.99, 0.00
0.02,6.97,0.99, 0.00
0.02,6.97,0.99, 0.00
0.02,6.93,0.01, 0.00
0.00,6.86,0.00, 0.00
0.02,6.80,0.99, 0.00
0.00,4.85,0.00, 0.00
0.00,4.59,0.00, 0.00
0.02,4.29,0.99, 0.00
0.00,3.97,0.00, 0.00
0.00,3.66,0.00, 0.00
0.00,3.27,0.00, 0.00
0.00,2.99,0.00, 0.00
0.00,2.38,0.00, 0.00
0.00,2.38,0.00, 0.00
0.11,2.16,5.42, 0.00
0.00,1.85,0.00, 0.00
0.00,1.57,0.00, 0.00
0.00,1.11,0.00, 0.00
0.00,0.88,0.00, 0.00
0.00,0.63,0.00, 0.00
0.00,0.63,0.00, 0.00
0.00,0.63,0.00, 0.00
0.00,0.63,0.00, 0.00
0.00,0.63,0.00, 0.00
0.00,0.63,0.00, 0.00
0.00,0.41,0.00, 0.00
0.00,0.22,0.00, 0.00
0.00,0.08,0.00, 0.00
0.00,0.06,0.00, 0.00
0.00,0.05,0.00, 0.00
0.00,0.05,0.00, 0.00
0.00,0.05,0.00, 0.50
0.00,0.05,0.00, 0.00
0.00,0.04,0.00, 0.00
0.00,0.05,0.00, 0.50
0.00,0.04,0.00, 0.00
0.00,0.05,0.00, 0.50
0.00,0.05,0.00, 0.50
0.00,0.06,0.00, 0.25
0.00,0.05,0.00, 0.00
0.00,0.05,0.00, 0.00
0.00,0.05,0.00, 0.50
0.00,0.05,0.00, 0.50
0.00,0.05,0.00, 0.00
0.00,0.05,0.00, 0.00
0.00,0.04,0.00, 0.00
0.00,0.04,0.00, 0.00
0.00,0.05,0.00, 0.50
0.00,0.05,0.00, 0.50
0.00,0.05,0.00, 0.00
0.00,0.05,0.00, 0.00
0.00,0.05,0.00, 0.00
0.00,0.06,0.00, 0.25
0.00,0.06,0.00, 0.00
0.00,0.05,0.00, 0.00
0.00,0.05,0.00, 0.50
0.00,0.06,0.00, 0.25
0.00,0.05,0.00, 0.00
0.00,0.05,0.00, 0.00
0.00,0.05,0.00, 0.50
0.00,0.05,0.00, 0.00
0.00,0.05,0.00, 0.00
0.00,0.04,0.00, 0.00
0.00,0.05,0.00, 1.00
0.00,0.05,0.00, 0.00
0.00,0.05,0.00, 0.50
0.00,0.05,0.00, 0.50
0.00,0.05,0.00, 0.50
0.00,0.06,0.00, 0.25
0.00,0.05,0.00, 0.00
0.00,0.05,0.00, 0.50
0.00,0.05,0.00, 0.00
0.00,0.05,0.00, 0.00
0.00,0.05,0.00, 0.00
0.00,0.05,0.00, 0.00
0.00,0.05,0.00, 0.00
0.00,0.05,0.00, 0.00
0.00,0.05,0.00, 0.00
0.00,0.05,0.00, 0.00
0.00,0.05,0.00, 0.00
0.00,0.05,0.00, 0.50
0.00,0.05,0.00, 0.00
0.00,0.05,0.00, 0.00
0.00,0.05,0.00, 0.50
0.00,0.05,0.00, 0.00
0.00,0.04,0.00, 0.00
0.00,0.05,0.00, 0.50
0.00,0.05,0.00, 0.50
0.00,0.05,0.00, 0.50
0.00,0.05,0.00, 0.00
0.00,0.05,0.00, 0.00
0.00,0.05,0.00, 0.50
0.00,0.05,0.00, 0.50
0.00,0.05,0.00, 0.50
0.00,0.05,0.00, 0.00
0.00,0.05,0.00, 0.50
0.00,0.05,0.00, 0.00
0.00,0.05,0.00, 0.00
0.00,0.05,0.00, 0.00
0.00,0.05,0.00, 0.50
0.00,0.06,0.00, 0.25
0.00,0.05,0.00, 0.00
0.00,0.05,0.00, 0.00
0.00,0.33,0.00, 14.20
0.00,0.31,0.00, 0.00
0.00,1.11,0.00, 39.60
0.00,1.11,0.00, 39.60
0.00,1.11,0.00, 39.60
0.00,1.11,0.00, 39.60
0.00,1.34,0.00, 11.60
0.00,1.66,0.00, 16.23
0.00,3.15,0.00, 74.04
0.00,3.50,0.00, 17.71
0.00,3.84,0.00, 16.75
0.00,4.14,0.00, 15.01
0.00,4.36,0.00, 11.51
0.00,4.57,0.00, 10.25
0.00,4.76,0.00, 9.25
0.00,4.76,0.00, 9.25
0.00,4.91,0.00, 7.76
0.00,4.91,0.00, 7.76
0.00,5.05,0.00, 7.00
0.00,5.14,0.00, 4.51
0.00,5.19,0.00, 2.51
0.00,5.25,0.00, 3.00
0.00,5.27,0.00, 1.26
0.00,5.31,0.00, 1.75
0.00,5.31,0.00, 1.75
0.00,5.39,0.00, 3.99
0.00,5.45,0.00, 2.75
0.00,5.43,0.00, 0.00
0.00,5.43,0.00, 0.00
0.00,5.40,0.00, 0.00
0.00,5.38,0.00, 0.00
0.00,5.38,0.00, 0.00
0.00,5.34,0.00, 0.00
0.00,5.34,0.00, 0.00
0.00,5.28,0.00, 0.00
0.00,5.26,0.00, 0.00
0.00,5.20,0.00, 0.00
0.00,5.19,0.00, 0.00
0.00,5.15,0.00, 0.00
0.00,5.12,0.00, 0.00
0.00,5.12,0.00, 0.00
0.00,5.12,0.00, 0.00
0.00,5.12,0.00, 0.00
0.00,5.12,0.00, 0.00
0.00,5.12,0.00, 0.00
0.00,5.12,0.00, 0.00
0.00,5.12,0.00, 0.00
0.00,5.12,0.00, 0.00
0.00,5.12,0.00, 0.00
0.00,5.12,0.00, 0.00
0.00,5.12,0.00, 0.00
0.00,5.12,0.00, 0.00
0.00,5.09,0.00, 0.00
0.00,5.07,0.00, 0.00
0.00,5.07,0.00, 0.00
0.00,5.07,0.00, 0.00
0.00,5.07,0.00, 0.00
0.00,5.07,0.00, 0.00
0.00,5.07,0.00, 0.00
0.00,5.09,0.00, 1.00
0.00,5.09,0.00, 1.00
0.00,5.25,0.00, 7.97
0.02,5.26,0.99, 0.28
0.00,5.37,0.00, 5.73
0.00,5.41,0.00, 2.26
0.00,5.41,0.00, 2.26
0.00,5.41,0.00, 2.26
0.00,5.41,0.00, 2.26
0.00,5.41,0.00, 2.26
0.00,5.41,0.00, 2.26
0.00,5.41,0.00, 2.26
0.00,5.42,0.00, 0.26
0.00,5.42,0.00, 0.26
0.00,5.42,0.00, 0.26
0.00,5.42,0.00, 0.26
0.00,5.42,0.00, 0.26
0.00,5.42,0.00, 0.26
0.00,5.42,0.00, 0.26
0.00,5.42,0.00, 0.26
0.00,5.42,0.00, 0.26
0.00,5.42,0.00, 0.26
0.00,5.42,0.00, 0.26
0.00,5.42,0.00, 0.26
0.00,5.42,0.00, 0.26
0.00,5.42,0.00, 0.26
0.00,5.42,0.00, 0.26
0.00,5.42,0.00, 0.26
0.00,5.42,0.00, 0.26
0.00,5.42,0.00, 0.26
0.00,5.42,0.00, 0.26
0.00,5.42,0.00, 0.26
0.00,5.42,0.00, 0.26
0.00,5.42,0.00, 0.26
0.00,5.42,0.00, 0.26
0.00,5.42,0.00, 0.26
0.00,5.42,0.00, 0.26
0.00,5.42,0.00, 0.26
0.00,5.42,0.00, 0.26
0.00,5.47,0.00, 2.74
0.00,5.53,0.00, 2.50
0.00,5.53,0.00, 2.50
0.00,5.67,0.00, 7.23
0.00,5.03,0.00, 0.00
0.00,5.03,0.00, 0.00
0.00,5.03,0.00, 0.00
0.00,5.03,0.00, 0.00
0.00,5.03,0.00, 0.00
0.00,4.91,0.00, 0.00
0.00,4.83,0.00, 0.00
0.02,4.70,0.99, 0.00
0.00,4.34,0.00, 0.00
0.00,4.25,0.00, 0.00
0.00,4.13,0.00, 0.00
0.00,3.97,0.00, 0.00
0.00,3.79,0.00, 0.00
0.00,3.79,0.00, 0.00
0.00,3.79,0.00, 0.00
0.00,3.79,0.00, 0.00
0.00,3.79,0.00, 0.00
0.00,3.79,0.00, 0.00
0.02,3.59,0.99, 0.00
0.00,3.38,0.00, 0.00
0.00,3.16,0.00, 0.00
0.00,2.40,0.00, 0.00
0.00,2.24,0.00, 0.00
0.00,2.07,0.00, 0.00
0.00,2.07,0.00, 0.00
0.00,1.78,0.00, 0.00
0.00,1.78,0.00, 0.00
0.00,1.78,0.00, 0.00
0.00,1.78,0.00, 0.00
0.00,1.78,0.00, 0.00
0.00,1.65,0.00, 0.00
0.00,1.65,0.00, 0.00
0.00,1.57,0.00, 0.00
0.00,1.43,0.00, 0.00
0.00,0.34,0.00, 0.00
0.00,0.34,0.00, 0.00
0.00,0.22,0.00, 0.00
0.00,0.12,0.00, 0.00
0.00,0.06,0.00, 0.00
0.00,0.05,0.00, 0.00
0.00,0.05,0.00, 0.50
0.00,0.05,0.00, 0.50
0.00,0.05,0.00, 0.50
0.00,0.06,0.00, 0.25
0.00,0.06,0.00, 0.00
0.00,0.05,0.00, 0.00
0.00,0.05,0.00, 0.00
0.00,0.05,0.00, 0.00
0.00,0.05,0.00, 0.00
0.00,0.05,0.00, 0.00
0.00,0.05,0.00, 0.00
0.00,0.05,0.00, 0.00
0.00,0.05,0.00, 0.00
0.00,0.05,0.00, 0.00
0.00,0.05,0.00, 0.00
0.00,0.05,0.00, 0.50
0.00,0.06,0.00, 0.25
0.00,0.05,0.00, 0.00
0.00,0.05,0.00, 0.00
0.00,0.04,0.00, 0.00
0.00,0.04,0.00, 0.00
0.00,0.05,0.00, 0.50
0.00,0.05,0.00, 0.50
0.00,0.05,0.00, 0.50
0.00,0.06,0.00, 0.25
0.00,0.06,0.00, 0.00
0.00,0.06,0.00, 0.00
0.00,0.06,0.00, 0.00
0.00,0.06,0.00, 0.00
0.00,0.05,0.00, 0.00
0.00,0.05,0.00, 0.00
0.00,0.05,0.00, 0.00
0.00,0.05,0.00, 0.00
0.00,0.05,0.00, 0.00
0.00,0.05,0.00, 0.00
0.00,0.05,0.00, 0.00
0.00,0.05,0.00, 0.00
0.00,0.05,0.00, 0.00
0.00,0.05,0.00, 0.50
0.00,0.05,0.00, 0.00
0.00,0.05,0.00, 0.00
0.00,0.05,0.00, 0.50
0.00,0.05,0.00, 0.00
0.00,0.05,0.00, 0.00
0.00,0.05,0.00, 0.00
0.00,0.05,0.00, 0.00
0.00,0.05,0.00, 0.00
0.00,0.05,0.00, 0.00
0.00,0.05,0.00, 0.50
0.00,0.06,0.00, 0.25
0.00,0.06,0.00, 0.00
0.00,0.06,0.00, 0.00
0.00,0.06,0.00, 0.00
0.00,0.06,0.00, 0.00
0.00,0.06,0.00, 0.00
0.00,0.05,0.00, 0.00
0.00,0.04,0.00, 0.00
0.00,0.05,0.00, 0.50
0.00,0.05,0.00, 0.00
0.00,0.05,0.00, 0.00
0.00,0.35,0.00, 15.19
0.00,0.35,0.00, 15.19
0.00,0.35,0.00, 15.19
0.00,0.75,0.00, 20.23
0.00,1.09,0.00, 16.51
0.00,1.45,0.00, 18.24
0.00,1.76,0.00, 15.76
0.00,2.10,0.00, 16.50
0.00,2.10,0.00, 16.50
0.00,2.10,0.00, 16.50
0.00,2.10,0.00, 16.50
0.00,2.10,0.00, 16.50
0.00,2.10,0.00, 16.50
0.00,2.10,0.00, 16.50
0.00,2.47,0.00, 18.99
0.00,2.86,0.00, 19.00
0.00,3.20,0.00, 17.26
0.00,4.45,0.00, 62.58
0.00,4.57,0.00, 6.21
0.00,4.66,0.00, 4.51
0.00,4.72,0.00, 2.51
0.00,4.74,0.00, 1.25
0.00,4.72,0.00, 0.00
0.00,4.73,0.00, 0.50
0.00,4.72,0.00, 0.00
0.00,4.69,0.00, 0.00
0.00,4.68,0.00, 0.00
0.00,4.68,0.00, 0.00
0.00,4.68,0.00, 0.00
0.00,4.68,0.00, 0.00
0.00,4.65,0.00, 0.00
0.00,4.65,0.00, 0.00
0.00,4.65,0.00, 0.00
0.00,4.65,0.00, 0.00
0.00,4.65,0.00, 0.00
0.00,4.62,0.00, 0.00
0.00,4.59,0.00, 0.00
0.00,4.59,0.00, 0.00
0.00,4.59,0.00, 0.00
0.00,4.59,0.00, 0.00
0.00,4.59,0.00, 0.00
0.00,4.59,0.00, 0.00
0.00,4.59,0.00, 0.00
0.00,4.59,0.00, 0.00
0.00,4.59,0.00, 0.00
0.00,4.59,0.00, 0.00
0.00,4.59,0.00, 0.00
0.00,4.59,0.00, 0.00
0.00,4.59,0.00, 0.00
0.00,4.59,0.00, 0.00
0.00,4.59,0.00, 0.00
0.00,4.53,0.00, 0.00
0.00,4.53,0.00, 0.00
0.00,4.53,0.00, 0.00
0.00,4.53,0.00, 0.00
0.00,4.39,0.00, 0.00
0.00,4.39,0.00, 0.00
0.00,4.39,0.00, 0.00
0.00,4.39,0.00, 0.00
0.00,4.39,0.00, 0.00
0.00,4.39,0.00, 0.00
0.00,4.39,0.00, 0.00
0.00,4.39,0.00, 0.00
0.00,4.39,0.00, 0.00
0.00,4.39,0.00, 0.00
0.00,4.39,0.00, 0.00
0.00,4.39,0.00, 0.00
0.00,4.39,0.00, 0.00
0.00,4.39,0.00, 0.00
0.00,4.36,0.00, 0.00
0.00,4.56,0.00, 9.71
0.00,4.56,0.00, 9.71
0.00,4.56,0.00, 9.71
0.00,4.56,0.00, 9.71
0.00,4.56,0.00, 9.71
0.00,4.56,0.00, 9.71
0.00,4.56,0.00, 9.71
0.00,4.56,0.00, 9.71
0.00,4.56,0.00, 9.71
0.00,4.61,0.00, 2.53
0.00,4.61,0.00, 2.53
0.00,4.61,0.00, 2.53
0.00,4.61,0.00, 2.53
0.00,4.61,0.00, 2.53
0.00,4.61,0.00, 2.53
0.00,4.61,0.00, 2.53
0.00,4.61,0.00, 2.53
0.00,4.61,0.00, 2.53
0.00,4.61,0.00, 2.53
0.00,4.61,0.00, 2.53
0.00,4.61,0.00, 2.53
0.00,4.61,0.00, 2.53
0.00,4.61,0.00, 2.53
0.00,4.61,0.00, 2.53
0.00,4.61,0.00, 2.53
0.00,4.61,0.00, 2.53
0.00,4.61,0.00, 2.53
0.00,4.61,0.00, 2.53
0.00,4.61,0.00, 2.53
0.00,5.02,0.00, 20.68
0.00,5.02,0.00, 20.68
0.00,5.02,0.00, 20.68
0.00,5.02,0.00, 20.68
0.00,5.02,0.00, 20.68
0.00,5.02,0.00, 20.68
0.00,5.02,0.00, 20.68
0.00,5.02,0.00, 20.68
0.00,5.02,0.00, 20.68
0.00,5.02,0.00, 20.68
0.00,5.02,0.00, 20.68
0.00,5.02,0.00, 20.68
0.00,5.02,0.00, 20.68
0.00,5.02,0.00, 20.68
0.00,5.02,0.00, 20.68
0.00,5.02,0.00, 20.68
0.00,5.02,0.00, 20.68
0.00,5.02,0.00, 20.68
0.00,5.02,0.00, 20.68
0.00,5.02,0.00, 20.68
0.00,5.02,0.00, 20.68
0.00,5.02,0.00, 20.68
0.00,5.02,0.00, 20.68
0.02,5.05,0.99, 1.32
0.02,5.17,0.01, 5.98
0.02,5.17,0.01, 5.98
0.00,4.91,0.00, 0.00
0.00,2.62,0.00, 0.00
0.00,2.39,0.00, 0.00
0.00,2.14,0.00, 0.00
0.00,1.88,0.00, 0.00
0.00,1.59,0.00, 0.00
0.00,1.33,0.00, 0.00
0.00,1.47,0.00, 7.47
0.25,0.89,12.32, 0.00
0.13,0.74,0.00, 0.00
0.13,0.74,0.00, 0.00
0.13,0.74,0.00, 0.00
0.13,0.74,0.00, 0.00
0.13,0.74,0.00, 0.00
0.13,0.74,0.00, 0.00
0.13,0.74,0.00, 0.00
0.13,0.74,0.00, 0.00
0.13,0.74,0.00, 0.00
0.13,0.74,0.00, 0.00
0.13,0.74,0.00, 0.00
0.13,0.74,0.00, 0.00
0.13,0.74,0.00, 0.00
0.13,0.74,0.00, 0.00
0.00,0.55,0.00, 0.00
0.00,0.52,0.00, 0.00
0.00,0.33,0.00, 0.00
0.00,0.05,0.00, 0.00
0.00,0.05,0.00, 0.00
0.00,0.05,0.00, 0.00
0.00,0.05,0.00, 0.00
0.00,0.05,0.00, 0.00
0.00,0.05,0.00, 0.00
0.00,0.05,0.00, 0.00
0.00,0.05,0.00, 0.00
0.00,0.05,0.00, 0.00
0.00,0.05,0.00, 0.00
0.00,0.05,0.00, 0.00
0.00,0.05,0.00, 0.00
0.00,0.05,0.00, 0.00
0.00,0.05,0.00, 0.00
0.00,0.06,0.00, 0.75
0.00,0.06,0.00, 0.00
0.00,0.05,0.00, 0.00
0.00,0.05,0.00, 0.00
0.00,0.05,0.00, 0.00
0.00,0.05,0.00, 0.00
0.00,0.05,0.00, 0.00
0.00,0.05,0.00, 0.00
0.00,0.05,0.00, 0.00
0.00,0.05,0.00, 0.00
0.00,0.05,0.00, 0.50
0.00,0.05,0.00, 0.00
0.00,0.05,0.00, 0.00
0.00,0.05,0.00, 0.00
0.00,0.05,0.00, 0.00
0.00,0.05,0.00, 0.00
0.00,0.05,0.00, 0.00
0.00,0.05,0.00, 0.50
0.00,0.04,0.00, 0.00
0.00,0.05,0.00, 1.00
0.00,0.06,0.00, 0.25
0.00,0.06,0.00, 0.25
0.00,0.06,0.00, 0.00
0.00,0.06,0.00, 0.00
0.00,0.05,0.00, 0.00
0.00,0.05,0.00, 0.00
0.00,0.05,0.00, 0.00
0.00,0.04,0.00, 0.00
0.00,0.05,0.00, 0.50
0.00,0.05,0.00, 0.00
0.00,0.05,0.00, 0.00
0.00,0.05,0.00, 0.00
0.00,0.05,0.00, 0.00
0.00,0.05,0.00, 0.00
0.00,0.05,0.00, 0.00
0.00,0.05,0.00, 0.00
0.00,0.05,0.00, 0.00
0.00,0.05,0.00, 0.00
0.00,0.05,0.00, 0.50
0.00,0.05,0.00, 0.00
0.00,0.05,0.00, 0.00
0.00,0.05,0.00, 0.50
0.00,0.05,0.00, 0.00
0.00,0.05,0.00, 0.00
0.00,0.05,0.00, 0.50
0.00,0.05,0.00, 0.00
0.00,0.05,0.00, 0.00
0.00,0.05,0.00, 0.00
0.00,0.05,0.00, 0.50
0.00,0.05,0.00, 0.00
0.00,0.05,0.00, 0.00
0.00,0.05,0.00, 0.00
0.00,0.05,0.00, 0.00
0.00,0.05,0.00, 0.50
0.00,0.05,0.00, 0.00
0.00,0.05,0.00, 0.00
0.00,0.05,0.00, 0.00
0.00,0.05,0.00, 0.00
0.00,0.05,0.00, 0.00
0.00,0.10,0.00, 2.74
0.00,0.18,0.00, 3.75
0.00,0.60,0.00, 20.94
0.00,1.82,0.00, 61.10
0.00,2.18,0.00, 17.91
0.00,2.18,0.00, 17.91
0.00,2.18,0.00, 17.91
0.00,2.18,0.00, 17.91
0.00,2.18,0.00, 17.91
0.00,2.51,0.00, 17.00
0.00,2.51,0.00, 17.00
0.00,2.82,0.00, 15.51
0.00,3.12,0.00, 15.00
0.00,4.14,0.00, 50.87
0.00,4.26,0.00, 5.67
0.00,4.39,0.00, 6.50
0.00,4.43,0.00, 2.27
0.00,4.44,0.00, 0.51
0.00,4.44,0.00, 0.51
0.00,4.44,0.00, 0.51
0.00,4.44,0.00, 0.51
0.00,4.44,0.00, 0.51
0.00,4.44,0.00, 0.51
0.00,4.44,0.00, 0.51
0.00,4.44,0.00, 0.51
0.00,4.44,0.00, 0.51
0.00,4.44,0.00, 0.51
0.00,4.44,0.00, 0.51
0.00,4.44,0.00, 0.51
0.00,4.44,0.00, 0.51
0.00,4.44,0.00, 0.51
0.00,4.44,0.00, 0.51
0.00,4.44,0.00, 0.51
0.00,4.44,0.00, 0.51
0.00,4.44,0.00, 0.51
0.00,4.44,0.00, 0.51
0.00,4.44,0.00, 0.51
0.00,4.44,0.00, 0.51
0.00,4.44,0.00, 0.51
0.00,4.44,0.00, 0.51
0.00,4.44,0.00, 0.51
0.00,4.44,0.00, 0.51
0.00,4.44,0.00, 0.51
0.00,4.44,0.00, 0.51
0.00,4.44,0.00, 0.51
0.00,4.44,0.00, 0.51
0.00,4.44,0.00, 0.51
0.00,4.44,0.00, 0.51
0.00,4.44,0.00, 0.51
0.00,4.44,0.00, 0.51
0.00,4.44,0.00, 0.51
0.00,4.44,0.00, 0.51
0.00,4.44,0.00, 0.51
0.00,4.44,0.00, 0.51
0.00,4.44,0.00, 0.51
0.00,4.44,0.00, 0.51
0.00,4.44,0.00, 0.51
0.00,4.44,0.00, 0.51
0.00,4.44,0.00, 0.51
0.00,4.44,0.00, 0.51
0.00,4.44,0.00, 0.51
0.00,4.44,0.00, 0.51
0.00,4.44,0.00, 0.51
0.00,4.44,0.00, 0.51
0.00,4.44,0.00, 0.51
0.00,4.44,0.00, 0.51
0.00,4.44,0.00, 0.51
0.00,4.44,0.00, 0.51
0.00,4.44,0.00, 0.51
0.00,4.44,0.00, 0.51
0.00,4.44,0.00, 0.51
0.00,4.44,0.00, 0.51
0.00,4.44,0.00, 0.51
0.00,4.44,0.00, 0.51
0.00,4.44,0.00, 0.51
0.00,4.44,0.00, 0.51
0.00,4.44,0.00, 0.51
0.00,4.44,0.00, 0.51
0.00,4.44,0.00, 0.51
0.00,4.44,0.00, 0.51
0.00,4.44,0.00, 0.51
0.00,4.44,0.00, 0.51
0.00,4.44,0.00, 0.51
0.00,4.44,0.00, 0.51
0.00,4.44,0.00, 0.51
0.00,4.44,0.00, 0.51
0.00,4.44,0.00, 0.51
0.00,4.44,0.00, 0.51
0.00,4.44,0.00, 0.51
0.00,4.44,0.00, 0.51
0.00,4.44,0.00, 0.51
0.00,4.44,0.00, 0.51
0.00,4.44,0.00, 0.51
0.00,4.44,0.00, 0.51
0.00,4.44,0.00, 0.51
0.00,4.44,0.00, 0.51
0.00,4.44,0.00, 0.51
0.00,4.44,0.00, 0.51
0.00,4.44,0.00, 0.51
0.00,4.44,0.00, 0.51
0.00,4.44,0.00, 0.51
0.00,4.44,0.00, 0.51
0.00,4.44,0.00, 0.51
0.00,4.44,0.00, 0.51
0.00,4.44,0.00, 0.51
0.00,4.44,0.00, 0.51
0.00,4.44,0.00, 0.51
0.00,4.44,0.00, 0.51
0.00,4.44,0.00, 0.51
0.00,4.44,0.00, 0.51
0.00,4.44,0.00, 0.51
0.00,4.44,0.00, 0.51
0.00,4.47,0.00, 1.25
0.00,4.44,0.00, 0.00
0.00,3.93,0.00, 0.00
0.00,1.97,0.00, 0.00
0.00,1.87,0.00, 0.00
0.00,1.73,0.00, 0.00
0.00,1.59,0.00, 0.00
0.00,1.44,0.00, 0.00
0.00,1.01,0.00, 0.00
0.22,0.98,10.84, 0.00
0.22,0.98,10.84, 0.00
0.22,0.98,10.84, 0.00
0.09,0.86,0.00, 0.00
0.00,0.76,0.00, 0.00
0.00,0.68,0.00, 0.00
0.00,0.40,0.00, 0.00
0.00,0.29,0.00, 0.00
0.00,0.21,0.00, 0.00
0.00,0.11,0.00, 0.00
0.00,0.05,0.00, 0.00
0.00,0.05,0.00, 0.00
0.00,0.05,0.00, 0.50
0.00,0.06,0.00, 0.25
0.00,0.06,0.00, 0.00
0.00,0.06,0.00, 0.00
0.00,0.06,0.00, 0.00
0.00,0.06,0.00, 0.00
0.00,0.05,0.00, 0.00
0.00,0.04,0.00, 0.00
0.00,0.05,0.00, 1.00
0.00,0.05,0.00, 1.00
0.00,0.05,0.00, 1.00
0.00,0.05,0.00, 1.00
0.00,0.05,0.00, 1.00
0.00,0.05,0.00, 0.00
0.00,0.05,0.00, 0.00
0.00,0.05,0.00, 0.00
0.00,0.05,0.00, 0.00
0.00,0.06,0.00, 0.75
0.00,0.06,0.00, 0.00
0.00,0.06,0.00, 0.00
0.00,0.06,0.00, 0.00
0.00,0.06,0.00, 0.00
0.00,0.05,0.00, 0.00
0.00,0.05,0.00, 0.00
0.00,0.05,0.00, 0.00
0.00,0.05,0.00, 0.00
0.00,0.05,0.00, 0.00
0.00,0.05,0.00, 0.00
0.00,0.05,0.00, 0.00
0.00,0.05,0.00, 0.50
0.00,0.05,0.00, 0.50
0.00,0.06,0.00, 0.25
0.00,0.05,0.00, 0.00
0.00,0.05,0.00, 0.00
0.00,0.05,0.00, 0.00
0.00,0.05,0.00, 0.00
0.00,0.05,0.00, 0.00
0.00,0.05,0.00, 0.00
0.00,0.05,0.00, 0.00
0.00,0.05,0.00, 0.00
0.00,0.05,0.00, 0.00
0.00,0.05,0.00, 0.00
0.00,0.05,0.00, 0.00
0.00,0.05,0.00, 0.00
0.00,0.05,0.00, 0.00
0.00,0.05,0.00, 0.00
0.00,0.05,0.00, 0.00
0.00,0.05,0.00, 0.00
0.00,0.05,0.00, 0.00
0.00,0.05,0.00, 0.00
0.00,0.05,0.00, 0.00
0.00,0.05,0.00, 0.00
0.00,0.05,0.00, 0.00
0.00,0.05,0.00, 0.00
0.00,0.05,0.00, 0.00
0.00,0.05,0.00, 0.50
0.00,0.05,0.00, 0.00
0.00,0.06,0.00, 1.00
0.00,0.06,0.00, 0.00
0.00,0.06,0.00, 0.00
0.00,0.05,0.00, 0.00
0.00,0.05,0.00, 0.00
0.00,0.70,0.00, 32.63
0.00,0.30,0.00, 0.00
0.00,0.89,0.00, 29.89
0.00,1.14,0.00, 12.56
0.00,1.45,0.00, 15.24
0.00,1.75,0.00, 15.00
0.00,2.12,0.00, 18.24
0.00,2.42,0.00, 15.26
0.00,2.69,0.00, 13.76
0.00,2.69,0.00, 13.76
0.00,2.69,0.00, 13.76
0.00,2.98,0.00, 14.25
0.00,3.24,0.00, 12.76
0.00,3.49,0.00, 13.00
0.00,3.70,0.00, 10.26
0.00,3.85,0.00, 7.26
0.00,3.95,0.00, 5.51
0.00,4.05,0.00, 4.50
0.00,4.07,0.00, 1.26
0.00,4.07,0.00, 1.26
0.00,4.10,0.00, 1.25
0.00,4.12,0.00, 1.25
0.00,4.10,0.00, 0.00
0.00,4.10,0.00, 0.00
0.00,4.10,0.00, 0.00
0.00,4.10,0.00, 0.00
0.00,4.10,0.00, 0.00
0.00,4.10,0.00, 0.00
0.00,4.10,0.00, 0.00
0.00,4.10,0.00, 0.00
0.00,4.10,0.00, 0.00
0.00,4.07,0.00, 0.00
0.00,3.99,0.00, 0.00
0.00,3.97,0.00, 0.00
0.00,3.97,0.00, 0.00
0.00,3.97,0.00, 0.00
0.00,3.97,0.00, 0.00
0.00,3.97,0.00, 0.00
0.00,3.91,0.00, 0.00
0.00,3.91,0.00, 0.00
0.00,3.91,0.00, 0.00
0.00,3.88,0.00, 0.00
0.00,3.88,0.00, 0.00
0.00,3.88,0.00, 0.00
0.00,3.88,0.00, 0.00
0.00,3.88,0.00, 0.00
0.00,3.88,0.00, 0.00
0.00,3.88,0.00, 0.00
0.00,3.81,0.00, 0.00
0.00,3.81,0.00, 0.00
0.00,3.51,0.00, 0.00
0.00,3.51,0.00, 0.00
0.00,3.51,0.00, 0.00
0.00,3.51,0.00, 0.00
0.00,3.51,0.00, 0.00
0.00,3.51,0.00, 0.00
0.00,3.51,0.00, 0.00
0.00,3.51,0.00, 0.00
0.00,3.51,0.00, 0.00
0.00,3.47,0.00, 0.00
0.00,3.47,0.00, 0.00
0.00,3.47,0.00, 0.00
0.00,3.47,0.00, 0.00
0.00,3.47,0.00, 0.00
0.00,3.47,0.00, 0.00
0.00,3.47,0.00, 0.00
0.00,3.47,0.00, 0.00
0.00,3.47,0.00, 0.00
0.00,3.47,0.00, 0.00
0.00,3.47,0.00, 0.00
0.00,3.47,0.00, 0.00
0.00,3.47,0.00, 0.00
0.00,3.47,0.00, 0.00
0.00,3.44,0.00, 0.00
0.00,3.41,0.00, 0.00
0.00,3.41,0.00, 0.00
0.00,3.41,0.00, 0.00
0.00,3.41,0.00, 0.00
0.00,3.41,0.00, 0.00
0.00,3.41,0.00, 0.00
0.00,3.41,0.00, 0.00
0.00,3.41,0.00, 0.00
0.00,3.41,0.00, 0.00
0.00,3.41,0.00, 0.00
0.00,3.41,0.00, 0.00
0.00,3.41,0.00, 0.00
0.00,3.41,0.00, 0.00
0.00,3.43,0.00, 1.00
0.00,3.43,0.00, 1.00
0.00,3.80,0.00, 18.19
0.00,3.82,0.00, 1.31
0.00,3.82,0.00, 1.31
0.00,3.91,0.00, 4.49
0.00,3.88,0.00, 0.00
0.02,3.86,0.99, 0.00
0.02,3.83,0.01, 0.00
0.02,3.83,0.01, 0.00
0.02,3.83,0.01, 0.00
0.02,3.83,0.01, 0.00
0.02,3.83,0.01, 0.00
0.02,3.83,0.01, 0.00
0.02,3.83,0.01, 0.00
0.02,3.83,0.01, 0.00
0.02,3.79,0.00, 0.00
0.02,3.76,0.00, 0.00
0.02,3.73,0.00, 0.00
0.02,3.73,0.00, 0.00
0.02,3.73,0.00, 0.00
0.02,3.13,0.00, 0.00
0.02,3.13,0.00, 0.00
0.02,2.99,0.00, 0.00
0.00,2.91,0.00, 0.00
0.00,2.89,0.00, 0.00
0.02,2.89,0.99, 0.00
0.02,2.85,0.01, 0.00
0.02,2.83,0.00, 0.00
0.00,2.80,0.00, 0.00
0.00,2.75,0.00, 0.00
0.02,2.66,0.99, 0.00
0.02,2.55,0.01, 0.00
0.00,2.41,0.00, 0.00
0.00,2.41,0.00, 0.00
0.00,2.41,0.00, 0.00
0.00,2.41,0.00, 0.00
0.00,2.25,0.00, 0.00
0.00,2.07,0.00, 0.00
0.00,1.87,0.00, 0.00
0.22,0.93,10.84, 0.00
0.09,0.80,0.00, 0.00
0.00,0.69,0.00, 0.00
0.00,0.65,0.00, 0.00
0.00,0.65,0.00, 0.00
0.00,0.65,0.00, 0.00
0.00,0.48,0.00, 0.00
0.00,0.31,0.00, 0.00
0.00,0.20,0.00, 0.00
0.00,0.11,0.00, 0.00
0.00,0.07,0.00, 0.00
0.00,0.07,0.00, 0.00
0.00,0.06,0.00, 0.00
0.00,0.05,0.00, 0.00
0.00,0.05,0.00, 0.00
0.00,0.05,0.00, 0.50
0.00,0.05,0.00, 0.00
0.00,0.05,0.00, 0.50
0.00,0.05,0.00, 0.00
0.00,0.05,0.00, 0.00
0.00,0.05,0.00, 0.00
0.00,0.05,0.00, 0.00
0.00,0.04,0.00, 0.00
0.00,0.05,0.00, 0.50
0.00,0.05,0.00, 0.50
0.00,0.05,0.00, 0.00
0.00,0.05,0.00, 0.00
0.00,0.05,0.00, 0.50
0.00,0.06,0.00, 0.25
0.00,0.05,0.00, 0.00
0.00,0.05,0.00, 0.00
0.00,0.05,0.00, 0.00
0.00,0.05,0.00, 0.00
0.00,0.05,0.00, 0.00
0.00,0.04,0.00, 0.00
0.00,0.05,0.00, 0.50
0.00,0.05,0.00, 0.00
0.00,0.05,0.00, 0.00
0.00,0.05,0.00, 0.00
0.00,0.05,0.00, 0.00
0.00,0.05,0.00, 0.00
0.00,0.05,0.00, 0.00
0.00,0.05,0.00, 0.00
0.00,0.05,0.00, 0.00
0.00,0.05,0.00, 0.50
0.00,0.06,0.00, 0.25
0.00,0.05,0.00, 0.00
0.00,0.05,0.00, 0.00
0.00,0.05,0.00, 0.00
0.00,0.05,0.00, 0.00
0.00,0.05,0.00, 0.00
0.00,0.05,0.00, 0.00
0.00,0.05,0.00, 0.00
0.00,0.05,0.00, 0.00
0.00,0.05,0.00, 0.00
0.00,0.05,0.00, 0.00
0.00,0.05,0.00, 0.50
0.00,0.06,0.00, 0.25
0.00,0.05,0.00, 0.00
0.00,0.05,0.00, 0.00
0.00,0.05,0.00, 0.00
0.00,0.04,0.00, 0.00
0.00,0.04,0.00, 0.00
0.00,0.04,0.00, 0.00
0.00,0.05,0.00, 0.50
0.00,0.05,0.00, 0.00
0.00,0.05,0.00, 0.00
0.00,0.05,0.00, 0.00
0.00,0.05,0.00, 0.00
0.00,0.05,0.00, 0.00
0.00,0.05,0.00, 0.00
0.00,0.05,0.00, 0.00
0.00,0.05,0.00, 0.00
0.00,0.05,0.00, 0.00
0.00,0.05,0.00, 0.00
0.00,0.05,0.00, 0.00
0.00,0.05,0.00, 0.00
0.00,0.05,0.00, 0.00
0.00,0.05,0.00, 0.00
0.00,0.05,0.00, 0.00
0.00,0.05,0.00, 0.00
0.00,0.05,0.00, 0.00
0.00,0.05,0.00, 0.00
0.00,0.05,0.00, 0.00
0.00,0.05,0.00, 0.00
0.00,0.05,0.00, 0.00
0.00,0.05,0.00, 0.00
0.00,0.05,0.00, 0.00
0.00,0.05,0.00, 0.00
0.00,0.62,0.00, 28.89
0.00,0.85,0.00, 11.31
0.00,1.16,0.00, 15.48
0.00,1.39,0.00, 11.51
0.00,1.39,0.00, 11.51
0.00,1.39,0.00, 11.51
0.00,1.39,0.00, 11.51
0.00,1.39,0.00, 11.51
0.00,1.65,0.00, 13.24
0.00,1.91,0.00, 12.75
0.00,2.15,0.00, 12.00
0.00,3.14,0.00, 49.36
0.00,3.34,0.00, 9.89
0.00,3.53,0.00, 9.50
0.00,3.68,0.00, 8.01
0.00,3.81,0.00, 6.01
0.00,3.87,0.00, 3.01
0.00,3.96,0.00, 4.74
0.00,4.01,0.00, 2.51
0.00,4.02,0.00, 0.76
0.00,4.02,0.00, 0.76
0.00,4.02,0.00, 0.76
0.00,4.04,0.00, 0.75
0.00,4.05,0.00, 0.50
0.00,4.04,0.00, 0.00
0.00,4.02,0.00, 0.00
0.00,3.98,0.00, 0.00
0.00,3.91,0.00, 0.00
0.00,3.86,0.00, 0.00
0.00,3.83,0.00, 0.00
0.00,3.76,0.00, 0.00
0.00,3.70,0.00, 0.00
0.00,3.65,0.00, 0.00
0.00,3.60,0.00, 0.00
0.00,3.54,0.00, 0.00
0.00,3.54,0.00, 0.00
0.00,3.54,0.00, 0.00
0.00,3.54,0.00, 0.00
0.00,3.54,0.00, 0.00
0.00,3.54,0.00, 0.00
0.00,3.51,0.00, 0.00
0.00,3.51,0.00, 0.00
0.00,3.51,0.00, 0.00
0.00,3.48,0.00, 0.00
0.00,3.43,0.00, 0.00
0.00,3.44,0.00, 0.25
0.00,3.46,0.00, 1.25
0.00,3.48,0.00, 0.75
0.00,3.46,0.00, 0.00
0.00,3.48,0.00, 1.00
0.00,3.46,0.00, 0.00
0.00,3.45,0.00, 0.00
0.00,3.47,0.00, 0.75
0.00,3.48,0.00, 0.50
0.00,3.50,0.00, 1.00
0.00,3.51,0.00, 0.50
0.00,3.51,0.00, 0.25
0.00,3.53,0.00, 0.75
0.00,3.53,0.00, 0.75
0.00,3.53,0.00, 0.75
0.00,3.53,0.00, 0.75
0.00,3.53,0.00, 0.75
0.00,3.53,0.00, 0.75
0.00,3.53,0.00, 0.75
0.00,3.53,0.00, 0.75
0.00,3.53,0.00, 0.75
0.00,3.53,0.00, 0.75
0.00,3.53,0.00, 0.75
0.00,3.53,0.00, 0.75
0.00,3.53,0.00, 0.75
0.02,3.55,0.99, 1.00
0.00,3.57,0.00, 1.00
0.00,3.57,0.00, 1.00
0.00,3.57,0.00, 1.00
0.00,3.57,0.00, 1.00
0.00,3.57,0.00, 1.00
0.00,3.57,0.00, 1.00
0.02,3.55,0.99, 0.00
0.02,3.55,0.99, 0.00
0.00,3.51,0.00, 0.00
0.00,3.51,0.00, 0.00
0.00,3.51,0.00, 0.00
0.00,3.53,0.00, 0.75
0.00,3.48,0.00, 0.00
0.00,3.43,0.00, 0.00
0.00,3.39,0.00, 0.00
0.00,3.37,0.00, 0.00
0.00,3.35,0.00, 0.00
0.00,3.28,0.00, 0.00
0.02,3.25,0.99, 0.00
0.02,3.25,0.99, 0.00
0.00,3.18,0.00, 0.00
0.02,3.12,0.99, 0.00
0.00,3.04,0.00, 0.00
0.00,2.96,0.00, 0.00
0.00,2.86,0.00, 0.00
0.00,2.72,0.00, 0.00
0.00,2.57,0.00, 0.00
0.00,2.42,0.00, 0.00
0.00,2.26,0.00, 0.00
0.00,1.96,0.00, 0.00
0.00,1.96,0.00, 0.00
0.00,1.96,0.00, 0.00
0.00,1.85,0.00, 0.00
0.00,1.64,0.00, 0.00
0.02,1.42,0.99, 0.00
0.00,1.22,0.00, 0.00
0.00,0.99,0.00, 0.00
0.00,0.72,0.00, 0.00
0.00,0.44,0.00, 0.00
0.00,0.45,0.00, 0.50
0.00,0.45,0.00, 0.50
0.00,0.45,0.00, 0.50
0.00,0.45,0.00, 0.50
0.00,0.34,0.00, 0.00
0.00,0.23,0.00, 0.00
0.00,0.23,0.00, 0.00
0.00,0.17,0.00, 0.00
0.00,0.07,0.00, 0.00
0.00,0.07,0.00, 0.00
0.00,0.06,0.00, 0.00
0.00,0.05,0.00, 0.00
0.00,0.06,0.00, 0.25
0.00,0.06,0.00, 0.25
0.00,0.05,0.00, 0.00
0.00,0.05,0.00, 0.00
0.00,0.05,0.00, 0.50
0.00,0.05,0.00, 0.00
0.00,0.05,0.00, 0.00
0.00,0.05,0.00, 0.50
0.00,0.05,0.00, 0.00
0.00,0.05,0.00, 0.00
0.00,0.05,0.00, 0.00
0.00,0.05,0.00, 0.00
0.00,0.05,0.00, 0.00
0.00,0.05,0.00, 0.00
0.00,0.05,0.00, 0.00
0.00,0.05,0.00, 0.00
0.00,0.05,0.00, 0.50
0.00,0.06,0.00, 0.25
0.00,0.05,0.00, 0.00
0.00,0.05,0.00, 0.00
0.00,0.05,0.00, 0.00
0.00,0.05,0.00, 0.00
0.00,0.05,0.00, 0.00
0.00,0.05,0.00, 0.00
0.00,0.05,0.00, 0.00
0.00,0.05,0.00, 0.00
0.00,0.05,0.00, 0.00
0.00,0.05,0.00, 0.00
0.00,0.05,0.00, 0.00
0.00,0.05,0.00, 0.50
0.00,0.05,0.00, 0.00
0.00,0.05,0.00, 0.00
0.00,0.05,0.00, 0.00
0.00,0.05,0.00, 0.00
0.00,0.05,0.00, 0.50
0.00,0.05,0.00, 0.00
0.00,0.05,0.00, 0.00
0.00,0.05,0.00, 0.00
0.00,0.05,0.00, 0.00
0.00,0.05,0.00, 0.00
0.00,0.05,0.00, 0.00
0.00,0.05,0.00, 0.00
0.00,0.05,0.00, 0.00
0.00,0.05,0.00, 0.00
0.00,0.05,0.00, 0.00
0.00,0.05,0.00, 0.50
0.00,0.06,0.00, 0.25
0.00,0.05,0.00, 0.00
0.00,0.05,0.00, 0.00
0.00,0.05,0.00, 0.00
0.00,0.05,0.00, 0.00
0.00,0.05,0.00, 0.00
0.00,0.05,0.00, 0.00
0.00,0.05,0.00, 0.00
0.00,0.05,0.00, 0.00
0.00,0.05,0.00, 0.00
0.00,0.05,0.00, 0.50
0.00,0.05,0.00, 0.00
0.00,0.05,0.00, 0.00
0.00,0.05,0.00, 0.00
0.00,0.05,0.00, 0.00
0.00,0.05,0.00, 0.00
0.00,0.05,0.00, 0.00
0.00,0.04,0.00, 0.00
0.00,0.05,0.00, 0.50
0.00,0.05,0.00, 0.00
0.00,0.05,0.00, 0.00
0.00,0.05,0.00, 0.00
0.00,0.05,0.00, 0.00
0.00,0.05,0.00, 0.50
0.00,0.05,0.00, 0.00
0.00,0.05,0.00, 0.00
0.00,0.05,0.00, 0.50
0.00,0.05,0.00, 0.00
0.00,0.05,0.00, 0.00
0.00,0.05,0.00, 0.50
0.00,0.05,0.00, 0.50
0.00,0.05,0.00, 0.00
0.00,0.05,0.00, 0.50
0.00,0.06,0.00, 0.25
0.00,0.43,0.00, 18.43
0.00,0.44,0.00, 0.32
0.00,0.44,0.00, 0.32
0.00,0.62,0.00, 8.97
0.00,0.62,0.00, 8.97
0.00,0.62,0.00, 8.97
0.00,0.83,0.00, 10.74
0.00,1.02,0.00, 9.50
0.00,1.28,0.00, 12.74
0.00,1.51,0.00, 11.75
0.00,1.72,0.00, 10.26
0.00,1.93,0.00, 11.00
0.00,1.93,0.00, 11.00
0.00,1.93,0.00, 11.00
0.00,1.93,0.00, 11.00
0.00,1.93,0.00, 11.00
0.00,1.93,0.00, 11.00
0.00,2.16,0.00, 11.25
0.00,2.16,0.00, 11.25
0.00,2.37,0.00, 10.25
0.00,2.37,0.00, 10.25
0.00,2.37,0.00, 10.25
0.00,2.37,0.00, 10.25
0.00,2.37,0.00, 10.25
0.00,2.37,0.00, 10.25
0.00,2.37,0.00, 10.25
0.00,2.58,0.00, 10.75
0.00,3.47,0.00, 44.63
0.00,3.72,0.00, 12.62
0.00,3.90,0.00, 8.76
0.00,3.88,0.00, 0.00
0.00,3.86,0.00, 0.00
0.00,3.85,0.00, 0.00
0.00,3.83,0.00, 0.00
0.00,3.82,0.00, 0.00
0.00,3.82,0.00, 0.00
0.00,3.82,0.00, 0.00
0.00,3.82,0.00, 0.00
0.00,3.82,0.00, 0.00
0.00,3.82,0.00, 0.00
0.00,3.78,0.00, 0.00
0.00,3.78,0.00, 0.00
0.00,3.78,0.00, 0.00
0.00,3.78,0.00, 0.00
0.00,3.78,0.00, 0.00
0.00,3.78,0.00, 0.00
0.00,3.78,0.00, 0.00
0.00,3.78,0.00, 0.00
0.00,3.78,0.00, 0.00
0.00,3.78,0.00, 0.00
0.00,3.78,0.00, 0.00
0.00,3.78,0.00, 0.00
0.00,3.78,0.00, 0.00
0.00,3.78,0.00, 0.00
0.00,3.76,0.00, 0.00
0.00,3.76,0.00, 0.00
0.00,3.76,0.00, 0.00
0.00,3.76,0.00, 0.00
0.00,3.76,0.00, 0.00
0.00,3.76,0.00, 0.00
0.00,3.76,0.00, 0.00
0.00,3.76,0.00, 0.00
0.00,3.76,0.00, 0.00
0.00,3.76,0.00, 0.00
0.00,3.76,0.00, 0.00
0.00,3.76,0.00, 0.00
0.00,3.76,0.00, 0.00
0.00,3.76,0.00, 0.00
0.00,3.76,0.00, 0.00
0.00,3.76,0.00, 0.00
0.00,3.76,0.00, 0.00
0.00,3.76,0.00, 0.00
0.00,3.76,0.00, 0.00
0.00,3.76,0.00, 0.00
0.00,3.76,0.00, 0.00
0.00,3.76,0.00, 0.00
0.00,3.76,0.00, 0.00
0.00,3.76,0.00, 0.00
0.00,3.76,0.00, 0.00
0.00,3.76,0.00, 0.00
0.00,3.76,0.00, 0.00
0.00,3.76,0.00, 0.00
0.00,3.72,0.00, 0.00
0.00,3.66,0.00, 0.00
0.00,3.66,0.00, 0.00
0.00,3.66,0.00, 0.00
0.00,3.66,0.00, 0.00
0.00,3.66,0.00, 0.00
0.00,3.66,0.00, 0.00
0.00,3.66,0.00, 0.00
0.00,3.66,0.00, 0.00
0.00,3.73,0.00, 3.49
0.00,3.73,0.00, 3.49
0.00,3.73,0.00, 3.49
0.00,3.73,0.00, 3.49
0.00,3.73,0.00, 3.49
0.00,3.73,0.00, 3.49
0.00,3.73,0.00, 3.49
0.00,4.04,0.00, 15.46
0.00,4.06,0.00, 1.05
0.00,4.06,0.00, 1.05
0.00,4.06,0.00, 1.05
0.00,4.06,0.00, 1.05
0.00,4.06,0.00, 1.05
0.00,4.06,0.00, 1.05
0.00,4.06,0.00, 1.05
0.00,4.06,0.00, 1.05
0.00,4.06,0.00, 0.00
0.00,4.03,0.00, 0.00
0.00,4.03,0.00, 0.00
0.00,4.03,0.00, 0.00
0.00,3.77,0.00, 0.00
0.00,3.70,0.00, 0.00
0.00,3.58,0.00, 0.00
0.02,3.49,0.99, 0.00
0.02,3.49,0.99, 0.00
0.02,3.49,0.99, 0.00
0.02,3.38,0.01, 0.00
0.00,3.31,0.00, 0.00
0.00,3.31,0.00, 0.00
0.00,3.31,0.00, 0.00
0.00,3.31,0.00, 0.00
0.00,3.31,0.00, 0.00
0.00,3.31,0.00, 0.00
0.00,3.20,0.00, 0.00
0.02,3.08,0.99, 0.00
0.02,2.95,0.01, 0.00
0.02,2.95,0.01, 0.00
0.02,2.95,0.01, 0.00
0.02,2.95,0.01, 0.00
0.02,2.95,0.01, 0.00
0.02,2.95,0.01, 0.00
0.02,2.95,0.01, 0.00
0.02,2.95,0.01, 0.00
0.02,2.95,0.01, 0.00
0.02,2.12,0.00, 0.00
0.00,2.00,0.00, 0.00
0.00,1.84,0.00, 0.00
0.02,0.66,0.99, 0.00
0.00,0.54,0.00, 0.00
0.00,0.49,0.00, 0.00
0.00,0.46,0.00, 0.00
0.00,0.41,0.00, 0.00
0.00,0.36,0.00, 0.00
0.00,0.30,0.00, 0.00
0.00,0.24,0.00, 0.00
0.00,0.24,0.00, 0.00
0.00,0.17,0.00, 0.00
0.00,0.11,0.00, 0.00
0.00,0.11,0.00, 0.00
0.00,0.11,0.00, 0.00
0.00,0.11,0.00, 0.00
0.00,0.11,0.00, 0.00
0.00,0.11,0.00, 0.00
0.00,0.06,0.00, 0.00
0.00,0.05,0.00, 0.00
0.00,0.05,0.00, 0.00
0.00,0.05,0.00, 0.00
0.00,0.05,0.00, 0.00
0.00,0.05,0.00, 0.00
0.00,0.05,0.00, 0.00
0.00,0.05,0.00, 0.50
0.00,0.05,0.00, 0.00
0.00,0.05,0.00, 0.00
0.00,0.05,0.00, 0.00
0.00,0.05,0.00, 0.00
0.00,0.05,0.00, 0.00
0.00,0.04,0.00, 0.00
0.00,0.05,0.00, 0.50
0.00,0.05,0.00, 0.50
0.00,0.05,0.00, 0.00
0.00,0.05,0.00, 0.00
0.00,0.05,0.00, 0.50
0.00,0.06,0.00, 0.25
0.00,0.05,0.00, 0.00
0.00,0.05,0.00, 0.00
0.00,0.05,0.00, 0.00
0.00,0.04,0.00, 0.00
0.00,0.05,0.00, 0.50
0.00,0.05,0.00, 0.00
0.00,0.05,0.00, 0.00
0.00,0.05,0.00, 0.00
0.00,0.05,0.00, 0.00
0.00,0.05,0.00, 0.50
0.00,0.05,0.00, 0.00
0.00,0.05,0.00, 0.00
0.00,0.05,0.00, 0.00
0.00,0.05,0.00, 0.00
0.00,0.05,0.00, 0.00
0.00,0.05,0.00, 0.00
0.00,0.05,0.00, 0.00
0.00,0.05,0.00, 0.00
0.00,0.05,0.00, 0.00
0.00,0.05,0.00, 0.00
0.00,0.05,0.00, 0.00
0.00,0.05,0.00, 0.50
0.00,0.05,0.00, 0.00
0.00,0.05,0.00, 0.00
0.00,0.05,0.00, 0.00
0.00,0.05,0.00, 0.00
0.00,0.05,0.00, 0.00
0.00,0.05,0.00, 0.00
0.00,0.05,0.00, 0.00
0.00,0.05,0.00, 0.00
0.00,0.04,0.00, 0.00
0.00,0.05,0.00, 0.50
0.00,0.05,0.00, 0.00
0.00,0.05,0.00, 0.00
0.00,0.05,0.00, 0.00
0.00,0.05,0.00, 0.00
0.00,0.05,0.00, 0.50
0.00,0.05,0.00, 0.00
0.00,0.05,0.00, 0.00
0.00,0.05,0.00, 0.50
0.00,0.05,0.00, 0.00
0.00,0.05,0.00, 0.00
0.00,0.05,0.00, 0.00
0.00,0.05,0.00, 0.00
0.00,0.05,0.00, 0.00
0.00,0.05,0.00, 0.00
0.00,0.05,0.00, 0.00
0.00,0.05,0.00, 0.00
0.00,0.05,0.00, 0.00
0.00,0.05,0.00, 0.00
0.00,0.05,0.00, 0.50
0.00,0.05,0.00, 0.50
0.00,0.05,0.00, 0.50
0.00,0.05,0.00, 0.00
0.00,0.05,0.00, 0.50
0.00,0.05,0.00, 0.00
0.00,0.05,0.00, 0.00
0.00,0.05,0.00, 0.00
0.00,0.05,0.00, 0.00
0.00,0.05,0.00, 0.50
0.00,0.05,0.00, 0.00
0.00,0.05,0.00, 0.00
0.00,0.05,0.00, 0.00
0.00,0.05,0.00, 0.50
0.00,0.05,0.00, 0.00
0.00,0.38,0.00, 16.44
0.00,0.38,0.00, 16.44
0.00,0.38,0.00, 16.44
0.00,0.38,0.00, 16.44
0.00,0.38,0.00, 16.44
0.00,0.38,0.00, 16.44
0.00,0.38,0.00, 16.44
0.00,0.64,0.00, 13.51
0.00,0.64,0.00, 13.51
0.00,0.64,0.00, 13.51
0.00,0.64,0.00, 13.51
0.00,0.64,0.00, 13.51
0.00,0.64,0.00, 13.51
0.00,0.64,0.00, 13.51
0.00,0.88,0.00, 11.51
0.00,0.88,0.00, 11.51
0.00,1.22,0.00, 16.98
0.00,2.89,0.00, 83.75
0.00,3.90,0.00, 50.37
0.00,3.97,0.00, 3.42
0.00,3.97,0.00, 0.51
0.00,4.02,0.00, 2.49
0.00,4.02,0.00, 2.49
0.00,4.02,0.00, 2.49
0.00,4.02,0.00, 2.49
0.00,4.02,0.00, 2.49
0.00,4.02,0.00, 2.49
0.00,4.02,0.00, 2.49
0.00,4.02,0.00, 2.49
0.00,4.02,0.00, 2.49
0.00,4.02,0.00, 2.49
0.00,4.02,0.00, 2.49
0.00,4.02,0.00, 2.49
0.00,4.02,0.00, 2.49
0.00,4.02,0.00, 2.49
0.00,4.05,0.00, 1.01
0.00,4.05,0.00, 1.01
0.00,4.05,0.00, 1.01
0.00,4.05,0.00, 1.01
0.00,4.05,0.00, 1.01
0.00,4.05,0.00, 1.01
0.00,4.05,0.00, 1.01
0.00,4.05,0.00, 1.01
0.00,4.05,0.00, 1.01
0.00,4.05,0.00, 1.01
0.00,4.05,0.00, 1.01
0.00,4.05,0.00, 1.01
0.00,4.05,0.00, 1.01
0.00,4.05,0.00, 1.01
0.00,4.05,0.00, 1.01
0.00,4.05,0.00, 1.01
0.00,4.05,0.00, 0.25
0.00,4.05,0.00, 0.25
0.00,4.04,0.00, 0.00
0.00,4.04,0.00, 0.00
0.00,4.04,0.00, 0.00
0.00,4.04,0.00, 0.00
0.00,4.04,0.00, 0.00
0.00,4.04,0.00, 0.00
0.00,4.04,0.00, 0.00
0.00,4.04,0.00, 0.00
0.00,4.04,0.00, 0.00
0.00,4.04,0.00, 0.00
0.00,4.04,0.00, 0.00
0.00,4.04,0.00, 0.00
0.00,4.04,0.00, 0.00
0.00,4.04,0.00, 0.00
0.00,4.04,0.00, 0.00
0.00,4.04,0.00, 0.00
0.00,4.04,0.00, 0.00
0.00,4.04,0.00, 0.00
0.00,4.04,0.00, 0.00
0.00,4.04,0.00, 0.00
0.00,4.04,0.00, 0.00
0.00,4.04,0.00, 0.00
0.00,4.04,0.00, 0.00
0.00,4.04,0.00, 0.00
0.00,4.04,0.00, 0.00
0.00,4.04,0.00, 0.00
0.00,4.04,0.00, 0.00
0.00,4.04,0.00, 0.00
0.00,3.53,0.00, 0.00
0.00,3.62,0.00, 4.48
0.00,4.03,0.00, 20.44
0.00,4.03,0.00, 20.44
0.00,4.03,0.00, 20.44
0.00,4.03,0.00, 20.44
0.00,4.03,0.00, 20.44
0.00,3.99,0.00, 0.00
0.00,3.99,0.00, 0.00
0.00,3.99,0.00, 0.00
0.00,3.99,0.00, 0.00
0.00,3.99,0.00, 0.00
0.00,3.99,0.00, 0.00
0.00,3.99,0.00, 0.00
0.00,3.99,0.00, 0.00
0.00,3.99,0.00, 0.00
0.00,3.99,0.00, 0.00
0.00,3.99,0.00, 0.00
0.00,3.99,0.00, 0.00
0.00,3.99,0.00, 0.00
0.00,3.99,0.00, 0.00
0.00,3.99,0.00, 0.00
0.00,3.99,0.00, 0.00
0.00,3.99,0.00, 0.00
0.00,3.99,0.00, 0.00
0.00,3.98,0.00, 0.00
0.00,3.95,0.00, 0.00
0.00,3.95,0.00, 0.00
0.00,3.85,0.00, 0.00
0.00,3.85,0.00, 0.00
0.00,3.85,0.00, 0.00
0.00,3.85,0.00, 0.00
0.00,3.85,0.00, 0.00
0.00,3.85,0.00, 0.00
0.00,3.85,0.00, 0.00
0.02,3.17,0.99, 0.00
0.02,3.17,0.99, 0.00
0.02,3.17,0.99, 0.00
0.02,3.17,0.99, 0.00
0.02,3.17,0.99, 0.00
0.02,3.17,0.99, 0.00
0.02,3.17,0.99, 0.00
0.02,3.17,0.99, 0.00
0.02,3.17,0.99, 0.00
0.02,3.17,0.99, 0.00
0.02,3.17,0.99, 0.00
0.02,3.17,0.99, 0.00
0.02,3.17,0.99, 0.00
0.02,3.17,0.99, 0.00
0.00,3.12,0.00, 0.00
0.00,3.08,0.00, 0.00
0.00,2.61,0.00, 0.00
0.00,2.01,0.00, 0.00
0.00,1.85,0.00, 0.00
0.00,1.65,0.00, 0.00
0.00,1.65,0.00, 0.00
0.00,1.49,0.00, 0.00
0.02,1.19,0.99, 0.00
0.00,1.01,0.00, 0.00
0.00,0.87,0.00, 0.00
0.00,0.75,0.00, 0.00
0.00,0.63,0.00, 0.00
0.00,0.50,0.00, 0.00
0.00,0.38,0.00, 0.00
0.00,0.28,0.00, 0.00
0.00,0.19,0.00, 0.00
0.00,0.11,0.00, 0.00
0.00,0.07,0.00, 0.00
0.00,0.05,0.00, 0.00
0.00,0.05,0.00, 0.00
0.00,0.05,0.00, 0.50
0.00,0.05,0.00, 0.00
0.00,0.05,0.00, 0.50
0.00,0.06,0.00, 0.25
0.00,0.06,0.00, 0.00
0.00,0.06,0.00, 0.00
0.00,0.05,0.00, 0.00
0.00,0.04,0.00, 0.00
0.00,0.04,0.00, 0.00
0.00,0.05,0.00, 0.50
0.00,0.05,0.00, 0.50
0.00,0.04,0.00, 0.00
0.00,0.05,0.00, 0.50
0.00,0.05,0.00, 0.00
0.00,0.05,0.00, 0.00
0.00,0.05,0.00, 0.00
0.00,0.05,0.00, 0.00
0.00,0.05,0.00, 0.50
0.00,0.06,0.00, 0.25
0.00,0.05,0.00, 0.00
0.00,0.05,0.00, 0.50
0.00,0.05,0.00, 0.00
0.00,0.05,0.00, 0.00
0.00,0.05,0.00, 0.00
0.00,0.05,0.00, 0.00
0.00,0.04,0.00, 0.00
0.00,0.05,0.00, 0.50
0.00,0.05,0.00, 0.00
0.00,0.05,0.00, 0.50
0.00,0.06,0.00, 0.25
0.00,0.06,0.00, 0.00
0.00,0.06,0.00, 0.00
0.00,0.05,0.00, 0.00
0.00,0.05,0.00, 0.50
0.00,0.05,0.00, 0.00
0.00,0.05,0.00, 0.00
0.00,0.05,0.00, 0.00
0.00,0.05,0.00, 0.00
0.00,0.05,0.00, 0.00
0.00,0.05,0.00, 0.00
0.00,0.05,0.00, 0.50
0.00,0.05,0.00, 0.00
0.00,0.05,0.00, 0.00
0.00,0.05,0.00, 0.00
0.00,0.05,0.00, 0.50
0.00,0.06,0.00, 0.25
0.00,0.06,0.00, 0.00
0.00,0.05,0.00, 0.00
0.00,0.05,0.00, 0.00
0.00,0.05,0.00, 0.00
0.00,0.05,0.00, 0.00
0.00,0.05,0.00, 0.00
0.00,0.05,0.00, 0.00
0.00,0.05,0.00, 0.00
0.00,0.05,0.00, 0.00
0.00,0.05,0.00, 0.00
0.00,0.05,0.00, 0.00
0.00,0.05,0.00, 0.50
0.00,0.05,0.00, 0.00
0.00,0.05,0.00, 0.50
0.00,0.05,0.00, 0.00
0.00,0.05,0.00, 0.00
0.00,0.05,0.00, 0.00
0.00,0.05,0.00, 0.00
0.00,0.05,0.00, 0.50
0.00,0.05,0.00, 0.00
0.00,0.05,0.00, 0.00
0.00,0.05,0.00, 0.00
0.00,0.05,0.00, 0.00
0.00,0.05,0.00, 0.00
0.00,0.05,0.00, 0.00
0.00,0.05,0.00, 0.00
0.00,0.05,0.00, 0.00
0.00,0.05,0.00, 0.00
0.00,0.05,0.00, 0.00
0.00,0.05,0.00, 0.00
0.00,0.05,0.00, 0.00
0.00,0.05,0.00, 0.00
0.00,0.05,0.00, 0.00
0.00,0.34,0.00, 14.95
0.00,1.37,0.00, 50.87
0.00,1.66,0.00, 15.13
0.00,1.96,0.00, 14.75
0.00,2.49,0.00, 26.71
0.00,2.78,0.00, 14.30
0.00,3.06,0.00, 13.75
0.00,3.31,0.00, 12.50
0.00,3.53,0.00, 11.01
0.00,3.69,0.00, 8.51
0.00,3.69,0.00, 8.51
0.00,3.83,0.00, 6.51
0.00,3.91,0.00, 4.51
0.00,3.99,0.00, 3.50
0.00,4.02,0.00, 2.01
0.00,4.09,0.00, 3.25
0.00,4.13,0.00, 2.00
0.00,4.15,0.00, 1.25
0.00,4.17,0.00, 0.75
0.00,4.17,0.00, 0.75
0.00,4.16,0.00, 0.00
0.00,4.16,0.00, 0.00
0.00,4.14,0.00, 0.00
0.00,4.09,0.00, 0.00
0.00,4.07,0.00, 0.00
0.00,4.05,0.00, 0.00
0.00,4.05,0.00, 0.00
0.00,4.03,0.00, 0.00
0.00,4.03,0.00, 0.00
0.00,4.03,0.00, 0.00
0.00,4.03,0.00, 0.00
0.00,4.03,0.00, 0.00
0.00,4.03,0.00, 0.00
0.00,4.03,0.00, 0.00
0.00,4.03,0.00, 0.00
0.00,4.03,0.00, 0.00
0.00,4.03,0.00, 0.00
0.00,4.03,0.00, 0.00
0.00,4.00,0.00, 0.00
0.00,4.00,0.00, 0.00
0.00,4.00,0.00, 0.00
0.00,4.00,0.00, 0.00
0.00,4.00,0.00, 0.00
0.00,4.00,0.00, 0.00
0.00,3.98,0.00, 0.00
0.00,3.74,0.00, 0.00
0.00,3.74,0.00, 0.00
0.00,3.74,0.00, 0.00
0.00,3.74,0.00, 0.00
0.00,3.74,0.00, 0.00
0.00,3.74,0.00, 0.00
0.00,3.74,0.00, 0.00
0.00,3.74,0.00, 0.00
0.00,3.74,0.00, 0.00
0.00,3.74,0.00, 0.00
0.00,3.74,0.00, 0.00
0.00,3.74,0.00, 0.00
0.00,3.74,0.00, 0.00
0.00,3.74,0.00, 0.00
0.00,3.74,0.00, 0.00
0.00,3.74,0.00, 0.00
0.00,3.74,0.00, 0.00
0.00,3.66,0.00, 0.00
0.00,3.68,0.00, 1.00
0.00,3.72,0.00, 1.75
0.00,3.72,0.00, 1.75
0.00,3.72,0.00, 1.75
0.00,3.72,0.00, 1.75
0.00,3.72,0.00, 1.75
0.00,3.72,0.00, 1.75
0.00,3.72,0.00, 1.75
0.00,4.03,0.00, 15.95
0.00,4.08,0.00, 2.30
0.00,4.11,0.00, 1.75
0.00,4.11,0.00, 1.75
0.00,4.11,0.00, 1.75
0.00,4.11,0.00, 1.75
0.00,4.11,0.00, 1.75
0.00,4.11,0.00, 1.75
0.00,4.11,0.00, 1.75
0.00,4.11,0.00, 1.75
0.00,4.11,0.00, 1.75
0.00,4.11,0.00, 1.75
0.00,4.11,0.00, 1.75
0.00,4.11,0.00, 1.75
0.00,4.11,0.00, 1.75
0.00,4.11,0.00, 1.75
0.00,4.11,0.00, 1.75
0.00,4.11,0.00, 1.75
0.00,4.11,0.00, 1.75
0.00,4.11,0.00, 1.75
0.00,4.11,0.00, 1.75
0.00,4.11,0.00, 1.75
0.00,4.11,0.00, 1.75
0.02,4.12,0.99, 0.26
0.02,4.12,0.99, 0.26
0.02,4.12,0.99, 0.26
0.02,4.12,0.99, 0.26
0.02,4.12,0.99, 0.26
0.02,4.12,0.99, 0.26
0.02,4.12,0.99, 0.26
0.00,4.10,0.00, 0.00
0.00,4.10,0.00, 0.00
0.00,4.10,0.00, 0.00
0.00,4.10,0.00, 0.00
0.00,4.10,0.00, 0.00
0.00,4.10,0.00, 0.00
0.00,4.10,0.00, 0.00
0.00,4.10,0.00, 0.00
0.00,4.10,0.00, 0.00
0.00,4.06,0.00, 0.00
0.00,3.79,0.00, 0.00
0.00,3.79,0.00, 0.00
0.00,3.79,0.00, 0.00
0.00,3.79,0.00, 0.00
0.00,3.79,0.00, 0.00
0.00,3.79,0.00, 0.00
0.00,3.79,0.00, 0.00
0.00,3.79,0.00, 0.00
0.02,3.67,0.99, 0.00
0.02,3.34,0.01, 0.00
0.02,3.34,0.01, 0.00
0.02,3.26,0.00, 0.00
0.00,2.51,0.00, 0.00
0.00,2.11,0.00, 0.00
0.00,2.11,0.00, 0.00
0.02,1.89,0.99, 0.00
0.00,1.69,0.00, 0.00
0.00,1.49,0.00, 0.00
0.00,1.28,0.00, 0.00
0.00,1.07,0.00, 0.00
0.00,1.10,0.00, 1.25
0.00,0.60,0.00, 0.00
0.07,0.53,3.45, 0.00
0.00,0.41,0.00, 0.00
0.00,0.31,0.00, 0.00
0.00,0.28,0.00, 0.00
0.00,0.15,0.00, 0.00
0.00,0.13,0.00, 0.00
0.00,0.13,0.00, 0.00
0.00,0.11,0.00, 0.00
0.00,0.08,0.00, 0.00
0.00,0.05,0.00, 0.00
0.00,0.05,0.00, 0.50
0.00,0.06,0.00, 0.25
0.00,0.06,0.00, 0.00
0.00,0.06,0.00, 0.00
0.00,0.06,0.00, 0.00
0.00,0.05,0.00, 0.00
0.00,0.05,0.00, 0.00
0.00,0.05,0.00, 0.00
0.00,0.05,0.00, 0.00
0.00,0.05,0.00, 0.50
0.00,0.04,0.00, 0.00
0.00,0.05,0.00, 0.50
0.00,0.05,0.00, 0.00
0.00,0.05,0.00, 0.00
0.00,0.05,0.00, 0.00
0.00,0.05,0.00, 0.00
0.00,0.05,0.00, 0.00
0.00,0.05,0.00, 0.00
0.00,0.05,0.00, 0.00
0.00,0.05,0.00, 0.00
0.00,0.05,0.00, 0.50
0.00,0.06,0.00, 0.25
0.00,0.05,0.00, 0.00
0.00,0.05,0.00, 0.00
0.00,0.05,0.00, 0.00
0.00,0.05,0.00, 0.00
0.00,0.05,0.00, 0.00
0.00,0.05,0.00, 0.00
0.00,0.05,0.00, 0.00
0.00,0.05,0.00, 0.00
0.00,0.05,0.00, 0.50
0.00,0.06,0.00, 0.25
0.00,0.05,0.00, 0.00
0.00,0.05,0.00, 0.50
0.00,0.06,0.00, 0.25
0.00,0.04,0.00, 0.00
0.00,0.05,0.00, 0.50
0.00,0.05,0.00, 0.00
0.00,0.04,0.00, 0.00
0.00,0.05,0.00, 0.50
0.00,0.05,0.00, 0.00
0.00,0.05,0.00, 0.50
0.00,0.06,0.00, 0.25
0.00,0.06,0.00, 0.00
0.00,0.05,0.00, 0.00
0.00,0.05,0.00, 0.00
0.00,0.05,0.00, 0.00
0.00,0.05,0.00, 0.00
0.00,0.05,0.00, 0.00
0.00,0.05,0.00, 0.00
0.00,0.05,0.00, 0.50
0.00,0.05,0.00, 0.00
0.00,0.05,0.00, 0.00
0.00,0.05,0.00, 0.00
0.00,0.05,0.00, 0.00
0.00,0.05,0.00, 0.50
0.00,0.05,0.00, 0.00
0.00,0.05,0.00, 0.50
0.00,0.05,0.00, 0.00
0.00,0.05,0.00, 0.00
0.00,0.05,0.00, 0.50
0.00,0.06,0.00, 0.25
0.00,0.06,0.00, 0.00
0.00,0.05,0.00, 0.00
0.00,0.05,0.00, 0.50
0.00,0.06,0.00, 0.25
0.00,0.05,0.00, 0.00
0.00,0.05,0.00, 0.00
0.00,0.05,0.00, 0.00
0.00,0.05,0.00, 0.00
0.00,0.05,0.00, 0.50
0.00,0.06,0.00, 0.25
0.00,0.06,0.00, 0.00
0.00,0.06,0.00, 0.00
0.00,0.06,0.00, 0.00
0.00,0.06,0.00, 0.00
0.00,0.05,0.00, 0.00
0.00,0.05,0.00, 0.00
0.00,0.05,0.00, 0.00
0.00,0.04,0.00, 0.00
0.00,0.05,0.00, 1.00
0.00,0.05,0.00, 0.00
0.00,0.05,0.00, 0.00
0.00,0.05,0.00, 0.00
0.00,0.05,0.00, 0.00
0.00,0.05,0.00, 0.50
0.00,0.06,0.00, 0.25
0.00,0.06,0.00, 0.00
0.00,0.05,0.00, 0.00
0.00,0.05,0.00, 0.00
0.00,0.05,0.00, 0.00
0.00,0.05,0.00, 0.00
0.00,0.05,0.00, 0.00
0.00,0.05,0.00, 0.00
0.00,0.04,0.00, 0.00
0.00,0.05,0.00, 0.50
0.00,0.05,0.00, 0.00
0.00,0.05,0.00, 0.00
0.00,0.04,0.00, 0.00
0.00,0.05,0.00, 1.00
0.00,0.05,0.00, 0.00
0.00,0.05,0.00, 0.00
0.00,0.05,0.00, 0.00
0.00,0.05,0.00, 0.50
0.00,0.05,0.00, 0.00
0.00,0.05,0.00, 0.00
0.00,0.05,0.00, 0.00
0.00,0.05,0.00, 0.00
0.00,0.05,0.00, 0.00
0.00,0.05,0.00, 0.00
0.00,0.05,0.00, 0.00
0.00,0.05,0.00, 0.00
0.00,0.05,0.00, 0.00
0.00,0.05,0.00, 0.00
0.00,0.05,0.00, 0.00
0.00,0.05,0.00, 0.00
0.00,0.05,0.00, 0.00
0.00,0.05,0.00, 0.00
0.00,0.05,0.00, 0.00
0.00,0.05,0.00, 0.00
0.00,0.05,0.00, 0.00
0.00,0.05,0.00, 0.00
0.00,0.05,0.00, 0.00
0.00,0.05,0.00, 0.00
0.00,0.05,0.00, 0.00
0.00,0.05,0.00, 0.00
0.00,0.05,0.00, 0.00
0.00,0.05,0.00, 0.00
0.00,0.05,0.00, 0.00
0.00,0.05,0.00, 0.00
0.00,0.05,0.00, 0.00
0.00,0.27,0.00, 11.21
0.00,0.50,0.00, 11.75
0.00,0.50,0.00, 11.75
0.00,0.70,0.00, 9.76
0.00,1.00,0.00, 15.23
0.00,1.26,0.00, 13.01
0.00,1.56,0.00, 14.74
0.00,1.89,0.00, 16.74
0.00,2.19,0.00, 15.01
0.00,2.47,0.00, 13.75
0.00,2.77,0.00, 14.75
0.00,2.77,0.00, 14.75
0.00,2.77,0.00, 14.75
0.00,2.77,0.00, 14.75
0.00,2.77,0.00, 14.75
0.00,2.77,0.00, 14.75
0.00,2.77,0.00, 14.75
0.00,2.77,0.00, 14.75
0.00,2.77,0.00, 14.75
0.00,2.77,0.00, 14.75
0.00,2.77,0.00, 14.75
0.00,2.77,0.00, 14.75
0.00,2.77,0.00, 14.75
0.00,3.03,0.00, 13.26
0.00,3.03,0.00, 13.26
0.00,3.03,0.00, 13.26
0.00,3.03,0.00, 13.26
0.00,3.03,0.00, 13.26
0.00,3.03,0.00, 13.26
0.00,3.03,0.00, 13.26
0.00,3.03,0.00, 13.26
0.00,3.03,0.00, 13.26
0.00,3.03,0.00, 13.26
0.00,3.03,0.00, 13.26
0.00,3.03,0.00, 13.26
0.00,3.03,0.00, 13.26
0.00,3.03,0.00, 13.26
0.00,3.03,0.00, 13.26
0.00,3.03,0.00, 13.26
0.00,3.03,0.00, 13.26
0.00,3.03,0.00, 13.26
0.00,3.03,0.00, 13.26
0.00,3.03,0.00, 13.26
0.00,3.03,0.00, 13.26
0.00,3.03,0.00, 13.26
0.00,3.03,0.00, 13.26
0.00,3.03,0.00, 13.26
0.00,3.03,0.00, 13.26
0.00,3.03,0.00, 13.26
0.00,3.03,0.00, 13.26
0.00,3.03,0.00, 13.26
0.00,3.03,0.00, 13.26
0.00,3.03,0.00, 13.26
0.00,3.03,0.00, 13.26
0.00,3.03,0.00, 13.26
0.00,3.03,0.00, 13.26
0.00,3.03,0.00, 13.26
0.00,3.03,0.00, 13.26
0.00,3.03,0.00, 13.26
0.00,3.03,0.00, 13.26
0.00,3.03,0.00, 13.26
0.00,3.03,0.00, 13.26
0.00,3.03,0.00, 13.26
0.00,3.03,0.00, 13.26
0.00,3.03,0.00, 13.26
0.00,3.03,0.00, 13.26
0.00,3.03,0.00, 13.26
0.00,3.03,0.00, 13.26
0.00,3.03,0.00, 13.26
0.00,3.03,0.00, 13.26
0.00,3.03,0.00, 13.26
0.00,3.03,0.00, 13.26
0.00,3.03,0.00, 13.26
0.00,3.03,0.00, 13.26
0.00,3.03,0.00, 13.26
0.00,3.03,0.00, 13.26
0.00,3.03,0.00, 13.26
0.00,3.03,0.00, 13.26
0.00,3.03,0.00, 13.26
0.00,3.03,0.00, 13.26
0.00,3.03,0.00, 13.26
0.00,3.03,0.00, 13.26
0.00,3.03,0.00, 13.26
0.00,3.03,0.00, 13.26
0.00,3.03,0.00, 13.26
0.00,3.03,0.00, 13.26
0.00,3.03,0.00, 13.26
0.00,3.03,0.00, 13.26
0.00,3.03,0.00, 13.26
0.00,3.03,0.00, 13.26
0.00,3.03,0.00, 13.26
0.00,3.03,0.00, 13.26
0.00,3.03,0.00, 13.26
0.00,3.03,0.00, 13.26
0.00,3.03,0.00, 13.26
0.00,3.03,0.00, 13.26
0.00,3.03,0.00, 13.26
0.00,3.03,0.00, 13.26
0.00,3.03,0.00, 13.26
0.00,3.03,0.00, 13.26
0.00,3.03,0.00, 13.26
0.00,3.03,0.00, 13.26
0.00,3.03,0.00, 13.26
0.00,3.03,0.00, 13.26
0.00,3.03,0.00, 13.26
0.00,3.03,0.00, 13.26
0.00,3.03,0.00, 13.26
0.00,3.03,0.00, 13.26
0.00,3.03,0.00, 13.26
0.00,3.03,0.00, 13.26
0.00,3.03,0.00, 13.26
0.00,3.03,0.00, 13.26
0.00,3.03,0.00, 13.26
0.00,3.03,0.00, 13.26
0.00,3.03,0.00, 13.26
0.00,3.03,0.00, 13.26
0.00,3.03,0.00, 13.26
0.00,3.03,0.00, 13.26
0.00,3.03,0.00, 13.26
0.00,3.03,0.00, 13.26
0.00,3.03,0.00, 13.26
0.00,3.20,0.00, 8.77
0.00,3.20,0.00, 8.77
0.00,3.38,0.00, 8.75
0.00,3.38,0.00, 8.75
0.00,3.74,0.00, 17.72
0.00,1.24,0.00, 0.00
0.00,1.24,0.00, 0.00
0.00,1.12,0.00, 0.00
0.00,1.12,0.00, 0.00
0.00,1.12,0.00, 0.00
0.00,1.12,0.00, 0.00
0.00,1.12,0.00, 0.00
0.00,1.12,0.00, 0.00
0.00,1.12,0.00, 0.00
0.00,0.71,0.00, 0.00
0.00,0.53,0.00, 0.00
0.00,0.37,0.00, 0.00
0.00,0.07,0.00, 0.00
0.00,0.05,0.00, 0.00
0.00,0.05,0.00, 0.00
0.00,0.05,0.00, 0.00
0.00,0.05,0.00, 0.00
0.00,0.05,0.00, 0.00
0.00,0.05,0.00, 0.00
0.00,0.05,0.00, 0.00
0.00,0.05,0.00, 0.00
0.00,0.05,0.00, 0.00
0.00,0.05,0.00, 0.00
0.00,0.05,0.00, 0.00
0.00,0.05,0.00, 0.00
0.00,0.05,0.00, 0.00
0.00,0.05,0.00, 0.00
0.00,0.05,0.00, 0.00
0.00,0.05,0.00, 0.00
0.00,0.05,0.00, 0.00
0.00,0.05,0.00, 0.00
0.00,0.05,0.00, 0.00
0.00,0.05,0.00, 0.00
0.00,0.05,0.00, 0.00
0.00,0.05,0.00, 0.00
0.00,0.05,0.00, 0.00
0.00,0.05,0.00, 0.00
0.00,0.05,0.00, 0.00
0.00,0.05,0.00, 0.00
0.00,0.05,0.00, 0.00
0.00,0.05,0.00, 0.00
0.00,0.05,0.00, 0.50
0.00,0.05,0.00, 0.00
0.00,0.05,0.00, 0.00
0.00,0.05,0.00, 0.00
0.00,0.05,0.00, 0.50
0.00,0.05,0.00, 0.00
0.00,0.05,0.00, 0.50
0.00,0.06,0.00, 0.25
0.00,0.05,0.00, 0.00
0.00,0.05,0.00, 0.00
0.00,0.05,0.00, 0.00
0.00,0.04,0.00, 0.00
0.00,0.05,0.00, 0.50
0.00,0.05,0.00, 0.00
0.00,0.05,0.00, 0.00
0.00,0.05,0.00, 0.00
0.00,0.05,0.00, 0.00
0.00,0.05,0.00, 0.00
0.00,0.05,0.00, 0.00
0.00,0.05,0.00, 0.00
0.00,0.05,0.00, 0.00
0.00,0.05,0.00, 0.00
0.00,0.05,0.00, 0.00
0.00,0.05,0.00, 0.00
0.00,0.05,0.00, 0.00
0.00,0.05,0.00, 0.00
0.00,0.04,0.00, 0.00
0.00,0.05,0.00, 1.00
0.00,0.04,0.00, 0.00
0.00,0.05,0.00, 0.50
0.00,0.05,0.00, 0.00
0.00,0.05,0.00, 0.50
0.00,0.06,0.00, 0.25
0.00,0.05,0.00, 0.00
0.00,0.05,0.00, 0.00
0.00,0.05,0.00, 0.50
0.00,0.05,0.00, 0.00
0.00,0.05,0.00, 0.00
0.00,0.05,0.00, 0.00
0.00,0.05,0.00, 0.00
0.00,0.05,0.00, 0.00
0.00,0.05,0.00, 0.00
0.00,0.05,0.00, 0.00
0.00,0.05,0.00, 0.00
0.00,0.05,0.00, 0.00
0.00,0.05,0.00, 0.50
0.00,0.05,0.00, 0.00
0.00,0.05,0.00, 0.00
0.00,0.05,0.00, 0.50
0.00,0.05,0.00, 0.50
0.00,0.05,0.00, 0.50
0.00,0.05,0.00, 0.50
0.00,0.05,0.00, 0.50
0.00,0.05,0.00, 0.50
0.00,0.05,0.00, 0.50
0.00,0.05,0.00, 0.50
0.00,0.05,0.00, 0.50
0.00,0.05,0.00, 0.50
0.00,0.05,0.00, 0.50
0.00,0.05,0.00, 0.50
0.00,0.05,0.00, 0.00
0.00,0.05,0.00, 0.00
0.00,0.05,0.00, 0.00
0.00,0.05,0.00, 0.00
0.00,0.05,0.00, 0.00
0.00,0.04,0.00, 0.00
0.00,0.05,0.00, 0.50
0.00,0.04,0.00, 0.00
0.00,0.05,0.00, 0.50
0.00,0.05,0.00, 0.00
0.00,0.05,0.00, 0.00
0.00,0.05,0.00, 0.00
0.00,0.05,0.00, 0.50
0.00,0.05,0.00, 0.00
0.00,0.05,0.00, 0.50
0.00,0.05,0.00, 0.00
0.00,0.05,0.00, 0.00
0.00,0.05,0.00, 0.00
0.00,0.05,0.00, 0.00
0.00,0.05,0.00, 0.00
0.00,0.05,0.00, 0.00
0.00,0.05,0.00, 0.00
0.00,0.05,0.00, 0.00
0.00,0.05,0.00, 0.00
0.00,0.05,0.00, 0.00
0.00,0.05,0.00, 0.00
0.00,0.05,0.00, 0.00
0.00,0.05,0.00, 0.00
0.00,0.65,0.00, 30.39
0.00,0.65,0.00, 30.39
0.00,0.72,0.00, 3.35
0.00,1.05,0.00, 16.45
0.00,1.35,0.00, 14.76
0.00,1.65,0.00, 15.50
0.00,1.98,0.00, 16.25
0.00,2.32,0.00, 16.75
0.00,2.32,0.00, 16.75
0.00,2.90,0.00, 29.20
0.00,3.14,0.00, 12.06
0.00,3.38,0.00, 12.00
0.00,3.59,0.00, 10.51
0.00,3.78,0.00, 9.25
0.00,3.78,0.00, 9.25
0.00,3.78,0.00, 9.25
0.00,3.78,0.00, 9.25
0.00,3.78,0.00, 9.25
0.00,3.78,0.00, 9.25
0.00,3.78,0.00, 9.25
0.00,3.94,0.00, 8.50
0.00,3.94,0.00, 8.50
0.00,3.94,0.00, 8.50
0.00,3.94,0.00, 8.50
0.00,3.94,0.00, 8.50
0.00,3.94,0.00, 8.50
0.00,3.94,0.00, 8.50
0.00,3.94,0.00, 8.50
0.00,3.94,0.00, 8.50
0.00,3.94,0.00, 8.50
0.00,3.94,0.00, 8.50
0.00,3.94,0.00, 8.50
0.00,3.94,0.00, 8.50
0.00,3.94,0.00, 8.50
0.00,3.94,0.00, 8.50
0.00,3.94,0.00, 8.50
0.00,3.94,0.00, 8.50
0.00,3.94,0.00, 8.50
0.00,3.94,0.00, 8.50
0.00,3.94,0.00, 8.50
0.00,3.94,0.00, 8.50
0.00,3.94,0.00, 8.50
0.00,3.94,0.00, 8.50
0.00,3.94,0.00, 8.50
0.00,3.94,0.00, 8.50
0.00,3.94,0.00, 8.50
0.00,3.94,0.00, 8.50
0.00,3.94,0.00, 8.50
0.00,3.94,0.00, 8.50
0.00,3.94,0.00, 8.50
0.00,3.94,0.00, 8.50
0.00,3.94,0.00, 8.50
0.00,3.94,0.00, 8.50
0.00,3.94,0.00, 8.50
0.00,3.94,0.00, 8.50
0.00,3.94,0.00, 8.50
0.00,3.94,0.00, 8.50
0.00,3.94,0.00, 8.50
0.00,3.94,0.00, 8.50
0.00,3.94,0.00, 8.50
0.00,3.94,0.00, 8.50
0.00,3.94,0.00, 8.50
0.00,4.12,0.00, 8.75
0.00,4.12,0.00, 8.75
0.00,4.12,0.00, 8.75
0.00,4.12,0.00, 8.75
0.00,4.12,0.00, 8.75
0.00,4.12,0.00, 8.75
0.00,4.12,0.00, 8.75
0.00,4.12,0.00, 8.75
0.00,4.12,0.00, 8.75
0.00,4.12,0.00, 8.75
0.00,4.12,0.00, 8.75
0.00,4.12,0.00, 8.75
0.00,4.12,0.00, 8.75
0.00,4.12,0.00, 8.75
0.00,4.12,0.00, 8.75
0.00,4.12,0.00, 8.75
0.00,4.12,0.00, 8.75
0.00,4.12,0.00, 8.75
0.00,4.12,0.00, 8.75
0.00,4.12,0.00, 8.75
0.00,4.12,0.00, 8.75
0.00,4.12,0.00, 8.75
0.00,4.12,0.00, 8.75
0.00,4.12,0.00, 8.75
0.00,4.12,0.00, 8.75
0.00,4.12,0.00, 8.75
0.00,4.12,0.00, 8.75
0.00,4.12,0.00, 8.75
0.00,4.12,0.00, 8.75
0.00,4.12,0.00, 8.75
0.00,4.12,0.00, 8.75
0.00,4.12,0.00, 8.75
0.00,4.12,0.00, 8.75
0.00,4.12,0.00, 8.75
0.00,4.12,0.00, 8.75
0.00,4.12,0.00, 8.75
0.00,4.12,0.00, 8.75
0.00,4.12,0.00, 8.75
0.00,4.12,0.00, 8.75
0.00,4.23,0.00, 5.51
0.00,4.23,0.00, 5.51
0.00,4.23,0.00, 5.51
0.00,4.40,0.00, 8.74
0.00,4.25,0.00, 0.00
0.00,3.44,0.00, 0.00
0.00,3.31,0.00, 0.00
0.00,3.16,0.00, 0.00
0.00,2.98,0.00, 0.00
0.00,2.80,0.00, 0.00
0.00,2.60,0.00, 0.00
0.00,2.35,0.00, 0.00
0.00,2.12,0.00, 0.00
0.00,1.96,0.00, 0.00
0.00,1.72,0.00, 0.00
0.00,1.63,0.00, 0.00
0.00,1.63,0.00, 0.00
0.00,1.17,0.00, 0.00
0.05,1.01,2.46, 0.00
0.00,0.87,0.00, 0.00
0.00,0.87,0.00, 0.00
0.00,0.75,0.00, 0.00
0.00,0.58,0.00, 0.00
0.00,0.58,0.00, 0.00
0.00,0.45,0.00, 0.00
0.00,0.36,0.00, 0.00
0.00,0.27,0.00, 0.00
0.00,0.27,0.00, 0.00
0.00,0.27,0.00, 0.00
0.00,0.27,0.00, 0.00
0.00,0.27,0.00, 0.00
0.00,0.27,0.00, 0.00
0.00,0.27,0.00, 0.00
0.00,0.15,0.00, 0.00
0.00,0.15,0.00, 0.00
0.00,0.09,0.00, 0.00
0.00,0.05,0.00, 0.00
0.00,0.06,0.00, 0.50
0.00,0.06,0.00, 0.50
0.00,0.06,0.00, 0.50
0.00,0.06,0.00, 0.50
0.00,0.06,0.00, 0.50
0.00,0.06,0.00, 0.50
0.00,0.06,0.00, 0.50
0.00,0.05,0.00, 0.00
0.00,0.05,0.00, 0.00
0.00,0.05,0.00, 0.00
0.00,0.05,0.00, 0.00
0.00,0.05,0.00, 0.00
0.00,0.05,0.00, 0.00
0.00,0.05,0.00, 0.00
0.00,0.05,0.00, 0.00
0.00,0.05,0.00, 0.00
0.00,0.05,0.00, 0.00
0.00,0.05,0.00, 0.50
0.00,0.04,0.00, 0.00
0.00,0.05,0.00, 0.50
0.00,0.05,0.00, 0.50
0.00,0.05,0.00, 0.00
0.00,0.05,0.00, 0.50
0.00,0.06,0.00, 0.25
0.00,0.05,0.00, 0.00
0.00,0.05,0.00, 0.50
0.00,0.06,0.00, 0.25
0.00,0.05,0.00, 0.00
0.00,0.05,0.00, 0.00
0.00,0.05,0.00, 0.00
0.00,0.05,0.00, 0.00
0.00,0.04,0.00, 0.00
0.00,0.04,0.00, 0.00
0.00,0.05,0.00, 0.50
0.00,0.05,0.00, 0.00
0.00,0.05,0.00, 0.00
0.00,0.05,0.00, 0.50
0.00,0.05,0.00, 0.00
0.00,0.05,0.00, 0.00
0.00,0.05,0.00, 0.00
0.00,0.05,0.00, 0.50
0.00,0.05,0.00, 0.00
0.00,0.05,0.00, 0.00
0.00,0.05,0.00, 0.00
0.00,0.05,0.00, 0.00
0.00,0.05,0.00, 0.00
0.00,0.05,0.00, 0.00
0.00,0.05,0.00, 0.00
0.00,0.05,0.00, 0.00
0.00,0.05,0.00, 0.00
0.00,0.05,0.00, 0.00
0.00,0.05,0.00, 0.00
0.00,0.05,0.00, 0.00
0.00,0.05,0.00, 0.00
0.00,0.05,0.00, 0.00
0.00,0.05,0.00, 0.50
0.00,0.05,0.00, 0.00
0.00,0.04,0.00, 0.00
0.00,0.05,0.00, 0.50
0.00,0.05,0.00, 0.00
0.00,0.05,0.00, 0.00
0.00,0.05,0.00, 0.00
0.00,0.05,0.00, 0.00
0.00,0.05,0.00, 0.00
0.00,0.05,0.00, 0.00
0.00,0.05,0.00, 0.00
0.00,0.05,0.00, 0.00
0.00,0.05,0.00, 0.00
0.00,0.11,0.00, 3.24
0.00,1.36,0.00, 62.03
0.00,1.69,0.00, 16.92
0.00,2.01,0.00, 16.00
0.00,2.33,0.00, 15.75
0.00,2.60,0.00, 13.76
0.00,2.60,0.00, 13.76
0.00,2.60,0.00, 13.76
0.00,2.60,0.00, 13.76
0.00,2.60,0.00, 13.76
0.00,2.60,0.00, 13.76
0.00,2.91,0.00, 15.49
0.00,3.19,0.00, 14.25
0.00,3.46,0.00, 13.25
0.00,3.97,0.00, 25.70
0.00,4.00,0.00, 1.34
0.00,4.06,0.00, 2.99
0.00,4.11,0.00, 2.25
0.00,4.11,0.00, 0.26
0.00,4.09,0.00, 0.00
0.00,4.09,0.00, 0.00
0.00,4.09,0.00, 0.00
0.00,4.09,0.00, 0.00
0.00,4.09,0.00, 0.00
0.00,4.09,0.00, 0.00
0.00,4.09,0.00, 0.00
0.00,4.09,0.00, 0.00
0.00,4.09,0.00, 0.00
0.00,4.09,0.00, 0.00
0.00,4.09,0.00, 0.00
0.00,4.09,0.00, 0.00
0.00,4.09,0.00, 0.00
0.00,4.07,0.00, 0.00
0.00,4.07,0.00, 0.00
0.00,4.07,0.00, 0.00
0.00,4.07,0.00, 0.00
0.00,4.07,0.00, 0.00
0.00,4.07,0.00, 0.00
0.00,4.07,0.00, 0.00
0.00,4.07,0.00, 0.00
0.00,4.07,0.00, 0.00
0.00,4.07,0.00, 0.00
0.00,4.07,0.00, 0.00
0.00,4.07,0.00, 0.00
0.00,4.07,0.00, 0.00
0.00,4.07,0.00, 0.00
0.00,4.07,0.00, 0.00
0.00,4.07,0.00, 0.00
0.00,4.07,0.00, 0.00
0.00,4.07,0.00, 0.00
0.00,4.07,0.00, 0.00
0.00,4.07,0.00, 0.00
0.00,4.07,0.00, 0.00
0.00,4.07,0.00, 0.00
0.00,4.07,0.00, 0.00
0.00,4.07,0.00, 0.00
0.00,4.07,0.00, 0.00
0.00,4.07,0.00, 0.00
0.00,4.07,0.00, 0.00
0.00,4.07,0.00, 0.00
0.00,4.07,0.00, 0.00
0.00,4.07,0.00, 0.00
0.00,4.07,0.00, 0.00
0.00,4.07,0.00, 0.00
0.00,4.07,0.00, 0.00
0.00,4.07,0.00, 0.00
0.00,4.07,0.00, 0.00
0.00,4.07,0.00, 0.00
0.00,4.07,0.00, 0.00
0.00,4.07,0.00, 0.00
0.00,4.07,0.00, 0.00
0.00,4.07,0.00, 0.00
0.00,4.07,0.00, 0.00
0.00,4.07,0.00, 0.00
0.00,4.07,0.00, 0.00
0.00,4.07,0.00, 0.00
0.00,4.07,0.00, 0.00
0.00,4.07,0.00, 0.00
0.00,4.07,0.00, 0.00
0.00,4.07,0.00, 0.00
0.00,4.07,0.00, 0.00
0.00,4.07,0.00, 0.00
0.00,4.07,0.00, 0.00
0.00,4.07,0.00, 0.00
0.00,4.07,0.00, 0.00
0.00,4.07,0.00, 0.00
0.00,4.05,0.00, 0.00
0.00,4.05,0.00, 0.00
0.00,4.05,0.00, 0.00
0.00,4.05,0.00, 0.00
0.00,4.05,0.00, 0.00
0.00,4.05,0.00, 0.00
0.00,4.05,0.00, 0.00
0.00,4.05,0.00, 0.00
0.00,4.05,0.00, 0.00
0.00,4.05,0.00, 0.00
0.00,4.05,0.00, 0.00
0.00,4.05,0.00, 0.00
0.00,4.05,0.00, 0.00
0.00,4.05,0.00, 0.00
0.00,4.01,0.00, 0.00
0.00,3.79,0.00, 0.00
0.00,3.62,0.00, 0.00
0.00,2.26,0.00, 0.00
0.00,2.15,0.00, 0.00
0.02,2.05,0.99, 0.00
0.00,1.99,0.00, 0.00
0.00,1.93,0.00, 0.00
0.00,1.84,0.00, 0.00
0.00,1.75,0.00, 0.00
0.00,1.62,0.00, 0.00
0.00,1.50,0.00, 0.00
0.00,1.22,0.00, 0.00
0.00,0.96,0.00, 0.00
0.00,0.96,0.00, 0.00
0.00,0.96,0.00, 0.00
0.00,0.96,0.00, 0.00
0.00,0.96,0.00, 0.00
0.00,0.83,0.00, 0.00
0.00,0.83,0.00, 0.00
0.00,0.83,0.00, 0.00
0.00,0.83,0.00, 0.00
0.00,0.83,0.00, 0.00
0.00,0.83,0.00, 0.00
0.00,0.83,0.00, 0.00
0.00,0.83,0.00, 0.00
0.00,0.83,0.00, 0.00
0.00,0.83,0.00, 0.00
0.00,0.83,0.00, 0.00
0.00,0.83,0.00, 0.00
0.00,0.83,0.00, 0.00
0.00,0.83,0.00, 0.00
0.09,0.78,4.43, 0.00
0.00,0.66,0.00, 0.00
0.00,0.31,0.00, 0.00
0.00,0.05,0.00, 0.00
0.00,0.05,0.00, 0.00
0.00,0.05,0.00, 0.00
0.00,0.05,0.00, 0.00
0.00,0.05,0.00, 0.00
0.00,0.05,0.00, 0.00
0.00,0.05,0.00, 0.00
0.00,0.05,0.00, 0.50
0.00,0.06,0.00, 0.25
0.00,0.05,0.00, 0.00
0.00,0.05,0.00, 0.00
0.00,0.05,0.00, 0.00
0.00,0.05,0.00, 0.00
0.00,0.05,0.00, 0.00
0.00,0.04,0.00, 0.00
0.00,0.05,0.00, 0.50
0.00,0.05,0.00, 0.00
0.00,0.05