0.11,0.05,5.42, 2.24
0.15,0.05,2.05, 0.01
0.11,0.05,0.00, 0.00
0.09,0.05,0.00, 0.00
0.09,0.05,0.00, 0.00
0.06,0.05,0.00, 0.00
0.02,0.05,0.00, 0.00
0.00,0.04,0.00, 0.00
0.04,0.05,1.97, 0.50
0.09,0.05,2.49, 0.00
0.11,0.05,1.02, 0.00
0.11,0.05,0.02, 0.00
0.09,0.05,0.00, 0.00
0.09,0.05,0.00, 0.00
0.04,0.05,0.00, 0.00
0.00,0.05,0.00, 0.00
0.04,0.05,1.97, 0.00
0.06,0.05,1.01, 0.00
0.09,0.05,1.49, 0.00
0.06,0.05,0.00, 0.00
0.06,0.05,0.00, 0.00
0.06,0.05,0.00, 0.00
0.09,0.05,1.48, 0.00
0.06,0.04,0.00, 0.00
0.09,0.05,1.48, 0.50
0.09,0.05,0.02, 0.00
0.04,0.04,0.00, 0.00
0.06,0.05,0.99, 0.50
0.06,0.05,0.01, 0.00
0.04,0.05,0.00, 0.00
0.04,0.05,0.00, 0.00
0.06,0.05,0.99, 0.00
0.06,0.05,0.01, 0.00
0.06,0.05,0.00, 0.00
0.02,0.05,0.00, 0.00
0.02,0.05,0.00, 0.00
0.04,0.05,0.99, 0.00
0.06,0.05,1.00, 0.00
0.09,0.05,1.49, 0.00
0.06,0.05,0.00, 0.00
0.06,0.05,0.00, 0.00
0.04,0.05,0.00, 0.50
0.04,0.05,0.00, 0.00
0.04,0.05,0.00, 0.00
0.04,0.05,0.00, 0.00
0.02,0.05,0.00, 0.00
0.04,0.05,0.99, 0.00
0.06,0.05,1.00, 0.00
0.06,0.05,0.01, 0.00
0.04,0.05,0.00, 0.00
0.06,0.05,0.99, 0.00
0.06,0.05,0.01, 0.00
0.04,0.05,0.00, 0.00
0.04,0.05,0.00, 0.00
0.06,0.05,0.99, 0.00
0.06,0.05,0.01, 0.00
0.04,0.05,0.00, 0.00
0.06,0.05,0.99, 0.00
0.06,0.05,0.01, 0.00
0.04,0.05,0.00, 0.00
0.04,0.05,0.00, 0.00
0.04,0.05,0.00, 0.00
0.04,0.05,0.00, 0.00
0.04,0.05,0.00, 0.00
0.02,0.05,0.00, 0.00
0.04,0.05,0.99, 0.00
0.06,0.05,1.00, 0.00
0.06,0.05,0.01, 0.00
0.06,0.05,0.00, 0.00
0.09,0.05,1.48, 0.50
0.06,0.05,0.00, 0.00
0.09,0.05,1.48, 0.00
0.06,0.05,0.00, 0.00
0.02,0.05,0.00, 0.50
0.02,0.05,0.00, 0.00
0.06,0.04,1.97, 0.00
0.02,0.05,0.00, 0.50
0.02,0.05,0.00, 0.00
0.06,0.05,1.97, 0.00
0.04,0.05,0.00, 0.00
0.06,0.05,0.99, 0.00
0.09,0.05,1.49, 0.00
0.06,0.05,0.00, 0.50
0.06,0.05,0.00, 0.00
0.09,0.05,1.48, 0.00
0.06,0.05,0.00, 0.00
0.06,0.05,0.00, 0.00
0.04,0.05,0.00, 0.00
0.04,0.05,0.00, 0.00
0.04,0.05,0.00, 0.00
0.04,0.05,0.00, 0.00
0.02,0.04,0.00, 0.00
0.11,0.05,4.43, 0.50
0.06,0.05,0.00, 0.00
0.06,0.05,0.00, 0.50
0.04,0.05,0.00, 0.00
0.04,0.05,0.00, 0.00
0.04,0.04,0.00, 0.00
0.02,0.05,0.00, 0.50
0.04,0.05,0.99, 0.00
0.06,0.05,1.00, 0.00
0.09,0.05,1.49, 0.50
0.06,0.05,0.00, 0.00
0.09,0.05,1.48, 0.00
0.09,0.05,0.02, 0.00
0.06,0.05,0.00, 0.00
0.04,0.05,0.00, 0.00
0.04,0.05,0.00, 0.00
0.04,0.05,0.00, 0.50
0.04,0.05,0.00, 0.00
0.04,0.04,0.00, 0.00
0.02,0.05,0.00, 0.50
0.02,0.05,0.00, 0.50
0.02,0.05,0.00, 0.50
0.02,0.05,0.00, 0.00
0.06,0.05,1.97, 0.00
0.06,0.05,0.03, 0.00
0.09,0.05,1.48, 0.00
0.06,0.05,0.00, 0.00
0.06,0.05,0.00, 0.00
0.06,0.05,0.00, 0.00
0.09,0.05,1.48, 0.00
0.04,0.05,0.00, 0.00
0.04,0.05,0.00, 0.00
0.02,0.05,0.00, 0.00
0.02,0.05,0.00, 0.00
0.04,0.05,0.99, 0.00
0.09,0.05,2.48, 0.00
0.09,0.05,0.04, 0.00
0.06,0.05,0.00, 0.00
0.06,0.05,0.00, 0.00
0.06,0.05,0.00, 0.00
0.06,0.05,0.00, 0.00
0.06,0.05,0.00, 0.00
0.06,0.05,0.00, 0.00
0.09,0.05,1.48, 0.00
0.06,0.05,0.00, 0.50
0.06,0.05,0.00, 0.50
0.06,0.05,0.00, 0.50
0.04,0.05,0.00, 0.00
0.04,0.05,0.00, 0.00
0.04,0.05,0.00, 0.00
0.04,0.05,0.00, 0.00
0.04,0.05,0.00, 0.00
0.04,0.05,0.00, 0.00
0.04,0.05,0.00, 0.00
0.04,0.05,0.00, 0.00
0.04,0.05,0.00, 0.00
0.04,0.05,0.00, 0.00
0.04,0.05,0.00, 0.00
0.04,0.05,0.00, 0.00
0.04,0.05,0.00, 0.00
0.02,0.05,0.00, 0.00
0.04,0.04,0.99, 0.00
0.04,0.04,0.99, 0.00
0.00,0.13,0.00, 4.73
0.40,3.63,19.71, 174.63
0.87,3.93,23.44, 15.58
1.86,4.25,49.12, 15.75
3.11,4.55,62.30, 15.00
3.11,4.55,62.30, 15.00
3.11,4.55,62.30, 15.00
3.11,4.55,62.30, 15.00
3.11,4.55,62.30, 15.00
3.11,4.55,62.30, 15.00
3.11,4.55,62.30, 15.00
3.11,4.55,62.30, 15.00
3.11,4.55,62.30, 15.00
4.35,4.78,62.00, 11.51
4.71,4.99,18.65, 10.50
4.64,5.15,0.00, 8.26
4.62,5.32,0.00, 8.00
4.62,5.29,0.00, 0.00
4.62,5.26,0.00, 0.00
4.64,5.27,0.99, 0.50
4.64,5.27,0.99, 0.50
4.64,5.27,0.99, 0.50
4.64,5.27,0.99, 0.50
4.64,5.27,0.99, 0.50
4.62,5.24,0.00, 0.00
4.62,5.22,0.00, 0.00
4.62,5.19,0.00, 0.00
4.62,5.31,0.00, 5.73
4.62,5.36,0.00, 2.26
4.62,5.41,0.00, 2.50
4.62,5.45,0.00, 2.50
4.62,5.52,0.00, 3.00
4.62,5.57,0.00, 2.75
4.64,5.60,0.99, 1.50
4.62,5.66,0.00, 3.24
4.62,5.70,0.00, 2.00
4.62,5.70,0.00, 2.00
4.62,5.78,0.00, 3.49
4.62,5.81,0.00, 2.01
4.62,5.86,0.00, 2.00
4.62,5.91,0.00, 2.75
4.64,5.94,0.99, 1.50
4.64,5.97,0.01, 1.50
4.62,5.97,0.00, 0.01
4.62,5.98,0.00, 0.50
4.62,5.97,0.00, 0.00
4.64,5.97,0.99, 0.00
4.64,5.98,0.01, 0.50
4.64,5.98,0.00, 0.00
4.62,5.97,0.00, 0.00
4.64,5.94,0.99, 0.00
4.62,5.95,0.00, 0.50
4.62,5.95,0.00, 0.50
4.64,6.01,0.99, 2.49
4.62,6.08,0.00, 3.75
4.64,6.17,0.99, 4.50
4.64,6.27,0.01, 5.00
4.64,6.27,0.01, 5.00
4.64,6.27,0.01, 5.00
4.64,6.27,0.01, 5.00
4.62,6.38,0.00, 5.50
4.62,6.38,0.00, 5.50
4.62,6.38,0.00, 5.50
4.64,6.47,0.99, 4.75
4.64,6.54,0.01, 3.26
4.64,6.74,0.00, 9.98
4.62,6.80,0.00, 3.03
4.64,6.86,0.99, 3.00
4.62,6.95,0.00, 4.49
4.62,7.05,0.00, 4.75
4.64,7.18,0.99, 6.49
4.64,7.30,0.01, 6.00
4.64,7.45,0.00, 7.74
4.64,7.57,0.00, 6.01
4.62,7.67,0.00, 5.00
4.62,7.67,0.00, 5.00
4.64,7.76,0.99, 4.25
4.64,7.82,0.01, 3.00
4.62,7.89,0.00, 3.50
4.64,7.96,0.99, 4.00
4.64,8.04,0.01, 3.75
4.64,8.15,0.00, 5.74
4.64,8.34,0.00, 9.24
4.64,8.53,0.00, 9.50
4.64,8.75,0.00, 10.75
4.64,8.97,0.00, 11.25
4.62,9.22,0.00, 12.50
4.62,9.22,0.00, 12.50
4.62,9.22,0.00, 12.50
4.64,9.43,0.99, 10.26
4.62,9.61,0.00, 9.25
4.64,9.70,0.99, 4.77
4.64,9.81,0.01, 5.00
4.64,9.81,0.00, 0.27
4.64,9.81,0.00, 0.00
4.64,9.81,0.00, 0.00
4.64,9.81,0.00, 0.00
4.64,9.81,0.00, 0.00
4.64,9.81,0.00, 0.00
4.64,9.81,0.00, 0.00
4.64,9.81,0.00, 0.00
4.64,9.81,0.00, 0.00
4.64,9.81,0.00, 0.00
4.62,9.81,0.00, 0.00
4.64,9.81,0.99, 0.00
4.64,9.81,0.01, 0.00
4.64,9.81,0.00, 0.00
4.64,9.81,0.00, 0.00
4.64,9.81,0.00, 0.00
4.62,9.71,0.00, 0.00
4.64,9.58,0.99, 0.00
4.64,9.32,0.01, 0.00
4.64,8.99,0.00, 0.00
4.64,8.58,0.00, 0.00
4.64,8.10,0.00, 0.00
4.62,7.57,0.00, 0.00
4.62,6.99,0.00, 0.00
4.62,6.99,0.00, 0.00
4.62,6.99,0.00, 0.00
4.64,6.34,0.99, 0.00
4.64,5.67,0.01, 0.00
0.00,5.10,0.00, 0.00
0.00,3.83,0.00, 0.00
2.01,3.13,99.02, 0.00
4.86,2.48,141.86, 0.00
4.86,1.95,2.09, 0.00
2.60,1.55,0.00, 0.00
0.00,1.16,0.00, 0.00
0.00,0.83,0.00, 0.00
1.12,0.56,55.18, 0.00
0.29,0.31,0.00, 0.00
0.00,0.15,0.00, 0.00
0.00,0.05,0.00, 0.00
1.45,0.06,71.43, 0.50
1.27,0.07,0.00, 0.50
0.00,0.07,0.00, 0.00
0.00,0.06,0.00, 0.00
1.01,0.05,49.76, 0.00
1.05,0.04,2.70, 0.00
0.42,0.05,0.00, 0.50
0.00,0.05,0.00, 0.00
0.02,0.05,0.99, 0.00
0.02,0.05,0.99, 0.00
0.00,0.05,0.00, 0.00
0.00,0.05,0.00, 0.00
0.00,0.05,0.00, 0.00
0.00,0.05,0.00, 0.00
0.00,0.05,0.00, 0.00
0.47,0.05,23.15, 0.50
0.47,0.05,23.15, 0.50
0.69,0.04,11.18, 0.00
0.65,0.05,0.00, 0.50
0.62,0.05,0.00, 0.00
0.09,0.05,0.00, 0.50
0.00,0.05,0.00, 0.00
0.00,0.05,0.00, 0.00
0.11,0.05,5.42, 0.50
0.11,0.05,5.42, 0.50
0.11,0.05,5.42, 0.50
0.20,0.05,4.51, 0.00
0.20,0.05,4.51, 0.00
0.31,0.04,5.49, 0.00
0.51,0.04,9.93, 0.00
0.35,0.04,0.00, 0.00
0.15,0.05,0.00, 0.50
0.20,0.04,2.46, 0.00
0.15,0.05,0.00, 0.50
0.20,0.05,2.46, 0.00
0.33,0.04,6.44, 0.00
0.33,0.04,6.44, 0.00
0.38,0.05,2.56, 0.50
0.26,0.05,0.00, 0.00
0.15,0.05,0.00, 0.00
0.15,0.05,0.00, 0.00
0.15,0.05,0.00, 0.00
0.15,0.05,0.00, 0.00
0.15,0.05,0.00, 0.00
0.15,0.05,0.00, 0.00
0.15,0.05,0.00, 0.00
0.15,0.05,0.00, 0.00
0.15,0.05,0.00, 0.00
0.15,0.05,0.00, 0.00
0.15,0.05,0.00, 0.00
0.15,0.05,0.00, 0.00
0.15,0.05,0.00, 0.00
0.15,0.05,0.00, 0.00
0.15,0.05,0.00, 0.00
0.18,0.05,1.48, 0.00
0.15,0.05,0.00, 0.00
0.15,0.05,0.00, 0.00
0.11,0.05,0.00, 0.00
0.26,0.05,7.39, 0.00
0.22,0.05,0.00, 0.00
0.20,0.05,0.00, 0.00
0.20,0.05,0.00, 0.00
0.20,0.05,0.00, 0.00
0.22,0.05,0.99, 0.00
0.24,0.05,1.00, 0.00
0.24,0.05,0.01, 0.00
0.24,0.04,0.00, 0.00
0.22,0.05,0.00, 0.50
0.20,0.05,0.00, 0.00
0.18,0.05,0.00, 0.00
0.18,0.05,0.00, 0.00
0.20,0.05,0.99, 0.00
0.20,0.05,0.99, 0.00
0.20,0.05,0.99, 0.00
0.20,0.05,0.99, 0.00
0.20,0.05,0.99, 0.00
0.20,0.05,0.99, 0.00
0.20,0.05,0.99, 0.00
0.22,0.05,1.00, 0.00
0.22,0.05,0.01, 0.00
0.24,0.05,0.99, 0.00
0.24,0.07,0.01, 1.25
0.00,0.25,0.00, 8.97
0.00,0.59,0.00, 16.97
0.00,0.90,0.00, 15.75
0.00,1.32,0.00, 20.48
0.22,1.75,10.84, 21.99
0.40,2.22,9.03, 23.00
0.92,2.68,25.75, 23.25
1.66,3.14,36.83, 23.00
2.19,3.67,26.65, 26.49
2.19,3.67,26.65, 26.49
2.19,3.67,26.65, 26.49
2.19,3.67,26.65, 26.49
2.19,3.67,26.65, 26.49
2.78,4.24,29.46, 28.49
3.47,4.84,34.43, 29.75
4.14,5.39,33.51, 27.76
4.57,6.88,21.68, 74.33
4.57,7.11,0.32, 11.48
4.59,7.32,0.99, 10.50
4.59,7.44,0.01, 6.51
4.62,7.53,1.48, 4.51
4.59,7.57,0.00, 2.01
4.59,7.57,0.00, 0.00
4.62,7.56,1.48, 0.00
4.59,7.56,0.00, 0.00
4.62,7.52,1.48, 0.00
4.62,7.48,0.02, 0.00
4.62,7.45,0.00, 0.00
4.62,7.39,0.00, 0.00
4.62,7.34,0.00, 0.00
4.62,7.27,0.00, 0.00
4.62,7.20,0.00, 0.00
4.62,7.20,0.00, 0.00
4.62,7.16,0.00, 0.00
4.62,7.16,0.00, 0.00
4.62,7.10,0.00, 0.00
4.62,7.07,0.00, 0.00
4.62,7.03,0.00, 0.00
4.62,7.00,0.00, 0.00
4.62,7.02,0.00, 1.00
4.62,7.03,0.00, 0.50
4.62,7.03,0.00, 0.50
4.62,7.03,0.00, 0.50
4.62,7.03,0.00, 0.50
4.62,7.08,0.00, 2.49
4.62,7.08,0.00, 2.49
4.62,7.08,0.00, 2.49
4.62,7.14,0.00, 2.75
4.62,7.20,0.00, 3.50
4.64,7.32,0.99, 5.49
4.62,7.38,0.00, 3.01
4.64,7.40,0.99, 1.26
4.62,7.44,0.00, 2.25
4.62,7.51,0.00, 3.00
4.64,7.54,0.99, 1.75
4.64,7.60,0.01, 3.00
4.62,7.61,0.00, 0.76
4.62,7.61,0.00, 0.76
4.62,7.63,0.00, 0.75
4.64,7.61,0.99, 0.00
4.64,7.62,0.01, 0.50
4.64,7.62,0.01, 0.50
4.64,7.62,0.01, 0.50
4.62,7.60,0.00, 0.00
4.64,7.58,0.99, 0.00
4.64,7.57,0.01, 0.00
4.62,7.55,0.00, 0.00
4.64,7.51,0.99, 0.00
4.64,7.43,0.01, 0.00
4.66,7.40,0.99, 0.00
4.64,7.35,0.00, 0.00
4.64,7.28,0.00, 0.00
4.64,7.28,0.00, 0.00
4.64,7.28,0.00, 0.00
4.64,7.22,0.00, 0.00
4.62,7.20,0.00, 0.00
4.64,7.19,0.99, 0.00
4.64,7.15,0.01, 0.00
4.62,7.13,0.00, 0.00
4.64,7.09,0.99, 0.00
4.64,7.07,0.01, 0.00
4.64,7.02,0.00, 0.00
4.64,6.95,0.00, 0.00
4.64,6.88,0.00, 0.00
4.64,6.88,0.00, 0.00
4.62,6.83,0.00, 0.00
4.64,6.76,0.99, 0.00
4.64,6.71,0.01, 0.00
4.64,6.71,0.01, 0.00
4.64,6.71,0.01, 0.00
4.64,6.66,0.00, 0.00
4.64,6.61,0.00, 0.00
4.64,6.57,0.00, 0.00
4.62,6.42,0.00, 0.00
4.64,6.32,0.99, 0.00
4.64,6.24,0.01, 0.00
4.64,6.24,0.01, 0.00
4.64,6.24,0.01, 0.00
4.64,6.24,0.01, 0.00
4.64,6.24,0.01, 0.00
4.64,6.24,0.01, 0.00
4.64,6.16,0.00, 0.00
4.64,6.15,0.00, 0.00
4.64,6.16,0.00, 0.50
4.64,6.03,0.00, 0.00
4.64,5.97,0.00, 0.00
4.64,5.87,0.00, 0.00
4.64,5.83,0.00, 0.00
4.64,5.78,0.00, 0.00
4.64,5.78,0.00, 0.00
4.64,5.73,0.00, 0.00
4.64,5.73,0.00, 0.00
4.64,5.65,0.00, 0.00
4.64,5.59,0.00, 0.00
4.64,5.34,0.00, 0.00
4.64,5.34,0.00, 0.00
4.64,5.34,0.00, 0.00
4.62,5.13,0.00, 0.00
4.62,5.13,0.00, 0.00
4.64,4.85,0.99, 0.00
4.64,4.52,0.01, 0.00
0.00,3.39,0.00, 0.00
0.00,3.03,0.00, 0.00
0.00,3.03,0.00, 0.00
1.59,2.54,78.33, 0.00
4.75,2.07,156.83, 0.00
4.46,1.74,0.00, 0.00
3.05,1.51,0.00, 0.00
0.00,1.30,0.00, 0.00
0.00,1.30,0.00, 0.00
0.00,1.30,0.00, 0.00
0.00,1.05,0.00, 0.00
0.02,0.77,0.99, 0.00
1.90,0.51,92.63, 0.00
0.94,0.28,0.00, 0.00
0.00,0.15,0.00, 0.00
0.00,0.15,0.00, 0.00
0.00,0.15,0.00, 0.00
0.00,0.15,0.00, 0.00
0.00,0.15,0.00, 0.00
0.00,0.15,0.00, 0.00
0.00,0.15,0.00, 0.00
0.00,0.15,0.00, 0.00
0.00,0.15,0.00, 0.00
0.00,0.15,0.00, 0.00
0.00,0.15,0.00, 0.00
0.00,0.09,0.00, 0.00
0.00,0.09,0.00, 0.00
0.00,0.09,0.00, 0.00
0.00,0.07,0.00, 0.00
0.15,0.07,7.39, 0.00
0.02,0.05,0.00, 0.00
0.00,0.05,0.00, 0.50
0.00,0.06,0.00, 0.25
0.00,0.06,0.00, 0.00
0.00,0.05,0.00, 0.00
0.00,0.05,0.00, 0.50
0.00,0.05,0.00, 0.00
0.00,0.05,0.00, 0.00
0.00,0.05,0.00, 0.00
0.00,0.05,0.00, 0.00
0.00,0.05,0.00, 0.00
0.00,0.05,0.00, 0.00
0.00,0.05,0.00, 0.00
0.00,0.05,0.00, 0.50
0.00,0.05,0.00, 0.00
0.00,0.05,0.00, 0.50
0.00,0.05,0.00, 0.00
0.00,0.05,0.00, 0.00
0.00,0.05,0.00, 0.00
0.00,0.05,0.00, 0.00
0.00,0.05,0.00, 0.00
0.00,0.05,0.00, 0.00
0.00,0.04,0.00, 0.00
0.00,0.05,0.00, 0.50
0.00,0.05,0.00, 0.00
0.00,0.05,0.00, 0.00
0.00,0.05,0.00, 0.00
0.00,0.05,0.00, 0.00
0.00,0.05,0.00, 0.00
0.00,0.05,0.00, 0.00
0.00,0.05,0.00, 0.00
0.00,0.05,0.00, 0.00
0.00,0.05,0.00, 0.00
0.00,0.05,0.00, 0.00
0.00,0.05,0.00, 0.00
0.00,0.05,0.00, 0.00
0.00,0.05,0.00, 0.00
0.00,0.04,0.00, 0.00
0.00,0.06,0.00, 1.49
0.00,0.05,0.00, 0.00
0.00,0.05,0.00, 0.50
0.00,0.05,0.00, 0.00
0.00,0.05,0.00, 0.00
0.00,0.05,0.00, 0.00
0.00,0.05,0.00, 0.50
0.00,0.05,0.00, 0.00
0.00,0.05,0.00, 0.00
0.00,0.05,0.00, 0.00
0.00,0.05,0.00, 0.00
0.00,0.05,0.00, 0.00
0.00,0.05,0.00, 0.00
0.00,0.05,0.00, 0.00
0.00,0.05,0.00, 0.00
0.00,0.05,0.00, 0.00
0.00,0.05,0.00, 0.00
0.00,0.05,0.00, 0.00
0.00,0.05,0.00, 0.00
0.00,0.05,0.00, 0.00
0.00,0.05,0.00, 0.00
0.00,0.05,0.00, 0.00
0.00,0.05,0.00, 0.00
0.00,0.05,0.00, 0.00
0.00,0.05,0.00, 0.00
0.00,0.05,0.00, 0.00
0.00,0.05,0.00, 0.50
0.00,0.05,0.00, 0.00
0.00,0.05,0.00, 0.00
0.00,0.05,0.00, 0.00
0.00,0.05,0.00, 0.00
0.00,0.05,0.00, 0.50
0.00,0.05,0.00, 0.00
0.00,0.05,0.00, 0.00
0.00,0.05,0.00, 0.00
0.00,0.05,0.00, 0.00
0.00,0.05,0.00, 0.00
0.00,0.05,0.00, 0.50
0.00,0.05,0.00, 0.00
0.00,0.05,0.00, 0.00
0.00,0.05,0.00, 0.50
0.00,0.05,0.00, 0.00
0.00,0.05,0.00, 0.50
0.00,0.05,0.00, 0.50
0.00,0.06,0.00, 0.25
0.00,0.05,0.00, 0.00
0.00,0.04,0.00, 0.00
0.00,0.04,0.00, 0.00
0.00,0.04,0.00, 0.00
0.00,0.05,0.00, 0.50
0.00,0.05,0.00, 0.00
0.00,0.05,0.00, 0.00
0.00,0.05,0.00, 0.00
0.00,0.05,0.00, 0.00
0.00,0.05,0.00, 0.00
0.00,0.05,0.00, 0.00
0.00,0.05,0.00, 0.00
0.00,0.05,0.00, 0.00
0.00,0.05,0.00, 0.00
0.00,0.05,0.00, 0.50
0.00,0.05,0.00, 0.00
0.00,0.05,0.00, 0.00
0.00,0.05,0.00, 0.00
0.00,0.05,0.00, 0.00
0.00,0.05,0.00, 0.00
0.00,0.05,0.00, 0.00
0.00,0.05,0.00, 0.50
0.00,0.05,0.00, 0.00
0.00,0.05,0.00, 0.00
0.00,0.05,0.00, 0.00
0.00,0.05,0.00, 0.00
0.00,0.05,0.00, 0.00
0.00,0.05,0.00, 0.00
0.00,0.05,0.00, 0.00
0.00,0.05,0.00, 0.00
0.00,0.05,0.00, 0.00
0.00,0.05,0.00, 0.00
0.00,0.05,0.00, 0.00
0.00,0.05,0.00, 0.00
0.00,0.05,0.00, 0.00
0.00,0.05,0.00, 0.00
0.00,0.05,0.00, 0.00
0.00,0.05,0.00, 0.00
0.00,0.05,0.00, 0.50
0.00,0.06,0.00, 0.25
0.00,0.05,0.00, 0.00
0.00,0.05,0.00, 0.00
0.00,0.05,0.00, 0.00
0.00,0.05,0.00, 0.00
0.00,0.05,0.00, 0.00
0.00,0.05,0.00, 0.50
0.00,0.05,0.00, 0.00
0.00,0.05,0.00, 0.00
0.00,0.05,0.00, 0.00
0.00,0.05,0.00, 0.00
0.00,0.05,0.00, 0.00
0.00,0.05,0.00, 0.00
0.00,0.05,0.00, 0.00
0.00,0.20,0.00, 7.47
0.00,0.20,0.00, 7.47
0.00,0.20,0.00, 7.47
0.00,0.20,0.00, 7.47
0.00,0.20,0.00, 7.47
0.00,0.20,0.00, 7.47
0.00,0.20,0.00, 7.47
0.00,0.20,0.00, 7.47
0.00,0.40,0.00, 10.24
0.00,0.69,0.00, 14.24
0.00,0.98,0.00, 14.75
0.62,2.47,30.54, 74.53
0.85,2.85,11.78, 18.95
1.16,3.22,15.45, 18.25
1.50,3.60,16.98, 19.00
1.90,3.97,19.96, 18.50
2.44,4.32,26.90, 18.00
2.96,4.64,26.01, 16.01
3.54,4.93,28.96, 14.01
4.08,5.22,27.03, 14.75
4.44,5.47,18.13, 12.76
4.57,5.70,6.67, 11.50
4.57,5.91,0.10, 10.50
4.57,5.91,0.10, 10.50
4.59,6.14,0.99, 11.00
4.59,6.30,0.01, 8.26
4.59,6.30,0.01, 8.26
4.59,6.44,0.00, 7.00
4.59,6.52,0.00, 4.01
4.59,6.60,0.00, 4.00
4.59,6.66,0.00, 3.00
4.59,6.70,0.00, 2.25
4.59,6.74,0.00, 1.75
4.59,6.77,0.00, 1.50
4.59,6.78,0.00, 0.50
4.59,6.78,0.00, 0.50
4.62,6.80,1.48, 0.75
4.62,6.78,0.02, 0.00
4.62,6.74,0.00, 0.00
4.62,6.72,0.00, 0.00
4.62,6.66,0.00, 0.00
4.62,6.61,0.00, 0.00
4.62,6.57,0.00, 0.00
4.62,6.53,0.00, 0.00
4.62,6.51,0.00, 0.00
4.64,6.48,0.99, 0.00
4.62,6.46,0.00, 0.00
4.62,6.43,0.00, 0.00
4.62,6.40,0.00, 0.00
4.64,6.40,0.99, 0.00
4.64,6.40,0.99, 0.00
4.64,6.40,0.99, 0.00
4.64,6.40,0.99, 0.00
4.64,6.40,0.99, 0.00
4.62,6.38,0.00, 0.00
4.62,6.38,0.00, 0.00
4.62,6.40,0.00, 1.49
4.64,6.39,0.99, 0.00
4.64,6.55,0.01, 7.97
4.62,6.61,0.00, 3.02
4.62,6.61,0.00, 3.02
4.62,6.61,0.00, 3.02
4.62,6.61,0.00, 3.02
4.62,6.61,0.00, 3.02
4.62,6.61,0.00, 3.02
4.64,6.65,0.99, 2.00
4.64,6.67,0.01, 1.00
4.64,6.67,0.01, 1.00
4.64,6.68,0.00, 0.75
4.64,6.80,0.00, 5.98
4.64,6.82,0.00, 1.02
4.64,6.84,0.00, 0.75
4.62,6.85,0.00, 0.50
4.64,6.84,0.99, 0.00
4.64,6.84,0.01, 0.00
4.64,6.84,0.00, 0.00
4.64,6.84,0.00, 0.00
4.64,6.80,0.00, 0.00
4.64,6.77,0.00, 0.00
4.64,6.77,0.00, 0.00
4.64,6.82,0.00, 2.49
4.64,6.76,0.00, 0.00
4.64,6.77,0.00, 0.50
4.64,6.80,0.00, 1.50
4.64,6.80,0.00, 0.00
4.64,6.80,0.00, 0.00
4.64,6.73,0.00, 0.00
4.62,6.72,0.00, 0.00
4.64,6.65,0.99, 0.00
4.64,6.60,0.01, 0.00
4.64,6.56,0.00, 0.00
4.64,6.56,0.00, 0.00
4.64,6.60,0.00, 1.49
4.62,6.61,0.00, 1.00
4.64,6.62,0.99, 0.50
4.64,6.61,0.01, 0.00
4.64,6.61,0.01, 0.00
4.64,6.56,0.00, 0.00
4.64,6.45,0.00, 0.00
4.64,6.31,0.00, 0.00
4.64,6.31,0.00, 0.00
4.64,6.31,0.00, 0.00
4.64,6.31,0.00, 0.00
4.64,6.31,0.00, 0.00
4.64,6.03,0.00, 0.00
4.64,6.01,0.00, 0.00
4.64,6.01,0.00, 0.00
4.64,5.97,0.00, 0.00
4.64,5.71,0.00, 0.00
4.64,5.61,0.00, 0.00
4.64,5.50,0.00, 0.00
4.64,5.35,0.00, 0.00
4.64,5.15,0.00, 0.00
4.64,5.15,0.00, 0.00
4.64,4.93,0.00, 0.00
4.64,4.77,0.00, 0.00
4.64,4.69,0.00, 0.00
4.66,4.57,0.99, 0.00
3.56,4.45,0.00, 0.00
0.00,4.36,0.00, 0.00
0.00,4.11,0.00, 0.00
4.37,3.84,215.29, 0.00
4.59,3.64,14.01, 0.00
4.64,3.45,2.67, 0.00
4.64,3.45,2.67, 0.00
4.62,3.19,0.00, 0.00
2.13,2.87,0.00, 0.00
0.00,2.55,0.00, 0.00
0.00,2.55,0.00, 0.00
0.42,2.16,20.69, 0.00
0.42,2.16,20.69, 0.00
0.42,2.16,20.69, 0.00
2.53,1.75,104.25, 0.00
2.44,1.35,0.00, 0.00
0.04,0.48,0.00, 0.00
0.44,0.29,19.71, 0.00
0.00,0.13,0.00, 0.00
0.00,0.10,0.00, 0.00
0.00,0.10,0.00, 0.00
0.00,0.08,0.00, 0.00
0.00,0.06,0.00, 0.00
0.00,0.06,0.00, 0.00
0.00,0.04,0.00, 0.00
0.00,0.04,0.00, 0.00
0.00,0.04,0.00, 0.00
0.00,0.04,0.00, 0.00
0.00,0.04,0.00, 0.00
0.09,0.05,4.43, 0.50
0.00,0.05,0.00, 0.00
0.00,0.04,0.00, 0.00
0.00,0.05,0.00, 0.50
0.00,0.05,0.00, 0.50
0.00,0.06,0.00, 0.25
0.00,0.06,0.00, 0.00
0.00,0.06,0.00, 0.00
0.00,0.06,0.00, 0.00
0.00,0.05,0.00, 0.00
0.00,0.05,0.00, 0.00
0.00,0.04,0.00, 0.00
0.00,0.05,0.00, 0.50
0.00,0.05,0.00, 0.00
0.00,0.05,0.00, 0.00
0.00,0.05,0.00, 0.00
0.00,0.05,0.00, 0.00
0.00,0.05,0.00, 0.00
0.00,0.05,0.00, 0.00
0.00,0.05,0.00, 0.00
0.00,0.05,0.00, 0.00
0.00,0.05,0.00, 0.00
0.00,0.05,0.00, 0.00
0.00,0.05,0.00, 0.50
0.00,0.05,0.00, 0.00
0.00,0.04,0.00, 0.00
0.00,0.05,0.00, 0.50
0.00,0.05,0.00, 0.00
0.00,0.05,0.00, 0.00
0.00,0.05,0.00, 0.00
0.00,0.05,0.00, 0.00
0.00,0.05,0.00, 0.00
0.00,0.05,0.00, 0.00
0.00,0.05,0.00, 0.00
0.00,0.05,0.00, 0.50
0.00,0.05,0.00, 0.00
0.00,0.05,0.00, 0.00
0.00,0.05,0.00, 0.00
0.00,0.05,0.00, 0.00
0.00,0.05,0.00, 0.00
0.00,0.05,0.00, 0.00
0.00,0.05,0.00, 0.00
0.00,0.05,0.00, 0.00
0.00,0.05,0.00, 0.00
0.00,0.05,0.00, 0.00
0.00,0.05,0.00, 0.00
0.00,0.05,0.00, 0.00
0.00,0.05,0.00, 0.00
0.00,0.05,0.00, 0.00
0.00,0.05,0.00, 0.00
0.00,0.05,0.00, 0.00
0.00,0.05,0.00, 0.00
0.00,0.05,0.00, 0.00
0.00,0.05,0.00, 0.00
0.00,0.05,0.00, 0.00
0.00,0.05,0.00, 0.00
0.00,0.05,0.00, 0.00
0.00,0.05,0.00, 0.00
0.00,0.05,0.00, 0.00
0.00,0.05,0.00, 0.00
0.00,0.05,0.00, 0.50
0.00,0.58,0.00, 26.16
0.00,0.69,0.00, 5.33
0.00,1.66,0.00, 48.59
0.00,1.98,0.00, 16.12
0.00,2.28,0.00, 15.00
0.00,2.54,0.00, 12.76
0.00,2.81,0.00, 13.50
0.00,3.04,0.00, 11.76
0.00,3.26,0.00, 11.25
0.18,3.50,8.87, 11.75
0.58,3.72,19.84, 10.75
1.03,3.94,22.46, 11.25
1.03,3.94,22.46, 11.25
1.03,3.94,22.46, 11.25
1.03,3.94,22.46, 11.25
1.03,3.94,22.46, 11.25
1.03,3.94,22.46, 11.25
1.03,3.94,22.46, 11.25
1.03,3.94,22.46, 11.25
1.45,4.18,21.02, 12.00
1.45,4.18,21.02, 12.00
1.45,4.18,21.02, 12.00
1.86,4.40,20.51, 11.25
2.33,4.64,23.46, 11.50
4.62,5.68,113.16, 51.85
4.62,5.90,1.66, 11.40
4.59,6.00,0.00, 5.02
4.59,6.09,0.00, 4.50
4.59,6.09,0.00, 4.50
4.59,6.09,0.00, 4.50
4.59,6.09,0.00, 4.50
4.62,6.15,1.48, 3.25
4.62,6.20,0.02, 2.50
4.62,6.26,0.00, 2.50
4.62,6.28,0.00, 1.25
4.62,6.26,0.00, 0.00
4.62,6.26,0.00, 0.00
4.62,6.26,0.00, 0.00
4.64,6.23,0.99, 0.00
4.64,6.18,0.01, 0.00
4.62,6.06,0.00, 0.00
4.64,5.90,0.99, 0.00
4.64,5.86,0.01, 0.00
4.62,5.82,0.00, 0.00
4.62,5.82,0.00, 0.00
4.64,5.82,0.99, 0.00
4.64,5.76,0.01, 0.00
4.64,5.76,0.00, 0.00
4.64,5.76,0.00, 0.00
4.64,5.72,0.00, 0.00
4.62,5.74,0.00, 1.00
4.62,5.76,0.00, 1.00
4.64,5.77,0.99, 0.25
4.64,5.77,0.01, 0.25
4.64,5.76,0.00, 0.00
4.64,5.73,0.00, 0.00
4.64,5.70,0.00, 0.00
4.64,5.63,0.00, 0.00
4.64,5.57,0.00, 0.00
4.64,5.57,0.00, 0.00
4.64,5.57,0.00, 0.00
4.64,5.49,0.00, 0.00
4.64,5.43,0.00, 0.00
4.64,5.43,0.00, 0.00
4.64,5.43,0.00, 0.00
4.64,5.40,0.00, 0.00
4.64,5.40,0.00, 0.25
4.64,5.39,0.00, 0.00
4.64,5.39,0.00, 0.00
4.64,5.39,0.00, 0.50
4.64,5.39,0.00, 0.50
4.64,5.39,0.00, 0.50
4.64,5.38,0.00, 0.00
4.64,5.38,0.00, 0.00
4.64,5.38,0.00, 0.00
4.64,5.38,0.00, 0.00
4.64,5.38,0.00, 0.00
4.62,5.35,0.00, 0.00
4.64,5.35,0.99, 0.00
4.64,5.38,0.01, 1.25
4.64,5.57,0.00, 9.47
4.66,5.57,0.99, 0.03
4.64,5.57,0.00, 0.50
4.64,5.57,0.00, 0.50
4.64,5.57,0.00, 0.50
4.64,5.57,0.00, 0.50
4.64,5.57,0.00, 0.50
4.64,5.57,0.00, 0.50
4.64,5.57,0.00, 0.00
4.64,5.59,0.00, 0.75
4.64,5.58,0.00, 0.00
4.64,5.17,0.00, 0.00
4.64,5.17,0.00, 0.00
4.64,5.00,0.00, 0.00
4.64,4.84,0.00, 0.00
4.64,4.61,0.00, 0.00
4.64,4.42,0.00, 0.00
4.64,4.42,0.00, 0.00
4.64,4.42,0.00, 0.00
4.64,4.42,0.00, 0.00
4.64,4.24,0.00, 0.00
4.64,4.07,0.00, 0.00
4.66,3.89,0.99, 0.00
4.66,3.89,0.99, 0.00
4.64,3.54,0.00, 0.00
4.64,3.38,0.00, 0.00
4.64,3.17,0.00, 0.00
0.00,2.98,0.00, 0.00
0.00,2.98,0.00, 0.00
2.66,2.43,131.04, 0.00
4.77,2.01,105.88, 0.00
4.59,1.88,0.00, 0.00
4.66,1.80,3.45, 0.00
0.98,1.73,0.00, 0.00
0.00,1.60,0.00, 0.00
1.36,1.35,67.00, 0.00
2.80,1.08,71.93, 0.00
2.17,0.85,0.00, 0.00
0.24,0.64,0.00, 0.00
0.24,0.64,0.00, 0.00
0.24,0.64,0.00, 0.00
0.24,0.64,0.00, 0.00
0.24,0.64,0.00, 0.00
0.24,0.64,0.00, 0.00
0.24,0.64,0.00, 0.00
0.00,0.46,0.00, 0.00
0.22,0.30,10.84, 0.00
0.58,0.15,17.89, 0.00
0.00,0.05,0.00, 0.00
0.00,0.05,0.00, 0.00
0.00,0.05,0.00, 0.00
0.00,0.05,0.00, 0.00
0.00,0.06,0.00, 0.25
0.00,0.06,0.00, 0.25
0.00,0.06,0.00, 0.25
0.00,0.06,0.00, 0.25
0.00,0.06,0.00, 0.25
0.00,0.06,0.00, 0.25
0.00,0.06,0.00, 0.25
0.00,0.06,0.00, 0.00
0.00,0.06,0.00, 0.00
0.00,0.05,0.00, 0.00
0.00,0.05,0.00, 0.50
0.00,0.05,0.00, 0.00
0.00,0.05,0.00, 0.00
0.00,0.05,0.00, 0.00
0.00,0.05,0.00, 0.00
0.00,0.05,0.00, 0.00
0.00,0.05,0.00, 0.50
0.00,0.06,0.00, 0.25
0.00,0.06,0.00, 0.00
0.00,0.06,0.00, 0.00
0.00,0.05,0.00, 0.00
0.00,0.05,0.00, 0.00
0.00,0.05,0.00, 0.00
0.00,0.05,0.00, 0.00
0.00,0.05,0.00, 0.00
0.00,0.05,0.00, 0.00
0.00,0.05,0.00, 0.00
0.00,0.05,0.00, 0.00
0.00,0.05,0.00, 0.00
0.00,0.05,0.00, 0.00
0.00,0.05,0.00, 0.00
0.00,0.05,0.00, 0.00
0.00,0.05,0.00, 0.00
0.00,0.05,0.00, 0.00
0.00,0.05,0.00, 0.00
0.00,0.05,0.00, 0.00
0.00,0.05,0.00, 0.00
0.00,0.05,0.00, 0.00
0.00,0.05,0.00, 0.00
0.00,0.05,0.00, 0.50
0.00,0.05,0.00, 0.00
0.00,0.05,0.00, 0.00
0.00,0.05,0.00, 0.00
0.00,0.05,0.00, 0.00
0.00,0.05,0.00, 0.00
0.00,0.05,0.00, 0.00
0.00,0.05,0.00, 0.00
0.00,0.05,0.00, 0.00
0.00,0.05,0.00, 0.00
0.00,0.05,0.00, 0.00
0.00,0.05,0.00, 0.00
0.00,0.05,0.00, 0.00
0.00,0.05,0.00, 0.00
0.00,0.05,0.00, 0.00
0.00,0.75,0.00, 35.12
0.00,1.31,0.00, 27.78
1.41,2.93,69.46, 81.30
2.04,3.51,32.06, 28.69
2.82,4.01,38.90, 25.26
3.56,4.49,37.03, 24.00
4.03,4.94,23.70, 22.75
4.41,5.40,19.07, 22.75
4.59,5.74,9.15, 17.27
4.59,5.74,9.15, 17.27
4.59,5.98,0.13, 12.02
4.62,6.20,1.48, 10.75
4.62,6.37,0.02, 8.51
4.62,6.52,0.00, 7.25
4.62,6.52,0.00, 7.25
4.62,6.52,0.00, 7.25
4.62,6.52,0.00, 7.25
4.62,6.52,0.00, 7.25
4.62,6.52,0.00, 7.25
4.62,6.52,0.00, 7.25
4.62,6.52,0.00, 7.25
4.62,6.52,0.00, 7.25
4.62,6.52,0.00, 7.25
4.62,6.52,0.00, 7.25
4.62,6.52,0.00, 7.25
4.62,6.52,0.00, 7.25
4.62,6.52,0.00, 7.25
4.62,6.52,0.00, 7.25
4.62,6.52,0.00, 7.25
4.62,6.52,0.00, 7.25
4.62,6.52,0.00, 7.25
4.62,6.62,0.00, 5.51
4.62,6.66,0.00, 2.01
4.62,6.66,0.00, 2.01
4.62,6.66,0.00, 2.01
4.62,6.65,0.00, 0.00
4.64,5.28,0.99, 0.00
4.64,5.24,0.01, 0.00
4.64,5.24,0.01, 0.00
4.64,5.24,0.01, 0.00
4.64,5.24,0.00, 0.00
4.64,5.30,0.00, 2.99
4.64,5.32,0.00, 1.01
4.64,5.39,0.00, 3.24
4.64,5.36,0.00, 0.00
4.64,5.39,0.00, 1.00
4.64,5.39,0.00, 1.00
4.64,5.39,0.00, 0.50
4.64,5.39,0.00, 0.50
4.64,5.43,0.00, 1.99
4.64,5.48,0.00, 2.50
4.64,5.64,0.00, 7.48
4.64,5.68,0.00, 2.02
4.64,5.68,0.00, 2.02
4.64,5.68,0.00, 2.02
4.64,5.68,0.00, 2.02
4.64,5.72,0.00, 2.00
4.64,5.72,0.00, 2.00
4.64,5.73,0.00, 0.75
4.64,5.73,0.00, 0.00
4.66,5.82,0.99, 4.73
4.64,5.89,0.00, 3.50
4.64,5.97,0.00, 3.50
4.64,5.99,0.00, 1.26
4.66,6.00,0.99, 0.50
4.64,6.01,0.00, 0.25
4.64,6.01,0.00, 0.25
4.64,6.01,0.00, 0.25
4.64,6.01,0.00, 0.25
4.64,6.01,0.00, 0.25
4.64,6.01,0.00, 0.25
4.64,6.01,0.00, 0.25
4.64,6.01,0.00, 0.25
4.64,6.01,0.00, 0.25
4.64,6.01,0.00, 0.25
4.64,6.01,0.00, 0.25
4.64,5.99,0.00, 0.00
4.64,5.97,0.00, 0.00
4.64,5.93,0.00, 0.00
4.64,5.88,0.00, 0.00
4.64,5.90,0.00, 1.25
4.64,5.92,0.00, 0.75
4.66,5.96,0.99, 2.00
4.64,6.02,0.00, 3.00
4.64,6.06,0.00, 2.00
4.64,6.09,0.00, 1.50
4.66,6.15,0.99, 2.99
4.64,6.20,0.00, 2.50
4.64,6.22,0.00, 0.76
4.66,6.22,0.99, 0.00
4.66,6.22,0.99, 0.00
4.66,6.22,0.99, 0.00
4.66,6.22,0.99, 0.00
4.66,6.22,0.99, 0.00
4.66,6.22,0.99, 0.00
4.66,6.22,0.99, 0.00
4.66,6.22,0.99, 0.00
4.66,6.22,0.99, 0.00
4.64,6.20,0.00, 0.00
4.64,6.14,0.00, 0.00
4.64,6.06,0.00, 0.00
4.66,5.77,0.99, 0.00
4.64,5.71,0.00, 0.00
4.64,5.62,0.00, 0.00
4.64,5.53,0.00, 0.00
4.64,5.53,0.00, 0.00
4.64,5.53,0.00, 0.00
4.64,5.53,0.00, 0.00
4.64,5.40,0.00, 0.00
4.66,5.22,0.99, 0.00
4.64,4.78,0.00, 0.00
4.66,3.43,0.99, 0.00
4.66,3.06,0.01, 0.00
1.68,2.66,0.00, 0.00
0.00,2.26,0.00, 0.00
0.00,1.87,0.00, 0.00
2.75,1.52,135.48, 0.00
4.19,1.22,72.93, 0.00
4.19,1.22,72.93, 0.00
2.53,0.98,0.00, 0.00
0.00,0.80,0.00, 0.00
0.00,0.66,0.00, 0.00
0.00,0.47,0.00, 0.00
0.00,0.47,0.00, 0.00
0.00,0.26,0.00, 0.00
0.00,0.16,0.00, 0.00
0.00,0.16,0.00, 0.00
0.00,0.16,0.00, 0.00
0.00,0.16,0.00, 0.00
0.00,0.16,0.00, 0.00
0.00,0.16,0.00, 0.00
0.00,0.07,0.00, 0.00
0.00,0.07,0.00, 0.00
0.00,0.05,0.00, 0.00
0.00,0.05,0.00, 0.00
0.00,0.05,0.00, 0.00
0.00,0.05,0.00, 0.00
0.00,0.05,0.00, 0.00
0.00,0.05,0.00, 0.00
0.00,0.05,0.00, 0.00
0.00,0.04,0.00, 0.00
0.00,0.05,0.00, 0.50
0.00,0.05,0.00, 0.00
0.00,0.05,0.00, 0.00
0.00,0.05,0.00, 0.00
0.00,0.05,0.00, 0.00
0.00,0.05,0.00, 0.00
0.00,0.05,0.00, 0.00
0.00,0.05,0.00, 0.00
0.00,0.05,0.00, 0.00
0.00,0.05,0.00, 0.00
0.00,0.05,0.00, 0.00
0.00,0.05,0.00, 0.00
0.00,0.05,0.00, 0.00
0.00,0.05,0.00, 0.00
0.00,0.05,0.00, 0.00
0.00,0.05,0.00, 0.00
0.00,0.05,0.00, 0.00
0.00,0.05,0.00, 0.00
0.00,0.05,0.00, 0.00
0.00,0.05,0.00, 0.00
0.00,0.05,0.00, 0.00
0.00,0.04,0.00, 0.00
0.00,0.04,0.00, 0.00
0.00,0.04,0.00, 0.00
0.00,0.04,0.00, 0.00
0.00,0.04,0.00, 0.00
0.00,0.04,0.00, 0.00
0.00,0.04,0.00, 0.00
0.00,0.05,0.00, 0.50
0.00,0.05,0.00, 0.50
0.00,0.05,0.00, 0.50
0.00,0.05,0.00, 0.00
0.00,0.05,0.00, 0.00
0.00,0.05,0.00, 0.00
0.00,0.05,0.00, 0.00
0.00,0.05,0.00, 0.00
0.00,0.05,0.00, 0.00
0.00,0.05,0.00, 0.00
0.00,0.05,0.00, 0.00
0.00,0.05,0.00, 0.00
0.00,0.05,0.00, 0.00
0.00,0.05,0.00, 0.00
0.00,0.04,0.00, 0.00
0.00,0.05,0.00, 1.00
0.00,0.05,0.00, 0.00
0.00,0.05,0.00, 0.00
0.00,0.05,0.00, 0.00
0.00,0.48,0.00, 21.42
0.00,0.88,0.00, 20.50
0.00,0.88,0.00, 20.50
0.00,0.88,0.00, 20.50
0.00,0.88,0.00, 20.50
0.00,0.88,0.00, 20.50
0.00,0.88,0.00, 20.50
0.00,1.25,0.00, 18.51
0.00,1.73,0.00, 23.73
0.00,1.73,0.00, 23.73
0.00,1.73,0.00, 23.73
0.00,2.16,0.00, 21.51
0.00,2.16,0.00, 21.51
0.00,2.16,0.00, 21.51
3.31,3.81,163.07, 82.28
3.88,4.19,30.48, 19.23
4.62,5.40,36.90, 60.60
4.62,5.55,0.54, 7.45
4.62,5.55,0.54, 7.45
4.62,5.55,0.54, 7.45
4.62,5.55,0.54, 7.45
4.62,5.72,0.01, 8.50
4.62,5.72,0.01, 8.50
4.62,5.82,0.00, 5.01
4.62,5.90,0.00, 4.25
4.62,6.07,0.00, 8.48
4.62,6.07,0.00, 8.48
4.64,6.05,0.99, 0.00
4.64,5.98,0.01, 0.00
4.64,5.98,0.01, 0.00
4.62,5.91,0.00, 0.00
4.64,5.85,0.99, 0.00
4.64,5.79,0.01, 0.00
4.64,5.74,0.00, 0.00
4.64,5.66,0.00, 0.00
4.64,5.61,0.00, 0.00
4.64,5.61,0.00, 0.00
4.64,5.57,0.00, 0.00
4.64,5.56,0.00, 0.00
4.64,5.55,0.00, 0.00
4.64,5.55,0.00, 0.00
4.64,5.57,0.00, 1.00
4.64,5.59,0.00, 0.50
4.64,5.61,0.00, 1.00
4.64,5.60,0.00, 0.00
4.64,5.59,0.00, 0.00
4.64,5.63,0.00, 1.99
4.64,5.64,0.00, 0.75
4.64,5.67,0.00, 1.25
4.64,5.69,0.00, 1.25
4.66,5.69,0.99, 0.00
4.64,5.66,0.00, 0.00
4.64,5.66,0.00, 0.00
4.64,5.62,0.00, 0.00
4.64,5.64,0.00, 1.00
4.64,5.64,0.00, 0.00
4.64,5.64,0.00, 0.00
4.64,5.64,0.00, 0.00
4.64,5.64,0.00, 0.00
4.64,5.64,0.00, 0.00
4.64,5.64,0.00, 0.00
4.64,5.64,0.00, 0.00
4.66,5.62,0.99, 0.00
4.66,5.63,0.01, 0.50
4.64,5.63,0.00, 0.00
4.64,5.65,0.00, 1.00
4.64,5.66,0.00, 0.50
4.66,5.69,0.99, 1.50
4.64,5.73,0.00, 2.00
4.64,5.73,0.00, 0.01
4.64,5.75,0.00, 1.00
4.66,5.76,0.99, 0.25
4.64,5.77,0.00, 0.50
4.64,5.76,0.00, 0.00
4.64,5.72,0.00, 0.00
4.64,5.68,0.00, 0.00
4.64,5.66,0.00, 0.00
4.64,5.66,0.00, 0.00
4.64,5.62,0.00, 0.00
4.64,5.64,0.00, 1.00
4.64,5.65,0.00, 0.50
4.66,5.64,0.99, 0.00
4.66,5.62,0.01, 0.00
4.64,5.56,0.00, 0.00
4.64,5.56,0.00, 0.00
4.66,5.51,0.99, 0.00
4.66,5.43,0.01, 0.00
4.64,5.36,0.00, 0.00
4.64,5.31,0.00, 0.00
4.64,5.28,0.00, 0.00
4.64,5.26,0.00, 0.00
4.64,5.24,0.00, 0.00
4.66,5.24,0.99, 0.00
4.66,5.24,0.99, 0.00
4.66,5.25,0.01, 0.50
4.64,5.31,0.00, 2.74
4.64,5.31,0.00, 2.74
4.64,5.31,0.00, 2.74
4.64,5.31,0.00, 2.74
4.66,5.32,0.99, 1.01
4.66,5.34,0.01, 0.50
4.64,5.37,0.00, 1.75
4.64,5.43,0.00, 2.75
4.64,5.43,0.00, 0.26
4.64,5.42,0.00, 0.00
4.66,5.39,0.99, 0.00
4.66,5.29,0.01, 0.00
4.64,5.18,0.00, 0.00
4.64,4.99,0.00, 0.00
4.64,4.99,0.00, 0.00
4.66,4.74,0.99, 0.00
4.66,4.47,0.01, 0.00
4.64,4.12,0.00, 0.00
4.64,3.76,0.00, 0.00
4.64,3.34,0.00, 0.00
4.64,2.94,0.00, 0.00
4.64,2.94,0.00, 0.00
4.64,2.52,0.00, 0.00
4.64,2.12,0.00, 0.00
0.00,1.73,0.00, 0.00
0.00,1.51,0.00, 0.00
2.49,1.04,122.67, 0.00
4.79,0.73,115.11, 0.00
4.73,0.45,0.00, 0.00
2.10,0.30,0.00, 0.00
0.00,0.23,0.00, 0.00
0.00,0.23,0.00, 0.00
0.00,0.23,0.00, 0.00
0.00,0.23,0.00, 0.00
0.00,0.23,0.00, 0.00
0.00,0.23,0.00, 0.00
0.00,0.22,0.00, 0.00
0.62,0.12,30.54, 0.00
0.00,0.07,0.00, 0.00
0.00,0.06,0.00, 0.00
0.00,0.06,0.00, 0.00
0.00,0.06,0.00, 0.00
0.00,0.06,0.00, 0.00
0.00,0.06,0.00, 0.00
0.00,0.06,0.00, 0.00
0.00,0.06,0.00, 0.00
0.00,0.06,0.00, 0.00
0.00,0.06,0.00, 0.00
0.00,0.06,0.00, 0.00
0.00,0.06,0.00, 0.00
0.00,0.06,0.00, 0.00
0.00,0.06,0.00, 0.00
0.00,0.06,0.00, 0.00
0.00,0.06,0.00, 0.00
0.00,0.05,0.00, 0.00
0.00,0.05,0.00, 0.00
0.00,0.06,0.00, 0.75
0.00,0.06,0.00, 0.75
0.00,0.06,0.00, 0.75
0.00,0.06,0.00, 0.75
0.00,0.06,0.00, 0.75
0.00,0.06,0.00, 0.75
0.00,0.06,0.00, 0.75
0.00,0.06,0.00, 0.75
0.00,0.06,0.00, 0.75
0.00,0.06,0.00, 0.75
0.00,0.06,0.00, 0.00
0.00,0.05,0.00, 0.00
0.00,0.05,0.00, 0.00
0.00,0.05,0.00, 0.00
0.00,0.05,0.00, 0.00
0.00,0.05,0.00, 0.00
0.00,0.05,0.00, 0.00
0.00,0.05,0.00, 0.00
0.00,0.05,0.00, 0.00
0.00,0.05,0.00, 0.00
0.00,0.05,0.00, 0.00
0.00,0.05,0.00, 0.00
0.00,0.05,0.00, 0.00
0.00,0.05,0.00, 0.00
0.00,0.05,0.00, 0.00
0.00,0.05,0.00, 0.00
0.00,0.05,0.00, 0.00
0.00,0.05,0.00, 0.00
0.00,0.05,0.00, 0.00
0.00,0.05,0.00, 0.00
0.00,0.05,0.00, 0.00
0.00,0.05,0.00, 0.00
0.00,0.05,0.00, 0.00
0.00,0.05,0.00, 0.00
0.00,0.05,0.00, 0.00
0.00,0.05,0.00, 0.00
0.00,0.05,0.00, 0.00
0.00,0.05,0.00, 0.00
0.00,0.05,0.00, 0.00
0.00,0.05,0.00, 0.00
0.00,0.05,0.00, 0.00
0.00,0.05,0.00, 0.00
0.00,0.05,0.00, 0.00
0.00,0.05,0.00, 0.00
0.00,0.05,0.00, 0.00
0.00,0.05,0.00, 0.00
0.00,0.05,0.00, 0.00
0.00,0.05,0.00, 0.00
0.00,0.05,0.00, 0.00
0.00,0.05,0.00, 0.00
0.00,0.05,0.00, 0.00
0.00,0.05,0.00, 0.50
0.00,0.05,0.00, 0.00
0.00,0.49,0.00, 21.92
0.00,1.08,0.00, 29.72
0.00,1.08,0.00, 29.72
0.00,1.61,0.00, 26.26
0.00,1.99,0.00, 19.03
0.00,2.45,0.00, 22.99
0.00,2.95,0.00, 24.99
0.00,3.41,0.00, 23.26
0.69,3.83,33.99, 21.01
0.69,3.83,33.99, 21.01
1.86,4.23,58.14, 20.25
2.78,4.62,46.18, 19.25
3.45,4.99,33.69, 18.50
3.94,5.30,24.64, 15.26
4.39,5.55,22.53, 12.51
4.64,5.75,12.65, 10.26
4.62,5.89,0.00, 7.26
4.59,6.05,0.00, 7.75
4.62,6.16,1.48, 5.51
4.62,6.24,0.02, 4.01
4.62,6.32,0.00, 4.00
4.64,6.37,0.99, 2.51
4.62,6.39,0.00, 1.25
4.62,6.40,0.00, 0.50
4.62,6.40,0.00, 0.00
4.62,6.40,0.00, 0.00
4.62,6.39,0.00, 0.00
4.62,6.35,0.00, 0.00
4.62,6.28,0.00, 0.00
4.62,6.28,0.00, 0.00
4.62,6.27,0.00, 0.00
4.64,6.21,0.99, 0.00
4.64,6.21,0.99, 0.00
4.62,6.16,0.00, 0.00
4.64,6.09,0.99, 0.00
4.62,6.03,0.00, 0.00
4.62,6.03,0.00, 0.00
4.62,6.03,0.00, 0.00
4.62,6.03,0.00, 0.00
4.62,6.03,0.00, 0.00
4.64,5.98,0.99, 0.00
4.64,5.93,0.01, 0.00
4.64,5.92,0.00, 0.00
4.64,5.89,0.00, 0.00
4.64,5.89,0.00, 0.00
4.64,5.89,0.00, 0.00
4.64,5.89,0.00, 0.00
4.64,5.89,0.00, 0.00
4.64,5.89,0.00, 0.00
4.64,5.88,0.00, 0.00
4.64,5.88,0.00, 0.00
4.64,5.88,0.00, 0.00
4.64,5.88,0.00, 0.00
4.64,5.88,0.00, 0.00
4.64,5.88,0.00, 0.00
4.64,5.88,0.00, 0.00
4.64,5.88,0.00, 0.00
4.64,5.88,0.00, 0.00
4.64,5.88,0.00, 0.00
4.64,5.88,0.00, 0.00
4.64,5.88,0.00, 0.00
4.64,5.88,0.00, 0.00
4.64,5.88,0.00, 0.00
4.64,5.90,0.00, 1.25
4.64,5.90,0.00, 0.00
4.64,5.90,0.00, 0.00
4.64,5.90,0.00, 0.00
4.64,5.99,0.00, 4.48
4.64,6.19,0.00, 9.98
4.64,6.22,0.00, 1.28
4.64,6.23,0.00, 0.75
4.64,6.23,0.00, 0.75
4.64,6.23,0.00, 0.75
4.64,6.23,0.00, 0.75
4.64,6.23,0.00, 0.75
4.64,6.23,0.00, 0.75
4.64,6.23,0.00, 0.75
4.64,6.23,0.00, 0.75
4.64,6.23,0.00, 0.75
4.64,6.23,0.00, 0.75
4.64,6.23,0.00, 0.75
4.64,6.23,0.00, 0.75
4.64,6.23,0.00, 0.75
4.64,6.23,0.00, 0.75
4.64,6.23,0.00, 0.75
4.64,6.23,0.00, 0.75
4.64,6.23,0.00, 0.75
4.64,6.23,0.00, 0.75
4.64,6.22,0.00, 0.00
4.64,6.22,0.00, 0.00
4.64,6.19,0.00, 0.00
4.64,6.18,0.00, 0.00
4.64,6.18,0.00, 0.00
4.64,6.18,0.00, 0.00
4.64,6.11,0.00, 0.00
4.64,6.14,0.00, 1.25
4.66,6.19,0.99, 2.74
4.62,6.49,0.00, 14.96
4.64,6.50,0.99, 0.55
4.64,6.50,0.99, 0.55
4.64,6.50,0.99, 0.55
4.64,6.50,0.01, 0.00
4.64,6.45,0.00, 0.00
4.64,6.39,0.00, 0.00
4.64,6.28,0.00, 0.00
4.64,6.19,0.00, 0.00
4.64,6.09,0.00, 0.00
4.64,5.95,0.00, 0.00
4.64,5.85,0.00, 0.00
4.64,5.75,0.00, 0.00
4.64,5.65,0.00, 0.00
4.64,5.65,0.00, 0.00
4.64,5.65,0.00, 0.00
4.64,5.65,0.00, 0.00
4.64,5.65,0.00, 0.00
4.64,5.65,0.00, 0.00
4.64,5.52,0.00, 0.00
4.64,5.37,0.00, 0.00
4.64,5.37,0.00, 0.00
4.64,5.37,0.00, 0.00
4.64,5.37,0.00, 0.00
4.64,5.37,0.00, 0.00
4.64,5.37,0.00, 0.00
4.64,5.25,0.00, 0.00
4.64,5.25,0.00, 0.00
4.66,4.26,0.99, 0.00
4.66,3.99,0.01, 0.00
0.00,1.64,0.00, 0.00
0.00,1.64,0.00, 0.00
4.44,1.56,218.73, 0.00
4.77,1.42,19.48, 0.00
4.77,1.27,0.29, 0.00
4.73,1.10,0.00, 0.00
4.73,1.10,0.00, 0.00
0.11,0.95,0.00, 0.00
0.00,0.86,0.00, 0.00
0.00,0.55,0.00, 0.00
2.01,0.34,99.02, 0.00
3.23,0.19,61.56, 0.00
0.00,0.11,0.00, 0.00
0.00,0.05,0.00, 0.00
0.00,0.07,0.00, 1.00
0.47,0.07,23.15, 0.00
0.00,0.05,0.00, 0.00
0.00,0.05,0.00, 0.00
0.00,0.05,0.00, 0.00
0.00,0.05,0.00, 0.00
0.00,0.05,0.00, 0.00
0.00,0.05,0.00, 0.00
0.00,0.05,0.00, 0.00
0.00,0.05,0.00, 0.00
0.00,0.05,0.00, 0.50
0.00,0.05,0.00, 0.00
0.00,0.05,0.00, 0.00
0.00,0.05,0.00, 0.00
0.00,0.05,0.00, 0.00
0.00,0.05,0.00, 0.00
0.00,0.05,0.00, 0.00
0.00,0.05,0.00, 0.50
0.00,0.06,0.00, 0.25
0.00,0.06,0.00, 0.00
0.00,0.05,0.00, 0.00
0.00,0.05,0.00, 0.00
0.00,0.05,0.00, 0.00
0.00,0.05,0.00, 0.00
0.00,0.05,0.00, 0.00
0.00,0.04,0.00, 0.00
0.00,0.04,0.00, 0.00
0.00,0.04,0.00, 0.00
0.00,0.04,0.00, 0.00
0.00,0.04,0.00, 0.00
0.00,0.05,0.00, 0.50
0.00,0.04,0.00, 0.00
0.00,0.05,0.00, 0.50
0.00,0.05,0.00, 0.00
0.00,0.05,0.00, 0.00
0.00,0.05,0.00, 0.00
0.00,0.05,0.00, 0.00
0.00,0.05,0.00, 0.00
0.00,0.05,0.00, 0.00
0.00,0.05,0.00, 0.50
0.00,0.05,0.00, 0.00
0.00,0.05,0.00, 0.00
0.00,0.04,0.00, 0.00
0.00,0.04,0.00, 0.00
0.00,0.05,0.00, 0.50
0.00,0.05,0.00, 0.00
0.00,0.05,0.00, 0.00
0.00,0.05,0.00, 0.00
0.00,0.05,0.00, 0.00
0.00,0.05,0.00, 0.00
0.00,0.05,0.00, 0.50
0.00,0.05,0.00, 0.00
0.00,0.05,0.00, 0.50
0.00,0.06,0.00, 0.25
0.00,0.06,0.00, 0.25
0.00,0.06,0.00, 0.00
0.00,0.06,0.00, 0.00
0.00,0.05,0.00, 0.00
0.00,0.05,0.00, 0.00
0.00,0.05,0.00, 0.00
0.00,0.05,0.00, 0.00
0.00,0.05,0.00, 0.00
0.00,0.05,0.00, 0.00
0.00,0.05,0.00, 0.00
0.00,0.04,0.00, 0.00
0.00,0.05,0.00, 0.50
0.00,0.05,0.00, 0.00
0.00,0.05,0.00, 0.00
0.00,0.05,0.00, 0.00
0.00,0.05,0.00, 0.00
0.00,0.05,0.00, 0.00
0.00,0.05,0.00, 0.00
0.00,0.05,0.00, 0.50
0.00,0.05,0.00, 0.50
0.00,0.05,0.00, 0.50
0.00,0.05,0.00, 0.50
0.00,0.05,0.00, 0.50
0.00,0.05,0.00, 0.50
0.00,0.06,0.00, 0.25
0.00,0.06,0.00, 0.25
0.00,0.06,0.00, 0.25
0.00,0.04,0.00, 0.00
0.00,0.05,0.00, 0.50
0.00,1.98,0.00, 96.65
0.00,2.38,0.00, 20.03
0.00,2.84,0.00, 22.99
0.00,2.84,0.00, 22.99
0.00,2.84,0.00, 22.99
0.00,2.84,0.00, 22.99
0.00,2.84,0.00, 22.99
0.00,3.27,0.00, 21.51
0.31,3.66,15.27, 19.76
0.31,3.66,15.27, 19.76
0.31,3.66,15.27, 19.76
0.31,3.66,15.27, 19.76
0.31,3.66,15.27, 19.76
0.31,3.66,15.27, 19.76
1.25,4.06,46.53, 19.75
1.25,4.06,46.53, 19.75
1.25,4.06,46.53, 19.75
1.25,4.06,46.53, 19.75
4.05,5.47,138.62, 70.31
4.53,5.74,25.69, 13.71
4.59,6.38,3.33, 31.93
4.59,6.40,0.05, 1.36
4.59,6.40,0.00, 0.00
4.62,6.39,1.48, 0.00
4.62,6.39,0.02, 0.00
4.62,6.35,0.00, 0.00
4.62,6.27,0.00, 0.00
4.62,6.19,0.00, 0.00
4.62,6.13,0.00, 0.00
4.62,6.08,0.00, 0.00
4.64,6.06,0.99, 0.00
4.62,6.02,0.00, 0.00
4.62,5.97,0.00, 0.00
4.62,5.97,0.00, 0.00
4.64,5.91,0.99, 0.00
4.62,5.89,0.00, 0.00
4.62,5.89,0.00, 0.00
4.64,5.81,0.99, 0.00
4.64,5.78,0.01, 0.00
4.64,5.77,0.00, 0.00
4.64,5.76,0.00, 0.00
4.64,5.79,0.00, 1.25
4.64,5.81,0.00, 1.00
4.64,5.82,0.00, 0.75
4.64,5.82,0.00, 0.00
4.64,5.82,0.00, 0.50
4.64,5.82,0.00, 0.50
4.64,5.82,0.00, 0.50
4.64,5.82,0.00, 0.50
4.64,5.82,0.00, 0.50
4.64,5.82,0.00, 0.50
4.64,5.82,0.00, 0.50
4.64,5.82,0.00, 0.50
4.64,5.82,0.00, 0.50
4.64,5.84,0.00, 0.50
4.64,5.84,0.00, 0.00
4.64,5.84,0.00, 0.00
4.66,5.77,0.99, 0.00
4.64,5.73,0.00, 0.00
4.64,5.72,0.00, 0.00
4.64,5.72,0.00, 0.00
4.64,5.72,0.00, 0.00
4.64,5.72,0.00, 0.00
4.64,5.72,0.00, 0.00
4.64,5.72,0.00, 0.00
4.66,5.69,0.99, 0.00
4.64,5.69,0.00, 0.00
4.64,5.69,0.00, 0.00
4.64,5.69,0.00, 0.00
4.64,5.49,0.00, 0.00
4.64,5.39,0.00, 0.00
4.64,5.32,0.00, 0.00
4.64,5.28,0.00, 0.00
4.64,5.28,0.00, 0.00
4.64,5.26,0.00, 0.00
4.64,5.22,0.00, 0.00
4.64,5.22,0.00, 0.00
4.64,5.18,0.00, 0.00
4.64,5.18,0.00, 0.00
4.64,5.19,0.00, 0.50
4.64,5.17,0.00, 0.00
4.64,5.14,0.00, 0.00
4.64,5.11,0.00, 0.00
4.64,5.09,0.00, 0.00
4.64,5.09,0.00, 0.00
4.64,5.09,0.00, 0.00
4.66,5.02,0.99, 0.00
4.64,4.93,0.00, 0.00
4.64,4.93,0.00, 0.00
4.64,4.93,0.00, 0.00
4.64,4.93,0.00, 0.00
4.64,4.89,0.00, 0.00
4.64,4.84,0.00, 0.00
4.64,4.76,0.00, 0.00
4.62,4.32,0.00, 0.00
4.64,3.94,0.99, 0.00
4.64,3.74,0.01, 0.00
4.66,3.53,0.99, 0.00
4.64,3.26,0.00, 0.00
4.62,2.97,0.00, 0.00
0.00,2.89,0.00, 0.00
0.00,2.58,0.00, 0.00
3.72,2.02,183.26, 0.00
4.77,1.69,54.42, 0.00
4.71,1.59,0.00, 0.00
3.65,1.50,0.00, 0.00
3.65,1.50,0.00, 0.00
0.00,1.39,0.00, 0.00
0.58,1.15,28.57, 0.00
2.57,0.88,98.46, 0.00
2.57,0.88,98.46, 0.00
2.57,0.88,98.46, 0.00
2.57,0.88,98.46, 0.00
2.57,0.88,98.46, 0.00
2.57,0.88,98.46, 0.00
2.57,0.88,98.46, 0.00
2.57,0.88,98.46, 0.00
2.57,0.88,98.46, 0.00
2.57,0.88,98.46, 0.00
2.57,0.88,98.46, 0.00
2.57,0.88,98.46, 0.00
2.57,0.88,98.46, 0.00
2.57,0.88,98.46, 0.00
2.17,0.62,0.00, 0.00
0.96,0.41,0.00, 0.00
0.00,0.24,0.00, 0.00
0.00,0.05,0.00, 0.00
0.00,0.05,0.00, 0.00
0.00,0.04,0.00, 0.00
0.00,0.05,0.00, 0.50
0.00,0.05,0.00, 0.00
0.00,0.05,0.00, 0.00
0.00,0.05,0.00, 0.50
0.00,0.06,0.00, 0.25
0.00,0.06,0.00, 0.00
0.00,0.06,0.00, 0.00
0.00,0.05,0.00, 0.00
0.00,0.05,0.00, 0.00
0.00,0.05,0.00, 0.00
0.00,0.05,0.00, 0.00
0.00,0.05,0.00, 0.00
0.00,0.04,0.00, 0.00
0.00,0.04,0.00, 0.00
0.00,0.05,0.00, 0.50
0.00,0.05,0.00, 0.00
0.00,0.05,0.00, 0.00
0.00,0.05,0.00, 0.00
0.00,0.05,0.00, 0.00
0.00,0.05,0.00, 0.00
0.00,0.05,0.00, 0.50
0.00,0.06,0.00, 0.25
0.00,0.05,0.00, 0.00
0.00,0.05,0.00, 0.50
0.00,0.06,0.00, 0.25
0.00,0.06,0.00, 0.25
0.00,0.05,0.00, 0.00
0.00,0.05,0.00, 0.00
0.00,0.05,0.00, 0.00
0.00,0.05,0.00, 0.00
0.00,0.05,0.00, 0.50
0.00,0.05,0.00, 0.00
0.00,0.05,0.00, 0.00
0.00,0.05,0.00, 0.00
0.00,0.05,0.00, 0.00
0.00,0.05,0.00, 0.00
0.00,0.05,0.00, 0.00
0.00,0.05,0.00, 0.00
0.00,0.05,0.00, 0.00
0.00,0.05,0.00, 0.00
0.00,0.05,0.00, 0.00
0.00,0.05,0.00, 0.00
0.00,0.05,0.00, 0.00
0.00,0.05,0.00, 0.00
0.00,0.05,0.00, 0.00
0.00,0.17,0.00, 6.23
0.00,0.44,0.00, 13.22
0.00,1.12,0.00, 34.42
0.00,1.12,0.00, 34.42
0.00,1.12,0.00, 34.42
0.00,1.12,0.00, 34.42
0.00,1.12,0.00, 34.42
0.00,1.12,0.00, 34.42
0.00,1.12,0.00, 34.42
0.00,1.64,0.00, 25.78
0.00,1.64,0.00, 25.78
0.00,2.02,0.00, 19.02
0.00,2.48,0.00, 22.99
3.81,4.24,187.70, 87.51
4.46,4.99,34.78, 37.93
4.59,5.23,6.92, 12.09
4.59,5.45,0.10, 11.00
4.59,5.60,0.00, 7.26
4.59,5.74,0.00, 7.25
4.59,5.85,0.00, 5.51
4.59,5.97,0.00, 6.00
4.62,6.05,1.48, 3.76
4.62,6.09,0.02, 2.01
4.62,6.09,0.02, 2.01
4.62,6.09,0.02, 2.01
4.62,6.11,0.00, 1.25
4.62,6.12,0.00, 0.50
4.62,6.12,0.00, 0.50
4.62,6.12,0.00, 0.50
4.62,6.12,0.00, 0.50
4.62,6.12,0.00, 0.50
4.62,6.12,0.00, 0.50
4.62,6.10,0.00, 0.00
4.62,5.99,0.00, 0.00
4.62,5.91,0.00, 0.00
4.62,5.91,0.00, 0.00
4.62,5.91,0.00, 0.00
4.62,5.91,0.00, 0.00
4.62,5.91,0.00, 0.00
4.62,5.34,0.00, 0.00
4.62,5.24,0.00, 0.00
4.64,5.14,0.99, 0.00
4.64,4.96,0.01, 0.00
4.64,4.95,0.00, 0.00
4.62,4.91,0.00, 0.00
4.62,4.89,0.00, 0.00
4.62,4.85,0.00, 0.00
4.64,4.81,0.99, 0.00
4.64,4.78,0.01, 0.00
4.64,4.76,0.00, 0.00
4.64,4.76,0.00, 0.00
4.64,4.76,0.00, 0.00
4.64,4.76,0.00, 0.00
4.64,4.76,0.00, 0.00
4.64,4.76,0.00, 0.00
4.64,4.72,0.00, 0.00
4.64,4.68,0.00, 0.00
4.64,4.64,0.00, 0.00
4.64,4.81,0.00, 7.97
4.64,4.84,0.00, 1.52
4.64,4.87,0.00, 1.75
4.62,4.88,0.00, 0.50
4.62,4.88,0.00, 0.50
4.62,4.88,0.00, 0.50
4.64,4.89,0.99, 0.75
4.64,4.89,0.01, 0.00
4.64,4.91,0.00, 1.00
4.64,4.91,0.00, 1.00
4.62,4.99,0.00, 3.99
4.64,5.03,0.99, 1.76
4.64,5.06,0.01, 1.75
4.62,5.11,0.00, 2.25
4.64,5.10,0.99, 0.00
4.64,5.04,0.01, 0.00
4.64,4.96,0.00, 0.00
4.64,4.96,0.00, 0.00
4.64,4.96,0.00, 0.00
4.64,4.96,0.00, 0.00
4.64,4.96,0.00, 0.00
4.64,4.96,0.00, 0.00
4.64,4.96,0.00, 0.00
4.64,4.96,0.00, 0.00
4.64,4.85,0.00, 0.00
4.64,4.76,0.00, 0.00
4.64,4.76,0.00, 0.00
4.64,4.68,0.00, 0.00
4.64,5.03,0.00, 17.44
4.64,5.01,0.00, 0.00
4.64,4.94,0.00, 0.00
4.64,4.94,0.00, 0.00
4.64,4.94,0.00, 0.00
4.64,4.94,0.00, 0.00
4.64,4.94,0.00, 0.00
4.64,4.94,0.00, 0.00
4.64,4.81,0.00, 0.00
4.64,4.61,0.00, 0.00
4.64,4.34,0.00, 0.00
0.00,2.64,0.00, 0.00
2.19,1.91,107.89, 0.00
4.10,1.38,95.68, 0.00
4.08,1.12,0.42, 0.00
1.34,1.05,0.00, 0.00
0.00,1.00,0.00, 0.00
0.00,0.74,0.00, 0.00
0.62,0.48,30.54, 0.00
0.35,0.26,0.00, 0.00
0.15,0.15,0.00, 0.00
0.00,0.06,0.00, 0.00
0.00,0.06,0.00, 0.00
0.00,0.06,0.00, 0.00
0.00,0.05,0.00, 0.00
0.00,0.05,0.00, 0.50
0.00,0.06,0.00, 0.25
0.00,0.06,0.00, 0.00
0.00,0.06,0.00, 0.00
0.00,0.05,0.00, 0.00
0.00,0.05,0.00, 0.00
0.00,0.05,0.00, 0.00
0.00,0.05,0.00, 0.00
0.00,0.05,0.00, 0.00
0.00,0.05,0.00, 0.00
0.00,0.05,0.00, 0.00
0.00,0.05,0.00, 0.50
0.00,0.05,0.00, 0.50
0.00,0.04,0.00, 0.00
0.00,0.05,0.00, 0.50
0.00,0.05,0.00, 0.50
0.00,0.06,0.00, 0.25
0.00,0.06,0.00, 0.00
0.00,0.06,0.00, 0.00
0.00,0.06,0.00, 0.00
0.00,0.06,0.00, 0.00
0.00,0.06,0.00, 0.00
0.00,0.06,0.00, 0.00
0.00,0.06,0.00, 0.00
0.00,0.06,0.00, 0.00
0.00,0.06,0.00, 0.00
0.00,0.05,0.00, 0.00
0.00,0.05,0.00, 0.00
0.00,0.05,0.00, 0.00
0.00,0.05,0.00, 0.00
0.00,0.05,0.00, 0.00
0.00,0.05,0.00, 0.50
0.00,0.05,0.00, 0.00
0.00,0.05,0.00, 0.50
0.00,0.05,0.00, 0.00
0.00,0.05,0.00, 0.50
0.00,0.05,0.00, 0.50
0.00,0.05,0.00, 0.50
0.00,0.05,0.00, 0.50
0.00,0.05,0.00, 0.50
0.00,0.05,0.00, 0.50
0.00,0.05,0.00, 0.50
0.00,0.05,0.00, 0.50
0.00,0.05,0.00, 0.50
0.00,0.05,0.00, 0.50
0.00,0.05,0.00, 0.50
0.00,0.05,0.00, 0.50
0.00,0.05,0.00, 0.50
0.00,0.05,0.00, 0.50
0.00,0.05,0.00, 0.50
0.00,0.06,0.00, 0.25
0.00,0.05,0.00, 0.00
0.00,0.05,0.00, 0.00
0.00,0.05,0.00, 0.00
0.00,0.05,0.00, 0.00
0.00,0.05,0.00, 0.00
0.00,0.05,0.00, 0.00
0.00,0.05,0.00, 0.00
0.00,0.04,0.00, 0.00
0.00,0.05,0.00, 0.50
0.00,0.05,0.00, 0.50
0.00,0.05,0.00, 0.00
0.00,0.05,0.00, 0.00
0.00,0.05,0.00, 0.00
0.00,0.05,0.00, 0.00
0.00,0.05,0.00, 0.00
0.00,0.05,0.00, 0.00
0.00,0.05,0.00, 0.00
0.00,0.05,0.00, 0.00
0.00,0.05,0.00, 0.00
0.00,0.05,0.00, 0.00
0.00,0.05,0.00, 0.00
0.00,0.05,0.00, 0.00
0.00,0.05,0.00, 0.00
0.00,0.05,0.00, 0.00
0.00,0.05,0.00, 0.00
0.00,0.05,0.00, 0.00
0.00,0.05,0.00, 0.00
0.00,0.05,0.00, 0.00
0.00,0.05,0.00, 0.00
0.00,0.05,0.00, 0.00
0.00,0.05,0.00, 0.00
0.00,0.05,0.00, 0.00
0.00,0.05,0.00, 0.00
0.00,0.32,0.00, 13.70
0.00,0.32,0.00, 13.70
0.00,0.32,0.00, 13.70
0.00,0.34,0.00, 0.80
0.00,1.25,0.00, 45.83
0.00,1.56,0.00, 15.11
0.00,2.32,0.00, 38.17
0.00,2.76,0.00, 21.81
0.00,3.13,0.00, 19.01
0.00,3.13,0.00, 19.01
0.33,3.50,16.26, 18.25
0.33,3.50,16.26, 18.25
1.09,3.89,37.68, 19.25
1.09,3.89,37.68, 19.25
1.09,3.89,37.68, 19.25
1.09,3.89,37.68, 19.25
1.09,3.89,37.68, 19.25
1.09,3.89,37.68, 19.25
1.09,3.89,37.68, 19.25
1.90,4.22,40.46, 16.51
1.90,4.22,40.46, 16.51
2.73,4.55,41.48, 17.00
4.19,5.18,72.54, 30.95
4.62,6.09,22.25, 45.70
4.62,6.11,0.33, 1.16
4.62,6.11,0.33, 1.16
4.64,6.09,0.99, 0.00
4.62,6.11,0.00, 1.00
4.62,6.07,0.00, 0.00
4.64,6.01,0.99, 0.00
4.64,5.93,0.01, 0.00
4.64,5.86,0.00, 0.00
4.64,5.73,0.00, 0.00
4.64,5.62,0.00, 0.00
4.64,5.51,0.00, 0.00
4.64,5.36,0.00, 0.00
4.64,5.22,0.00, 0.00
4.64,5.11,0.00, 0.00
4.64,5.11,0.00, 0.00
4.64,5.05,0.00, 0.00
4.64,4.96,0.00, 0.00
4.64,4.92,0.00, 0.00
4.64,4.86,0.00, 0.00
4.64,4.86,0.00, 0.00
4.64,4.85,0.00, 0.00
4.64,4.86,0.00, 0.50
4.64,4.86,0.00, 0.00
4.64,4.84,0.00, 0.00
4.64,4.84,0.00, 0.00
4.64,4.84,0.00, 0.00
4.64,4.84,0.00, 0.00
4.64,4.84,0.00, 0.00
4.64,4.84,0.00, 0.00
4.64,4.84,0.00, 0.00
4.64,4.84,0.00, 0.00
4.64,4.84,0.00, 0.00
4.64,4.86,0.00, 1.25
4.64,4.84,0.00, 0.00
4.64,4.84,0.00, 0.00
4.64,4.76,0.00, 0.00
4.64,4.76,0.00, 0.00
4.64,4.76,0.00, 0.00
4.64,4.82,0.00, 2.74
4.64,4.86,0.00, 2.00
4.66,4.90,0.99, 2.00
4.64,5.01,0.00, 5.49
4.64,5.04,0.00, 1.51
4.64,5.08,0.00, 2.00
4.64,5.10,0.00, 1.00
4.64,5.13,0.00, 1.50
4.64,5.14,0.00, 0.75
4.64,5.14,0.00, 0.75
4.64,5.19,0.00, 2.24
4.62,5.22,0.00, 1.75
4.64,5.25,0.99, 1.25
4.64,5.28,0.01, 1.25
4.64,5.28,0.00, 0.25
4.64,5.27,0.00, 0.00
4.64,5.25,0.00, 0.00
4.64,5.24,0.00, 0.00
4.64,5.23,0.00, 0.00
4.64,5.22,0.00, 0.00
4.64,5.21,0.00, 0.00
4.64,5.21,0.00, 0.00
4.64,5.21,0.00, 0.00
4.64,5.21,0.00, 0.00
4.64,5.22,0.00, 0.50
4.64,5.21,0.00, 0.00
4.64,5.19,0.00, 0.00
4.64,5.14,0.00, 0.00
4.64,5.14,0.00, 0.00
4.64,5.14,0.00, 0.00
4.64,5.14,0.00, 0.00
4.64,5.14,0.00, 0.00
4.64,5.14,0.00, 0.00
4.64,5.10,0.00, 0.00
4.64,5.10,0.00, 0.00
4.64,5.10,0.00, 0.00
4.64,5.10,0.00, 0.00
4.64,5.06,0.00, 0.00
4.64,4.96,0.00, 0.00
4.64,4.44,0.00, 0.00
4.64,4.39,0.00, 0.00
4.64,4.37,0.00, 0.00
4.64,4.38,0.00, 0.50
4.64,4.35,0.00, 0.00
4.64,4.32,0.00, 0.00
4.64,4.24,0.00, 0.00
4.64,4.08,0.00, 0.00
4.64,4.08,0.00, 0.00
4.64,3.89,0.00, 0.00
4.64,3.62,0.00, 0.00
4.62,2.06,0.00, 0.00
0.00,1.60,0.00, 0.00
0.00,1.81,0.00, 10.46
0.00,1.20,0.00, 0.00
0.00,1.20,0.00, 0.00
3.54,0.70,174.40, 0.00
3.54,0.70,174.40, 0.00
3.54,0.70,174.40, 0.00
3.54,0.70,174.40, 0.00
3.54,0.70,174.40, 0.00
3.54,0.70,174.40, 0.00
3.54,0.70,174.40, 0.00
4.10,0.44,30.15, 0.00
0.62,0.30,0.00, 0.00
0.00,0.22,0.00, 0.00
0.00,0.05,0.00, 0.00
0.00,0.04,0.00, 0.00
0.00,0.05,0.00, 1.00
0.00,0.05,0.00, 0.00
0.00,0.05,0.00, 0.00
0.00,0.05,0.00, 0.00
0.00,0.05,0.00, 0.00
0.00,0.05,0.00, 0.00
0.00,0.04,0.00, 0.00
0.00,0.05,0.00, 0.50
0.00,0.04,0.00, 0.00
0.00,0.04,0.00, 0.00
0.00,0.04,0.00, 0.00
0.00,0.04,0.00, 0.00
0.00,0.04,0.00, 0.00
0.00,0.04,0.00, 0.00
0.00,0.05,0.00, 0.50
0.00,0.05,0.00, 0.50
0.00,0.05,0.00, 0.00
0.00,0.05,0.00, 0.00
0.00,0.05,0.00, 0.00
0.00,0.05,0.00, 0.50
0.00,0.06,0.00, 0.25
0.00,0.05,0.00, 0.00
0.00,0.05,0.00, 0.00
0.00,0.05,0.00, 0.00
0.00,0.05,0.00, 0.00
0.00,0.05,0.00, 0.00
0.00,0.05,0.00, 0.00
0.00,0.05,0.00, 0.00
0.00,0.05,0.00, 0.00
0.00,0.05,0.00, 0.00
0.00,0.05,0.00, 0.00
0.00,0.05,0.00, 0.00
0.00,0.05,0.00, 0.00
0.00,0.05,0.00, 0.00
0.00,0.05,0.00, 0.00
0.00,0.05,0.00, 0.00
0.00,0.05,0.00, 0.50
0.00,0.05,0.00, 0.00
0.00,0.05,0.00, 0.00
0.00,0.05,0.00, 0.00
0.00,0.05,0.00, 0.00
0.00,0.05,0.00, 0.00
0.00,0.05,0.00, 0.00
0.00,0.05,0.00, 0.00
0.00,0.05,0.00, 0.00
0.00,0.05,0.00, 0.00
0.00,0.05,0.00, 0.00
0.00,0.05,0.00, 0.00
0.00,0.04,0.00, 0.00
0.00,0.05,0.00, 0.50
0.00,0.05,0.00, 0.00
0.00,0.05,0.00, 0.00
0.00,0.