0.00,0.05,0.00, 2.24
0.00,0.05,0.00, 0.01
0.00,0.05,0.00, 0.00
0.00,0.05,0.00, 0.00
0.00,0.05,0.00, 0.00
0.00,0.05,0.00, 0.00
0.00,0.05,0.00, 0.00
0.00,0.05,0.00, 0.00
0.00,0.05,0.00, 0.00
0.00,0.05,0.00, 0.00
0.00,0.05,0.00, 0.00
0.00,0.05,0.00, 0.00
0.00,0.05,0.00, 0.00
0.00,0.05,0.00, 0.00
0.00,0.05,0.00, 0.00
0.00,0.05,0.00, 0.00
0.00,0.05,0.00, 0.00
0.00,0.05,0.00, 0.00
0.00,0.05,0.00, 0.00
0.00,0.05,0.00, 0.00
0.00,0.05,0.00, 0.00
0.00,0.05,0.00, 0.00
0.00,0.05,0.00, 0.00
0.00,0.05,0.00, 0.00
0.00,0.05,0.00, 0.00
0.00,0.05,0.00, 0.00
0.00,0.05,0.00, 0.00
0.00,0.05,0.00, 0.00
0.00,0.05,0.00, 0.00
0.00,0.05,0.00, 0.00
0.00,0.05,0.00, 0.00
0.00,0.05,0.00, 0.00
0.00,0.05,0.00, 0.00
0.00,0.05,0.00, 0.00
0.00,0.05,0.00, 0.00
0.00,0.05,0.00, 0.00
0.00,0.05,0.00, 0.00
0.00,0.05,0.00, 0.00
0.00,0.05,0.00, 0.00
0.00,0.05,0.00, 0.00
0.00,0.05,0.00, 0.00
0.00,0.05,0.00, 0.00
0.00,0.05,0.00, 0.00
0.00,0.05,0.00, 0.00
0.00,0.05,0.00, 0.00
0.00,0.05,0.00, 0.00
0.00,0.05,0.00, 0.00
0.00,0.05,0.00, 0.00
0.00,0.05,0.00, 0.00
0.00,0.05,0.00, 0.00
0.00,0.05,0.00, 0.00
0.00,0.05,0.00, 0.00
0.00,0.05,0.00, 0.00
0.00,0.05,0.00, 0.00
0.00,0.05,0.00, 0.00
0.00,0.05,0.00, 0.00
0.00,0.05,0.00, 0.00
0.00,0.05,0.00, 0.00
0.00,0.05,0.00, 0.00
0.00,0.05,0.00, 0.00
0.00,0.05,0.00, 0.00
0.00,0.05,0.00, 0.00
0.00,0.04,0.00, 0.00
0.00,0.04,0.00, 0.00
0.00,0.05,0.00, 0.50
0.00,0.05,0.00, 0.50
0.00,0.05,0.00, 0.00
0.00,0.05,0.00, 0.00
0.00,0.05,0.00, 0.00
0.00,0.05,0.00, 0.00
0.00,0.05,0.00, 0.00
0.00,0.05,0.00, 0.00
0.00,0.05,0.00, 0.00
0.00,0.07,0.00, 1.25
0.00,0.07,0.00, 0.00
0.00,0.07,0.00, 0.00
0.00,0.07,0.00, 0.00
0.00,0.07,0.00, 0.00
0.00,0.07,0.00, 0.00
0.00,0.07,0.00, 0.00
0.00,0.07,0.00, 0.00
0.00,0.07,0.00, 0.00
0.00,0.07,0.00, 0.00
0.00,0.07,0.00, 0.00
0.00,0.07,0.00, 0.00
0.00,0.07,0.00, 0.00
0.00,0.06,0.00, 0.00
0.00,0.07,0.00, 0.50
0.00,0.07,0.00, 0.50
0.00,0.07,0.00, 0.50
0.00,0.07,0.00, 0.50
0.00,0.07,0.00, 0.50
0.00,0.07,0.00, 0.00
0.00,0.08,0.00, 0.50
0.00,0.08,0.00, 0.50
0.00,0.08,0.00, 0.50
0.00,0.08,0.00, 0.50
0.00,0.08,0.00, 0.50
0.00,0.08,0.00, 0.00
0.00,0.07,0.00, 0.00
0.00,0.07,0.00, 0.00
0.00,0.15,0.00, 3.99
0.00,0.21,0.00, 3.00
0.00,0.30,0.00, 4.49
0.00,0.43,0.00, 6.49
0.00,0.54,0.00, 5.75
0.00,0.73,0.00, 8.99
0.00,0.94,0.00, 10.99
0.00,1.18,0.00, 11.75
0.00,1.47,0.00, 14.24
0.00,1.76,0.00, 15.00
0.00,1.76,0.00, 15.00
0.00,1.76,0.00, 15.00
0.00,1.76,0.00, 15.00
0.00,2.07,0.00, 15.25
0.00,2.40,0.00, 16.74
0.00,2.75,0.00, 17.25
0.03,4.09,1.48, 66.57
0.71,4.39,33.52, 15.69
1.49,4.73,38.92, 16.75
2.36,5.02,43.43, 14.26
3.31,5.31,47.44, 14.75
4.27,5.59,47.99, 13.75
4.83,5.80,28.29, 10.76
4.88,5.97,2.88, 8.26
4.85,6.12,0.00, 8.00
4.85,6.12,0.00, 8.00
4.85,6.12,0.00, 8.00
4.85,6.12,0.00, 8.00
4.83,6.24,0.00, 6.01
4.83,6.34,0.00, 4.75
4.83,6.37,0.00, 1.51
4.83,6.38,0.00, 0.25
4.83,6.32,0.00, 0.00
4.83,6.32,0.00, 0.00
4.83,6.23,0.00, 0.00
4.83,6.15,0.00, 0.00
4.83,5.97,0.00, 0.00
4.81,5.90,0.00, 0.00
4.83,5.80,0.99, 0.00
4.83,5.80,0.99, 0.00
4.83,5.80,0.99, 0.00
4.83,5.72,0.01, 0.00
4.81,5.64,0.00, 0.00
4.83,5.55,0.99, 0.00
4.83,5.38,0.01, 0.00
4.83,5.31,0.00, 0.00
4.83,5.27,0.00, 0.00
4.83,5.22,0.00, 0.00
4.83,5.21,0.00, 0.00
4.83,5.16,0.00, 0.00
4.83,5.16,0.00, 0.00
4.83,5.16,0.00, 0.00
4.83,5.17,0.00, 0.50
4.83,5.15,0.00, 0.00
4.83,5.15,0.00, 0.00
4.83,5.15,0.00, 0.00
4.83,5.18,0.00, 1.49
4.85,5.18,0.99, 0.00
4.85,5.18,0.99, 0.00
4.83,5.18,0.00, 0.00
4.83,5.12,0.00, 0.00
4.83,5.14,0.00, 1.25
4.83,5.15,0.00, 0.50
4.83,5.16,0.00, 0.50
4.83,5.19,0.00, 1.50
4.83,5.22,0.00, 1.00
4.85,5.25,0.99, 1.75
4.85,5.26,0.01, 0.50
4.83,5.28,0.00, 0.75
4.83,5.24,0.00, 0.00
4.83,5.24,0.00, 0.00
4.83,5.24,0.00, 0.00
4.83,5.24,0.00, 0.00
4.83,5.23,0.00, 0.00
4.85,5.20,0.99, 0.00
4.85,5.16,0.01, 0.00
4.83,5.12,0.00, 0.00
4.83,5.10,0.00, 0.00
4.85,5.07,0.99, 0.00
4.83,5.07,0.00, 0.00
4.83,5.09,0.00, 0.50
4.85,5.12,0.99, 1.99
4.83,5.14,0.00, 0.51
4.83,5.14,0.00, 0.50
4.83,5.15,0.00, 0.50
4.83,5.15,0.00, 0.00
4.85,5.18,0.99, 1.00
4.85,5.16,0.01, 0.00
4.83,5.16,0.00, 0.00
4.83,5.15,0.00, 0.00
4.83,5.15,0.00, 0.00
4.85,5.14,0.99, 0.00
4.85,5.13,0.01, 0.00
4.85,5.10,0.00, 0.00
4.85,5.07,0.00, 0.00
4.83,5.06,0.00, 0.00
4.85,5.06,0.99, 0.25
4.83,4.98,0.00, 0.00
4.83,5.12,0.00, 7.47
4.83,5.14,0.00, 1.02
4.83,5.18,0.00, 1.50
4.83,5.18,0.00, 0.25
4.85,5.17,0.99, 0.00
4.85,5.17,0.99, 0.00
4.83,5.15,0.00, 0.00
4.85,5.17,0.99, 1.00
4.85,5.16,0.01, 0.00
4.83,5.17,0.00, 0.50
4.85,5.17,0.99, 0.00
4.83,5.17,0.00, 0.00
4.85,5.19,0.99, 1.00
4.85,5.19,0.99, 1.00
4.85,5.17,0.01, 0.00
4.85,5.14,0.00, 0.00
4.85,5.14,0.00, 0.00
4.83,5.12,0.00, 0.00
4.83,5.12,0.00, 0.00
4.85,5.07,0.99, 0.00
4.83,5.02,0.00, 0.00
4.83,4.84,0.00, 0.00
4.85,4.70,0.99, 0.00
4.83,4.55,0.00, 0.00
4.85,4.35,0.99, 0.00
4.85,4.35,0.99, 0.00
4.83,4.11,0.00, 0.00
4.83,3.86,0.00, 0.00
4.83,3.57,0.00, 0.00
4.85,3.25,0.99, 0.00
0.00,2.91,0.00, 0.00
0.00,2.61,0.00, 0.00
0.00,2.41,0.00, 0.00
3.96,2.29,195.09, 0.00
5.03,2.06,55.58, 0.00
4.18,1.86,0.00, 0.00
0.00,1.77,0.00, 0.00
0.00,1.60,0.00, 0.00
1.69,1.42,83.26, 0.00
1.65,1.20,0.00, 0.00
0.19,0.94,0.00, 0.00
0.00,0.71,0.00, 0.00
0.00,0.50,0.00, 0.00
0.64,0.34,31.53, 0.00
0.64,0.34,31.53, 0.00
0.64,0.34,31.53, 0.00
0.08,0.20,0.00, 0.00
0.08,0.20,0.00, 0.00
0.00,0.09,0.00, 0.00
0.00,0.09,0.00, 0.00
0.00,0.06,0.00, 0.00
0.00,0.05,0.00, 0.00
0.00,0.05,0.00, 0.00
0.00,0.05,0.00, 0.00
0.00,0.05,0.00, 0.00
0.00,0.05,0.00, 0.00
0.00,0.05,0.00, 0.50
0.00,0.05,0.00, 0.00
0.00,0.05,0.00, 0.00
0.00,0.05,0.00, 0.00
0.00,0.05,0.00, 0.00
0.00,0.05,0.00, 0.00
0.00,0.05,0.00, 0.00
0.00,0.05,0.00, 0.00
0.00,0.05,0.00, 0.50
0.00,0.06,0.00, 0.25
0.00,0.06,0.00, 0.00
0.00,0.06,0.00, 0.00
0.00,0.06,0.00, 0.00
0.00,0.06,0.00, 0.00
0.00,0.05,0.00, 0.00
0.00,0.05,0.00, 0.00
0.00,0.05,0.00, 0.00
0.00,0.05,0.00, 0.00
0.00,0.05,0.00, 0.00
0.00,0.05,0.00, 0.00
0.00,0.05,0.00, 0.00
0.00,0.05,0.00, 0.00
0.00,0.05,0.00, 0.00
0.00,0.05,0.00, 0.00
0.00,0.05,0.00, 0.00
0.00,0.05,0.00, 0.00
0.00,0.05,0.00, 0.00
0.00,0.05,0.00, 0.00
0.00,0.05,0.00, 0.00
0.00,0.05,0.00, 0.00
0.00,0.05,0.00, 0.00
0.00,0.05,0.00, 0.50
0.00,0.05,0.00, 0.00
0.00,0.05,0.00, 0.00
0.00,0.05,0.00, 0.00
0.00,0.05,0.00, 0.00
0.00,0.05,0.00, 0.00
0.00,0.05,0.00, 0.00
0.00,0.05,0.00, 0.00
0.00,0.05,0.00, 0.00
0.00,0.05,0.00, 0.00
0.00,0.05,0.00, 0.00
0.00,0.05,0.00, 0.50
0.00,0.05,0.00, 0.00
0.00,0.05,0.00, 0.50
0.00,0.05,0.00, 0.50
0.00,0.05,0.00, 0.00
0.00,0.05,0.00, 0.00
0.00,0.05,0.00, 0.00
0.00,0.05,0.00, 0.00
0.00,0.05,0.00, 0.00
0.00,0.05,0.00, 0.00
0.00,0.05,0.00, 0.00
0.00,0.05,0.00, 0.00
0.00,0.05,0.00, 0.00
0.00,0.05,0.00, 0.00
0.00,0.05,0.00, 0.00
0.00,0.05,0.00, 0.00
0.00,0.05,0.00, 0.00
0.00,0.05,0.00, 0.00
0.00,0.05,0.00, 0.00
0.00,0.05,0.00, 0.00
0.00,0.05,0.00, 0.00
0.00,0.05,0.00, 0.00
0.00,0.05,0.00, 0.00
0.00,0.05,0.00, 0.00
0.00,0.05,0.00, 0.00
0.00,0.05,0.00, 0.00
0.00,0.05,0.00, 0.00
0.00,0.05,0.00, 0.00
0.00,0.05,0.00, 0.00
0.00,0.05,0.00, 0.00
0.00,0.05,0.00, 0.00
0.00,0.05,0.00, 0.00
0.00,0.05,0.00, 0.00
0.00,0.05,0.00, 0.00
0.00,0.05,0.00, 0.00
0.00,0.05,0.00, 0.00
0.00,0.05,0.00, 0.00
0.00,0.05,0.00, 0.00
0.00,0.05,0.00, 0.00
0.00,0.05,0.00, 0.00
0.00,0.05,0.00, 0.00
0.00,0.05,0.00, 0.00
0.00,0.05,0.00, 0.00
0.00,0.05,0.00, 0.00
0.00,0.05,0.00, 0.00
0.00,0.05,0.00, 0.00
0.00,0.05,0.00, 0.00
0.00,0.05,0.00, 0.00
0.00,0.05,0.00, 0.00
0.00,0.05,0.00, 0.00
0.00,0.05,0.00, 0.00
0.00,0.05,0.00, 0.00
0.00,0.05,0.00, 0.00
0.00,0.05,0.00, 0.00
0.00,0.05,0.00, 0.00
0.00,0.05,0.00, 0.00
0.00,0.05,0.00, 0.00
0.00,0.05,0.00, 0.00
0.00,0.05,0.00, 0.00
0.00,0.05,0.00, 0.00
0.00,0.05,0.00, 0.00
0.00,0.05,0.00, 0.00
0.00,0.05,0.00, 0.00
0.00,0.05,0.00, 0.00
0.00,0.05,0.00, 0.00
0.00,0.05,0.00, 0.00
0.00,2.63,0.00, 128.78
0.00,2.63,0.00, 128.78
0.00,2.63,0.00, 128.78
0.00,2.63,0.00, 128.78
0.00,2.63,0.00, 128.78
0.00,2.63,0.00, 128.78
0.00,2.63,0.00, 128.78
0.00,2.63,0.00, 128.78
0.00,2.63,0.00, 128.78
0.00,2.63,0.00, 128.78
0.00,2.63,0.00, 128.78
0.00,2.63,0.00, 128.78
0.00,2.63,0.00, 128.78
0.00,2.63,0.00, 128.78
0.00,2.63,0.00, 128.78
0.00,2.63,0.00, 128.78
0.00,2.63,0.00, 128.78
0.00,2.63,0.00, 128.78
0.00,2.63,0.00, 128.78
0.00,2.63,0.00, 128.78
0.00,2.63,0.00, 128.78
0.00,2.81,0.00, 9.44
0.00,2.81,0.00, 9.44
0.00,3.01,0.00, 10.00
0.14,3.37,6.90, 17.97
4.83,4.94,231.15, 78.53
4.85,4.94,4.39, 0.04
4.85,4.94,0.06, 0.00
4.83,4.91,0.00, 0.00
4.83,4.91,0.00, 0.00
4.83,4.88,0.00, 0.00
4.85,4.88,0.99, 0.00
4.83,4.86,0.00, 0.00
4.83,4.87,0.00, 0.50
4.85,4.85,0.99, 0.00
4.85,4.86,0.01, 0.50
4.83,4.84,0.00, 0.00
4.83,4.82,0.00, 0.00
4.85,4.82,0.99, 0.00
4.85,4.82,0.01, 0.00
4.85,4.82,0.00, 0.50
4.85,4.88,0.00, 2.74
4.85,4.92,0.00, 2.00
4.85,4.97,0.00, 2.25
4.85,4.97,0.00, 2.25
4.85,4.97,0.00, 2.25
4.85,5.00,0.00, 1.75
4.85,5.00,0.00, 1.75
4.85,5.02,0.00, 1.25
4.85,5.07,0.00, 2.00
4.85,5.09,0.00, 1.00
4.85,5.11,0.00, 1.00
4.85,5.14,0.00, 2.00
4.85,5.15,0.00, 0.51
4.85,5.15,0.00, 0.51
4.85,5.15,0.00, 0.51
4.85,5.15,0.00, 0.51
4.85,5.19,0.00, 1.75
4.85,5.22,0.00, 1.50
4.85,5.24,0.00, 1.00
4.85,5.27,0.00, 1.25
4.85,5.30,0.00, 1.75
4.85,5.28,0.00, 0.00
4.85,5.28,0.00, 0.00
4.85,5.31,0.00, 1.49
4.85,5.28,0.00, 0.00
4.85,5.24,0.00, 0.00
4.85,5.24,0.00, 0.00
4.85,5.20,0.00, 0.00
4.85,5.19,0.00, 0.00
4.85,5.18,0.00, 0.00
4.85,5.17,0.00, 0.00
4.85,5.19,0.00, 1.00
4.85,5.19,0.00, 0.25
4.85,5.18,0.00, 0.00
4.85,5.16,0.00, 0.00
4.85,5.16,0.00, 0.00
4.85,5.16,0.00, 0.00
4.85,5.12,0.00, 0.00
4.85,5.13,0.00, 0.25
4.85,5.11,0.00, 0.00
4.85,5.11,0.00, 0.00
4.85,5.11,0.00, 0.00
4.85,5.11,0.00, 0.00
4.85,5.11,0.00, 0.00
4.85,5.08,0.00, 0.00
4.85,5.05,0.00, 0.00
4.88,5.04,1.48, 0.00
4.85,5.01,0.00, 0.00
4.85,4.97,0.00, 0.00
4.85,4.94,0.00, 0.00
4.85,4.91,0.00, 0.00
4.85,4.92,0.00, 0.50
4.85,4.92,0.00, 0.50
4.85,4.89,0.00, 0.00
4.85,4.89,0.00, 0.00
4.88,4.89,1.48, 0.00
4.85,4.86,0.00, 0.00
4.85,4.84,0.00, 0.00
4.85,4.79,0.00, 0.00
4.85,4.76,0.00, 0.00
4.85,4.74,0.00, 0.00
4.85,4.74,0.00, 0.00
4.85,4.74,0.00, 0.00
4.85,4.74,0.00, 0.00
4.85,4.72,0.00, 0.00
4.85,4.72,0.00, 0.00
4.85,4.72,0.00, 0.00
4.85,4.72,0.00, 0.00
4.85,4.72,0.00, 0.00
4.85,4.72,0.00, 0.00
4.85,4.72,0.00, 0.00
4.85,4.72,0.00, 0.00
4.85,4.72,0.00, 0.00
4.88,4.73,1.48, 0.75
4.83,4.76,0.00, 1.75
4.85,4.76,0.99, 0.01
4.85,4.76,0.99, 0.01
4.85,4.76,0.99, 0.01
4.85,4.76,0.99, 0.01
4.85,4.76,0.99, 0.01
4.85,4.60,0.01, 0.00
4.85,4.57,0.00, 0.00
4.85,4.56,0.00, 0.00
4.85,4.40,0.00, 0.00
4.85,4.40,0.00, 0.00
4.85,4.40,0.00, 0.00
4.85,4.40,0.00, 0.00
4.88,4.33,1.48, 0.00
4.88,4.33,1.48, 0.00
4.85,4.24,0.00, 0.00
4.85,4.14,0.00, 0.00
4.85,3.62,0.00, 0.00
4.85,3.44,0.00, 0.00
4.85,3.44,0.00, 0.00
4.85,3.44,0.00, 0.00
4.85,3.44,0.00, 0.00
4.85,3.44,0.00, 0.00
4.85,3.44,0.00, 0.00
4.85,3.23,0.00, 0.00
4.85,3.23,0.00, 0.00
4.85,3.23,0.00, 0.00
2.84,3.02,0.00, 0.00
0.00,2.78,0.00, 0.00
2.05,1.84,100.99, 0.00
0.00,1.71,0.00, 0.00
0.00,1.54,0.00, 0.00
2.28,1.35,112.32, 0.00
2.48,1.12,11.51, 0.00
0.23,0.92,0.00, 0.00
0.00,0.72,0.00, 0.00
0.00,0.72,0.00, 0.00
0.00,0.72,0.00, 0.00
0.00,0.72,0.00, 0.00
0.00,0.50,0.00, 0.00
0.00,0.50,0.00, 0.00
0.00,0.50,0.00, 0.00
0.91,0.32,44.83, 0.00
0.91,0.32,44.83, 0.00
0.91,0.32,44.83, 0.00
0.91,0.32,44.83, 0.00
0.91,0.32,44.83, 0.00
0.91,0.32,44.83, 0.00
0.30,0.18,0.00, 0.00
0.30,0.18,0.00, 0.00
0.00,0.06,0.00, 0.00
0.00,0.05,0.00, 0.00
0.00,0.05,0.00, 0.00
0.00,0.05,0.00, 0.00
0.00,0.05,0.00, 0.00
0.00,0.05,0.00, 0.50
0.00,0.06,0.00, 0.25
0.00,0.06,0.00, 0.00
0.00,0.06,0.00, 0.00
0.00,0.05,0.00, 0.00
0.00,0.05,0.00, 0.00
0.00,0.05,0.00, 0.00
0.00,0.05,0.00, 0.50
0.00,0.05,0.00, 0.00
0.00,0.05,0.00, 0.00
0.00,0.05,0.00, 0.00
0.00,0.05,0.00, 0.00
0.00,0.05,0.00, 0.00
0.00,0.05,0.00, 0.00
0.00,0.05,0.00, 0.00
0.00,0.05,0.00, 0.00
0.00,0.05,0.00, 0.00
0.00,0.05,0.00, 0.00
0.00,0.05,0.00, 0.00
0.00,0.05,0.00, 0.00
0.00,0.05,0.00, 0.50
0.00,0.05,0.00, 0.00
0.00,0.05,0.00, 0.50
0.00,0.05,0.00, 0.00
0.00,0.05,0.00, 0.50
0.00,0.05,0.00, 0.00
0.00,0.05,0.00, 0.00
0.00,0.05,0.00, 0.50
0.00,0.05,0.00, 0.50
0.00,0.05,0.00, 0.50
0.00,0.05,0.00, 0.00
0.00,0.05,0.00, 0.00
0.00,0.05,0.00, 0.00
0.00,0.05,0.00, 0.00
0.00,0.05,0.00, 0.50
0.00,0.05,0.00, 0.50
0.00,0.05,0.00, 0.50
0.00,0.05,0.00, 0.00
0.00,0.05,0.00, 0.00
0.00,0.05,0.00, 0.00
0.00,0.05,0.00, 0.00
0.00,0.05,0.00, 0.00
0.00,0.05,0.00, 0.00
0.00,0.05,0.00, 0.00
0.00,0.05,0.00, 0.00
0.00,0.05,0.00, 0.00
0.00,0.05,0.00, 0.00
0.00,0.05,0.00, 0.00
0.00,0.05,0.00, 0.00
0.00,0.05,0.00, 0.50
0.00,0.14,0.00, 3.99
0.00,1.00,0.00, 43.11
0.00,1.45,0.00, 22.58
0.00,1.45,0.00, 22.58
0.00,1.45,0.00, 22.58
0.00,1.92,0.00, 23.25
0.00,2.43,0.00, 25.99
0.00,2.93,0.00, 24.51
0.00,4.06,0.00, 56.63
0.00,4.06,0.00, 56.63
0.00,4.37,0.00, 15.65
0.75,4.66,36.95, 14.75
1.69,4.90,46.85, 12.01
2.57,5.13,44.04, 11.25
3.40,5.36,41.54, 11.25
4.05,5.57,32.63, 10.75
4.54,5.75,24.62, 9.01
4.88,5.89,17.11, 7.26
4.88,6.03,0.25, 6.75
4.88,6.14,0.00, 5.50
4.88,6.20,0.00, 3.01
4.88,6.25,0.00, 2.50
4.88,6.25,0.00, 2.50
4.88,6.28,0.00, 1.75
4.88,6.34,0.00, 2.75
4.88,6.34,0.00, 0.01
4.88,6.38,0.00, 1.74
4.88,6.39,0.00, 1.00
4.88,6.39,0.00, 0.00
4.88,6.39,0.00, 0.00
4.88,6.33,0.00, 0.00
4.88,6.33,0.00, 0.00
4.88,6.33,0.00, 0.00
4.88,6.28,0.00, 0.00
4.85,6.20,0.00, 0.00
4.88,6.11,1.48, 0.00
4.88,5.99,0.02, 0.00
4.88,5.89,0.00, 0.00
4.88,5.89,0.00, 0.00
4.88,5.82,0.00, 0.00
4.88,5.82,0.00, 0.00
4.88,5.82,0.00, 0.00
4.88,5.77,0.00, 0.00
4.88,5.72,0.00, 0.00
4.88,5.71,0.00, 0.00
4.88,5.72,0.00, 0.50
4.88,5.75,0.00, 1.50
4.88,5.78,0.00, 1.75
4.88,5.82,0.00, 1.50
4.90,5.82,0.99, 0.50
4.90,5.82,0.01, 0.00
4.88,5.82,0.00, 0.00
4.88,5.80,0.00, 0.00
4.88,5.81,0.00, 0.50
4.88,5.82,0.00, 0.75
4.88,5.82,0.00, 0.75
4.88,5.81,0.00, 0.00
4.88,5.80,0.00, 0.00
4.88,5.78,0.00, 0.00
4.88,5.74,0.00, 0.00
4.88,5.76,0.00, 0.50
4.88,5.74,0.00, 0.00
4.88,5.74,0.00, 0.00
4.88,5.72,0.00, 0.00
4.88,5.72,0.00, 0.00
4.88,5.73,0.00, 0.50
4.88,5.73,0.00, 0.00
4.88,5.76,0.00, 1.74
4.88,5.76,0.00, 1.74
4.88,5.76,0.00, 1.74
4.88,5.76,0.00, 1.74
4.88,5.76,0.00, 1.74
4.88,5.81,0.00, 2.25
4.88,5.81,0.00, 0.01
4.88,5.82,0.00, 0.50
4.85,5.78,0.00, 0.00
4.85,5.76,0.00, 0.00
4.85,5.78,0.00, 1.25
4.85,5.78,0.00, 0.00
4.88,5.76,1.48, 0.00
4.88,5.74,0.02, 0.00
4.88,5.77,0.00, 1.00
4.88,5.76,0.00, 0.00
4.85,5.73,0.00, 0.00
4.85,5.73,0.00, 0.00
4.85,5.73,0.00, 0.00
4.88,5.72,1.48, 0.00
4.88,5.68,0.02, 0.00
4.85,5.64,0.00, 0.00
4.88,5.60,1.48, 0.00
4.88,5.56,0.02, 0.00
4.88,5.56,0.02, 0.00
4.88,5.56,0.02, 0.00
4.88,5.56,0.02, 0.00
4.88,5.56,0.02, 0.00
4.88,5.49,0.00, 0.00
4.88,5.49,0.00, 0.00
4.88,5.44,0.00, 0.00
4.88,5.43,0.00, 0.00
4.85,5.41,0.00, 0.00
4.88,5.40,1.48, 0.00
4.85,5.44,0.00, 1.99
4.85,5.47,0.00, 1.50
4.88,5.53,1.48, 2.50
4.85,5.57,0.00, 2.50
4.88,5.63,1.48, 2.75
4.88,5.64,0.02, 0.76
4.88,5.64,0.00, 0.00
4.88,5.62,0.00, 0.00
4.88,5.56,0.00, 0.00
4.88,5.49,0.00, 0.00
4.88,5.40,0.00, 0.00
4.88,5.40,0.00, 0.00
4.88,5.30,0.00, 0.00
4.85,5.18,0.00, 0.00
4.88,5.02,1.48, 0.00
4.88,4.85,0.02, 0.00
4.88,4.63,0.00, 0.00
4.88,4.36,0.00, 0.00
4.88,4.36,0.00, 0.00
4.88,4.05,0.00, 0.00
4.88,3.69,0.00, 0.00
4.88,3.69,0.00, 0.00
4.88,3.69,0.00, 0.00
4.88,3.69,0.00, 0.00
4.88,3.69,0.00, 0.00
4.88,3.69,0.00, 0.00
4.88,3.30,0.00, 0.00
4.88,3.30,0.00, 0.00
4.85,2.81,0.00, 0.00
4.88,2.35,1.48, 0.00
4.85,0.41,0.00, 0.00
4.94,0.25,4.43, 0.00
1.62,0.14,0.00, 0.00
0.00,0.13,0.00, 0.00
0.00,0.08,0.00, 0.00
0.00,0.06,0.00, 0.00
0.00,0.07,0.00, 0.50
0.00,0.05,0.00, 0.00
0.00,0.05,0.00, 0.00
0.00,0.05,0.00, 0.00
0.00,0.05,0.00, 0.50
0.00,0.05,0.00, 0.50
0.00,0.06,0.00, 0.25
0.00,0.06,0.00, 0.25
0.00,0.06,0.00, 0.25
0.00,0.06,0.00, 0.25
0.00,0.06,0.00, 0.25
0.00,0.06,0.00, 0.25
0.00,0.06,0.00, 0.25
0.00,0.05,0.00, 0.00
0.00,0.05,0.00, 0.00
0.00,0.05,0.00, 0.00
0.00,0.05,0.00, 0.00
0.00,0.05,0.00, 0.00
0.00,0.05,0.00, 0.00
0.00,0.05,0.00, 0.00
0.00,0.05,0.00, 0.00
0.00,0.05,0.00, 0.50
0.00,0.05,0.00, 0.50
0.00,0.05,0.00, 0.50
0.00,0.05,0.00, 0.50
0.00,0.05,0.00, 0.50
0.00,0.05,0.00, 0.50
0.00,0.05,0.00, 0.00
0.00,0.05,0.00, 0.00
0.00,0.05,0.00, 0.00
0.00,0.05,0.00, 0.00
0.00,0.05,0.00, 0.00
0.00,0.05,0.00, 0.00
0.00,0.05,0.00, 0.00
0.00,0.05,0.00, 0.00
0.00,0.05,0.00, 0.00
0.00,0.05,0.00, 0.00
0.00,0.05,0.00, 0.00
0.00,0.05,0.00, 0.00
0.00,0.05,0.00, 0.50
0.00,0.06,0.00, 0.25
0.00,0.05,0.00, 0.00
0.00,0.05,0.00, 0.00
0.00,0.05,0.00, 0.00
0.00,0.04,0.00, 0.00
0.00,0.04,0.00, 0.00
0.00,0.04,0.00, 0.00
0.00,0.04,0.00, 0.00
0.00,0.04,0.00, 0.00
0.00,0.04,0.00, 0.00
0.00,0.04,0.00, 0.00
0.00,0.05,0.00, 0.50
0.00,0.05,0.00, 0.00
0.00,0.05,0.00, 0.50
0.00,0.05,0.00, 0.50
0.00,0.05,0.00, 0.50
0.00,0.05,0.00, 0.50
0.00,0.05,0.00, 0.50
0.00,0.05,0.00, 0.50
0.00,0.05,0.00, 0.50
0.00,0.05,0.00, 0.50
0.00,0.06,0.00, 0.25
0.00,0.05,0.00, 0.00
0.00,0.05,0.00, 0.00
0.00,0.05,0.00, 0.00
0.00,0.05,0.00, 0.00
0.00,0.05,0.00, 0.50
0.00,0.05,0.00, 0.50
0.00,0.05,0.00, 0.00
0.00,0.05,0.00, 0.00
0.00,0.05,0.00, 0.50
0.00,0.05,0.00, 0.00
0.00,0.05,0.00, 0.00
0.00,0.05,0.00, 0.00
0.00,0.05,0.00, 0.00
0.00,0.05,0.00, 0.00
0.00,0.05,0.00, 0.00
0.00,0.05,0.00, 0.00
0.00,0.05,0.00, 0.00
0.00,0.05,0.00, 0.00
0.00,0.05,0.00, 0.00
0.00,0.05,0.00, 0.00
0.00,0.05,0.00, 0.00
0.00,0.05,0.00, 0.00
0.00,0.05,0.00, 0.00
0.00,0.05,0.00, 0.00
0.00,0.05,0.00, 0.00
0.00,0.05,0.00, 0.00
0.00,0.05,0.00, 0.50
0.00,0.05,0.00, 0.00
0.00,0.05,0.00, 0.00
0.00,0.05,0.00, 0.00
0.00,0.05,0.00, 0.00
0.00,0.05,0.00, 0.00
0.00,0.05,0.00, 0.00
0.00,0.05,0.00, 0.00
0.00,0.05,0.00, 0.00
0.00,0.05,0.00, 0.00
0.00,0.05,0.00, 0.50
0.00,0.07,0.00, 0.75
0.00,0.09,0.00, 1.25
0.00,0.34,0.00, 11.96
0.00,0.38,0.00, 2.53
0.00,0.47,0.00, 4.24
0.00,0.59,0.00, 5.99
0.00,0.72,0.00, 6.50
0.00,0.90,0.00, 8.99
0.00,1.11,0.00, 10.25
0.00,1.34,0.00, 11.74
0.00,1.59,0.00, 12.50
0.00,1.59,0.00, 12.50
0.00,1.59,0.00, 12.50
0.00,1.59,0.00, 12.50
0.00,1.59,0.00, 12.50
0.00,1.84,0.00, 12.50
0.00,2.12,0.00, 14.24
0.00,2.12,0.00, 14.24
0.00,2.39,0.00, 13.00
0.00,2.39,0.00, 13.00
0.41,3.36,20.20, 48.37
1.18,3.61,38.23, 12.63
1.85,3.86,33.57, 12.50
1.85,3.86,33.57, 12.50
2.39,4.11,27.10, 12.50
2.86,4.36,23.55, 12.50
3.33,4.58,23.50, 11.25
3.84,4.78,25.47, 9.76
4.32,4.94,24.02, 8.26
4.72,5.11,20.06, 8.50
4.83,5.21,5.71, 5.01
4.83,5.32,0.08, 5.75
4.83,5.41,0.00, 4.50
4.85,5.47,0.99, 3.01
4.85,5.53,0.01, 2.50
4.85,5.55,0.00, 1.01
4.85,5.56,0.00, 0.75
4.85,5.56,0.00, 0.75
4.85,5.57,0.00, 0.25
4.88,5.56,1.48, 0.00
4.85,5.55,0.00, 0.00
4.85,5.56,0.00, 0.50
4.85,5.56,0.00, 0.00
4.85,5.57,0.00, 0.75
4.85,5.57,0.00, 0.00
4.85,5.55,0.00, 0.00
4.85,5.51,0.00, 0.00
4.85,5.47,0.00, 0.00
4.85,5.45,0.00, 0.00
4.88,5.41,1.48, 0.00
4.85,5.36,0.00, 0.00
4.85,5.31,0.00, 0.00
4.85,5.28,0.00, 0.00
4.85,5.28,0.00, 0.00
4.88,5.24,1.48, 0.00
4.85,5.22,0.00, 0.00
4.85,5.22,0.00, 0.00
4.85,5.19,0.00, 0.00
4.85,5.20,0.00, 0.50
4.88,5.25,1.48, 2.24
4.88,5.25,1.48, 2.24
4.85,5.28,0.00, 1.75
4.85,5.34,0.00, 2.50
4.85,5.36,0.00, 1.25
4.88,5.40,1.48, 2.25
4.88,5.40,0.02, 0.01
4.88,5.41,0.00, 0.50
4.88,5.41,0.00, 0.50
4.88,5.41,0.00, 0.00
4.85,5.39,0.00, 0.00
4.88,5.38,1.48, 0.00
4.88,5.36,0.02, 0.00
4.88,5.35,0.00, 0.00
4.85,5.37,0.00, 1.00
4.85,5.40,0.00, 1.75
4.88,5.44,1.48, 2.00
4.88,5.47,0.02, 1.00
4.85,5.50,0.00, 1.75
4.85,5.50,0.00, 1.75
4.88,5.53,1.48, 1.25
4.88,5.52,0.02, 0.00
4.85,5.53,0.00, 0.50
4.88,5.53,1.48, 0.00
4.88,5.53,1.48, 0.00
4.88,5.55,0.02, 1.25
4.88,5.55,0.02, 1.25
4.85,5.57,0.00, 0.75
4.88,5.57,1.48, 0.50
4.85,5.61,0.00, 1.99
4.88,5.64,1.48, 1.50
4.88,5.65,0.02, 0.50
4.85,5.66,0.00, 0.50
4.88,5.66,1.48, 0.00
4.88,5.62,0.02, 0.00
4.88,5.57,0.00, 0.00
4.85,5.55,0.00, 0.00
4.85,5.51,0.00, 0.00
4.85,5.51,0.00, 0.00
4.85,5.49,0.00, 0.00
4.85,5.49,0.00, 0.00
4.85,5.49,0.00, 0.00
4.85,5.49,0.00, 0.00
4.85,5.48,0.00, 0.00
4.85,5.48,0.00, 0.00
4.88,5.47,1.48, 0.00
4.88,5.44,0.02, 0.00
4.85,5.39,0.00, 0.00
4.88,5.34,1.48, 0.00
4.88,5.30,0.02, 0.00
4.85,5.27,0.00, 0.00
4.88,5.24,1.48, 0.00
4.88,5.23,0.02, 0.00
4.88,5.22,0.00, 0.00
4.85,5.19,0.00, 0.00
4.85,5.19,0.00, 0.00
4.85,5.19,0.00, 0.00
4.85,5.19,0.00, 0.00
4.85,5.19,0.00, 0.00
4.85,5.19,0.00, 0.00
4.85,5.19,0.00, 0.00
4.88,5.13,1.48, 0.00
4.85,5.07,0.00, 0.00
4.85,4.66,0.00, 0.00
4.85,4.66,0.00, 0.00
4.85,4.66,0.00, 0.00
4.85,4.66,0.00, 0.00
4.88,4.59,1.48, 0.00
4.85,4.55,0.00, 0.00
4.88,4.53,1.48, 0.00
4.85,4.41,0.00, 0.00
4.85,4.31,0.00, 0.00
4.88,4.18,1.48, 0.00
4.88,4.03,0.02, 0.00
4.85,3.82,0.00, 0.00
4.85,3.82,0.00, 0.00
4.85,3.59,0.00, 0.00
4.85,3.35,0.00, 0.00
4.85,3.08,0.00, 0.00
4.81,2.83,0.00, 0.00
0.00,2.57,0.00, 0.00
0.00,2.17,0.00, 0.00
2.97,1.86,146.32, 0.00
5.08,1.67,106.10, 0.00
4.94,1.60,0.00, 0.00
4.90,1.50,0.00, 0.00
3.67,1.36,0.00, 0.00
0.00,1.23,0.00, 0.00
0.00,1.23,0.00, 0.00
0.00,1.23,0.00, 0.00
0.00,1.00,0.00, 0.00
0.41,0.82,20.20, 0.00
2.45,0.59,100.80, 0.00
0.10,0.41,0.00, 0.00
0.00,0.27,0.00, 0.00
0.00,0.13,0.00, 0.00
0.00,0.08,0.00, 0.00
0.00,0.06,0.00, 0.00
0.00,0.05,0.00, 0.00
0.00,0.05,0.00, 0.50
0.00,0.05,0.00, 0.00
0.00,0.05,0.00, 0.00
0.00,0.05,0.00, 0.00
0.00,0.05,0.00, 0.00
0.00,0.05,0.00, 0.00
0.00,0.05,0.00, 0.00
0.00,0.05,0.00, 0.00
0.00,0.05,0.00, 0.00
0.00,0.05,0.00, 0.00
0.00,0.05,0.00, 0.00
0.00,0.05,0.00, 0.00
0.00,0.05,0.00, 0.00
0.00,0.05,0.00, 0.00
0.00,0.05,0.00, 0.50
0.00,0.05,0.00, 0.50
0.00,0.06,0.00, 0.25
0.00,0.06,0.00, 0.00
0.00,0.06,0.00, 0.00
0.00,0.05,0.00, 0.00
0.00,0.05,0.00, 0.00
0.00,0.04,0.00, 0.00
0.00,0.04,0.00, 0.00
0.00,0.05,0.00, 0.50
0.00,0.05,0.00, 0.00
0.00,0.05,0.00, 0.00
0.00,0.05,0.00, 0.00
0.00,0.05,0.00, 0.00
0.00,0.05,0.00, 0.00
0.00,0.05,0.00, 0.00
0.00,0.05,0.00, 0.00
0.00,0.05,0.00, 0.00
0.00,0.05,0.00, 0.50
0.00,0.05,0.00, 0.50
0.00,0.06,0.00, 0.25
0.00,0.06,0.00, 0.00
0.00,0.04,0.00, 0.00
0.00,0.05,0.00, 0.50
0.00,0.05,0.00, 0.00
0.00,0.05,0.00, 0.00
0.00,0.05,0.00, 0.00
0.00,0.05,0.00, 0.50
0.00,0.06,0.00, 0.25
0.00,0.06,0.00, 0.25
0.00,0.05,0.00, 0.00
0.00,0.05,0.00, 0.00
0.00,0.05,0.00, 0.50
0.00,0.05,0.00, 0.00
0.00,0.05,0.00, 0.00
0.00,0.05,0.00, 0.00
0.00,0.05,0.00, 0.00
0.00,0.05,0.00, 0.00
0.00,0.05,0.00, 0.00
0.00,0.05,0.00, 0.00
0.00,0.05,0.00, 0.00
0.00,0.05,0.00, 0.00
0.00,0.05,0.00, 0.00
0.00,0.05,0.00, 0.00
0.00,0.05,0.00, 0.00
0.00,0.05,0.00, 0.00
0.00,0.05,0.00, 0.00
0.00,0.05,0.00, 0.00
0.00,0.05,0.00, 0.00
0.00,0.05,0.00, 0.00
0.00,0.05,0.00, 0.00
0.00,0.05,0.00, 0.00
0.00,0.05,0.00, 0.00
0.00,0.05,0.00, 0.00
0.00,0.05,0.00, 0.00
0.00,0.05,0.00, 0.00
0.00,0.05,0.00, 0.00
0.00,0.05,0.00, 0.00
0.00,0.05,0.00, 0.00
0.00,0.05,0.00, 0.00
0.00,0.05,0.00, 0.00
0.00,0.05,0.00, 0.50
0.00,0.05,0.00, 0.00
0.00,0.05,0.00, 0.00
0.00,0.05,0.00, 0.00
0.00,0.05,0.00, 0.00
0.00,0.05,0.00, 0.00
0.00,0.05,0.00, 0.00
0.00,0.05,0.00, 0.00
0.00,0.05,0.00, 0.00
0.00,0.05,0.00, 0.00
0.00,0.05,0.00, 0.00
0.00,0.05,0.00, 0.00
0.00,0.05,0.00, 0.00
0.00,0.05,0.00, 0.00
0.00,0.05,0.00, 0.00
0.00,0.05,0.00, 0.50
0.00,0.05,0.00, 0.00
0.00,0.05,0.00, 0.00
0.00,0.05,0.00, 0.00
0.00,0.05,0.00, 0.00
0.00,0.05,0.00, 0.00
0.00,0.05,0.00, 0.00
0.00,0.05,0.00, 0.00
0.00,0.05,0.00, 0.00
0.00,0.05,0.00, 0.00
0.00,0.05,0.00, 0.00
0.00,0.05,0.00, 0.00
0.00,0.05,0.00, 0.00
0.00,0.05,0.00, 0.00
0.00,0.05,0.00, 0.50
0.00,0.06,0.00, 0.25
0.00,0.06,0.00, 0.25
0.00,0.05,0.00, 0.00
0.00,0.05,0.00, 0.00
0.00,0.05,0.00, 0.00
0.00,0.05,0.00, 0.00
0.00,0.05,0.00, 0.00
0.00,0.05,0.00, 0.00
0.00,0.05,0.00, 0.50
0.00,0.05,0.00, 0.50
0.00,0.05,0.00, 0.50
0.00,0.05,0.00, 0.00
0.00,0.05,0.00, 0.00
0.00,0.05,0.00, 0.00
0.00,0.05,0.00, 0.00
0.00,0.05,0.00, 0.00
0.00,0.05,0.00, 0.50
0.00,0.05,0.00, 0.50
0.00,0.05,0.00, 0.50
0.00,0.05,0.00, 0.50
0.00,0.05,0.00, 0.50
0.00,0.05,0.00, 0.50
0.00,0.05,0.00, 0.00
0.00,0.05,0.00, 0.00
0.00,0.05,0.00, 0.00
0.00,0.05,0.00, 0.00
0.00,0.31,0.00, 12.95
0.00,0.31,0.00, 12.95
0.00,0.31,0.00, 12.95
0.00,0.31,0.00, 12.95
0.00,0.31,0.00, 12.95
0.00,0.31,0.00, 12.95
0.00,0.31,0.00, 12.95
0.00,0.31,0.00, 12.95
0.00,0.31,0.00, 12.95
0.00,0.31,0.00, 12.95
0.00,0.31,0.00, 12.95
0.00,0.31,0.00, 12.95
0.00,0.31,0.00, 12.95
0.00,0.31,0.00, 12.95
0.00,0.31,0.00, 12.95
0.00,0.31,0.00, 12.95
0.00,0.31,0.00, 12.95
0.00,0.31,0.00, 12.95
0.00,0.31,0.00, 12.95
0.00,0.37,0.00, 3.29
0.00,0.37,0.00, 3.29
0.00,0.45,0.00, 4.25
0.00,0.60,0.00, 6.99
3.35,4.69,165.04, 204.28
4.45,5.20,56.62, 25.91
4.79,5.40,17.58, 10.31
4.83,5.59,2.23, 9.00
4.83,5.70,0.03, 6.01
4.83,5.78,0.00, 4.01
4.83,5.87,0.00, 4.25
4.83,5.92,0.00, 2.51
4.83,5.94,0.00, 1.01
4.85,5.97,0.99, 1.25
4.83,6.00,0.00, 1.75
4.83,5.99,0.00, 0.00
4.85,5.98,0.99, 0.00
4.85,5.98,0.99, 0.00
4.85,5.94,0.01, 0.00
4.85,5.94,0.00, 0.00
4.85,5.94,0.00, 0.00
4.85,5.94,0.00, 0.00
4.85,5.94,0.00, 0.00
4.85,5.89,0.00, 0.00
4.85,5.83,0.00, 0.00
4.85,5.76,0.00, 0.00
4.85,5.57,0.00, 0.00
4.85,5.57,0.00, 0.00
4.85,5.57,0.00, 0.00
4.85,5.51,0.00, 0.00
4.85,5.51,0.00, 0.00
4.85,5.51,0.00, 0.00
4.85,5.51,0.00, 0.00
4.85,5.51,0.00, 0.00
4.85,5.45,0.00, 0.00
4.85,5.39,0.00, 0.00
4.85,5.33,0.00, 0.00
4.88,5.34,1.48, 0.25
4.88,5.36,0.02, 1.25
4.85,5.39,0.00, 1.50
4.85,5.42,0.00, 1.50
4.88,5.42,1.48, 0.01
4.85,5.43,0.00, 0.50
4.88,5.44,1.48, 0.50
4.88,5.45,0.02, 0.75
4.88,5.44,0.00, 0.00
4.88,5.44,0.00, 0.00
4.85,5.43,0.00, 0.00
4.85,5.44,0.00, 0.75
4.88,5.45,1.48, 0.50
4.88,5.48,0.02, 1.25
4.88,5.51,0.00, 1.50
4.88,5.51,0.00, 1.50
4.88,5.51,0.00, 1.50
4.88,5.51,0.00, 1.50
4.88,5.56,0.00, 2.50
4.88,5.57,0.00, 0.76
4.85,5.59,0.00, 0.50
4.85,5.57,0.00, 0.00
4.85,5.57,0.00, 0.00
4.85,5.57,0.00, 0.00
4.85,5.57,0.00, 0.00
4.88,5.57,1.48, 0.00
4.88,5.57,0.02, 0.00
4.85,5.56,0.00, 0.00
4.85,5.59,0.00, 1.25
4.85,5.59,0.00, 0.00
4.85,5.59,0.00, 0.00
4.85,5.63,0.00, 2.24
4.85,5.64,0.00, 0.76
4.88,5.64,1.48, 0.00
4.85,5.66,0.00, 0.75
4.88,5.65,1.48, 0.00
4.85,5.65,0.00, 0.25
4.88,5.63,1.48, 0.00
4.85,5.63,0.00, 0.00
4.88,5.64,1.48, 0.25
4.85,5.64,0.00, 0.00
4.88,5.62,1.48, 0.00
4.85,5.62,0.00, 0.00
4.85,5.62,0.00, 0.00
4.88,5.59,1.48, 0.00
4.85,5.57,0.00, 0.00
4.88,5.53,1.48, 0.00
4.88,5.53,0.02, 0.00
4.85,5.52,0.00, 0.00
4.85,5.51,0.00, 0.00
4.85,5.52,0.00, 0.25
4.88,5.53,1.48, 0.50
4.85,5.53,0.00, 0.00
4.88,5.49,1.48, 0.00
4.88,5.49,1.48, 0.00
4.88,5.48,0.02, 0.00
4.85,5.46,0.00, 0.00
4.85,5.40,0.00, 0.00
4.88,5.35,1.48, 0.00
4.85,5.31,0.00, 0.00
4.88,5.27,1.48, 0.00
4.85,5.28,0.00, 0.25
4.88,5.28,1.48, 0.00
4.88,5.31,0.02, 1.74
4.88,5.31,0.02, 1.74
4.88,5.31,0.02, 1.74
4.88,5.31,0.02, 1.74
4.88,5.31,0.02, 1.74
4.88,5.31,0.02, 1.74
4.85,5.32,0.00, 0.75
4.85,5.36,0.00, 1.50
4.88,5.35,1.48, 0.00
4.85,5.26,0.00, 0.00
4.85,5.23,0.00, 0.00
4.85,5.23,0.00, 0.00
4.85,5.23,0.00, 0.00
4.88,5.20,1.48, 0.00
4.88,5.16,0.02, 0.00
4.85,5.11,0.00, 0.00
4.85,5.01,0.00, 0.00
4.88,4.95,1.48, 0.00
4.85,4.91,0.00, 0.00
4.88,4.85,1.48, 0.00
4.88,4.85,1.48, 0.00
4.88,4.85,1.48, 0.00
4.88,4.85,1.48, 0.00
4.88,4.85,1.48, 0.00
4.85,4.77,0.00, 0.00
4.88,4.71,1.48, 0.00
4.88,4.68,0.02, 0.00
4.88,4.43,0.00, 0.00
4.88,4.43,0.00, 0.00
4.88,4.39,0.00, 0.00
4.88,4.30,0.00, 0.00
4.85,4.24,0.00, 0.00
4.85,4.09,0.00, 0.00
4.85,3.99,0.00, 0.00
4.88,3.91,1.48, 0.00
4.85,3.78,0.00, 0.00
4.88,3.59,1.48, 0.00
4.88,3.38,0.02, 0.00
4.88,3.15,0.00, 0.00
4.88,3.15,0.00, 0.00
4.88,3.15,0.00, 0.00
4.88,3.15,0.00, 0.00
4.88,3.15,0.00, 0.00
4.88,3.15,0.00, 0.00
4.88,3.15,0.00, 0.00
4.85,2.88,0.00, 0.00
4.85,2.60,0.00, 0.00
0.93,2.30,0.00, 0.00
4.94,1.12,197.55, 0.00
4.94,1.12,197.55, 0.00
5.01,0.98,6.35, 0.00
4.43,0.77,0.00, 0.00
0.00,0.55,0.00, 0.00
0.00,0.53,0.00, 0.00
0.00,0.32,0.00, 0.00
0.00,0.21,0.00, 0.00
0.35,0.14,17.24, 0.00
0.00,0.09,0.00, 0.00
0.00,0.06,0.00, 0.00
0.00,0.05,0.00, 0.00
0.00,0.05,0.00, 0.00
0.00,0.05,0.00, 0.00
0.00,0.05,0.00, 0.00
0.00,0.05,0.00, 0.00
0.00,0.05,0.00, 0.00
0.00,0.05,0.00, 0.00
0.00,0.05,0.00, 0.50
0.00,0.05,0.00, 0.50
0.00,0.05,0.00, 0.00
0.00,0.05,0.00, 0.00
0.00,0.05,0.00, 0.00
0.00,0.04,0.00, 0.00
0.00,0.04,0.00, 0.00
0.00,0.05,0.00, 1.00
0.00,0.05,0.00, 0.00
0.00,0.05,0.00, 0.50
0.00,0.06,0.00, 0.25
0.00,0.05,0.00, 0.00
0.00,0.05,0.00, 0.50
0.00,0.05,0.00, 0.00
0.00,0.05,0.00, 0.00
0.00,0.05,0.00, 0.00
0.00,0.05,0.00, 0.00
0.00,0.05,0.00, 0.00
0.00,0.05,0.00, 0.00
0.00,0.05,0.00, 0.00
0.00,0.05,0.00, 0.00
0.00,0.05,0.00, 0.00
0.00,0.05,0.00, 0.00
0.00,0.05,0.00, 0.00
0.00,0.05,0.00, 0.00
0.00,0.05,0.00, 0.00
0.00,0.05,0.00, 0.00
0.00,0.05,0.00, 0.00
0.00,0.05,0.00, 0.00
0.00,0.05,0.00, 0.00
0.00,0.05,0.00, 0.00
0.00,0.05,0.00, 0.00
0.00,0.05,0.00, 0.00
0.00,0.05,0.00, 0.00
0.00,0.05,0.00, 0.00
0.00,0.05,0.00, 0.00
0.00,0.05,0.00, 0.00
0.00,0.05,0.00, 0.00
0.00,0.05,0.00, 0.00
0.00,0.05,0.00, 0.00
0.00,0.05,0.00, 0.00
0.00,0.05,0.00, 0.00
0.00,0.05,0.00, 0.00
0.00,0.05,0.00, 0.00
0.00,0.05,0.00, 0.00
0.00,0.05,0.00, 0.00
0.00,0.05,0.00, 0.00
0.00,0.05,0.00, 0.00
0.00,0.05,0.00, 0.00
0.00,0.05,0.00, 0.00
0.00,0.05,0.00, 0.00
0.00,0.05,0.00, 0.00
0.00,0.05,0.00, 0.00
0.00,0.05,0.00, 0.50
0.00,0.05,0.00, 0.00
0.00,0.05,0.00, 0.00
0.00,0.05,0.00, 0.00
0.00,0.05,0.00, 0.00
0.00,0.05,0.00, 0.00
0.00,0.05,0.00, 0.00
0.00,0.05,0.00, 0.00
0.00,0.05,0.00, 0.00
0.00,0.05,0.00, 0.00
0.00,0.05,0.00, 0.00
0.00,0.05,0.00, 0.00
0.00,0.05,0.00, 0.00
0.00,0.05,0.00, 0.00
0.00,0.05,0.00, 0.00
0.00,0.05,0.00, 0.00
0.00,0.05,0.00, 0.00
0.00,0.05,0.00, 0.00
0.00,0.05,0.00, 0.00
0.00,0.05,0.00, 0.00
0.00,0.05,0.00, 0.00
0.00,0.05,0.00, 0.00
0.00,0.05,0.00, 0.00
0.00,0.05,0.00, 0.00
0.00,0.05,0.00, 0.00
0.00,0.05,0.00, 0.00
0.00,0.05,0.00, 0.00
0.00,0.05,0.00, 0.50
0.00,0.05,0.00, 0.00
0.00,0.05,0.00, 0.50
0.00,0.05,0.00, 0.00
0.00,0.05,0.00, 0.00
0.00,0.05,0.00, 0.00
0.00,0.05,0.00, 0.00
0.00,0.05,0.00, 0.00
0.00,0.05,0.00, 0.00
0.00,0.05,0.00, 0.00
0.00,0.05,0.00, 0.00
0.00,0.05,0.00, 0.00
0.00,0.05,0.00, 0.00
0.00,0.07,0.00, 1.25
0.00,0.12,0.00, 2.74
0.00,0.12,0.00, 0.00
0.00,0.12,0.00, 0.00
0.00,0.18,0.00, 2.74
0.00,0.18,0.00, 2.74
0.00,0.19,0.00, 0.76
0.00,0.26,0.00, 3.49
0.00,0.26,0.00, 3.49
0.00,0.47,0.00, 10.72
0.00,0.62,0.00, 7.51
0.00,0.62,0.00, 7.51
0.00,0.62,0.00, 7.51
0.00,0.62,0.00, 7.51
0.00,0.62,0.00, 7.51
0.00,0.62,0.00, 7.51
0.00,0.85,0.00, 10.99
0.00,0.85,0.00, 10.99
0.00,0.85,0.00, 10.99
0.00,0.85,0.00, 10.99
0.00,0.85,0.00, 10.99
0.00,0.85,0.00, 10.99
0.00,0.85,0.00, 10.99
0.00,1.07,0.00, 11.00
0.00,1.07,0.00, 11.00
0.00,1.33,0.00, 13.24
0.00,1.33,0.00, 13.24
0.00,2.62,0.00, 64.56
3.76,4.43,185.23, 89.91
4.38,4.65,33.27, 11.79
4.90,5.14,26.11, 24.45
4.90,5.14,26.11, 24.45
4.90,5.29,0.38, 7.31
4.90,5.40,0.01, 5.51
4.90,5.48,0.00, 4.25
4.90,5.57,0.00, 4.25
4.90,5.63,0.00, 3.00
4.90,5.68,0.00, 2.25
4.90,5.74,0.00, 3.00
4.90,5.78,0.00, 2.50
4.90,5.80,0.00, 0.51
4.90,5.81,0.00, 0.75
4.90,5.84,0.00, 1.25
4.90,5.80,0.00, 0.00
4.90,5.76,0.00, 0.00
4.90,5.76,0.00, 0.00
4.90,5.72,0.00, 0.00
4.90,5.66,0.00, 0.00
4.90,5.63,0.00, 0.00
4.92,5.58,0.99, 0.00
4.90,5.53,0.00, 0.00
4.92,5.48,0.99, 0.00
4.90,5.45,0.00, 0.00
4.92,5.42,0.99, 0.00
4.92,5.42,0.99, 0.00
4.90,5.42,0.00, 0.00
4.90,5.41,0.00, 0.00
4.92,5.39,0.99, 0.00
4.90,5.44,0.00, 2.49
4.92,5.45,0.99, 0.51
4.92,5.48,0.01, 1.50
4.92,5.48,0.01, 1.50
4.92,5.48,0.01, 1.50
4.92,5.48,0.01, 1.50
4.92,5.48,0.01, 1.50
4.92,5.48,0.01, 1.50
4.90,5.52,0.00, 1.50
4.90,5.55,0.00, 1.50
4.92,5.57,0.99, 1.00
4.92,5.57,0.01, 0.00
4.90,5.56,0.00, 0.00
4.90,5.55,0.00, 0.00
4.90,5.55,0.00, 0.00
4.90,5.55,0.00, 0.00
4.90,5.55,0.00, 0.00
4.90,5.55,0.00, 0.00
4.90,5.55,0.00, 0.00
4.90,5.55,0.00, 0.00
4.90,5.57,0.00, 1.25
4.90,5.57,0.00, 0.00
4.90,5.59,0.00, 0.50
4.90,5.59,0.00, 0.50
4.90,5.59,0.00, 0.50
4.90,5.70,0.00, 5.73
4.90,5.73,0.00, 1.52
4.92,5.74,0.99, 0.50
4.90,5.74,0.00, 0.00
4.90,5.73,0.00, 0.00
4.90,5.74,0.00, 0.50
4.92,5.72,0.99, 0.00
4.90,5.68,0.00, 0.00
4.90,5.62,0.00, 0.00
4.90,5.56,0.00, 0.00
4.90,5.52,0.00, 0.00
4.90,5.52,0.00, 0.00
4.90,5.53,0.00, 1.00
4.90,5.53,0.00, 1.00
4.90,5.53,0.00, 1.00
4.90,5.53,0.00, 1.00
4.90,5.61,0.00, 3.49
4.90,5.61,0.00, 3.49
4.90,5.68,0.00, 4.00
4.90,5.77,0.00, 4.25
4.90,5.82,0.00, 2.76
4.90,5.82,0.00, 2.76
4.90,5.82,0.00, 2.76
4.90,5.82,0.00, 0.00
4.90,5.80,0.00, 0.00
4.90,5.78,0.00, 0.00
4.90,5.73,0.00, 0.00
4.90,5.68,0.00, 0.00
4.90,5.61,0.00, 0.00
4.90,5.53,0.00, 0.00
4.90,5.48,0.00, 0.00
4.90,5.40,0.00, 0.00
4.90,5.38,0.00, 0.00
4.90,5.38,0.00, 0.00
4.90,5.34,0.00, 0.00
4.90,5.36,0.00, 1.00
4.90,5.36,0.00, 0.00
4.90,5.39,0.00, 1.49
4.90,5.39,0.00, 0.25
4.90,5.40,0.00, 0.50
4.90,5.41,0.00, 0.25
4.90,5.42,0.00, 0.50
4.90,5.42,0.00, 0.50
4.90,5.42,0.00, 0.50
4.90,5.45,0.00, 1.75
4.90,5.47,0.00, 0.50
4.90,5.51,0.00, 2.24
4.90,5.56,0.00, 2.25
4.90,5.60,0.00, 2.00
4.90,5.61,0.00, 0.75
4.90,5.64,0.00, 1.25
4.90,5.61,0.00, 0.00
4.90,5.61,0.00, 0.00
4.90,5.59,0.00, 0.00
4.90,5.56,0.00, 0.00
4.90,5.52,0.00, 0.00
4.90,5.47,0.00, 0.00
4.90,5.47,0.00, 0.00
4.90,5.43,0.00, 0.00
4.90,5.40,0.00, 0.00
4.90,5.33,0.00, 0.00
4.90,5.33,0.00, 0.00
4.90,5.27,0.00, 0.00
4.90,5.20,0.00, 0.00
4.90,5.15,0.00, 0.00
4.90,5.10,0.00, 0.00
4.90,5.07,0.00, 0.00
4.90,5.07,0.00, 0.00
4.90,5.07,0.00, 0.00
4.90,5.07,0.00, 0.50
4.90,5.07,0.00, 0.00
4.90,5.10,0.00, 1.00
4.90,5.11,0.00, 0.75
4.90,5.11,0.00, 0.75
4.90,5.07,0.00, 0.00
4.90,5.07,0.00, 0.00
4.90,5.05,0.00, 0.00
4.90,5.01,0.00, 0.00
4.90,4.94,0.00, 0.00
4.90,4.89,0.00, 0.00
4.90,4.89,0.00, 0.00
4.90,4.81,0.00, 0.00
4.90,4.69,0.00, 0.00
4.90,4.59,0.00, 0.00
4.90,4.59,0.00, 0.00
4.90,4.42,0.00, 0.00
4.90,4.42,0.00, 0.00
4.90,4.42,0.00, 0.00
4.90,4.20,0.00, 0.00
4.90,3.99,0.00, 0.00
4.90,3.99,0.00, 0.00
4.90,3.99,0.00, 0.00
4.90,3.34,0.00, 0.00
4.90,3.11,0.00, 0.00
4.90,3.11,0.00, 0.00
4.90,2.88,0.00, 0.00
4.90,2.88,0.00, 0.00
4.90,2.13,0.00, 0.00
1.74,1.87,0.00, 0.00
0.00,1.80,0.00, 0.00
0.00,1.80,0.00, 0.00
0.00,1.80,0.00, 0.00
0.00,1.80,0.00, 0.00
0.00,1.80,0.00, 0.00
0.00,1.80,0.00, 0.00
0.00,1.80,0.00, 0.00
4.29,1.04,211.34, 0.00
4.29,1.04,211.34, 0.00
4.29,1.04,211.34, 0.00
5.06,0.81,41.04, 0.00
4.97,0.73,0.00, 0.00
0.00,0.16,0.00, 0.00
0.00,0.08,0.00, 0.00
0.00,0.08,0.00, 0.00
0.00,0.08,0.00, 0.00
0.00,0.08,0.00, 0.00
0.00,0.08,0.00, 0.00
0.00,0.08,0.00, 0.00
0.00,0.06,0.00, 0.00
0.00,0.06,0.00, 0.00
0.00,0.06,0.00, 0.00
0.00,0.06,0.00, 0.00
0.00,0.06,0.00, 0.00
0.00,0.06,0.00, 0.00
0.00,0.06,0.00, 0.00
0.00,0.06,0.00, 0.00
0.00,0.06,0.00, 0.00
0.00,0.06,0.00, 0.00
0.00,0.04,0.00, 0.00
0.00,0.05,0.00, 0.50
0.00,0.05,0.00, 0.50
0.00,0.05,0.00, 0.50
0.00,0.05,0.00, 0.50
0.00,0.05,0.00, 0.50
0.00,0.05,0.00, 0.50
0.00,0.05,0.00, 0.50
0.00,0.05,0.00, 0.50
0.00,0.05,0.00, 0.50
0.00,0.05,0.00, 0.50
0.00,0.06,0.00, 0.25
0.00,0.06,0.00, 0.25
0.00,0.05,0.00, 0.00
0.00,0.05,0.00, 0.00
0.00,0.05,0.00, 0.00
0.00,0.05,0.00, 0.00
0.00,0.05,0.00, 0.50
0.00,0.05,0.00, 0.00
0.00,0.05,0.00, 0.50
0.00,0.05,0.00, 0.00
0.00,0.04,0.00, 0.00
0.00,0.05,0.00, 0.50
0.00,0.05,0.00, 0.50
0.00,0.05,0.00, 0.50
0.00,0.05,0.00, 0.50
0.00,0.05,0.00, 0.50
0.00,0.05,0.00, 0.00
0.00,0.05,0.00, 0.00
0.00,0.05,0.00, 0.00
0.00,0.05,0.00, 0.00
0.00,0.05,0.00, 0.00
0.00,0.05,0.00, 0.00
0.00,0.05,0.00, 0.00
0.00,0.05,0.00, 0.00
0.00,0.05,0.00, 0.00
0.00,0.05,0.00, 0.00
0.00,0.05,0.00, 0.00
0.00,0.05,0.00, 0.00
0.00,0.05,0.00, 0.00
0.00,0.05,0.00, 0.00
0.00,0.05,0.00, 0.00
0.00,0.05,0.00, 0.00
0.00,0.05,0.00, 0.00
0.00,0.05,0.00, 0.00
0.00,0.06,0.00, 0.75
0.00,0.06,0.00, 0.75
0.00,0.06,0.00, 0.75
0.00,0.05,0.00, 0.00
0.00,0.05,0.00, 0.00
0.00,0.05,0.00, 0.00
0.00,0.05,0.00, 0.00
0.00,0.05,0.00, 0.00
0.00,0.05,0.00, 0.00
0.00,0.05,0.00, 0.00
0.00,0.05,0.00, 0.00
0.00,0.05,0.00, 0.00
0.00,0.05,0.00, 0.00
0.00,0.05,0.00, 0.00
0.00,0.05,0.00, 0.00
0.00,0.05,0.00, 0.00
0.00,0.05,0.00, 0.00
0.00,0.05,0.00, 0.00
0.00,0.04,0.00, 0.00
0.00,0.05,0.00, 0.50
0.00,0.05,0.00, 0.50
0.00,0.05,0.00, 0.50
0.00,0.05,0.00, 0.50
0.00,0.05,0.00, 0.50
0.00,0.05,0.00, 0.50
0.00,0.05,0.00, 0.50
0.00,0.05,0.00, 0.50
0.00,0.05,0.00, 0.50
0.00,0.05,0.00, 0.50
0.00,0.05,0.00, 0.50
0.00,0.05,0.00, 0.50
0.00,0.05,0.00, 0.00
0.00,0.05,0.00, 0.00
0.00,0.05,0.00, 0.00
0.00,0.05,0.00, 0.00
0.00,0.05,0.00, 0.00
0.00,0.05,0.00, 0.50
0.00,0.05,0.00, 0.00
0.00,0.05,0.00, 0.00
0.00,0.05,0.00, 0.00
0.00,0.05,0.00, 0.00
0.00,0.05,0.00, 0.00
0.00,0.05,0.00, 0.50
0.00,0.05,0.00, 0.50
0.00,0.05,0.00, 0.50
0.00,0.05,0.00, 0.00
0.00,0.05,0.00, 0.00
0.00,0.05,0.00, 0.00
0.00,0.05,0.00, 0.00
0.00,0.05,0.00, 0.00
0.00,0.05,0.00, 0.00
0.00,0.05,0.00, 0.00
0.00,0.05,0.00, 0.00
0.00,0.05,0.00, 0.00
0.00,0.05,0.00, 0.00
0.00,0.05,0.00, 0.00
0.00,0.05,0.00, 0.00
0.00,0.05,0.00, 0.00
0.00,0.05,0.00, 0.00
0.00,0.05,0.00, 0.00
0.00,0.05,0.00, 0.00
0.00,0.05,0.00, 0.00
0.00,0.05,0.00, 0.00
0.00,0.05,0.00, 0.00
0.00,0.05,0.00, 0.00
0.00,0.05,0.00, 0.50
0.00,0.05,0.00, 0.00
0.00,0.05,0.00, 0.00
0.00,0.05,0.00, 0.00
0.00,0.05,0.00, 0.00
0.00,0.05,0.00, 0.00
0.00,0.05,0.00, 0.00
0.00,0.05,0.00, 0.00
0.00,0.05,0.00, 0.00
0.00,0.05,0.00, 0.00
0.00,0.05,0.00, 0.00
0.00,0.05,0.00, 0.00
0.00,0.05,0.00, 0.00
0.00,0.05,0.00, 0.00
0.00,0.05,0.00, 0.50
0.00,0.05,0.00, 0.50
0.00,0.06,0.00, 0.25
0.00,0.05,0.00, 0.00
0.00,0.09,0.00, 2.24
0.00,0.12,0.00, 1.75
0.00,0.13,0.00, 0.26
0.00,0.14,0.00, 0.50
0.00,0.19,0.00, 2.24
0.00,0.22,0.00, 1.75
0.00,0.26,0.00, 2.00
0.00,0.32,0.00, 3.25
0.00,0.41,0.00, 4.00
0.00,0.53,0.00, 6.49
0.00,0.70,0.00, 8.24
0.00,0.94,0.00, 12.24
0.00,1.25,0.00, 15.24
0.00,1.59,0.00, 16.74
0.00,1.90,0.00, 16.00
0.00,1.90,0.00, 16.00
0.00,2.25,0.00, 17.25
0.00,2.62,0.00, 18.50
0.17,3.01,8.37, 19.75
0.71,3.30,26.73, 14.27
0.71,3.30,26.73, 14.27
1.56,3.68,42.27, 18.98
2.48,4.05,45.95, 18.75
3.33,4.43,42.55, 18.50
4.09,4.76,38.07, 16.51
4.79,5.03,35.05, 13.76
4.79,5.03,35.05, 13.76
4.79,5.03,35.05, 13.76
4.88,5.24,4.95, 10.26
4.88,5.40,0.07, 8.51
4.88,5.56,0.00, 7.75
4.88,5.56,0.00, 7.75
4.88,5.64,0.00, 4.01
4.88,5.72,0.00, 4.00
4.88,5.80,0.00, 3.75
4.88,5.80,0.00, 3.75
4.88,5.80,0.00, 3.75
4.88,5.89,0.00, 4.50
4.88,5.89,0.00, 0.51
4.88,5.89,0.00, 0.51
4.88,5.89,0.00, 0.51
4.90,5.90,0.99, 0.50
4.90,5.89,0.01, 0.00
4.90,5.88,0.00, 0.00
4.90,5.78,0.00, 0.00
4.92,5.74,0.99, 0.00
4.90,5.71,0.00, 0.00
4.90,5.64,0.00, 0.00
4.90,5.60,0.00, 0.00
4.90,5.58,0.00, 0.00
4.90,5.58,0.00, 0.00
4.90,5.55,0.00, 0.00
4.90,5.55,0.00, 0.00
4.90,5.59,0.00, 1.49
4.90,5.62,0.00, 1.75
4.90,5.64,0.00, 1.25
4.90,5.66,0.00, 0.75
4.90,5.66,0.00, 0.75
4.92,5.68,0.99, 1.00
4.90,5.71,0.00, 1.50
4.92,5.71,0.99, 0.01
4.90,5.73,0.00, 1.00
4.90,5.73,0.00, 0.00
4.90,5.74,0.00, 0.50
4.92,5.73,0.99, 0.00
4.92,5.73,0.99, 0.00
4.92,5.73,0.99, 0.00
4.90,5.70,0.00, 0.00
4.92,5.67,0.99, 0.00
4.90,5.67,0.00, 0.00
4.90,5.67,0.00, 0.00
4.90,5.68,0.00, 0.50
4.90,5.68,0.00, 0.50
4.90,5.68,0.00, 0.50
4.90,5.68,0.00, 0.50
4.90,5.68,0.00, 0.50
4.90,5.70,0.00, 1.25
4.90,5.70,0.00, 1.25
4.90,5.74,0.00, 1.75
4.90,5.74,0.00, 1.75
4.90,5.74,0.00, 1.75
4.90,5.74,0.00, 1.75
4.90,5.74,0.00, 1.75
4.90,5.76,0.00, 0.75
4.92,5.86,0.99, 4.98
4.92,5.89,0.01, 1.51
4.90,5.91,0.00, 1.25
4.90,5.89,0.00, 0.00
4.92,5.87,0.99, 0.00
4.90,5.85,0.00, 0.00
4.92,5.86,0.99, 0.50
4.92,5.86,0.99, 0.50
4.92,5.89,0.01, 1.50
4.92,5.88,0.00, 0.00
4.90,5.88,0.00, 0.00
4.90,5.85,0.00, 0.00
4.92,5.82,0.99, 0.00
4.92,5.82,0.99, 0.00
4.92,5.82,0.99, 0.00
4.92,5.82,0.99, 0.00
4.92,5.82,0.99, 0.00
4.90,5.77,0.00, 0.00
4.90,5.74,0.00, 0.00
4.90,5.70,0.00, 0.00
4.90,5.68,0.00, 0.00
4.92,5.68,0.99, 0.00
4.90,5.70,0.00, 1.25
4.90,5.70,0.00, 0.00
4.90,5.72,0.00, 0.50
4.90,5.75,0.00, 1.75
4.90,5.73,0.00, 0.00
4.92,5.70,0.99, 0.00
4.90,5.66,0.00, 0.00
4.90,5.61,0.00, 0.00
4.90,5.56,0.00, 0.00
4.90,5.57,0.00, 0.75
4.92,5.57,0.99, 0.00
4.92,5.61,0.01, 1.74
4.90,5.62,0.00, 1.00
4.90,5.64,0.00, 0.50
4.90,5.66,0.00, 1.50
4.90,5.65,0.00, 0.00
4.90,5.64,0.00, 0.00
4.90,5.61,0.00, 0.00
4.92,5.59,0.99, 0.00
4.90,5.51,0.00, 0.00
4.92,5.41,0.99, 0.00
4.90,5.36,0.00, 0.00
4.90,5.36,0.00, 0.00
4.92,5.27,0.99, 0.00
4.90,5.23,0.00, 0.00
4.90,5.20,0.00, 0.00
4.90,5.17,0.00, 0.00
4.92,5.15,0.99, 0.00
4.92,5.07,0.01, 0.00
4.90,5.00,0.00, 0.00
4.90,4.87,0.00, 0.00
4.90,4.69,0.00, 0.00
4.90,4.49,0.00, 0.00
4.90,4.28,0.00, 0.00
4.90,4.09,0.00, 0.00
4.90,4.09,0.00, 0.00
4.90,4.09,0.00, 0.00
4.90,3.89,0.00, 0.00
4.90,3.74,0.00, 0.00
4.92,3.64,0.99, 0.00
4.90,3.49,0.00, 0.00
4.90,3.36,0.00, 0.00
4.25,3.19,0.00, 0.00
4.25,3.19,0.00, 0.00
0.00,2.78,0.00, 0.00
0.00,2.49,0.00, 0.00
2.10,2.38,103.46, 0.00
2.10,2.38,103.46, 0.00
5.17,2.28,152.76, 0.00
5.17,2.28,152.76, 0.00
5.17,2.28,152.76, 0.00
5.01,2.10,0.00, 0.00
4.99,1.92,0.00, 0.00
4.97,1.75,0.00, 0.00
0.00,1.49,0.00, 0.00
0.00,1.27,0.00, 0.00
3.22,1.10,158.63, 0.00
3.13,0.90,0.00, 0.00
0.00,0.74,0.00, 0.00
0.00,0.56,0.00, 0.00
0.00,0.42,0.00, 0.00
1.18,0.28,58.13, 0.00
0.00,0.22,0.00, 0.00
0.00,0.10,0.00, 0.00
0.00,0.10,0.00, 0.00
0.00,0.07,0.00, 0.00
0.00,0.05,0.00, 0.00
0.00,0.05,0.00, 0.00
0.00,0.05,0.00, 0.50
0.00,0.05,0.00, 0.00
0.00,0.05,0.00, 0.00
0.00,0.05,0.00, 0.00
0.00,0.05,0.00, 0.00
0.00,0.05,0.00, 0.00
0.00,0.05,0.00, 0.00
0.00,0.05,0.00, 0.00
0.00,0.05,0.00, 0.00
0.00,0.04,0.00, 0.00
0.00,0.04,0.00, 0.00
0.00,0.05,0.00, 0.50
0.00,0.05,0.00, 0.50
0.00,0.05,0.00, 0.00
0.00,0.05,0.00, 0.00
0.00,0.05,0.00, 0.50
0.00,0.05,0.00, 0.50
0.00,0.05,0.00, 0.50
0.00,0.05,0.00, 0.50
0.00,0.05,0.00, 0.50
0.00,0.05,0.00, 0.50
0.00,0.05,0.00, 0.50
0.00,0.05,0.00, 0.50
0.00,0.05,0.00, 0.50
0.00,0.06,0.00, 0.25
0.00,0.05,0.00, 0.00
0.00,0.05,0.00, 0.00
0.00,0.05,0.00, 0.00
0.00,0.04,0.00, 0.00
0.00,0.05,0.00, 0.50
0.00,0.05,0.00, 0.00
0.00,0.05,0.00, 0.00
0.00,0.05,0.00, 0.00
0.00,0.05,0.00, 0.00
0.00,0.05,0.00, 0.00
0.00,0.05,0.00, 0.00
0.00,0.05,0.00, 0.00
0.00,0.05,0.00, 0.00
0.00,0.05,0.00, 0.00
0.00,0.05,0.00, 0.00
0.00,0.05,0.00, 0.00
0.00,0.05,0.00, 0.50
0.00,0.05,0.00, 0.00
0.00,0.05,0.00, 0.50
0.00,0.05,0.00, 0.00
0.00,0.05,0.00, 0.00
0.00,0.05,0.00, 0.00
0.00,0.05,0.00, 0.00
0.00,0.05,0.00, 0.00
0.00,0.05,0.00, 0.00
0.00,0.05,0.00, 0.00
0.00,0.05,0.00, 0.50
0.00,0.05,0.00, 0.00
0.00,0.05,0.00, 0.00
0.00,0.05,0.00, 0.50
0.00,0.06,0.00, 0.25
0.00,0.05,0.00, 0.00
0.00,0.05,0.00, 0.00
0.00,0.05,0.00, 0.00
0.00,0.05,0.00, 0.00
0.00,0.05,0.00, 0.00
0.00,0.05,0.00, 0.00
0.00,0.05,0.00, 0.00
0.00,0.05,0.00, 0.00
0.00,0.05,0.00, 0.00
0.00,0.05,0.00, 0.00
0.00,0.05,0.00, 0.00
0.00,0.05,0.00, 0.00
0.00,0.05,0.00, 0.00
0.00,0.05,0.00, 0.00
0.00,0.05,0.00, 0.00
0.00,0.05,0.00, 0.00
0.00,0.05,0.00, 0.00
0.00,0.05,0.00, 0.00
0.00,0.05,0.00, 0.00
0.00,0.05,0.00, 0.00
0.00,0.04,0.00, 0.00
0.00,0.04,0.00, 0.00
0.00,0.05,0.00, 0.50
0.00,0.05,0.00, 0.00
0.00,0.05,0.00, 0.00
0.00,0.05,0.00, 0.00
0.00,0.05,0.00, 0.00
0.00,0.05,0.00, 0.50
0.00,0.05,0.00, 0.00
0.00,0.05,0.00, 0.00
0.00,0.05,0.00, 0.00
0.00,0.05,0.00, 0.00
0.00,0.05,0.00, 0.00
0.00,0.05,0.00, 0.00
0.00,0.05,0.00, 0.00
0.00,0.05,0.00, 0.00
0.00,0.05,0.00, 0.00
0.00,0.05,0.00, 0.00
0.00,0.05,0.00, 0.00
0.00,0.05,0.00, 0.00
0.00,0.05,0.00, 0.00
0.00,0.05,0.00, 0.00
0.00,0.05,0.00, 0.00
0.00,0.05,0.00, 0.00
0.00,0.05,0.00, 0.00
0.00,0.05,0.00, 0.00
0.00,0.05,0.00, 0.00
0.00,0.05,0.00, 0.00
0.00,0.04,0.00, 0.00
0.00,0.05,0.00, 1.00
0.00,0.05,0.00, 0.00
0.00,0.05,0.00, 0.00
0.00,0.05,0.00, 0.50
0.00,0.05,0.00, 0.00
0.00,0.05,0.00, 0.00
0.00,0.05,0.00, 0.00
0.00,0.05,0.00, 0.00
0.00,0.05,0.00, 0.00
0.00,0.05,0.00, 0.00
0.00,0.05,0.00, 0.00
0.00,0.05,0.00, 0.00
0.00,0.05,0.00, 0.00
0.00,0.05,0.00, 0.00
0.00,0.05,0.00, 0.00
0.00,0.05,0.00, 0.00
0.00,0.05,0.00, 0.00
0.00,0.05,0.00, 0.00
0.00,0.05,0.00, 0.00
0.00,0.05,0.00, 0.00
0.00,0.05,0.00, 0.00
0.00,0.05,0.00, 0.00
0.00,0.05,0.00, 0.00
0.00,0.05,0.00, 0.00
0.00,0.05,0.00, 0.00
0.00,0.05,0.00, 0.00
0.00,0.05,0.00, 0.00
0.00,0.05,0.00, 0.00
0.00,0.05,0.00, 0.00
0.00,0.05,0.00, 0.00
0.00,0.05,0.00, 0.00
0.00,0.05,0.00, 0.00
0.00,0.05,0.00, 0.00
0.00,0.05,0.00, 0.00
0.00,0.05,0.00, 0.00
0.00,0.05,0.00, 0.00
0.00,0.05,0.00, 0.00
0.00,0.05,0.00, 0.00
0.00,0.05,0.00, 0.00
0.00,0.05,0.00, 0.00
0.00,0.05,0.00, 0.00
0.00,0.05,0.00, 0.00
0.00,0.05,0.00, 0.00
0.00,0.05,0.00, 0.00
0.00,0.05,0.00, 0.50
0.00,0.05,0.00, 0.00
0.00,0.05,0.00, 0.00
0.00,0.05,0.00, 0.00
0.00,0.05,0.00, 0.00
0.00,0.05,0.00, 0.00
0.00,0.05,0.00, 0.00
0.00,0.05,0.00, 0.00
0.00,0.05,0.00, 0.00
0.00,0.05,0.00, 0.00
0.00,0.05,0.00, 0.00
0.00,0.05,0.00, 0.00
0.00,0.05,0.00, 0.00
0.00,0.05,0.00, 0.00
0.00,0.05,0.00, 0.00
0.00,0.05,0.00, 0.00
0.00,0.05,0.00, 0.00
0.00,0.05,0.00, 0.00
0.00,0.05,0.00, 0.00
0.00,0.05,0.00, 0.00
0.00,0.05,0.00, 0.00
0.00,0.05,0.00, 0.00
0.00,0.05,0.00, 0.00
0.00,0.05,0.00, 0.00
0.00,0.05,0.00, 0.00
0.00,0.05,0.00, 0.00
0.00,0.05,0.00, 0.00
0.00,0.05,0.00, 0.00
0.00,0.05,0.00, 0.00
0.00,0.05,0.00, 0.50
0.00,0.05,0.00, 0.50
0.00,0.05,0.00, 0.50
0.00,0.05,0.00, 0.50
0.00,0.05,0.00, 0.50
0.00,0.05,0.00, 0.50
0.00,0.05,0.00, 0.50
0.00,0.05,0.00, 0.50
0.00,0.05,0.00, 0.50
0.00,0.05,0.00, 0.00
0.00,0.05,0.00, 0.00
0.00,0.05,0.00, 0.00
0.00,0.05,0.00, 0.00
0.00,0.05,0.00, 0.00
0.00,0.05,0.00, 0.00
0.00,0.05,0.00, 0.00
0.00,0.05,0.00, 0.00
0.00,0.05,0.00, 0.00
0.00,0.05,0.00, 0.00
0.00,0.05,0.00, 0.00
0.00,0.05,0.00, 0.00
0.00,0.05,0.00, 0.00
0.00,0.05,0.00, 0.00
0.00,0.05,0.00, 0.50
0.00,0.06,0.00, 0.25
0.00,0.05,0.00, 0.00
0.00,0.05,0.00, 0.00
0.00,0.05,0.00, 0.00
0.00,0.05,0.00, 0.00
0.00,0.05,0.00, 0.00
0.00,0.05,0.00, 0.00
0.00,0.05,0.00, 0.00
0.00,0.05,0.00, 0.00
0.00,0.05,0.00, 0.00
0.00,0.05,0.00, 0.00
0.00,0.05,0.00, 0.00
0.00,0.05,0.00, 0.00
0.00,0.05,0.00, 0.00
0.00,0.05,0.00, 0.50
0.00,0.05,0.00, 0.00
0.00,0.05,0.00, 0.00
0.00,0.05,0.00, 0.00
0.00,0.05,0.00, 0.00
0.00,0.05,0.00, 0.00
0.00,0.05,0.00, 0.00
0.00,0.05,0.00, 0.00
0.00,0.05,0.00, 0.50
0.00,0.05,0.00, 0.00
0.00,0.05,0.00, 0.00
0.00,0.05,0.00, 0.00
0.00,0.05,0.00, 0.00
0.00,0.05,0.00, 0.50
0.00,0.06,0.00, 0.25
0.00,0.04,0.00, 0.00
0.00,0.05,0.00, 0.50
0.00,0.05,0.00, 0.50
0.00,0.05,0.00, 0.00
0.00,0.05,0.00, 0.00
0.00,0.05,0.00, 0.50
0.00,0.07,0.00, 0.75
0.00,0.07,0.00, 0.00
0.00,0.08,0.00, 0.50
0.00,0.08,0.00, 0.50
0.00,0.09,0.00, 0.75
0.00,0.09,0.00, 0.75
0.00,0.12,0.00, 1.00
0.00,0.12,0.00, 1.00
0.00,0.15,0.00, 1.75
0.00,0.35,0.00, 9.97
0.00,0.72,0.00, 18.47
0.00,0.88,0.00, 8.29
0.00,0.88,0.00, 8.29
0.00,1.10,0.00, 10.74
0.00,1.32,0.00, 10.75
0.00,1.57,0.00, 12.49
0.00,1.81,0.00, 12.00
0.00,2.03,0.00, 11.00
0.00,2.29,0.00, 13.24
0.00,2.55,0.00, 13.25
0.00,2.82,0.00, 13.50
0.35,3.12,17.24, 14.99
1.31,3.41,47.55, 14.25
2.32,3.67,50.46, 13.25
2.32,3.67,50.46, 13.25
3.19,3.93,43.60, 13.00
3.98,4.13,39.56, 9.76
3.98,4.13,39.56, 9.76
3.98,4.13,39.56, 9.76
3.98,4.13,39.56, 9.76
3.98,4.13,39.56, 9.76
3.98,4.13,39.56, 9.76
4.50,4.32,26.20, 9.50
4.79,4.48,14.67, 8.01
4.90,4.61,5.63, 6.51
4.88,4.88,0.00, 13.47
4.85,4.91,0.00, 1.79
4.88,4.93,1.48, 0.50
4.88,4.97,0.02, 2.49
4.90,5.01,0.99, 1.75
4.88,5.05,0.00, 1.75
4.90,5.08,0.99, 1.75
4.88,5.13,0.00, 2.50
4.88,5.15,0.00, 1.25
4.88,5.21,0.00, 2.74
4.88,5.18,0.00, 0.00
4.88,5.17,0.00, 0.00
4.88,5.17,0.00, 0.00
4.88,5.17,0.00, 0.00
4.88,5.17,0.00, 0.00
4.88,5.17,0.00, 0.00
4.88,5.17,0.00, 0.00
4.88,5.17,0.00, 0.00
4.90,5.12,0.99, 0.00
4.90,5.12,0.99, 0.00
4.88,5.12,0.00, 0.00
4.88,5.11,0.00, 0.00
4.88,5.16,0.00, 2.74
4.90,5.18,0.99, 0.51
4.90,5.19,0.01, 1.00
4.90,5.22,0.00, 1.00
4.90,5.22,0.00, 1.00
4.88,5.24,0.00, 1.25
4.90,5.26,0.99, 0.75
4.88,5.24,0.00, 0.00
4.90,5.26,0.99, 0.50
4.90,5.24,0.01, 0.00
4.88,5.24,0.00, 0.25
4.88,5.24,0.00, 0.00
4.90,5.23,0.99, 0.00
4.90,5.22,0.01, 0.00
4.90,5.19,0.00, 0.00
4.88,5.17,0.00, 0.00
4.90,5.17,0.99, 0.00
4.90,5.17,0.01, 0.00
4.90,5.17,0.01, 0.00
4.88,5.20,0.00, 1.74
4.88,5.22,0.00, 1.00
4.88,5.24,0.00, 0.75
4.88,5.24,0.00, 0.25
4.90,5.24,0.99, 0.00
4.90,5.27,0.01, 1.25
4.88,5.31,0.00, 2.00
4.90,5.32,0.99, 1.00
4.90,5.32,0.99, 1.00
4.88,5.35,0.00, 1.00
4.90,5.37,0.99, 1.25
4.88,5.38,0.00, 0.25
4.90,5.40,0.99, 1.50
4.90,5.44,0.01, 1.75
4.90,5.52,0.00, 3.99
4.88,5.59,0.00, 3.50
4.88,5.65,0.00, 3.00
4.90,5.71,0.99, 3.00
4.88,5.74,0.00, 1.51
4.88,5.75,0.00, 0.50
4.88,5.75,0.00, 0.50
4.88,5.74,0.00, 0.00
4.88,5.72,0.00, 0.00
4.90,5.67,0.99, 0.00
4.90,5.61,0.01, 0.00
4.88,5.54,0.00, 0.00
4.88,5.45,0.00, 0.00
4.88,5.45,0.00, 0.00
4.88,5.33,0.00, 0.00
4.88,5.19,0.00, 0.00
4.90,4.99,0.99, 0.00
4.90,4.99,0.99, 0.00
4.90,4.78,0.01, 0.00
4.90,4.53,0.00, 0.00
4.90,4.26,0.00, 0.00
4.88,3.95,0.00, 0.00
4.90,3.60,0.99, 0.00
4.88,3.18,0.00, 0.00
4.76,2.77,0.00, 0.00
0.00,2.35,0.00, 0.00
0.00,2.35,0.00, 0.00
0.00,2.35,0.00, 0.00
0.00,1.94,0.00, 0.00
1.94,1.43,95.57, 0.00
5.08,1.05,156.10, 0.00
4.72,0.76,0.00, 0.00
1.18,0.56,0.00, 0.00
0.00,0.48,0.00, 0.00
0.00,0.30,0.00, 0.00
0.26,0.16,12.81, 0.00
0.00,0.08,0.00, 0.00
0.00,0.05,0.00, 0.00
0.00,0.05,0.00, 0.00
0.00,0.05,0.00, 0.25
0.00,0.05,0.00, 0.00
0.00,0.05,0.00, 0.50
0.00,0.06,0.00, 0.25
0.00,0.06,0.00, 0.00
0.00,0.05,0.00, 0.00
0.00,0.05,0.00, 0.00
0.00,0.05,0.00, 0.00
0.00,0.05,0.00, 0.00
0.00,0.05,0.00, 0.00
0.00,0.05,0.00, 0.00
0.00,0.05,0.00, 0.00
0.00,0.05,0.00, 0.00
0.00,0.05,0.00, 0.00
0.00,0.05,0.00, 0.00
0.00,0.05,0.00, 0.50
0.00,0.06,0.00, 0.25
0.00,0.06,0.00, 0.25
0.00,0.06,0.00, 0.25
0.00,0.06,0.00, 0.25
0.00,0.06,0.00, 0.25
0.00,0.06,0.00, 0.25
0.00,0.06,0.00, 0.25
0.00,0.06,0.00, 0.25
0.00,0.06,0.00, 0.00
0.00,0.06,0.00, 0.00
0.00,0.06,0.00, 0.00
0.00,0.06,0.00, 0.00
0.00,0.06,0.00, 0.00
0.00,0.06,0.00, 0.00
0.00,0.06,0.00, 0.00
0.00,0.06,0.00, 0.00
0.00,0.06,0.00, 0.00
0.00,0.06,0.00, 0.00
0.00,0.06,0.00, 0.00
0.00,0.06,0.00, 0.00
0.00,0.06,0.00, 0.00
0.00,0.06,0.00, 0.00
0.00,0.06,0.00, 0.00
0.00,0.06,0.00, 0.00
0.00,0.06,0.00, 0.00
0.00,0.06,0.00, 0.00
0.00,0.06,0.00, 0.00
0.00,0.06,0.00, 0.00
0.00,0.06,0.00, 0.00
0.00,0.06,0.00, 0.00
0.00,0.06,0.00, 0.00
0.00,0.06,0.00, 0.00
0.00,0.06,0.00, 0.00
0.00,0.06,0.00, 0.00
0.00,0.06,0.00, 0.00
0.00,0.05,0.00, 0.00
0.00,0.05,0.00, 0.00
0.00,0.05,0.00, 0.00
0.00,0.05,0.00, 0.50
0.00,0.05,0.00, 0.50
0.00,0.05,0.00, 0.50
0.00,0.05,0.00, 0.50
0.00,0.05,0.00, 0.50
0.00,0.05,0.00, 0.50
0.00,0.05,0.00, 0.50
0.00,0.05,0.00, 0.50
0.00,0.05,0.00, 0.50
0.00,0.05,0.00, 0.50
0.00,0.05,0.00, 0.50
0.00,0.05,0.00, 0.50
0.00,0.05,0.00, 0.50
0.00,0.05,0.00, 0.50
0.00,0.05,0.00, 0.50
0.00,0.05,0.00, 0.50
0.00,0.05,0.00, 0.50
0.00,0.05,0.00, 0.50
0.00,0.05,0.00, 0.50
0.00,0.05,0.00, 0.50
0.00,0.05,0.00, 0.50
0.00,0.05,0.00, 0.50
0.00,0.05,0.00, 0.50
0.00,0.05,0.00, 0.50
0.00,0.05,0.00, 0.50
0.00,0.05,0.00, 0.50
0.00,0.05,0.00, 0.50
0.00,0.05,0.00, 0.50
0.00,0.05,0.00, 0.50
0.00,0.05,0.00, 0.50
0.00,0.05,0.00, 0.50
0.00,0.05,0.00, 0.50
0.00,0.05,0.00, 0.50
0.00,0.05,0.00, 0.50
0.00,0.05,0.00, 0.50
0.00,0.05,0.00, 0.50
0.00,0.05,0.00, 0.50
0.00,0.05,0.00, 0.50
0.00,0.05,0.00, 0.50
0.00,0.05,0.00, 0.00
0.00,0.05,0.00, 0.00
0.00,0.05,0.00, 0.00
0.00,0.05,0.00, 0.00
0.00,0.05,0.00, 0.00
0.00,2.45,0.00, 120.06
0.00,2.45,0.00, 120.06
0.14,2.76,6.90, 15.88
1.00,3.09,42.47, 16.25
1.00,3.09,42.47, 16.25
1.00,3.09,42.47, 16.25
1.00,3.09,42.47, 16.25
1.00,3.09,42.47, 16.25
1.00,3.09,42.47, 16.25
1.00,3.09,42.47, 16.25
1.00,3.09,42.47, 16.25
1.00,3.09,42.47, 16.25
1.00,3.09,42.47, 16.25
1.00,3.09,42.47, 16.25
1.00,3.09,42.47, 16.25
1.00,3.09,42.47, 16.25
1.00,3.09,42.47, 16.25
1.00,3.09,42.47, 16.25
1.00,3.09,42.47, 16.25
1.00,3.09,42.47, 16.25
1.00,3.09,42.47, 16.25
1.00,3.09,42.47, 16.25
1.00,3.09,42.47, 16.25
1.00,3.09,42.47, 16.25
1.00,3.09,42.47, 16.25
1.00,3.09,42.47, 16.25
1.00,3.09,42.47, 16.25
1.00,3.09,42.47, 16.25
1.78,3.40,39.05, 15.50
1.78,3.40,39.05, 15.50
2.70,3.98,45.90, 28.95
2.70,3.98,45.90, 28.95
2.70,3.98,45.90, 28.95
2.70,3.98,45.90, 28.95
2.70,3.98,45.90, 28.95
3.24,4.22,27.28, 12.06
4.90,5.78,82.18, 77.51
4.90,5.74,1.21, 0.00
4.90,5.62,0.02, 0.00
4.90,5.60,0.00, 0.00
4.90,5.59,0.00, 0.00
4.90,5.54,0.00, 0.00
4.90,5.51,0.00, 0.00
4.90,5.51,0.00, 0.00
4.90,5.51,0.00, 0.00
4.90,5.52,0.00, 0.50
4.90,5.52,0.00, 0.50
4.90,5.52,0.00, 0.50
4.90,5.52,0.00, 0.50
4.90,5.54,0.00, 0.75
4.90,5.55,0.00, 0.50
4.90,5.57,0.00, 1.00
4.90,5.60,0.00, 1.25
4.92,5.62,0.99, 1.25
4.92,5.61,0.01, 0.00
4.92,5.63,0.00, 1.00
4.90,5.62,0.00, 0.00
4.90,5.62,0.00, 0.00
4.90,5.61,0.00, 0.00
4.92,5.57,0.99, 0.00
4.90,5.57,0.00, 0.00
4.92,5.55,0.99, 0.00
4.92,5.55,0.99, 0.00
4.90,5.59,0.00, 1.74
4.90,5.59,0.00, 1.74
4.92,5.64,0.99, 2.75
4.90,5.69,0.00, 2.50
4.92,5.80,0.99, 5.24
4.90,5.83,0.00, 1.76
4.90,5.87,0.00, 2.00
4.90,5.88,0.00, 0.51
4.90,5.88,0.00, 0.51
4.92,5.89,0.99, 0.75
4.92,5.90,0.01, 0.50
4.90,5.92,0.00, 0.75
4.90,5.97,0.00, 2.24
4.90,5.97,0.00, 2.24
4.90,5.97,0.00, 0.01
4.92,5.97,0.99, 0.00
4.92,5.95,0.01, 0.00
4.90,5.97,0.00, 0.50
4.90,5.95,0.00, 0.00
4.92,5.99,0.99, 2.24
4.90,6.01,0.00, 1.00
4.90,6.05,0.00, 2.00
4.90,6.05,0.00, 2.00
4.90,6.09,0.00, 2.00
4.92,6.18,0.99, 4.74
4.90,6.30,0.00, 6.00
4.90,6.44,0.00, 6.50
4.92,6.54,0.99, 5.25
4.92,6.65,0.01, 5.50
4.90,6.72,0.00, 3.26
4.90,6.73,0.00, 0.76
4.90,6.73,0.00, 0.76
4.92,6.71,0.99, 0.00
4.90,6.65,0.00, 0.00
4.90,6.58,0.00, 0.00
4.90,6.44,0.00, 0.00
4.90,6.28,0.00, 0.00
4.90,6.28,0.00, 0.00
4.90,6.28,0.00, 0.00
4.92,6.18,0.99, 0.00
4.90,6.11,0.00, 0.00
4.92,6.04,0.99, 0.00
4.90,5.98,0.00, 0.00
4.90,5.98,0.00, 0.00
4.90,5.98,0.00, 0.00
4.90,5.98,0.00, 0.00
4.90,5.98,0.00, 0.00
4.90,5.98,0.00, 0.00
4.90,5.86,0.00, 0.00
4.90,5.70,0.00, 0.00
4.90,5.70,0.00, 0.00
4.90,5.70,0.00, 0.00
4.90,5.70,0.00, 0.00
4.90,5.55,0.00, 0.00
4.90,4.72,0.00, 0.00
0.00,4.15,0.00, 0.00
0.00,3.39,0.00, 0.00
0.00,3.39,0.00, 0.00
3.51,3.14,172.92, 0.00
5.24,2.93,87.77, 0.00
4.92,2.74,0.00, 0.00
1.20,2.36,0.00, 0.00
0.00,2.12,0.00, 0.00
0.00,1.83,0.00, 0.00
0.00,1.83,0.00, 0.00
0.00,1.83,0.00, 0.00
0.00,1.83,0.00, 0.00
0.00,1.83,0.00, 0.00
0.00,1.83,0.00, 0.00
0.00,1.83,0.00, 0.00
0.00,1.83,0.00, 0.00
0.00,1.83,0.00, 0.00
0.00,1.83,0.00, 0.00
0.00,1.83,0.00, 0.00
0.00,1.83,0.00, 0.00
0.00,1.83,0.00, 0.00
0.00,1.83,0.00, 0.00
0.00,1.83,0.00, 0.00
0.00,1.83,0.00, 0.00
0.00,1.83,0.00, 0.00
0.00,1.83,0.00, 0.00
0.00,1.83,0.00, 0.00
0.00,1.83,0.00, 0.00
1.45,1.55,71.43, 0.00
2.48,1.26,51.79, 0.00
2.48,1.26,51.79, 0.00
2.48,1.26,51.79, 0.00
2.48,1.26,51.79, 0.00
0.00,0.98,0.00, 0.00
0.00,0.98,0.00, 0.00
0.00,0.98,0.00, 0.00
0.00,0.98,0.00, 0.00
0.00,0.98,0.00, 0.00
0.00,0.98,0.00, 0.00
0.00,0.98,0.00, 0.00
0.00,0.05,0.00, 0.00
0.00,0.05,0.00, 0.00
0.00,0.05,0.00, 0.00
0.00,0.06,0.00, 0.75
0.00,0.05,0.00, 0.00
0.00,0.05,0.00, 0.00
0.00,0.05,0.00, 0.00
0.00,0.05,0.00, 0.00
0.00,0.05,0.00, 0.00
0.00,0.05,0.00, 0.00
0.00,0.05,0.00, 0.00
0.00,0.05,0.00, 0.00
0.00,0.05,0.00, 0.00
0.00,0.05,0.00, 0.00
0.00,0.05,0.00, 0.00
0.00,0.05,0.00, 0.50
0.00,0.05,0.00, 0.00
0.00,0.05,0.00, 0.00
0.00,0.05,0.00, 0.00
0.00,0.05,0.00, 0.00
0.00,0.05,0.00, 0.00
0.00,0.05,0.00, 0.00
0.00,0.05,0.00, 0.00
0.00,0.05,0.00, 0.00
0.00,0.05,0.00, 0.00
0.00,0.05,0.00, 0.00
0.00,0.05,0.00, 0.00
0.00,0.05,0.00, 0.00
0.00,0.05,0.00, 0.00
0.00,0.05,0.00, 0.00
0.00,0.05,0.00, 0.00
0.00,0.05,0.00, 0.00
0.00,0.05,0.00, 0.00
0.00,0.05,0.00, 0.00
0.00,0.05,0.00, 0.00
0.00,0.05,0.00, 0.00
0.00,0.05,0.00, 0.00
0.00,0.05,0.00, 0.00
0.00,0.05,0.00, 0.00
0.00,0.05,0.00, 0.00
0.00,0.05,0.00, 0.00
0.00,0.05,0.00, 0.00
0.00,0.05,0.00, 0.00
0.00,0.05,0.00, 0.00
0.00,0.05,0.00, 0.00
0.00,0.05,0.00, 0.00
0.00,0.05,0.00, 0.00
0.00,0.05,0.00, 0.00
0.00,0.05,0.00, 0.00
0.00,0.05,0.00, 0.00
0.00,0.05,0.00, 0.00
0.00,0.05,0.00, 0.00
0.00,0.05,0.00, 0.00
0.00,0.05,0.00, 0.00
0.00,0.05,0.00, 0.00
0.00,0.05,0.00, 0.00
0.00,0.05,0.00, 0.00
0.00,0.05,0.00, 0.00
0.00,0.05,0.00, 0.00
0.00,0.05,0.00, 0.00
0.00,0.05,0.00, 0.00
0.00,0.05,0.00, 0.00
0.00,0.05,0.00, 0.00
0.00,0.05,0.00, 0.00
0.00,0.05,0.00, 0.00
0.00,0.05,0.00, 0.00
0.00,0.05,0.00, 0.00
0.00,0.05,0.00, 0.00
0.00,0.05,0.00, 0.00
0.00,0.05,0.00, 0.00
0.00,0.04,0.00, 0.00
0.00,0.05,0.00, 0.50
0.00,0.84,0.00, 39.61
0.00,0.84,0.00, 39.61
0.00,0.84,0.00, 39.61
0.00,0.84,0.00, 39.61
0.00,0.84,0.00, 39.61
0.00,0.84,0.00, 39.61
0.00,1.08,0.00, 11.85
0.00,1.08,0.00, 11.85
0.00,1.08,0.00, 11.85
0.00,1.37,0.00, 14.74
0.00,1.63,0.00, 13.26
0.17,2.91,8.37, 63.81
0.17,2.91,8.37, 63.81
1.47,3.49,64.17, 28.63
2.10,3.76,31.98, 13.56
3.24,4.33,56.63, 28.69
3.80,4.58,28.42, 12.56
4.38,4.82,28.99, 12.00
4.85,5.09,23.58, 13.25
4.85,5.34,0.35, 12.75
4.88,5.51,1.48, 8.52
4.88,5.68,0.02, 8.50
4.88,5.68,0.02, 8.50
4.88,5.68,0.02, 8.50
4.88,5.68,0.02, 8.50
4.88,5.68,0.02, 8.50
4.88,5.68,0.02, 8.50
4.88,5.84,0.00, 7.75
4.88,5.93,0.00, 5.01
4.88,5.93,0.00, 5.01
4.88,6.01,0.00, 3.75
4.90,6.14,0.99, 6.74
4.90,6.14,0.01, 0.02
4.90,6.12,0.00, 0.00
4.90,6.12,0.00, 0.00
4.88,6.12,0.00, 0.00
4.88,6.12,0.00, 0.00
4.90,6.10,0.99, 0.00
4.88,6.07,0.00, 0.00
4.90,6.02,0.99, 0.00
4.90,5.97,0.01, 0.00
4.90,5.93,0.00, 0.00
4.90,5.91,0.00, 0.00
4.90,5.89,0.00, 0.00
4.90,5.86,0.00, 0.00
4.90,5.85,0.00, 0.00
4.90,5.88,0.00, 1.25
4.90,5.89,0.00, 0.50
4.92,5.89,0.99, 0.50
4.90,5.89,0.00, 0.00
4.90,5.89,0.00, 0.00
4.92,5.89,0.99, 0.00
4.90,5.88,0.00, 0.00
4.90,5.89,0.00, 0.75
4.90,5.89,0.00, 0.00
4.90,5.89,0.00, 0.00
4.90,5.89,0.00, 0.00
4.90,5.89,0.00, 0.00
4.92,5.89,0.99, 0.00
4.90,5.89,0.00, 0.00
4.90,5.90,0.00, 0.50
4.90,5.90,0.00, 0.50
4.92,5.92,0.99, 0.75
4.90,5.97,0.00, 2.24
4.92,5.97,0.99, 0.01
4.92,5.98,0.01, 0.75
4.90,5.98,0.00, 0.00
4.90,5.98,0.00, 0.00
4.90,5.98,0.00, 0.00
4.90,5.96,0.00, 0.00
4.92,5.94,0.99, 0.00
4.90,5.95,0.00, 0.25
4.90,5.96,0.00, 0.50
4.90,5.97,0.00, 0.50
4.92,5.95,0.99, 0.00
4.90,5.98,0.00, 1.25
4.90,6.03,0.00, 2.74
4.90,6.03,0.00, 2.74
4.90,6.03,0.00, 2.74
4.90,6.08,0.00, 2.25
4.92,6.13,0.99, 2.50
4.90,6.18,0.00, 2.50
4.90,6.18,0.00, 0.01
4.90,6.17,0.00, 0.00
4.92,6.16,0.99, 0.00
4.90,6.14,0.00, 0.00
4.90,6.12,0.00, 0.00
4.90,6.13,0.00, 0.25
4.90,6.17,0.00, 1.99
4.90,6.23,0.00, 2.75
4.92,6.33,0.99, 5.24
4.92,6.46,0.01, 6.50
4.92,6.60,0.00, 7.00
4.90,6.73,0.00, 6.75
4.90,6.73,0.00, 6.75
4.90,6.86,0.00, 6.00
4.90,6.86,0.00, 6.00
4.90,6.93,0.00, 4.01
4.90,6.98,0.00, 2.01
4.90,7.01,0.00, 2.00
4.90,7.05,0.00, 1.50
4.90,7.05,0.00, 1.50
4.90,7.09,0.00, 2.00
4.90,7.10,0.00, 0.51
4.92,7.12,0.99, 1.50
4.90,7.15,0.00, 1.00
4.90,7.16,0.00, 0.50
4.90,7.18,0.00, 1.25
4.90,7.15,0.00, 0.00
4.90,7.15,0.00, 0.00
4.90,7.15,0.00, 0.00
4.90,7.11,0.00, 0.00
4.90,7.03,0.00, 0.00
4.90,6.94,0.00, 0.00
4.90,6.94,0.00, 0.00
4.90,6.94,0.00, 0.00
4.90,6.78,0.00, 0.00
4.90,6.70,0.00, 0.00
4.92,6.59,0.99, 0.00
4.90,6.34,0.00, 0.00
4.90,6.17,0.00, 0.00
4.90,5.97,0.00, 0.00
4.90,5.72,0.00, 0.00
4.90,5.43,0.00, 0.00
4.90,5.10,0.00, 0.00
4.90,4.71,0.00, 0.00
4.90,4.46,0.00, 0.00
4.90,4.23,0.00, 0.00
0.00,3.88,0.00, 0.00
0.00,3.88,0.00, 0.00
0.00,3.88,0.00, 0.00
0.00,3.88,0.00, 0.00
0.00,3.88,0.00, 0.00
0.00,3.88,0.00, 0.00
0.00,3.41,0.00, 0.00
0.00,3.41,0.00, 0.00
0.00,3.41,0.00, 0.00
0.00,3.15,0.00, 0.00
0.00,3.15,0.00, 0.00
0.00,3.15,0.00, 0.00
0.00,3.15,0.00, 0.00
0.00,3.15,0.00, 0.00
0.00,3.15,0.00, 0.00
0.00,3.15,0.00, 0.00
0.00,3.15,0.00, 0.00
0.00,3.15,0.00, 0.00
0.00,3.15,0.00, 0.00
0.00,3.15,0.00, 0.00
0.00,3.15,0.00, 0.00
0.00,3.15,0.00, 0.00
0.00,3.15,0.00, 0.00
2.36,2.99,116.26, 0.00
0.00,1.98,0.00, 0.00
0.00,1.98,0.00, 0.00
0.00,1.98,0.00, 0.00
0.00,1.98,0.00, 0.00
0.00,1.98,0.00, 0.00
0.00,1.98,0.00, 0.00
0.00,1.98,0.00, 0.00
0.00,1.98,0.00, 0.00
0.00,1.68,0.00, 0.00
0.00,1.68,0.00, 0.00
0.00,0.06,0.00, 0.00
0.00,0.05,0.00, 0.00
0.00,0.05,0.00, 0.00
0.00,0.05,0.00, 0.00
0.00,0.05,0.00, 0.00
0.00,0.05,0.00, 0.00
0.00,0.05,0.00, 0.00
0.00,0.05,0.00, 0.00
0.00,0.05,0.00, 0.00
0.00,0.05,0.00, 0.00
0.00,0.05,0.00, 0.00
0.00,0.05,0.00, 0.00
0.00,0.05,0.00, 0.00
0.00,0.05,0.00, 0.00
0.00,0.05,0.00, 0.00
0.00,0.05,0.00, 0.00
0.00,0.05,0.00, 0.00
0.00,0.05,0.00, 0.00
0.00,0.05,0.00, 0.00
0.00,0.05,0.00, 0.00
0.00,0.05,0.00, 0.00
0.00,0.05,0.00, 0.00
0.00,0.05,0.00, 0.00
0.00,0.05,0.00, 0.00
0.00,0.05,0.00, 0.00
0.00,0.05,0.00, 0.00
0.00,0.05,0.00, 0.00
0.00,0.05,0.00, 0.00
0.00,0.05,0.00, 0.00
0.00,0.05,0.00, 0.00
0.00,0.05,0.00, 0.00
0.00,0.05,0.00, 0.00
0.00,0.05,0.00, 0.00
0.00,0.05,0.00, 0.00
0.00,0.05,0.00, 0.00
0.00,0.05,0.00, 0.00
0.00,0.05,0.00, 0.00
0.00,0.05,0.00, 0.00
0.00,0.05,0.00, 0.00
0.00,0.05,0.00, 0.00
0.00,0.05,0.00, 0.00
0.00,0.05,0.00, 0.00
0.00,0.05,0.00, 0.00
0.00,0.05,0.00, 0.00
0.00,0.05,0.00, 0.00
0.00,0.05,0.00, 0.00
0.00,0.05,0.00, 0.00
0.00,0.05,0.00, 0.00
0.00,0.05,0.00, 0.00
0.00,0.05,0.00, 0.00
0.00,0.05,0.00, 0.00
0.00,0.05,0.00, 0.00
0.00,0.05,0.00, 0.00
0.00,0.05,0.00, 0.00
0.00,0.05,0.00, 0.00
0.00,0.05,0.00, 0.00
0.00,0.05,0.00, 0.00
0.00,0.05,0.00, 0.00
0.00,0.05,0.00, 0.00
0.00,0.05,0.00, 0.00
0.00,0.05,0.00, 0.00
0.00,0.05,0.00, 0.00
0.00,0.05,0.00, 0.00
0.00,0.05,0.00, 0.00
0.00,0.05,0.00, 0.00
0.00,0.05,0.00, 0.00
0.00,0.05,0.00, 0.00
0.00,0.05,0.00, 0.00
0.00,0.05,0.00, 0.00
0.00,0.05,0.00, 0.00
0.00,0.05,0.00, 0.00
0.00,0.05,0.00, 0.00
0.00,0.05,0.00, 0.00
0.00,0.05,0.00, 0.50
0.00,0.05,0.00, 0.00
0.00,0.05,0.00, 0.00
0.00,0.05,0.00, 0.00
0.00,0.05,0.00, 0.00
0.00,0.05,0.00, 0.00
0.00,0.05,0.00, 0.00
0.00,0.05,0.00, 0.00
0.00,0.05,0.00, 0.00
0.00,0.05,0.00, 0.00
0.00,0.05,0.00, 0.00
0.00,0.05,0.00, 0.00
0.00,0.05,0.00, 0.00
0.00,0.05,0.00, 0.00
0.00,0.05,0.00, 0.00
0.00,0.05,0.00, 0.00
0.00,0.05,0.00, 0.00
0.00,0.05,0.00, 0.00
0.00,0.05,0.00, 0.00
0.00,0.05,0.00, 0.00
0.00,0.05,0.00, 0.00
0.00,0.05,0.00, 0.00
0.00,0.05,0.00, 0.00
0.00,0.05,0.00, 0.00
0.00,0.05,0.00, 0.00
0.00,0.05,0.00, 0.00
0.00,0.05,0.00, 0.00
0.00,0.05,0.00, 0.00
0.00,0.05,0.00, 0.00
0.00,0.05,0.00, 0.00
0.00,0.05,0.00, 0.00
0.00,0.05,0.00, 0.00
0.00,0.05,0.00, 0.00
0.00,0.05,0.00, 0.00
0.00,0.05,0.00, 0.00
0.00,0.05,0.00, 0.00
0.00,0.05,0.00, 0.00
0.00,0.05,0.00, 0.00
0.00,0.05,0.00, 0.00
0.00,0.05,0.00, 0.00
0.00,0.19,0.00, 7.47
4.43,4.64,218.24, 221.46
4.88,5.86,25.38, 61.84
4.88,5.93,0.37, 3.71
4.88,5.93,0.37, 3.71
4.88,5.93,0.37, 3.71
4.88,5.93,0.37, 3.71
4.88,5.93,0.37, 3.71
4.88,5.93,0.37, 3.71
4.88,5.98,0.01, 2.01
4.90,6.03,0.99, 3.00
4.90,6.04,0.01, 0.26
4.90,6.11,0.00, 3.49
4.90,6.10,0.00, 0.00
4.90,6.08,0.00, 0.00
4.90,6.08,0.00, 0.00
4.90,6.03,0.00, 0.00
4.90,6.02,0.00, 0.00
4.90,6.01,0.00, 0.00
4.90,6.01,0.00, 0.00
4.90,6.01,0.00, 0.00
4.90,6.01,0.00, 0.00
4.90,6.01,0.00, 0.00
4.90,6.01,0.00, 0.00
4.90,6.01,0.00, 0.00
4.90,6.00,0.00, 0.00
4.90,6.01,0.00, 0.25
4.90,6.01,0.00, 0.25
4.90,6.03,0.00, 1.50
4.90,6.14,0.00, 4.99
4.90,6.14,0.00, 0.52
4.90,6.14,0.00, 0.00
4.92,6.14,0.99, 0.00
4.90,6.14,0.00, 0.00
4.90,6.11,0.00, 0.00
4.92,6.09,0.99, 0.00
4.90,6.09,0.00, 0.00
4.90,6.07,0.00, 0.00
4.90,6.07,0.00, 0.00
4.90,6.09,0.00, 0.50
4.90,6.11,0.00, 1.25
4.90,6.14,0.00, 1.25
4.90,6.14,0.00, 0.00
4.90,6.14,0.00, 0.00
4.92,6.12,0.99, 0.00
4.92,6.12,0.99, 0.00
4.90,6.13,0.00, 0.25
4.90,6.14,0.00, 0.75
4.92,6.16,0.99, 0.75
4.92,6.16,0.99, 0.75
4.92,6.16,0.99, 0.75
4.90,6.18,0.00, 1.00
4.90,6.20,0.00, 1.00
4.90,6.24,0.00, 2.00
4.90,6.26,0.00, 1.00
4.90,6.26,0.00, 1.00
4.90,6.26,0.00, 1.00
4.90,6.26,0.00, 1.00
4.90,6.31,0.00, 2.49
4.90,6.34,0.00, 1.25
4.90,6.32,0.00, 0.00
4.90,6.26,0.00, 0.00
4.90,6.20,0.00, 0.00
4.90,6.18,0.00, 0.00
4.90,6.14,0.00, 0.00
4.90,6.11,0.00, 0.00
4.90,6.11,0.00, 0.00
4.90,6.09,0.00, 0.00
4.92,6.07,0.99, 0.00
4.90,6.04,0.00, 0.00
4.90,6.01,0.00, 0.00
4.90,5.99,0.00, 0.00
4.90,5.94,0.00, 0.00
4.90,5.92,0.00, 0.00
4.90,5.89,0.00, 0.00
4.92,5.87,0.99, 0.00
4.90,5.86,0.00, 0.00
4.90,5.86,0.00, 0.00
4.90,5.86,0.00, 0.00
4.92,5.84,0.99, 0.00
4.90,5.86,0.00, 1.00
4.90,5.85,0.00, 0.00
4.90,5.84,0.00, 0.00
4.90,5.84,0.00, 0.00
4.90,5.84,0.00, 0.00
4.90,5.84,0.00, 0.00
4.90,5.82,0.00, 0.00
4.90,5.82,0.00, 0.00
4.90,5.82,0.00, 0.00
4.90,5.82,0.00, 0.00
4.92,5.81,0.99, 0.00
4.90,5.79,0.00, 0.00
4.90,5.81,0.00, 1.00