6.35,0.00,0.00, 0.00
6.35,0.00,0.00, 0.00
0.00,0.05,0.00, 2.24
0.00,0.05,0.00, 2.24
0.00,0.05,0.00, 2.24
0.00,0.05,0.00, 2.24
0.00,0.05,0.00, 2.24
0.00,0.05,0.00, 2.24
0.00,0.05,0.00, 2.24
0.00,0.05,0.00, 2.24
0.00,0.05,0.00, 2.24
0.00,0.05,0.00, 2.24
0.00,0.05,0.00, 2.24
0.00,0.05,0.00, 2.24
0.00,0.05,0.00, 2.24
0.00,0.05,0.00, 2.24
0.00,0.05,0.00, 2.24
0.00,0.05,0.00, 2.24
0.00,0.05,0.00, 2.24
0.00,0.05,0.00, 2.24
0.00,0.05,0.00, 2.24
0.00,0.05,0.00, 2.24
0.00,0.05,0.00, 2.24
0.00,0.05,0.00, 2.24
0.00,0.05,0.00, 2.24
0.00,0.05,0.00, 0.01
0.00,0.05,0.00, 0.01
0.00,0.05,0.00, 0.00
0.00,0.05,0.00, 0.00
0.00,0.05,0.00, 0.00
0.00,0.05,0.00, 0.00
0.00,0.05,0.00, 0.00
0.00,0.05,0.00, 0.00
0.00,0.05,0.00, 0.00
0.00,0.05,0.00, 0.00
0.00,0.05,0.00, 0.00
0.00,0.05,0.00, 0.00
0.00,0.05,0.00, 0.00
0.00,0.05,0.00, 0.00
0.00,0.05,0.00, 0.00
0.00,0.05,0.00, 0.00
0.00,0.05,0.00, 0.00
0.00,0.05,0.00, 0.00
0.00,0.05,0.00, 0.00
0.00,0.05,0.00, 0.00
0.00,0.05,0.00, 0.00
0.00,0.05,0.00, 0.00
0.00,0.05,0.00, 0.00
0.00,0.05,0.00, 0.00
0.00,0.05,0.00, 0.00
0.00,0.05,0.00, 0.00
0.00,0.05,0.00, 0.00
0.00,0.05,0.00, 0.00
0.00,0.05,0.00, 0.00
0.00,0.05,0.00, 0.00
0.00,0.05,0.00, 0.00
0.00,0.05,0.00, 0.00
0.00,0.05,0.00, 0.00
0.00,0.05,0.00, 0.00
0.00,0.05,0.00, 0.00
0.00,0.05,0.00, 0.00
0.00,0.05,0.00, 0.00
0.00,0.05,0.00, 0.00
0.00,0.05,0.00, 0.00
0.00,0.05,0.00, 0.00
0.00,0.05,0.00, 0.00
0.00,0.05,0.00, 0.00
0.00,0.05,0.00, 0.00
0.00,0.05,0.00, 0.00
0.00,0.05,0.00, 0.00
0.00,0.05,0.00, 0.00
0.00,0.05,0.00, 0.00
0.00,0.05,0.00, 0.00
0.00,0.05,0.00, 0.00
0.00,0.05,0.00, 0.00
0.00,0.05,0.00, 0.00
0.00,0.05,0.00, 0.00
0.00,0.05,0.00, 0.00
0.00,0.05,0.00, 0.00
0.00,0.05,0.00, 0.00
0.00,0.05,0.00, 0.00
0.00,0.05,0.00, 0.00
0.00,0.05,0.00, 0.00
0.00,0.05,0.00, 0.00
0.00,0.05,0.00, 0.00
0.00,0.05,0.00, 0.00
0.00,0.05,0.00, 0.00
0.00,0.05,0.00, 0.00
0.00,0.05,0.00, 0.00
0.00,0.05,0.00, 0.00
0.00,0.05,0.00, 0.00
0.00,0.05,0.00, 0.00
0.00,0.05,0.00, 0.00
0.00,0.05,0.00, 0.00
0.00,0.05,0.00, 0.00
0.00,0.05,0.00, 0.00
0.00,0.05,0.00, 0.00
0.00,0.05,0.00, 0.00
0.00,0.05,0.00, 0.00
0.00,0.05,0.00, 0.00
0.00,0.05,0.00, 0.00
0.00,0.05,0.00, 0.00
0.00,0.05,0.00, 0.00
0.00,0.05,0.00, 0.00
0.00,0.05,0.00, 0.00
0.00,0.05,0.00, 0.00
0.00,0.05,0.00, 0.00
0.00,0.05,0.00, 0.00
0.00,0.05,0.00, 0.00
0.00,0.05,0.00, 0.00
0.00,0.05,0.00, 0.00
0.00,0.05,0.00, 0.00
0.00,0.05,0.00, 0.00
0.00,0.05,0.00, 0.00
0.00,0.05,0.00, 0.00
0.00,0.05,0.00, 0.00
0.00,0.05,0.00, 0.00
0.00,0.05,0.00, 0.00
0.00,0.05,0.00, 0.00
0.00,0.05,0.00, 0.00
0.00,0.05,0.00, 0.00
0.00,0.05,0.00, 0.00
0.00,0.05,0.00, 0.00
0.00,0.05,0.00, 0.00
0.00,0.05,0.00, 0.00
0.00,0.05,0.00, 0.00
0.00,0.05,0.00, 0.00
0.00,0.05,0.00, 0.00
0.00,0.05,0.00, 0.00
0.00,0.05,0.00, 0.00
0.00,0.05,0.00, 0.00
0.00,0.05,0.00, 0.00
0.00,0.05,0.00, 0.00
0.00,0.05,0.00, 0.00
0.00,0.05,0.00, 0.00
0.00,0.05,0.00, 0.50
0.00,0.05,0.00, 0.00
0.00,0.05,0.00, 0.00
0.00,0.05,0.00, 0.00
0.00,0.05,0.00, 0.00
0.00,0.05,0.00, 0.00
0.00,0.05,0.00, 0.00
0.00,0.05,0.00, 0.00
0.00,0.05,0.00, 0.00
0.00,0.05,0.00, 0.00
0.00,0.05,0.00, 0.00
0.00,0.05,0.00, 0.00
0.00,0.05,0.00, 0.00
0.00,0.05,0.00, 0.00
0.00,0.05,0.00, 0.00
0.00,0.05,0.00, 0.00
0.00,0.05,0.00, 0.00
0.00,0.05,0.00, 0.00
0.00,0.05,0.00, 0.00
0.00,0.05,0.00, 0.00
0.00,0.05,0.00, 0.00
0.00,0.05,0.00, 0.00
0.00,0.05,0.00, 0.00
0.00,0.05,0.00, 0.00
0.00,0.05,0.00, 0.00
0.00,0.05,0.00, 0.00
0.00,0.05,0.00, 0.00
0.00,0.05,0.00, 0.00
0.00,0.05,0.00, 0.00
0.00,0.05,0.00, 0.00
0.00,0.05,0.00, 0.00
0.00,0.05,0.00, 0.00
0.00,0.05,0.00, 0.00
0.00,0.05,0.00, 0.00
0.00,0.05,0.00, 0.00
0.00,0.05,0.00, 0.00
0.00,0.05,0.00, 0.00
0.00,0.05,0.00, 0.00
0.00,0.05,0.00, 0.00
0.00,0.05,0.00, 0.00
0.00,0.05,0.00, 0.00
0.00,0.05,0.00, 0.00
0.00,0.05,0.00, 0.00
0.00,0.05,0.00, 0.00
0.00,0.05,0.00, 0.00
0.00,0.05,0.00, 0.00
0.00,0.05,0.00, 0.00
0.00,0.05,0.00, 0.00
0.00,0.05,0.00, 0.00
0.00,0.05,0.00, 0.00
0.00,0.05,0.00, 0.00
0.00,0.05,0.00, 0.00
0.00,0.05,0.00, 0.00
0.00,0.05,0.00, 0.00
0.00,0.05,0.00, 0.00
0.00,0.05,0.00, 0.00
0.00,0.05,0.00, 0.00
0.00,0.05,0.00, 0.00
0.00,0.05,0.00, 0.00
0.00,0.05,0.00, 0.00
0.00,0.05,0.00, 0.00
0.00,0.05,0.00, 0.00
0.00,0.05,0.00, 0.00
0.00,0.05,0.00, 0.00
0.00,0.05,0.00, 0.00
0.00,0.05,0.00, 0.00
0.00,0.05,0.00, 0.00
0.00,0.05,0.00, 0.00
0.00,0.05,0.00, 0.00
0.00,0.05,0.00, 0.00
0.00,0.05,0.00, 0.00
0.00,0.05,0.00, 0.00
0.00,0.05,0.00, 0.00
0.00,0.05,0.00, 0.00
0.00,0.05,0.00, 0.00
0.00,0.05,0.00, 0.00
0.00,0.05,0.00, 0.00
0.00,0.05,0.00, 0.00
0.00,0.05,0.00, 0.00
0.00,0.05,0.00, 0.00
0.00,0.05,0.00, 0.00
0.00,0.05,0.00, 0.00
0.00,0.05,0.00, 0.00
0.00,0.05,0.00, 0.00
0.00,0.05,0.00, 0.00
0.00,0.05,0.00, 0.00
0.00,0.05,0.00, 0.50
0.00,0.05,0.00, 0.00
0.00,0.05,0.00, 0.00
0.00,0.05,0.00, 0.00
0.00,0.05,0.00, 0.50
0.00,0.05,0.00, 0.00
0.00,0.05,0.00, 0.00
0.00,0.05,0.00, 0.00
0.00,0.05,0.00, 0.00
0.00,0.05,0.00, 0.00
0.00,0.05,0.00, 0.00
0.00,0.05,0.00, 0.00
0.00,0.05,0.00, 0.00
0.00,0.05,0.00, 0.00
0.00,0.05,0.00, 0.50
0.00,0.05,0.00, 0.50
0.00,0.05,0.00, 0.50
0.00,0.05,0.00, 0.50
0.00,0.05,0.00, 0.50
0.00,0.05,0.00, 0.50
0.00,0.05,0.00, 0.50
0.00,0.05,0.00, 0.50
0.00,0.05,0.00, 0.00
0.00,0.05,0.00, 0.00
0.00,0.05,0.00, 0.00
0.00,0.05,0.00, 0.00
0.00,0.05,0.00, 0.00
0.00,0.05,0.00, 0.00
0.00,0.05,0.00, 0.00
0.00,0.05,0.00, 0.00
0.00,0.05,0.00, 0.00
0.00,0.04,0.00, 0.00
0.00,0.04,0.00, 0.00
0.00,0.04,0.00, 0.00
0.00,0.04,0.00, 0.00
0.00,0.04,0.00, 0.00
0.00,0.04,0.00, 0.00
0.00,0.04,0.00, 0.00
0.00,0.04,0.00, 0.00
0.00,0.04,0.00, 0.00
0.00,0.04,0.00, 0.00
0.00,0.04,0.00, 0.00
0.00,0.04,0.00, 0.00
0.00,0.04,0.00, 0.00
0.00,0.05,0.00, 0.50
0.00,0.05,0.00, 0.00
0.00,0.05,0.00, 0.00
0.00,0.05,0.00, 0.00
0.00,0.05,0.00, 0.00
0.00,0.05,0.00, 0.00
0.00,0.05,0.00, 0.00
0.00,0.05,0.00, 0.00
0.00,0.05,0.00, 0.00
0.00,0.05,0.00, 0.00
0.00,0.05,0.00, 0.00
0.00,0.05,0.00, 0.00
0.00,0.05,0.00, 0.00
0.00,0.05,0.00, 0.00
0.00,0.05,0.00, 0.00
0.00,0.05,0.00, 0.00
0.00,0.05,0.00, 0.00
0.00,0.05,0.00, 0.00
0.00,0.05,0.00, 0.00
0.00,0.05,0.00, 0.00
0.00,0.05,0.00, 0.00
0.00,0.05,0.00, 0.00
0.00,0.05,0.00, 0.00
0.00,0.05,0.00, 0.00
0.00,0.05,0.00, 0.00
0.00,0.05,0.00, 0.00
0.00,0.05,0.00, 0.00
0.00,0.05,0.00, 0.00
0.00,0.05,0.00, 0.00
0.00,0.05,0.00, 0.00
0.00,0.05,0.00, 0.00
0.00,0.05,0.00, 0.00
0.00,0.05,0.00, 0.00
0.00,0.05,0.00, 0.00
0.00,0.05,0.00, 0.00
0.00,0.05,0.00, 0.00
0.00,0.05,0.00, 0.00
0.00,0.05,0.00, 0.00
0.00,0.05,0.00, 0.00
0.00,0.05,0.00, 0.00
0.00,0.05,0.00, 0.00
0.00,0.05,0.00, 0.00
0.00,0.05,0.00, 0.00
0.00,0.05,0.00, 0.00
0.00,0.05,0.00, 0.00
0.00,0.05,0.00, 0.00
0.00,0.05,0.00, 0.00
0.00,0.05,0.00, 0.00
0.00,0.05,0.00, 0.00
0.00,0.05,0.00, 0.00
0.00,0.05,0.00, 0.00
0.00,0.05,0.00, 0.00
0.00,0.05,0.00, 0.00
0.00,0.04,0.00, 0.00
0.00,0.04,0.00, 0.00
0.00,0.04,0.00, 0.00
0.00,0.05,0.00, 0.50
0.00,0.05,0.00, 0.50
0.00,0.05,0.00, 0.50
0.00,0.05,0.00, 0.50
0.00,0.05,0.00, 0.50
0.00,0.05,0.00, 0.50
0.00,0.05,0.00, 0.50
0.00,0.05,0.00, 0.00
0.00,0.05,0.00, 0.00
0.00,0.05,0.00, 0.00
0.00,0.05,0.00, 0.00
0.00,0.05,0.00, 0.00
0.00,0.05,0.00, 0.50
0.00,0.05,0.00, 0.00
0.00,0.05,0.00, 0.00
0.00,0.05,0.00, 0.00
0.00,0.05,0.00, 0.00
0.00,0.05,0.00, 0.00
0.00,0.05,0.00, 0.00
0.00,0.05,0.00, 0.00
0.00,0.05,0.00, 0.00
0.00,0.05,0.00, 0.00
0.00,0.05,0.00, 0.00
0.00,0.05,0.00, 0.00
0.00,0.05,0.00, 0.00
0.00,0.05,0.00, 0.00
0.00,0.05,0.00, 0.00
0.00,0.05,0.00, 0.00
0.00,0.05,0.00, 0.00
0.00,0.05,0.00, 0.00
0.00,0.05,0.00, 0.00
0.00,0.05,0.00, 0.00
0.00,0.05,0.00, 0.00
0.00,0.05,0.00, 0.00
0.00,0.05,0.00, 0.00
0.00,0.05,0.00, 0.00
0.00,0.05,0.00, 0.00
0.00,0.05,0.00, 0.00
0.00,0.05,0.00, 0.00
0.00,0.05,0.00, 0.00
0.00,0.05,0.00, 0.00
0.00,0.05,0.00, 0.00
0.00,0.05,0.00, 0.00
0.00,0.05,0.00, 0.00
0.00,0.05,0.00, 0.00
0.00,0.05,0.00, 0.00
0.00,0.05,0.00, 0.00
0.00,0.05,0.00, 0.00
0.00,0.05,0.00, 0.00
0.00,0.05,0.00, 0.00
0.00,0.05,0.00, 0.00
0.00,0.05,0.00, 0.00
0.00,0.05,0.00, 0.00
0.00,0.05,0.00, 0.00
0.00,0.05,0.00, 0.00
0.00,0.05,0.00, 0.00
0.00,0.05,0.00, 0.00
0.00,0.05,0.00, 0.00
0.00,0.05,0.00, 0.00
0.00,0.05,0.00, 0.00
0.00,0.05,0.00, 0.00
0.00,0.05,0.00, 0.00
0.00,0.05,0.00, 0.00
0.00,0.05,0.00, 0.00
0.00,0.05,0.00, 0.00
0.00,0.05,0.00, 0.00
0.00,0.05,0.00, 0.00
0.00,0.05,0.00, 0.00
0.00,0.05,0.00, 0.00
0.00,0.05,0.00, 0.00
0.00,0.05,0.00, 0.00
0.00,0.05,0.00, 0.00
0.00,0.05,0.00, 0.00
0.00,0.05,0.00, 0.00
0.00,0.05,0.00, 0.00
0.00,0.05,0.00, 0.00
0.00,0.05,0.00, 0.00
0.00,0.05,0.00, 0.00
0.00,0.05,0.00, 0.00
0.00,0.05,0.00, 0.00
0.00,0.05,0.00, 0.00
0.00,0.05,0.00, 0.00
0.00,0.05,0.00, 0.00
0.00,0.05,0.00, 0.00
0.00,0.05,0.00, 0.00
0.00,0.05,0.00, 0.00
0.00,0.05,0.00, 0.00
0.00,0.05,0.00, 0.00
0.00,0.05,0.00, 0.00
0.00,0.05,0.00, 0.00
0.00,0.05,0.00, 0.00
0.00,0.05,0.00, 0.00
0.00,0.05,0.00, 0.00
0.00,0.05,0.00, 0.00
0.00,0.05,0.00, 0.00
0.00,0.05,0.00, 0.00
0.00,0.05,0.00, 0.00
0.00,0.05,0.00, 0.00
0.00,0.05,0.00, 0.00
0.00,0.05,0.00, 0.00
0.00,0.05,0.00, 0.00
0.00,0.05,0.00, 0.00
0.00,0.05,0.00, 0.00
0.00,0.05,0.00, 0.00
0.00,0.05,0.00, 0.00
0.00,0.05,0.00, 0.00
0.00,0.05,0.00, 0.00
0.00,0.05,0.00, 0.00
0.00,0.05,0.00, 0.00
0.00,0.05,0.00, 0.00
0.00,0.05,0.00, 0.00
0.00,0.05,0.00, 0.00
0.00,0.05,0.00, 0.00
0.00,0.05,0.00, 0.00
0.00,0.05,0.00, 0.00
0.00,0.05,0.00, 0.00
0.00,0.05,0.00, 0.00
0.00,0.05,0.00, 0.00
0.00,0.05,0.00, 0.00
0.00,0.05,0.00, 0.00
0.00,0.05,0.00, 0.00
0.00,0.05,0.00, 0.00
0.00,0.05,0.00, 0.00
0.00,0.05,0.00, 0.00
0.00,0.05,0.00, 0.00
0.00,0.05,0.00, 0.00
0.00,0.05,0.00, 0.00
0.00,0.05,0.00, 0.00
0.00,0.05,0.00, 0.00
0.00,0.05,0.00, 0.00
0.00,0.05,0.00, 0.00
0.00,0.05,0.00, 0.00
0.00,0.05,0.00, 0.00
0.00,0.05,0.00, 0.00
0.00,0.05,0.00, 0.00
0.00,0.05,0.00, 0.00
0.00,0.05,0.00, 0.00
0.00,0.05,0.00, 0.00
0.00,0.05,0.00, 0.00
0.00,0.05,0.00, 0.00
0.00,0.05,0.00, 0.00
0.00,0.05,0.00, 0.00
0.00,0.05,0.00, 0.00
0.00,0.05,0.00, 0.00
0.00,0.05,0.00, 0.00
0.00,0.05,0.00, 0.00
0.00,0.05,0.00, 0.00
0.00,0.05,0.00, 0.00
0.00,0.05,0.00, 0.00
0.00,0.05,0.00, 0.00
0.00,0.05,0.00, 0.00
0.00,0.05,0.00, 0.00
0.00,0.05,0.00, 0.00
0.00,0.05,0.00, 0.00
0.00,0.05,0.00, 0.00
0.00,0.05,0.00, 0.00
0.00,0.05,0.00, 0.00
0.00,0.05,0.00, 0.00
0.00,0.05,0.00, 0.00
0.00,0.05,0.00, 0.00
0.00,0.05,0.00, 0.00
0.00,0.05,0.00, 0.00
0.00,0.05,0.00, 0.00
0.00,0.05,0.00, 0.00
0.00,0.05,0.00, 0.00
0.00,0.05,0.00, 0.00
0.00,0.05,0.00, 0.00
0.00,0.05,0.00, 0.00
0.00,0.05,0.00, 0.00
0.00,0.05,0.00, 0.00
0.00,0.05,0.00, 0.00
0.00,0.05,0.00, 0.00
0.00,0.05,0.00, 0.00
0.00,0.05,0.00, 0.00
0.00,0.05,0.00, 0.00
0.00,0.05,0.00, 0.00
0.00,0.05,0.00, 0.00
0.00,0.05,0.00, 0.00
0.00,0.05,0.00, 0.00
0.00,0.05,0.00, 0.00
0.00,0.05,0.00, 0.00
0.00,0.05,0.00, 0.00
0.00,0.05,0.00, 0.00
0.00,0.05,0.00, 0.00
0.00,0.05,0.00, 0.00
0.00,0.05,0.00, 0.00
0.00,0.05,0.00, 0.00
0.00,0.05,0.00, 0.50
0.00,0.05,0.00, 0.50
0.00,0.05,0.00, 0.50
0.00,0.05,0.00, 0.50
0.00,0.05,0.00, 0.50
0.00,0.05,0.00, 0.50
0.00,0.05,0.00, 0.50
0.00,0.05,0.00, 0.00
0.00,0.05,0.00, 0.00
0.00,0.05,0.00, 0.00
0.00,0.05,0.00, 0.50
0.00,0.05,0.00, 0.50
0.00,0.05,0.00, 0.50
0.00,0.05,0.00, 0.50
0.00,0.05,0.00, 0.50
0.00,0.05,0.00, 0.50
0.00,0.05,0.00, 0.50
0.00,0.05,0.00, 0.50
0.00,0.05,0.00, 0.50
0.00,0.05,0.00, 0.50
0.00,0.05,0.00, 0.50
0.00,0.05,0.00, 0.50
0.00,0.05,0.00, 0.50
0.00,0.05,0.00, 0.00
0.00,0.05,0.00, 0.00
0.00,0.04,0.00, 0.00
0.00,0.04,0.00, 0.00
0.00,0.04,0.00, 0.00
0.00,0.05,0.00, 0.50
0.00,0.05,0.00, 0.00
0.00,0.05,0.00, 0.00
0.00,0.05,0.00, 0.00
0.00,0.05,0.00, 0.00
0.00,0.05,0.00, 0.00
0.00,0.05,0.00, 0.00
0.00,0.05,0.00, 0.00
0.00,0.05,0.00, 0.00
0.00,0.05,0.00, 0.00
0.00,0.05,0.00, 0.00
0.00,0.05,0.00, 0.00
0.00,0.05,0.00, 0.00
0.00,0.05,0.00, 0.00
0.00,0.05,0.00, 0.00
0.00,0.05,0.00, 0.00
0.00,0.05,0.00, 0.00
0.00,0.05,0.00, 0.00
0.00,0.05,0.00, 0.00
0.00,0.05,0.00, 0.00
0.00,0.05,0.00, 0.00
0.00,0.05,0.00, 0.00
0.00,0.05,0.00, 0.00
0.00,0.05,0.00, 0.00
0.00,0.05,0.00, 0.00
0.00,0.05,0.00, 0.00
0.00,0.05,0.00, 0.00
0.00,0.05,0.00, 0.00
0.00,0.05,0.00, 0.00
0.00,0.05,0.00, 0.00
0.00,0.05,0.00, 0.50
0.00,0.05,0.00, 0.00
0.00,0.05,0.00, 0.00
0.00,0.05,0.00, 0.00
0.00,0.05,0.00, 0.00
0.00,0.05,0.00, 0.00
0.00,0.05,0.00, 0.00
0.00,0.05,0.00, 0.50
0.00,0.05,0.00, 0.00
0.00,0.04,0.00, 0.00
0.00,0.05,0.00, 0.50
0.00,0.05,0.00, 0.00
0.00,0.05,0.00, 0.00
0.00,0.05,0.00, 0.50
0.03,0.05,1.48, 0.00
0.03,0.05,1.48, 0.00
0.03,0.05,1.48, 0.00
0.03,0.05,1.48, 0.00
0.03,0.05,1.48, 0.00
0.03,0.05,1.48, 0.00
0.00,0.05,0.00, 0.50
0.00,0.06,0.00, 0.25
0.00,0.05,0.00, 0.00
0.00,0.05,0.00, 0.00
0.00,0.05,0.00, 0.00
0.00,0.05,0.00, 0.00
0.00,0.05,0.00, 0.00
0.00,0.05,0.00, 0.00
0.00,0.05,0.00, 0.00
0.00,0.05,0.00, 0.00
0.00,0.05,0.00, 0.00
0.00,0.05,0.00, 0.00
0.00,0.05,0.00, 0.00
0.00,0.05,0.00, 0.00
0.00,0.05,0.00, 0.00
0.00,0.05,0.00, 0.00
0.00,0.05,0.00, 0.00
0.00,0.05,0.00, 0.00
0.00,0.05,0.00, 0.00
0.00,0.05,0.00, 0.00
0.00,0.05,0.00, 0.00
0.00,0.05,0.00, 0.00
0.00,0.05,0.00, 0.00
0.00,0.05,0.00, 0.00
0.00,0.05,0.00, 0.00
0.00,0.05,0.00, 0.00
0.00,0.05,0.00, 0.00
0.00,0.05,0.00, 0.00
0.00,0.05,0.00, 0.00
0.00,0.05,0.00, 0.00
0.00,0.05,0.00, 0.00
0.00,0.05,0.00, 0.00
0.00,0.05,0.00, 0.00
0.00,0.05,0.00, 0.00
0.00,0.05,0.00, 0.00
0.00,0.05,0.00, 0.00
0.00,0.05,0.00, 0.00
0.00,0.05,0.00, 0.00
0.00,0.05,0.00, 0.00
0.00,0.05,0.00, 0.00
0.00,0.05,0.00, 0.00
0.00,0.05,0.00, 0.00
0.00,0.05,0.00, 0.00
0.00,0.05,0.00, 0.00
0.00,0.05,0.00, 0.00
0.00,0.05,0.00, 0.00
0.00,0.05,0.00, 0.00
0.00,0.05,0.00, 0.00
0.00,0.05,0.00, 0.00
0.00,0.05,0.00, 0.00
0.00,0.05,0.00, 0.00
0.00,0.05,0.00, 0.00
0.00,0.05,0.00, 0.00
0.00,0.05,0.00, 0.00
0.00,0.05,0.00, 0.00
0.00,0.05,0.00, 0.00
0.00,0.05,0.00, 0.00
0.00,0.05,0.00, 0.00
0.00,0.05,0.00, 0.00
0.00,0.05,0.00, 0.00
0.00,0.05,0.00, 0.00
0.00,0.05,0.00, 0.00
0.00,0.05,0.00, 0.00
0.00,0.05,0.00, 0.00
0.00,0.05,0.00, 0.00
0.03,0.05,1.48, 0.50
0.00,0.05,0.00, 0.00
0.00,0.05,0.00, 0.00
0.00,0.05,0.00, 0.00
0.00,0.05,0.00, 0.00
0.00,0.05,0.00, 0.00
0.00,0.05,0.00, 0.00
0.00,0.05,0.00, 0.00
0.00,0.05,0.00, 0.00
0.00,0.05,0.00, 0.00
0.00,0.05,0.00, 0.00
0.00,0.05,0.00, 0.00
0.00,0.05,0.00, 0.00
0.00,0.05,0.00, 0.00
0.00,0.05,0.00, 0.00
0.00,0.05,0.00, 0.00
0.00,0.05,0.00, 0.00
0.00,0.05,0.00, 0.00
0.00,0.05,0.00, 0.00
0.00,0.05,0.00, 0.00
0.00,0.05,0.00, 0.00
0.00,0.05,0.00, 0.00
0.00,0.05,0.00, 0.00
0.00,0.05,0.00, 0.00
0.00,0.05,0.00, 0.00
0.00,0.05,0.00, 0.00
0.00,0.05,0.00, 0.00
0.00,0.05,0.00, 0.00
0.00,0.05,0.00, 0.00
0.00,0.05,0.00, 0.00
0.00,0.05,0.00, 0.00
0.00,0.05,0.00, 0.00
0.00,0.05,0.00, 0.00
0.00,0.05,0.00, 0.00
0.00,0.05,0.00, 0.00
0.00,0.05,0.00, 0.00
0.00,0.05,0.00, 0.00
0.00,0.05,0.00, 0.00
0.00,0.05,0.00, 0.00
0.00,0.05,0.00, 0.00
0.00,0.05,0.00, 0.00
0.00,0.05,0.00, 0.00
0.00,0.05,0.00, 0.00
0.00,0.05,0.00, 0.00
0.00,0.05,0.00, 0.00
0.00,0.05,0.00, 0.00
0.00,0.05,0.00, 0.00
0.00,0.05,0.00, 0.00
0.00,0.05,0.00, 0.00
0.00,0.05,0.00, 0.00
0.00,0.05,0.00, 0.00
0.00,0.05,0.00, 0.00
0.00,0.05,0.00, 0.00
0.00,0.05,0.00, 0.00
0.00,0.05,0.00, 0.00
0.00,0.05,0.00, 0.00
0.00,0.05,0.00, 0.00
0.00,0.05,0.00, 0.00
0.00,0.05,0.00, 0.00
0.00,0.05,0.00, 0.00
0.00,0.05,0.00, 0.00
0.00,0.05,0.00, 0.00
0.00,0.05,0.00, 0.00
0.00,0.05,0.00, 0.00
0.00,0.05,0.00, 0.00
0.00,0.05,0.00, 0.00
0.00,0.05,0.00, 0.00
0.00,0.05,0.00, 0.00
0.00,0.05,0.00, 0.00
0.00,0.05,0.00, 0.00
0.00,0.05,0.00, 0.00
0.00,0.05,0.00, 0.50
0.00,0.05,0.00, 0.50
0.00,0.05,0.00, 0.50
0.00,0.05,0.00, 0.50
0.00,0.05,0.00, 0.50
0.00,0.05,0.00, 0.50
0.00,0.05,0.00, 0.50
0.00,0.05,0.00, 0.50
0.00,0.05,0.00, 0.50
0.00,0.05,0.00, 0.50
0.00,0.05,0.00, 0.50
0.00,0.05,0.00, 0.00
0.00,0.05,0.00, 0.00
0.00,0.05,0.00, 0.00
0.00,0.05,0.00, 0.00
0.00,0.05,0.00, 0.50
0.00,0.05,0.00, 0.50
0.00,0.05,0.00, 0.50
0.00,0.05,0.00, 0.50
0.00,0.05,0.00, 0.50
0.00,0.05,0.00, 0.50
0.00,0.05,0.00, 0.50
0.00,0.05,0.00, 0.50
0.00,0.05,0.00, 0.50
0.00,0.05,0.00, 0.50
0.00,0.05,0.00, 0.50
0.00,0.05,0.00, 0.50
0.00,0.05,0.00, 0.50
0.00,0.05,0.00, 0.50
0.00,0.05,0.00, 0.50
0.00,0.05,0.00, 0.50
0.00,0.05,0.00, 0.50
0.00,0.05,0.00, 0.50
0.00,0.05,0.00, 0.50
0.00,0.05,0.00, 0.50
0.00,0.05,0.00, 0.50
0.00,0.05,0.00, 0.50
0.00,0.05,0.00, 0.50
0.00,0.05,0.00, 0.50
0.00,0.05,0.00, 0.50
0.00,0.05,0.00, 0.50
0.00,0.05,0.00, 0.50
0.00,0.05,0.00, 0.50
0.00,0.05,0.00, 0.50
0.00,0.05,0.00, 0.50
0.00,0.05,0.00, 0.50
0.00,0.05,0.00, 0.50
0.00,0.05,0.00, 0.50
0.00,0.05,0.00, 0.50
0.00,0.05,0.00, 0.50
0.00,0.05,0.00, 0.50
0.00,0.05,0.00, 0.50
0.00,0.05,0.00, 0.00
0.00,0.05,0.00, 0.00
0.00,0.05,0.00, 0.00
0.00,0.05,0.00, 0.00
0.00,0.05,0.00, 0.00
0.00,0.05,0.00, 0.00
0.00,0.05,0.00, 0.00
0.00,0.05,0.00, 0.00
0.00,0.05,0.00, 0.00
0.00,0.05,0.00, 0.00
0.00,0.05,0.00, 0.00
0.00,0.05,0.00, 0.00
0.00,0.05,0.00, 0.00
0.00,0.05,0.00, 0.50
0.00,0.05,0.00, 0.50
0.00,0.05,0.00, 0.00
0.00,0.05,0.00, 0.00
0.00,0.05,0.00, 0.00
0.00,0.05,0.00, 0.00
0.00,0.05,0.00, 0.00
0.00,0.05,0.00, 0.00
0.00,0.05,0.00, 0.00
0.00,0.05,0.00, 0.00
0.00,0.05,0.00, 0.00
0.00,0.05,0.00, 0.00
0.00,0.05,0.00, 0.00
0.00,0.05,0.00, 0.00
0.00,0.05,0.00, 0.00
0.00,0.05,0.00, 0.50
0.00,0.05,0.00, 0.00
0.00,0.05,0.00, 0.00
0.00,0.05,0.00, 0.00
0.00,0.05,0.00, 0.00
0.00,0.05,0.00, 0.50
0.00,0.05,0.00, 0.00
0.00,0.05,0.00, 0.00
0.00,0.05,0.00, 0.00
0.00,0.05,0.00, 0.00
0.00,0.05,0.00, 0.50
0.00,0.05,0.00, 0.00
0.00,0.05,0.00, 0.00
0.00,0.05,0.00, 0.00
0.00,0.05,0.00, 0.00
0.00,0.05,0.00, 0.50
0.00,0.05,0.00, 0.50
0.00,0.06,0.00, 0.25
0.00,0.05,0.00, 0.00
0.00,0.05,0.00, 0.00
0.00,0.05,0.00, 0.00
0.00,0.05,0.00, 0.00
0.00,0.05,0.00, 0.00
0.00,0.05,0.00, 0.00
0.00,0.05,0.00, 0.00
0.00,0.05,0.00, 0.00
0.00,0.05,0.00, 0.00
0.00,0.05,0.00, 0.00
0.00,0.05,0.00, 0.00
0.00,0.05,0.00, 0.00
0.00,0.05,0.00, 0.00
0.00,0.05,0.00, 0.00
0.00,0.05,0.00, 0.00
0.00,0.05,0.00, 0.00
0.00,0.05,0.00, 0.00
0.00,0.05,0.00, 0.00
0.00,0.05,0.00, 0.00
0.00,0.05,0.00, 0.00
0.00,0.05,0.00, 0.00
0.00,0.05,0.00, 0.50
0.00,0.05,0.00, 0.00
0.00,0.05,0.00, 0.00
0.00,0.05,0.00, 0.00
0.00,0.05,0.00, 0.00
0.00,0.05,0.00, 0.00
0.00,0.05,0.00, 0.00
0.00,0.05,0.00, 0.00
0.00,0.05,0.00, 0.00
0.00,0.05,0.00, 0.00
0.00,0.05,0.00, 0.00
0.00,0.05,0.00, 0.00
0.00,0.05,0.00, 0.00
0.00,0.05,0.00, 0.00
0.00,0.05,0.00, 0.00
0.00,0.04,0.00, 0.00
0.00,0.05,0.00, 0.50
0.00,0.05,0.00, 0.00
0.00,0.05,0.00, 0.00
0.00,0.05,0.00, 0.50
0.00,0.05,0.00, 0.50
0.00,0.05,0.00, 0.50
0.00,0.06,0.00, 0.25
0.00,0.06,0.00, 0.00
0.00,0.05,0.00, 0.00
0.00,0.05,0.00, 0.00
0.00,0.05,0.00, 0.00
0.00,0.05,0.00, 0.00
0.00,0.05,0.00, 0.00
0.00,0.04,0.00, 0.00
0.00,0.05,0.00, 0.50
0.00,0.05,0.00, 0.00
0.00,0.05,0.00, 0.00
0.00,0.04,0.00, 0.00
0.00,0.04,0.00, 0.00
0.00,0.04,0.00, 0.00
0.00,0.04,0.00, 0.00
0.00,0.04,0.00, 0.00
0.00,0.04,0.00, 0.00
0.00,0.04,0.00, 0.00
0.00,0.04,0.00, 0.00
0.00,0.04,0.00, 0.00
0.00,0.04,0.00, 0.00
0.00,0.05,0.00, 0.50
0.00,0.05,0.00, 0.50
0.00,0.05,0.00, 0.50
0.00,0.05,0.00, 0.50
0.00,0.05,0.00, 0.50
0.00,0.05,0.00, 0.50
0.00,0.05,0.00, 0.50
0.00,0.05,0.00, 0.50
0.00,0.05,0.00, 0.50
0.00,0.05,0.00, 0.50
0.00,0.05,0.00, 0.50
0.00,0.05,0.00, 0.50
0.00,0.05,0.00, 0.50
0.00,0.05,0.00, 0.00
0.00,0.05,0.00, 0.00
0.00,0.05,0.00, 0.00
0.00,0.05,0.00, 0.00
0.00,0.05,0.00, 0.00
0.00,0.05,0.00, 0.00
0.00,0.05,0.00, 0.00
0.00,0.05,0.00, 0.00
0.00,0.05,0.00, 0.00
0.00,0.05,0.00, 0.00
0.00,0.05,0.00, 0.00
0.00,0.05,0.00, 0.00
0.00,0.05,0.00, 0.00
0.00,0.05,0.00, 0.00
0.00,0.06,0.00, 0.75
0.00,0.06,0.00, 0.00
0.00,0.05,0.00, 0.00
0.00,0.05,0.00, 0.00
0.00,0.05,0.00, 0.00
0.00,0.05,0.00, 0.00
0.00,0.05,0.00, 0.00
0.00,0.05,0.00, 0.50
0.00,0.05,0.00, 0.00
0.00,0.05,0.00, 0.00
0.00,0.05,0.00, 0.00
0.00,0.05,0.00, 0.00
0.00,0.05,0.00, 0.00
0.00,0.05,0.00, 0.00
0.00,0.05,0.00, 0.00
0.00,0.05,0.00, 0.00
0.00,0.05,0.00, 0.00
0.00,0.05,0.00, 0.00
0.00,0.05,0.00, 0.00
0.00,0.05,0.00, 0.00
0.00,0.05,0.00, 0.00
0.00,0.05,0.00, 0.00
0.00,0.05,0.00, 0.00
0.00,0.05,0.00, 0.00
0.00,0.05,0.00, 0.00
0.00,0.05,0.00, 0.00
0.00,0.05,0.00, 0.00
0.00,0.05,0.00, 0.00
0.00,0.05,0.00, 0.00
0.00,0.05,0.00, 0.00
0.00,0.05,0.00, 0.50
0.00,0.05,0.00, 0.50
0.00,0.05,0.00, 0.00
0.00,0.05,0.00, 0.00
0.00,0.05,0.00, 0.00
0.00,0.05,0.00, 0.00
0.00,0.05,0.00, 0.00
0.00,0.05,0.00, 0.00
0.00,0.05,0.00, 0.00
0.00,0.05,0.00, 0.00
0.00,0.05,0.00, 0.00
0.00,0.05,0.00, 0.00
0.00,0.05,0.00, 0.00
0.00,0.05,0.00, 0.00
0.00,0.05,0.00, 0.00
0.00,0.05,0.00, 0.50
0.00,0.05,0.00, 0.50
0.00,0.05,0.00, 0.50
0.00,0.05,0.00, 0.50
0.00,0.05,0.00, 0.50
0.00,0.05,0.00, 0.50
0.00,0.05,0.00, 0.50
0.00,0.05,0.00, 0.50
0.00,0.05,0.00, 0.00
0.00,0.05,0.00, 0.00
0.00,0.05,0.00, 0.00
0.00,0.05,0.00, 0.00
0.00,0.05,0.00, 0.00
0.00,0.05,0.00, 0.00
0.00,0.05,0.00, 0.00
0.00,0.05,0.00, 0.00
0.00,0.05,0.00, 0.00
0.00,0.05,0.00, 0.00
0.00,0.05,0.00, 0.00
0.00,0.05,0.00, 0.00
0.00,0.04,0.00, 0.00
0.00,0.04,0.00, 0.00
0.00,0.05,0.00, 0.50
0.00,0.05,0.00, 0.00
0.00,0.05,0.00, 0.00
0.00,0.05,0.00, 0.00
0.00,0.05,0.00, 0.00
0.00,0.05,0.00, 0.00
0.00,0.05,0.00, 0.00
0.00,0.05,0.00, 0.00
0.00,0.05,0.00, 0.00
0.00,0.05,0.00, 0.00
0.00,0.05,0.00, 0.00
0.00,0.05,0.00, 0.00
0.00,0.05,0.00, 0.00
0.00,0.05,0.00, 0.00
0.00,0.05,0.00, 0.00
0.00,0.05,0.00, 0.00
0.00,0.05,0.00, 0.00
0.00,0.05,0.00, 0.00
0.00,0.05,0.00, 0.00
0.00,0.05,0.00, 0.00
0.00,0.05,0.00, 0.00
0.00,0.05,0.00, 0.00
0.00,0.05,0.00, 0.00
0.00,0.05,0.00, 0.00
0.00,0.05,0.00, 0.00
0.00,0.05,0.00, 0.00
0.00,0.05,0.00, 0.00
0.00,0.05,0.00, 0.00
0.00,0.05,0.00, 0.00
0.00,0.05,0.00, 0.00
0.00,0.05,0.00, 0.00
0.00,0.05,0.00, 0.00
0.00,0.05,0.00, 0.00
0.00,0.05,0.00, 0.00
0.00,0.05,0.00, 0.00
0.00,0.05,0.00, 0.00
0.00,0.05,0.00, 0.00
0.00,0.05,0.00, 0.50
0.00,0.05,0.00, 0.50
0.00,0.05,0.00, 0.50
0.00,0.05,0.00, 0.50
0.00,0.05,0.00, 0.50
0.00,0.05,0.00, 0.50
0.00,0.05,0.00, 0.50
0.00,0.05,0.00, 0.50
0.00,0.05,0.00, 0.50
0.00,0.05,0.00, 0.50
0.00,0.05,0.00, 0.50
0.00,0.05,0.00, 0.50
0.00,0.05,0.00, 0.50
0.00,0.05,0.00, 0.50
0.00,0.05,0.00, 0.50
0.00,0.05,0.00, 0.50
0.00,0.05,0.00, 0.50
0.00,0.05,0.00, 0.50
0.00,0.05,0.00, 0.50
0.00,0.05,0.00, 0.50
0.00,0.05,0.00, 0.50
0.00,0.05,0.00, 0.50
0.00,0.05,0.00, 0.50
0.00,0.05,0.00, 0.50
0.00,0.05,0.00, 0.50
0.00,0.05,0.00, 0.00
0.00,0.05,0.00, 0.00
0.00,0.05,0.00, 0.00
0.00,0.05,0.00, 0.00
0.00,0.05,0.00, 0.00
0.00,0.05,0.00, 0.00
0.00,0.05,0.00, 0.00
0.00,0.05,0.00, 0.00
0.00,0.05,0.00, 0.00
0.00,0.05,0.00, 0.00
0.00,0.05,0.00, 0.00
0.00,0.05,0.00, 0.00
0.00,0.05,0.00, 0.00
0.00,0.05,0.00, 0.00
0.00,0.05,0.00, 0.00
0.00,0.05,0.00, 0.00
0.00,0.05,0.00, 0.00
0.00,0.05,0.00, 0.00
0.00,0.05,0.00, 0.00
0.00,0.05,0.00, 0.00
0.00,0.05,0.00, 0.00
0.00,0.05,0.00, 0.00
0.00,0.05,0.00, 0.00
0.00,0.05,0.00, 0.00
0.00,0.05,0.00, 0.00
0.00,0.05,0.00, 0.00
0.00,0.05,0.00, 0.00
0.00,0.05,0.00, 0.00
0.00,0.05,0.00, 0.00
0.00,0.04,0.00, 0.00
0.00,0.04,0.00, 0.00
0.00,0.04,0.00, 0.00
0.00,0.04,0.00, 0.00
0.00,0.04,0.00, 0.00
0.00,0.04,0.00, 0.00
0.00,0.04,0.00, 0.00
0.00,0.04,0.00, 0.00
0.00,0.04,0.00, 0.00
0.00,0.04,0.00, 0.00
0.00,0.04,0.00, 0.00
0.00,0.04,0.00, 0.00
0.00,0.05,0.00, 0.50
0.00,0.05,0.00, 0.50
0.00,0.05,0.00, 0.50
0.00,0.05,0.00, 0.50
0.00,0.05,0.00, 0.50
0.00,0.05,0.00, 0.50
0.00,0.05,0.00, 0.50
0.00,0.05,0.00, 0.50
0.00,0.05,0.00, 0.50
0.00,0.05,0.00, 0.50
0.00,0.05,0.00, 0.00
0.00,0.05,0.00, 0.00
0.00,0.05,0.00, 0.00
0.00,0.05,0.00, 0.00
0.00,0.05,0.00, 0.00
0.00,0.05,0.00, 0.00
0.00,0.05,0.00, 0.00
0.00,0.05,0.00, 0.00
0.00,0.05,0.00, 0.00
0.00,0.05,0.00, 0.00
0.00,0.05,0.00, 0.00
0.00,0.05,0.00, 0.00
0.00,0.05,0.00, 0.00
0.00,0.05,0.00, 0.00
0.00,0.05,0.00, 0.00
0.00,0.05,0.00, 0.00
0.00,0.05,0.00, 0.00
0.00,0.05,0.00, 0.00
0.00,0.05,0.00, 0.00
0.00,0.05,0.00, 0.00
0.00,0.05,0.00, 0.00
0.00,0.05,0.00, 0.00
0.00,0.05,0.00, 0.00
0.00,0.05,0.00, 0.00
0.00,0.05,0.00, 0.00
0.00,0.05,0.00, 0.00
0.00,0.05,0.00, 0.00
0.00,0.05,0.00, 0.00
0.00,0.05,0.00, 0.00
0.00,0.05,0.00, 0.00
0.00,0.05,0.00, 0.00
0.00,0.05,0.00, 0.50
0.00,0.05,0.00, 0.50
0.00,0.05,0.00, 0.50
0.00,0.05,0.00, 0.50
0.00,0.05,0.00, 0.50
0.00,0.05,0.00, 0.50
0.00,0.05,0.00, 0.50
0.00,0.05,0.00, 0.50
0.00,0.05,0.00, 0.50
0.00,0.05,0.00, 0.50
0.00,0.05,0.00, 0.50
0.00,0.05,0.00, 0.50
0.00,0.05,0.00, 0.50
0.00,0.05,0.00, 0.50
0.00,0.05,0.00, 0.00
0.00,0.05,0.00, 0.00
0.00,0.05,0.00, 0.00
0.00,0.05,0.00, 0.00
0.00,0.05,0.00, 0.00
0.00,0.05,0.00, 0.00
0.00,0.05,0.00, 0.00
0.00,0.05,0.00, 0.50
0.00,0.05,0.00, 0.50
0.00,0.05,0.00, 0.00
0.00,0.05,0.00, 0.00
0.00,0.05,0.00, 0.00
0.00,0.05,0.00, 0.00
0.00,0.05,0.00, 0.00
0.00,0.05,0.00, 0.00
0.00,0.05,0.00, 0.00
0.00,0.05,0.00, 0.00
0.00,0.05,0.00, 0.00
0.00,0.05,0.00, 0.00
0.00,0.05,0.00, 0.00
0.00,0.05,0.00, 0.00
0.00,0.05,0.00, 0.00
0.00,0.05,0.00, 0.00
0.00,0.05,0.00, 0.00
0.00,0.05,0.00, 0.00
0.00,0.05,0.00, 0.00
0.00,0.05,0.00, 0.00
0.00,0.05,0.00, 0.00
0.00,0.05,0.00, 0.00
0.00,0.05,0.00, 0.00
0.00,0.05,0.00, 0.00
0.00,0.05,0.00, 0.00
0.00,0.05,0.00, 0.00
0.00,0.05,0.00, 0.00
0.00,0.05,0.00, 0.00
0.00,0.05,0.00, 0.00
0.00,0.05,0.00, 0.00
0.00,0.05,0.00, 0.00
0.00,0.04,0.00, 0.00
0.00,0.05,0.00, 0.50
0.00,0.05,0.00, 0.00
0.00,0.05,0.00, 0.00
0.00,0.05,0.00, 0.00
0.00,0.05,0.00, 0.50
0.00,0.05,0.00, 0.00
0.00,0.05,0.00, 0.00
0.00,0.05,0.00, 0.00
0.00,0.05,0.00, 0.00
0.00,0.05,0.00, 0.00
0.00,0.05,0.00, 0.00
0.00,0.05,0.00, 0.00
0.00,0.05,0.00, 0.00
0.00,0.05,0.00, 0.00
0.00,0.05,0.00, 0.00
0.03,0.05,1.48, 0.50
0.03,0.06,0.02, 0.25
0.00,0.05,0.00, 0.00
0.00,0.05,0.00, 0.50
0.00,0.05,0.00, 0.00
0.00,0.05,0.00, 0.00
0.00,0.05,0.00, 0.00
0.00,0.05,0.00, 0.00
0.00,0.05,0.00, 0.00
0.00,0.05,0.00, 0.00
0.00,0.05,0.00, 0.00
0.00,0.05,0.00, 0.00
0.00,0.05,0.00, 0.00
0.00,0.05,0.00, 0.00
0.00,0.05,0.00, 0.00
0.00,0.05,0.00, 0.00
0.00,0.05,0.00, 0.00
0.00,0.05,0.00, 0.00
0.00,0.05,0.00, 0.00
0.00,0.05,0.00, 0.50
0.00,0.05,0.00, 0.00
0.00,0.05,0.00, 0.00
0.00,0.05,0.00, 0.50
0.00,0.06,0.00, 0.25
0.00,0.06,0.00, 0.00
0.00,0.05,0.00, 0.00
0.00,0.05,0.00, 0.00
0.00,0.05,0.00, 0.00
0.00,0.05,0.00, 0.00
0.00,0.05,0.00, 0.00
0.00,0.05,0.00, 0.00
0.03,0.05,1.48, 0.00
0.03,0.05,1.48, 0.00
0.03,0.05,1.48, 0.00
0.03,0.05,1.48, 0.00
0.03,0.05,1.48, 0.00
0.03,0.05,1.48, 0.00
0.03,0.05,1.48, 0.00
0.03,0.05,1.48, 0.00
0.03,0.05,1.48, 0.00
0.00,0.05,0.00, 0.00
0.00,0.05,0.00, 0.00
0.00,0.05,0.00, 0.00
0.00,0.05,0.00, 0.00
0.00,0.05,0.00, 0.00
0.00,0.05,0.00, 0.00
0.00,0.05,0.00, 0.00
0.00,0.05,0.00, 0.00
0.00,0.05,0.00, 0.00
0.00,0.05,0.00, 0.00
0.00,0.05,0.00, 0.00
0.00,0.05,0.00, 0.00
0.00,0.05,0.00, 0.00
0.00,0.05,0.00, 0.00
0.00,0.05,0.00, 0.00
0.00,0.05,0.00, 0.00
0.00,0.05,0.00, 0.00
0.00,0.05,0.00, 0.00
0.00,0.05,0.00, 0.00
0.00,0.05,0.00, 0.00
0.00,0.05,0.00, 0.00
0.00,0.05,0.00, 0.00
0.00,0.05,0.00, 0.00
0.00,0.05,0.00, 0.00
0.00,0.05,0.00, 0.00
0.00,0.05,0.00, 0.50
0.00,0.05,0.00, 0.00
0.00,0.05,0.00, 0.00
0.00,0.05,0.00, 0.00
0.00,0.05,0.00, 0.00
0.00,0.05,0.00, 0.00
0.00,0.05,0.00, 0.00
0.00,0.05,0.00, 0.00
0.00,0.05,0.00, 0.00
0.00,0.05,0.00, 0.00
0.00,0.05,0.00, 0.00
0.00,0.05,0.00, 0.00
0.00,0.05,0.00, 0.00
0.00,0.05,0.00, 0.00
0.00,0.05,0.00, 0.00
0.00,0.05,0.00, 0.00
0.00,0.05,0.00, 0.00
0.00,0.05,0.00, 0.00
0.00,0.05,0.00, 0.00
0.00,0.05,0.00, 0.50
0.00,0.05,0.00, 0.00
0.00,0.05,0.00, 0.50
0.00,0.07,0.00, 0.75
0.00,0.05,0.00, 0.00
0.00,0.05,0.00, 0.50
0.00,0.05,0.00, 0.00
0.00,0.05,0.00, 0.00
0.00,0.05,0.00, 0.00
0.00,0.05,0.00, 0.00
0.00,0.05,0.00, 0.00
0.00,0.05,0.00, 0.00
0.00,0.05,0.00, 0.00
0.00,0.05,0.00, 0.00
0.00,0.05,0.00, 0.00
0.00,0.05,0.00, 0.00
0.00,0.05,0.00, 0.00
0.00,0.05,0.00, 0.00
0.00,0.05,0.00, 0.00
0.00,0.05,0.00, 0.00
0.00,0.04,0.00, 0.00
0.00,0.05,0.00, 0.50
0.00,0.05,0.00, 0.50
0.00,0.05,0.00, 0.00
0.00,0.05,0.00, 0.00
0.00,0.05,0.00, 0.00
0.00,0.04,0.00, 0.00
0.00,0.05,0.00, 0.50
0.00,0.05,0.00, 0.00
0.00,0.05,0.00, 0.00
0.00,0.05,0.00, 0.00
0.00,0.05,0.00, 0.50
0.00,0.05,0.00, 0.00
0.00,0.05,0.00, 0.00
0.00,0.05,0.00, 0.00
0.00,0.05,0.00, 0.00
0.00,0.05,0.00, 0.00
0.00,0.05,0.00, 0.50
0.00,0.05,0.00, 0.00
0.00,0.05,0.00, 0.00
0.00,0.05,0.00, 0.00
0.00,0.05,0.00, 0.50
0.00,0.05,0.00, 0.00
0.00,0.05,0.00, 0.00
0.00,0.05,0.00, 0.00
0.00,0.05,0.00, 0.50
0.00,0.05,0.00, 0.00
0.00,0.05,0.00, 0.00
0.00,0.05,0.00, 0.00
0.00,0.05,0.00, 0.00
0.00,0.05,0.00, 0.00
0.00,0.05,0.00, 0.00
0.00,0.05,0.00, 0.00
0.00,0.05,0.00, 0.00
0.00,0.05,0.00, 0.00
0.00,0.05,0.00, 0.50
0.00,0.05,0.00, 0.00
0.00,0.05,0.00, 0.00
0.00,0.05,0.00, 0.50
0.00,0.06,0.00, 0.25
0.00,0.06,0.00, 0.00
0.00,0.06,0.00, 0.00
0.00,0.06,0.00, 0.00
0.00,0.06,0.00, 0.00
0.00,0.06,0.00, 0.00
0.00,0.05,0.00, 0.00
0.00,0.05,0.00, 0.00
0.00,0.04,0.00, 0.00
0.00,0.05,0.00, 0.50
0.00,0.05,0.00, 0.00
0.00,0.05,0.00, 0.50
0.00,0.05,0.00, 0.00
0.00,0.05,0.00, 0.00
0.00,0.05,0.00, 0.00
0.00,0.05,0.00, 0.00
0.00,0.05,0.00, 0.00
0.00,0.05,0.00, 0.00
0.00,0.05,0.00, 0.00
0.00,0.05,0.00, 0.00
0.00,0.05,0.00, 0.00
0.00,0.05,0.00, 0.00
0.00,0.05,0.00, 0.00
0.00,0.05,0.00, 0.00
0.00,0.05,0.00, 0.00
0.00,0.05,0.00, 0.00
0.00,0.05,0.00, 0.00
0.00,0.05,0.00, 0.00
0.00,0.05,0.00, 0.00
0.00,0.05,0.00, 0.00
0.00,0.05,0.00, 0.00
0.00,0.05,0.00, 0.00
0.00,0.05,0.00, 0.00
0.00,0.05,0.00, 0.00
0.00,0.05,0.00, 0.00
0.00,0.05,0.00, 0.00
0.00,0.05,0.00, 0.00
0.00,0.05,0.00, 0.00
0.00,0.05,0.00, 0.00
0.00,0.05,0.00, 0.00
0.00,0.05,0.00, 0.00
0.00,0.05,0.00, 0.00
0.00,0.05,0.00, 0.00
0.00,0.05,0.00, 0.00
0.00,0.05,0.00, 0.00
0.00,0.05,0.00, 0.00
0.00,0.05,0.00, 0.00
0.00,0.05,0.00, 0.00
0.00,0.05,0.00, 0.00
0.00,0.05,0.00, 0.00
0.00,0.05,0.00, 0.00
0.00,0.05,0.00, 0.00
0.00,0.05,0.00, 0.00
0.00,0.05,0.00, 0.00
0.00,0.05,0.00, 0.00
0.00,0.05,0.00, 0.00
0.00,0.05,0.00, 0.00
0.00,0.05,0.00, 0.00
0.00,0.05,0.00, 0.00
0.00,0.05,0.00, 0.00
0.00,0.05,0.00, 0.00
0.00,0.05,0.00, 0.00
0.00,0.05,0.00, 0.00
0.00,0.05,0.00, 0.00
0.00,0.05,0.00, 0.00
0.00,0.05,0.00, 0.00
0.00,0.05,0.00, 0.00
0.00,0.05,0.00, 0.00
0.00,0.05,0.00, 0.00
0.00,0.04,0.00, 0.00
0.00,0.04,0.00, 0.00
0.00,0.04,0.00, 0.00
0.00,0.04,0.00, 0.00
0.00,0.04,0.00, 0.00
0.00,0.04,0.00, 0.00
0.00,0.05,0.00, 0.50
0.00,0.05,0.00, 0.50
0.00,0.05,0.00, 0.50
0.00,0.05,0.00, 0.00
0.00,0.05,0.00, 0.00
0.00,0.05,0.00, 0.00
0.00,0.05,0.00, 0.00
0.00,0.05,0.00, 0.00
0.00,0.05,0.00, 0.00
0.00,0.05,0.00, 0.00
0.00,0.05,0.00, 0.00
0.00,0.05,0.00, 0.00
0.00,0.05,0.00, 0.00
0.00,0.05,0.00, 0.00
0.00,0.05,0.00, 0.00
0.00,0.05,0.00, 0.00
0.00,0.05,0.00, 0.00
0.00,0.05,0.00, 0.00
0.00,0.05,0.00, 0.00
0.00,0.05,0.00, 0.00
0.00,0.05,0.00, 0.00
0.00,0.05,0.00, 0.00
0.00,0.05,0.00, 0.00
0.00,0.05,0.00, 0.50
0.00,0.05,0.00, 0.50
0.00,0.05,0.00, 0.50
0.00,0.05,0.00, 0.50
0.00,0.05,0.00, 0.50
0.00,0.05,0.00, 0.00
0.00,0.05,0.00, 0.00
0.00,0.05,0.00, 0.00
0.00,0.05,0.00, 0.00
0.00,0.05,0.00, 0.00
0.00,0.04,0.00, 0.00
0.00,0.04,0.00, 0.00
0.00,0.05,0.00, 0.50
0.00,0.05,0.00, 0.00
0.00,0.05,0.00, 0.00
0.00,0.05,0.00, 0.50
0.00,0.04,0.00, 0.00
0.00,0.05,0.00, 0.50
0.00,0.05,0.00, 0.00
0.00,0.05,0.00, 0.00
0.00,0.05,0.00, 0.00
0.00,0.05,0.00, 0.00
0.00,0.05,0.00, 0.00
0.00,0.05,0.00, 0.00
0.00,0.05,0.00, 0.00
0.00,0.05,0.00, 0.00
0.00,0.05,0.00, 0.50
0.00,0.05,0.00, 0.00
0.00,0.05,0.00, 0.00
0.00,0.05,0.00, 0.00
0.00,0.05,0.00, 0.50
0.00,0.05,0.00, 0.00
0.00,0.05,0.00, 0.00
0.00,0.05,0.00, 0.00
0.00,0.05,0.00, 0.00
0.00,0.04,0.00, 0.00
0.00,0.05,0.00, 1.00
0.00,0.05,0.00, 0.00
0.00,0.05,0.00, 0.00
0.00,0.05,0.00, 0.00
0.00,0.05,0.00, 0.50
0.00,0.05,0.00, 0.50
0.00,0.05,0.00, 0.50
0.00,0.05,0.00, 0.50
0.00,0.05,0.00, 0.50
0.00,0.05,0.00, 0.50
0.00,0.05,0.00, 0.50
0.00,0.05,0.00, 0.00
0.00,0.05,0.00, 0.00
0.00,0.05,0.00, 0.00
0.00,0.05,0.00, 0.00
0.00,0.04,0.00, 0.00
0.00,0.05,0.00, 0.50
0.00,0.05,0.00, 0.00
0.00,0.05,0.00, 0.50
0.00,0.06,0.00, 0.25
0.00,0.05,0.00, 0.00
0.00,0.05,0.00, 0.00
0.00,0.05,0.00, 0.00
0.00,0.05,0.00, 0.00
0.00,0.05,0.00, 0.00
0.00,0.05,0.00, 0.50
0.00,0.05,0.00, 0.00
0.00,0.05,0.00, 0.00
0.00,0.05,0.00, 0.00
0.00,0.05,0.00, 0.00
0.00,0.05,0.00, 0.00
0.00,0.05,0.00, 0.00
0.00,0.05,0.00, 0.00
0.00,0.05,0.00, 0.00
0.00,0.05,0.00, 0.00
0.00,0.05,0.00, 0.00
0.00,0.05,0.00, 0.00
0.00,0.05,0.00, 0.00
0.00,0.05,0.00, 0.50
0.00,0.05,0.00, 0.50
0.00,0.05,0.00, 0.50
0.00,0.05,0.00, 0.00
0.00,0.05,0.00, 0.00
0.00,0.05,0.00, 0.00
0.00,0.05,0.00, 0.00
0.00,0.05,0.00, 0.00
0.00,0.05,0.00, 0.00
0.00,0.05,0.00, 0.00
0.00,0.05,0.00, 0.00
0.00,0.05,0.00, 0.00
0.00,0.05,0.00, 0.00
0.00,0.05,0.00, 0.00
0.00,0.05,0.00, 0.00
0.00,0.05,0.00, 0.00
0.00,0.05,0.00, 0.00
0.00,0.05,0.00, 0.00
0.00,0.05,0.00, 0.00
0.00,0.05,0.00, 0.00
0.00,0.05,0.00, 0.00
0.00,0.05,0.00, 0.00
0.00,0.05,0.00, 0.00
0.00,0.05,0.00, 0.00
0.00,0.05,0.00, 0.00
0.00,0.05,0.00, 0.00
0.00,0.05,0.00, 0.00
0.00,0.05,0.00, 0.00
0.00,0.05,0.00, 0.00
0.00,0.05,0.00, 0.00
0.00,0.05,0.00, 0.00
0.00,0.05,0.00, 0.00
0.00,0.05,0.00, 0.00
0.00,0.05,0.00, 0.00
0.00,0.05,0.00, 0.00
0.00,0.05,0.00, 0.50
0.00,0.05,0.00, 0.00
0.00,0.05,0.00, 0.00
0.00,0.05,0.00, 0.00
0.00,0.05,0.00, 0.00
0.00,0.05,0.00, 0.00
0.00,0.05,0.00, 0.00
0.00,0.05,0.00, 0.00
0.00,0.05,0.00, 0.00
0.00,0.05,0.00, 0.00
0.00,0.05,0.00, 0.00
0.00,0.05,0.00, 0.00
0.00,0.05,0.00, 0.00
0.00,0.05,0.00, 0.00
0.00,0.05,0.00, 0.00
0.00,0.05,0.00, 0.50
0.00,0.05,0.00, 0.00
0.00,0.05,0.00, 0.00
0.00,0.05,0.00, 0.00
0.00,0.05,0.00, 0.00
0.00,0.05,0.00, 0.00
0.00,0.05,0.00, 0.00
0.00,0.05,0.00, 0.50
0.00,0.05,0.00, 0.00
0.00,0.05,0.00, 0.00
0.00,0.07,0.00, 0.75
0.00,0.08,0.00, 0.50
0.00,0.08,0.00, 0.00
0.00,0.07,0.00, 0.00
0.00,0.08,0.00, 0.50
0.00,0.08,0.00, 0.00
0.00,0.10,0.00, 1.00
0.00,0.20,0.00, 5.23
0.07,0.32,3.45, 5.75
0.14,0.41,3.50, 4.50
0.14,0.41,3.50, 4.50
0.14,0.41,3.50, 4.50
0.07,0.57,0.00, 7.99
0.07,0.57,0.00, 7.99
0.14,0.68,3.45, 5.51
0.27,0.79,6.46, 5.50
0.32,1.10,2.56, 15.21
0.23,1.25,0.00, 7.78
0.23,1.45,0.00, 9.99
0.30,1.72,3.45, 13.24
0.50,2.04,9.90, 15.99
0.59,2.39,4.58, 17.74
0.95,2.76,17.80, 18.50
1.35,3.13,19.97, 18.50
1.62,3.45,13.60, 16.26
1.60,3.82,0.00, 18.24
1.60,4.17,0.00, 17.50
1.60,4.17,0.00, 17.50
1.60,4.49,0.00, 16.01
1.62,4.74,0.99, 12.76
1.62,5.05,0.01, 14.99
1.62,5.34,0.00, 14.75
1.62,5.34,0.00, 14.75
1.62,5.34,0.00, 14.75
1.62,5.34,0.00, 14.75
1.60,5.64,0.00, 15.00
1.62,5.90,0.99, 13.26
1.62,6.14,0.01, 12.00
1.62,6.66,0.00, 25.70
1.62,6.71,0.00, 2.58
1.62,6.71,0.00, 2.58
1.62,6.71,0.00, 2.58
1.62,6.71,0.00, 0.01
1.62,6.64,0.00, 0.00
1.62,6.51,0.00, 0.00
1.64,6.36,0.99, 0.00
1.64,6.15,0.01, 0.00
1.64,5.97,0.00, 0.00
1.64,5.80,0.00, 0.00
1.64,5.68,0.00, 0.00
1.64,5.68,0.00, 0.00
1.64,5.59,0.00, 0.00
1.64,5.40,0.00, 0.00
1.64,5.32,0.00, 0.00
1.64,5.28,0.00, 0.00
1.64,5.25,0.00, 0.00
1.64,5.25,0.00, 0.00
1.64,5.22,0.00, 0.00
1.66,5.19,0.99, 0.00
1.64,5.14,0.00, 0.00
1.64,5.11,0.00, 0.00
1.66,5.08,0.99, 0.00
1.66,5.06,0.01, 0.00
1.64,5.07,0.00, 0.50
1.64,5.07,0.00, 0.50
1.66,5.05,0.99, 0.00
1.66,5.05,0.99, 0.00
1.66,5.05,0.99, 0.00
1.66,5.05,0.99, 0.00
1.64,5.06,0.00, 0.50
1.64,5.09,0.00, 1.75
1.66,5.14,0.99, 2.75
1.66,5.14,0.99, 2.75
1.66,5.14,0.99, 2.75
1.66,5.34,0.01, 9.48
1.64,5.39,0.00, 2.53
1.64,5.43,0.00, 2.25
1.64,5.45,0.00, 0.76
1.64,5.45,0.00, 0.76
1.64,5.45,0.00, 0.76
1.64,5.45,0.00, 0.76
1.66,5.45,0.99, 0.00
1.66,5.45,0.99, 0.00
1.64,5.48,0.00, 1.74
1.66,5.48,0.99, 0.01
1.64,5.55,0.00, 3.74
1.64,5.60,0.00, 2.26
1.66,5.64,0.99, 1.75
1.64,5.67,0.00, 1.75
1.64,5.70,0.00, 1.25
1.66,5.74,0.99, 2.25
1.64,5.74,0.00, 0.26
1.66,5.76,0.99, 0.50
1.64,5.76,0.00, 0.50
1.66,5.76,0.99, 0.00
1.64,5.72,0.00, 0.00
1.64,5.69,0.00, 0.00
1.64,5.67,0.00, 0.00
1.64,5.67,0.00, 0.00
1.64,5.65,0.00, 0.00
1.66,5.62,0.99, 0.00
1.66,5.57,0.01, 0.00
1.64,5.52,0.00, 0.00
1.66,5.47,0.99, 0.00
1.64,5.39,0.00, 0.00
1.64,5.39,0.00, 0.00
1.64,5.26,0.00, 0.00
1.64,5.15,0.00, 0.00
1.66,4.99,0.99, 0.00
1.64,4.85,0.00, 0.00
1.66,4.76,0.99, 0.00
1.66,4.67,0.01, 0.00
1.66,4.67,0.01, 0.00
1.64,4.59,0.00, 0.00
1.66,4.51,0.99, 0.00
1.66,4.44,0.01, 0.00
1.66,4.33,0.00, 0.00
1.66,4.25,0.00, 0.00
1.64,4.15,0.00, 0.00
1.64,4.15,0.00, 0.00
1.64,4.03,0.00, 0.00
1.64,3.91,0.00, 0.00
1.64,3.78,0.00, 0.00
1.66,3.63,0.99, 0.00
1.64,3.55,0.00, 0.00
1.64,3.44,0.00, 0.00
1.64,3.44,0.00, 0.00
1.64,3.44,0.00, 0.00
1.64,3.44,0.00, 0.00
1.64,3.36,0.00, 0.00
1.64,3.36,0.00, 0.00
1.64,3.36,0.00, 0.00
1.64,3.36,0.00, 0.00
1.64,3.36,0.00, 0.00
1.66,3.26,0.99, 0.00
1.66,3.15,0.01, 0.00
1.64,2.89,0.00, 0.00
1.64,2.34,0.00, 0.00
1.64,2.34,0.00, 0.00
1.64,2.34,0.00, 0.00
1.64,2.34,0.00, 0.00
1.62,2.17,0.00, 0.00
0.00,2.14,0.00, 0.00
0.00,1.94,0.00, 0.00
1.64,1.66,80.79, 0.00
0.00,1.62,0.00, 0.00
0.07,1.44,3.45, 0.00
0.07,1.44,3.45, 0.00
0.07,1.44,3.45, 0.00
0.07,1.44,3.45, 0.00
0.07,1.44,3.45, 0.00
0.07,1.44,3.45, 0.00
1.57,1.32,73.95, 0.00
0.47,1.15,0.00, 0.00
0.00,0.98,0.00, 0.00
0.00,0.98,0.00, 0.00
0.00,0.98,0.00, 0.00
0.00,0.98,0.00, 0.00
0.00,0.98,0.00, 0.00
0.00,0.98,0.00, 0.00
0.00,0.98,0.00, 0.00
0.00,0.98,0.00, 0.00
0.00,0.98,0.00, 0.00
0.00,0.98,0.00, 0.00
0.00,0.06,0.00, 0.00
0.00,0.06,0.00, 0.00
0.00,0.06,0.00, 0.00
0.00,0.06,0.00, 0.00
0.00,0.06,0.00, 0.00
0.00,0.06,0.00, 0.00
0.00,0.06,0.00, 0.00
0.00,0.06,0.00, 0.00
0.00,0.06,0.00, 0.00
0.00,0.06,0.00, 0.00
0.00,0.06,0.00, 0.00
0.00,0.06,0.00, 0.00
0.00,0.06,0.00, 0.00
0.00,0.06,0.00, 0.00
0.00,0.05,0.00, 0.00
0.00,0.05,0.00, 0.00
0.00,0.05,0.00, 0.00
0.00,0.05,0.00, 0.00
0.00,0.05,0.00, 0.00
0.00,0.05,0.00, 0.00
0.00,0.05,0.00, 0.00
0.14,0.05,6.90, 0.50
0.14,0.05,6.90, 0.50
0.14,0.05,6.90, 0.50
0.14,0.05,6.90, 0.50
0.14,0.05,6.90, 0.50
0.14,0.05,6.90, 0.50
0.14,0.05,6.90, 0.50
0.14,0.05,6.90, 0.50
0.14,0.05,6.90, 0.50
0.07,0.05,0.00, 0.00
0.00,0.05,0.00, 0.00
0.00,0.04,0.00, 0.00
0.00,0.04,0.00, 0.00
0.00,0.04,0.00, 0.00
0.00,0.04,0.00, 0.00
0.00,0.04,0.00, 0.00
0.00,0.05,0.00, 0.50
0.00,0.05,0.00, 0.50
0.00,0.05,0.00, 0.00
0.00,0.05,0.00, 0.00
0.00,0.05,0.00, 0.00
0.00,0.05,0.00, 0.00
0.00,0.05,0.00, 0.00
0.00,0.05,0.00, 0.00
0.00,0.05,0.00, 0.00
0.00,0.05,0.00, 0.00
0.00,0.05,0.00, 0.00
0.00,0.05,0.00, 0.00
0.00,0.05,0.00, 0.00
0.00,0.05,0.00, 0.00
0.00,0.05,0.00, 0.00
0.00,0.05,0.00, 0.00
0.00,0.05,0.00, 0.00
0.00,0.05,0.00, 0.00
0.00,0.05,0.00, 0.00
0.00,0.05,0.00, 0.00
0.00,0.05,0.00, 0.00
0.00,0.05,0.00, 0.00
0.00,0.05,0.00, 0.00
0.00,0.05,0.00, 0.00
0.00,0.05,0.00, 0.00
0.00,0.05,0.00, 0.00
0.00,0.05,0.00, 0.00
0.00,0.05,0.00, 0.00
0.00,0.05,0.00, 0.00
0.00,0.05,0.00, 0.00
0.00,0.05,0.00, 0.00
0.00,0.05,0.00, 0.00
0.00,0.05,0.00, 0.50
0.00,0.05,0.00, 0.50
0.00,0.05,0.00, 0.00
0.00,0.05,0.00, 0.00
0.00,0.05,0.00, 0.00
0.00,0.06,0.00, 1.00
0.00,0.12,0.00, 2.99
0.12,0.35,5.91, 11.22
0.05,0.58,0.00, 11.25
0.16,0.81,5.42, 12.00
0.16,0.81,5.42, 12.00
0.72,1.15,27.67, 16.73
0.72,1.15,27.67, 16.73
1.24,1.42,26.02, 13.51
1.57,1.69,16.64, 13.50
1.62,2.24,2.71, 27.70
1.64,2.47,1.03, 11.31
1.64,2.47,1.03, 11.31
1.62,2.73,0.00, 12.99
1.62,2.73,0.00, 12.99
1.64,2.92,0.99, 9.76
1.64,3.14,0.01, 10.75
1.64,3.39,0.00, 12.74
1.64,3.39,0.00, 12.74
1.64,3.39,0.00, 12.74
1.64,3.39,0.00, 12.74
1.64,3.39,0.00, 12.74
1.66,3.53,0.99, 6.77
1.64,3.65,0.00, 6.00
1.64,3.75,0.00, 5.00
1.66,3.79,0.99, 2.01
1.66,3.72,0.01, 0.00
1.66,3.67,0.00, 0.00
1.66,3.67,0.00, 0.00
1.66,3.62,0.00, 0.00
1.66,3.55,0.00, 0.00
1.66,3.42,0.00, 0.00
1.66,3.38,0.00, 0.00
1.66,3.30,0.00, 0.00
1.66,3.23,0.00, 0.00
1.66,3.23,0.00, 0.00
1.66,3.16,0.00, 0.00
1.66,3.12,0.00, 0.00
1.66,3.11,0.00, 0.00
1.69,3.10,1.48, 0.00
1.66,3.09,0.00, 0.00
1.66,3.10,0.00, 0.50
1.66,3.11,0.00, 0.50
1.69,3.11,1.48, 0.00
1.69,3.11,1.48, 0.00
1.69,3.12,0.02, 0.50
1.66,3.12,0.00, 0.00
1.69,3.12,1.48, 0.00
1.66,3.15,0.00, 1.74
1.69,3.17,1.48, 0.75
1.69,3.19,0.02, 1.00
1.69,3.22,0.00, 1.25
1.69,3.23,0.00, 0.75
1.69,3.23,0.00, 0.75
1.66,3.25,0.00, 1.00
1.69,3.26,1.48, 0.75
1.69,3.28,0.02, 0.50
1.69,3.32,0.00, 2.24
1.66,3.37,0.00, 2.50
1.69,3.39,1.48, 1.01
1.69,3.44,0.02, 2.49
1.69,3.49,0.00, 2.50
1.69,3.51,0.00, 1.01
1.69,3.51,0.00, 1.01
1.69,3.51,0.00, 1.01
1.69,3.51,0.00, 1.01
1.69,3.51,0.00, 0.25
1.69,3.55,0.00, 1.74
1.66,3.57,0.00, 1.00
1.69,3.59,1.48, 0.75
1.69,3.62,0.02, 1.75
1.69,3.64,0.00, 1.00
1.69,3.69,0.00, 2.49
1.69,3.71,0.00, 1.25
1.69,3.76,0.00, 2.25
1.69,3.78,0.00, 0.76
1.69,3.76,0.00, 0.00
1.69,3.74,0.00, 0.00
1.69,3.74,0.00, 0.00
1.69,3.74,0.00, 0.00
1.69,3.73,0.00, 0.00
1.69,3.72,0.00, 0.00
1.66,3.72,0.00, 0.00
1.69,3.69,1.48, 0.00
1.69,3.69,0.02, 0.00
1.69,3.72,0.00, 1.00
1.71,3.78,0.99, 2.99
1.69,3.78,0.00, 0.51
1.69,3.84,0.00, 2.49
1.69,3.88,0.00, 2.25
1.69,3.93,0.00, 2.50
1.69,3.98,0.00, 2.50
1.69,4.01,0.00, 1.50
1.69,3.99,0.00, 0.00
1.69,4.00,0.00, 0.50
1.69,3.96,0.00, 0.00
1.69,3.91,0.00, 0.00
1.69,3.85,0.00, 0.00
1.69,3.80,0.00, 0.00
1.69,3.76,0.00, 0.00
1.69,3.76,0.00, 0.00
1.69,3.76,0.00, 0.00
1.69,3.76,0.00, 0.00
1.69,3.76,0.00, 0.00
1.69,3.76,0.00, 0.00
1.69,3.76,0.00, 0.00
1.69,3.74,0.00, 0.00
1.69,3.73,0.00, 0.00
1.69,3.73,0.00, 0.00
1.69,3.71,0.00, 0.00
1.69,3.64,0.00, 0.00
1.69,3.59,0.00, 0.00
1.69,3.56,0.00, 0.00
1.69,3.54,0.00, 0.00
1.69,3.51,0.00, 0.00
1.69,3.48,0.00, 0.00
1.69,3.44,0.00, 0.00
1.69,3.41,0.00, 0.00
1.69,3.31,0.00, 0.00
1.69,3.31,0.00, 0.00
1.69,3.22,0.00, 0.00
1.69,3.14,0.00, 0.00
1.69,3.08,0.00, 0.00
1.69,3.04,0.00, 0.00
1.69,3.01,0.00, 0.00
1.69,2.99,0.00, 0.00
1.69,2.99,0.00, 0.00
1.69,3.00,0.00, 0.50
1.69,2.95,0.00, 0.00
1.69,2.92,0.00, 0.00
1.69,2.92,0.00, 0.00
1.69,2.88,0.00, 0.00
1.69,2.83,0.00, 0.00
1.69,2.76,0.00, 0.00
1.69,2.67,0.00, 0.00
1.69,2.60,0.00, 0.00
1.69,2.49,0.00, 0.00
1.69,2.38,0.00, 0.00
1.69,2.24,0.00, 0.00
1.69,2.09,0.00, 0.00
1.69,1.90,0.00, 0.00
1.69,1.90,0.00, 0.00
1.69,1.90,0.00, 0.00
1.69,1.90,0.00, 0.00
1.69,1.74,0.00, 0.00
1.69,1.74,0.00, 0.00
1.69,1.74,0.00, 0.00
1.69,1.55,0.00, 0.00
0.00,1.35,0.00, 0.00
0.63,0.64,31.04, 0.00
0.00,0.45,0.00, 0.00
0.05,0.32,2.46, 0.00
0.05,0.32,2.46, 0.00
0.86,0.25,39.94, 0.00
0.00,0.16,0.00, 0.00
0.00,0.09,0.00, 0.00
0.03,0.06,1.48, 0.00
0.03,0.06,1.48, 0.00
0.03,0.06,1.48, 0.00
0.03,0.06,1.48, 0.00
0.03,0.06,1.48, 0.00
0.03,0.06,1.48, 0.00
0.03,0.06,1.48, 0.00
0.00,0.06,0.00, 0.00
0.00,0.06,0.00, 0.00
0.00,0.06,0.00, 0.00
0.00,0.06,0.00, 0.00
0.00,0.05,0.00, 0.00
0.00,0.05,0.00, 0.00
0.00,0.05,0.00, 0.00
0.00,0.05,0.00, 0.00
0.00,0.05,0.00, 0.00
0.03,0.05,1.48, 0.50
0.00,0.05,0.00, 0.00
0.00,0.05,0.00, 0.00
0.00,0.05,0.00, 0.00
0.00,0.05,0.00, 0.00
0.00,0.05,0.00, 0.00
0.00,0.05,0.00, 0.00
0.00,0.05,0.00, 0.00
0.00,0.05,0.00, 0.00
0.00,0.05,0.00, 0.00
0.00,0.05,0.00, 0.00
0.00,0.05,0.00, 0.00
0.00,0.05,0.00, 0.00
0.00,0.05,0.00, 0.00
0.00,0.05,0.00, 0.50
0.03,0.05,1.48, 0.00
0.03,0.05,0.02, 0.00
0.00,0.06,0.00, 0.75
0.00,0.04,0.00, 0.00
0.00,0.04,0.00, 0.00
0.00,0.04,0.00, 0.00
0.00,0.05,0.00, 0.50
0.03,0.05,1.48, 0.00
0.03,0.05,0.02, 0.00
0.00,0.05,0.00, 0.00
0.00,0.05,0.00, 0.00
0.00,0.05,0.00, 0.00
0.00,0.05,0.00, 0.00
0.00,0.05,0.00, 0.50
0.00,0.05,0.00, 0.00
0.00,0.05,0.00, 0.00
0.00,0.05,0.00, 0.00
0.00,0.05,0.00, 0.00
0.00,0.05,0.00, 0.00
0.00,0.05,0.00, 0.00
0.00,0.05,0.00, 0.00
0.00,0.05,0.00, 0.00
0.00,0.05,0.00, 0.00
0.00,0.05,0.00, 0.50
0.00,0.05,0.00, 0.00
0.00,0.05,0.00, 0.00
0.00,0.05,0.00, 0.00
0.00,0.05,0.00, 0.00
0.00,0.05,0.00, 0.00
0.00,0.05,0.00, 0.00
0.00,0.05,0.00, 0.00
0.00,0.05,0.00, 0.00
0.00,0.05,0.00, 0.00
0.00,0.05,0.00, 0.00
0.00,0.05,0.00, 0.00
0.00,0.05,0.00, 0.00
0.00,0.05,0.00, 0.00
0.00,0.05,0.00, 0.00
0.00,0.05,0.00, 0.00
0.00,0.05,0.00, 0.00
0.00,0.05,0.00, 0.50
0.00,0.05,0.00, 0.00
0.00,0.05,0.00, 0.00
0.00,0.05,0.00, 0.00
0.00,0.05,0.00, 0.50
0.00,0.05,0.00, 0.00
0.00,0.05,0.00, 0.00
0.00,0.05,0.00, 0.00
0.00,0.05,0.00, 0.00
0.00,0.05,0.00, 0.00
0.00,0.05,0.00, 0.00
0.00,0.05,0.00, 0.00
0.00,0.05,0.00, 0.00
0.00,0.05,0.00, 0.00
0.00,0.05,0.00, 0.00
0.00,0.18,0.00, 6.48
0.00,0.30,0.00, 6.25
0.00,0.74,0.00, 21.94
0.16,0.95,7.88, 10.54
0.16,0.95,7.88, 10.54
0.16,0.95,7.88, 10.54
0.77,1.17,30.17, 11.00
1.04,1.38,13.75, 10.25
1.37,1.62,16.46, 12.49
1.62,1.86,12.56, 11.50
1.62,2.05,0.18, 9.51
1.62,2.05,0.18, 9.51
1.62,2.05,0.18, 9.51
1.62,2.05,0.18, 9.51
1.62,2.05,0.18, 9.51
1.62,2.20,0.00, 7.76
1.64,2.35,0.99, 7.50
1.64,2.35,0.99, 7.50
1.64,2.35,0.99, 7.50
1.64,2.35,0.99, 7.50
1.64,2.44,0.01, 4.76
1.66,2.82,0.99, 18.45
1.64,2.85,0.00, 1.56
1.66,2.86,0.99, 0.75
1.66,2.86,0.01, 0.00
1.66,2.86,0.01, 0.00
1.66,2.86,0.01, 0.00
1.66,2.86,0.01, 0.00
1.66,2.86,0.01, 0.00
1.69,2.86,1.48, 0.00
1.69,2.82,0.02, 0.00
1.69,2.76,0.00, 0.00
1.66,2.74,0.00, 0.00
1.66,2.72,0.00, 0.00
1.66,2.72,0.00, 0.00
1.66,2.72,0.00, 0.00
1.66,2.72,0.00, 0.00
1.66,2.72,0.00, 0.50
1.69,2.76,1.48, 1.99
1.66,2.80,0.00, 1.50
1.69,2.82,1.48, 1.00
1.69,2.86,0.02, 2.00
1.69,2.90,0.00, 2.50
1.69,2.97,0.00, 3.50
1.69,2.97,0.00, 3.50
1.69,3.04,0.00, 3.25
1.66,3.03,0.00, 0.00
1.69,3.05,1.48, 0.75
1.69,3.05,1.48, 0.75
1.69,3.05,1.48, 0.75
1.69,3.05,1.48, 0.75
1.69,3.05,1.48, 0.75
1.69,3.09,0.02, 2.00
1.66,3.12,0.00, 1.50
1.66,3.17,0.00, 2.99
1.69,3.24,1.48, 3.00
1.69,3.28,0.02, 2.00
1.69,3.33,0.00, 2.75
1.69,3.36,0.00, 1.26
1.66,3.39,0.00, 1.75
1.69,3.39,1.48, 0.26
1.69,3.40,0.02, 0.50
1.69,3.44,0.00, 1.75
1.69,3.44,0.00, 0.01
1.69,3.47,0.00, 1.74
1.69,3.48,0.00, 0.50
1.69,3.49,0.00, 0.25
1.69,3.47,0.00, 0.00
1.69,3.47,0.00, 0.00
1.69,3.46,0.00, 0.00
1.69,3.44,0.00, 0.00
1.69,3.41,0.00, 0.00
1.69,3.41,0.00, 0.00
1.69,3.41,0.00, 0.00
1.69,3.41,0.00, 0.00
1.69,3.38,0.00, 0.00
1.69,3.35,0.00, 0.00
1.69,3.34,0.00, 0.00
1.69,3.35,0.00, 0.75
1.69,3.35,0.00, 0.00
1.69,3.32,0.00, 0.00
1.69,3.29,0.00, 0.00
1.69,3.28,0.00, 0.00
1.69,3.23,0.00, 0.00
1.69,3.21,0.00, 0.00
1.69,3.18,0.00, 0.00
1.69,3.16,0.00, 0.00
1.71,3.15,0.99, 0.00
1.69,3.13,0.00, 0.00
1.69,3.13,0.00, 0.00
1.69,3.13,0.00, 0.00
1.69,3.12,0.00, 0.00
1.69,3.10,0.00, 0.00
1.69,3.08,0.00, 0.00
1.69,3.05,0.00, 0.00
1.69,3.01,0.00, 0.00
1.71,2.98,0.99, 0.00
1.69,2.93,0.00, 0.00
1.69,2.88,0.00, 0.00
1.69,2.84,0.00, 0.00
1.69,2.82,0.00, 0.00
1.69,2.77,0.00, 0.00
1.69,2.76,0.00, 0.00
1.69,2.73,0.00, 0.00
1.69,2.70,0.00, 0.00
1.69,2.68,0.00, 0.00
1.69,2.65,0.00, 0.00
1.69,2.65,0.00, 0.00
1.69,2.65,0.00, 0.00
1.69,2.65,0.00, 0.00
1.69,2.64,0.00, 0.00
1.69,2.63,0.00, 0.00
1.69,2.60,0.00, 0.00
1.69,2.57,0.00, 0.00
1.69,2.53,0.00, 0.00
1.69,2.49,0.00, 0.00
1.71,2.46,0.99, 0.00
1.69,2.44,0.00, 0.00
1.71,2.42,0.99, 0.00
1.71,2.42,0.99, 0.00
1.71,2.42,0.99, 0.00
1.71,2.42,0.99, 0.00
1.71,2.42,0.99, 0.00
1.71,2.42,0.99, 0.00
1.69,2.39,0.00, 0.00
1.69,2.39,0.00, 0.00
1.69,2.38,0.00, 0.00
1.69,2.21,0.00, 0.00
1.69,2.16,0.00, 0.00
1.69,2.11,0.00, 0.00
1.69,2.04,0.00, 0.00
1.71,1.99,0.99, 0.00
1.69,1.95,0.00, 0.00
1.71,1.92,0.99, 0.00
1.71,1.92,0.99, 0.00
1.71,1.92,0.99, 0.00
1.71,1.92,0.99, 0.00
1.69,1.88,0.00, 0.00
1.69,1.88,0.00, 0.00
1.69,1.88,0.00, 0.00
1.69,1.88,0.00, 0.00
1.69,1.88,0.00, 0.00
1.69,1.88,0.00, 0.00
1.69,1.87,0.00, 0.00
0.00,1.62,0.00, 0.00
1.46,1.49,71.93, 0.00
1.55,1.37,5.49, 0.00
0.68,1.25,0.00, 0.00
0.79,1.11,5.42, 0.00
0.88,0.95,4.51, 0.00
0.88,0.95,4.51, 0.00
0.54,0.80,0.00, 0.00
0.21,0.62,0.00, 0.00
0.23,0.45,0.99, 0.00
0.09,0.31,0.00, 0.00
0.00,0.17,0.00, 0.00
0.00,0.09,0.00, 0.00
0.00,0.07,0.00, 0.00
0.00,0.06,0.00, 0.00
0.03,0.05,1.48, 0.00
0.03,0.05,0.02, 0.00
0.12,0.05,4.43, 0.00
0.16,0.04,2.04, 0.00
0.07,0.05,0.00, 1.00
0.07,0.05,0.00, 1.00
0.05,0.05,0.00, 0.00
0.03,0.05,0.00, 0.00
0.00,0.05,0.00, 0.00
0.00,0.05,0.00, 0.00
0.00,0.05,0.00, 0.50
0.00,0.06,0.00, 0.25
0.03,0.06,1.48, 0.00
0.05,0.06,1.01, 0.00
0.05,0.06,1.01, 0.00
0.05,0.06,1.01, 0.00
0.05,0.06,1.01, 0.00
0.05,0.06,1.01, 0.00
0.05,0.06,0.01, 0.00
0.05,0.06,0.01, 0.00
0.05,0.06,0.01, 0.00
0.05,0.06,0.01, 0.00
0.05,0.06,0.01, 0.00
0.05,0.06,0.01, 0.00
0.05,0.06,0.01, 0.00
0.03,0.05,0.00, 0.00
0.03,0.05,0.00, 0.00
0.00,0.04,0.00, 0.00
0.00,0.05,0.00, 1.00
0.00,0.06,0.00, 0.25
0.00,0.06,0.00, 0.00
0.00,0.06,0.00, 0.00
0.00,0.04,0.00, 0.00
0.00,0.04,0.00, 0.00
0.00,0.05,0.00, 0.50
0.00,0.05,0.00, 0.00
0.05,0.05,2.46, 0.00
0.05,0.05,0.04, 0.00
0.05,0.05,0.04, 0.00
0.05,0.05,0.04, 0.00
0.05,0.05,0.04, 0.00
0.03,0.05,0.00, 0.50
0.03,0.05,0.00, 0.50
0.00,0.05,0.00, 0.00
0.00,0.05,0.00, 0.00
0.00,0.05,0.00, 0.00
0.00,0.05,0.00, 0.00
0.00,0.05,0.00, 0.00
0.03,0.05,1.48, 0.00
0.03,0.05,1.48, 0.00
0.03,0.05,0.02, 0.00
0.03,0.05,0.00, 0.00
0.00,0.05,0.00, 0.00
0.00,0.05,0.00, 0.00
0.00,0.05,0.00, 0.50
0.00,0.05,0.00, 0.00
0.00,0.05,0.00, 0.00
0.00,0.05,0.00, 0.00
0.00,0.05,0.00, 0.00
0.00,0.05,0.00, 0.50
0.00,0.05,0.00, 0.00
0.00,0.05,0.00, 0.00
0.00,0.05,0.00, 0.00
0.00,0.05,0.00, 0.00
0.00,0.05,0.00, 0.00
0.00,0.05,0.00, 0.00
0.00,0.05,0.00, 0.00
0.00,0.05,0.00, 0.00
0.00,0.05,0.00, 0.00
0.00,0.05,0.00, 0.50
0.00,0.05,0.00, 0.50
0.00,0.05,0.00, 0.00
0.00,0.05,0.00, 0.50
0.00,0.05,0.00, 0.00
0.00,0.05,0.00, 0.00
0.00,0.05,0.00, 0.00
0.00,0.05,0.00, 0.00
0.00,0.05,0.00, 0.00
0.00,0.05,0.00, 0.00
0.00,0.05,0.00, 0.00
0.00,0.05,0.00, 0.00
0.00,0.05,0.00, 0.00
0.00,0.39,0.00, 17.44
0.00,0.73,0.00, 16.75
0.00,0.99,0.00, 12.76
1.62,2.89,79.81, 95.20
1.64,3.15,2.16, 13.05
1.64,3.32,0.03, 8.52
1.64,3.42,0.00, 5.01
1.64,3.53,0.00, 5.50
1.64,3.53,0.00, 5.50
1.64,3.53,0.00, 5.50
1.66,3.56,0.99, 1.51
1.66,3.60,0.01, 1.75
1.66,3.60,0.00, 0.26
1.66,3.51,0.00, 0.00
1.66,3.47,0.00, 0.00
1.66,3.39,0.00, 0.00
1.66,3.34,0.00, 0.00
1.66,3.26,0.00, 0.00
1.69,3.18,1.48, 0.00
1.69,3.12,0.02, 0.00
1.69,3.09,0.00, 0.00
1.66,3.07,0.00, 0.00
1.66,3.07,0.00, 0.00
1.66,3.07,0.00, 0.00
1.66,3.07,0.00, 0.00
1.66,3.07,0.00, 0.00
1.66,3.06,0.00, 0.00
1.69,3.05,1.48, 0.00
1.69,3.04,0.02, 0.00
1.69,2.99,0.00, 0.00
1.69,3.01,0.00, 1.00
1.69,3.01,0.00, 0.25
1.69,3.03,0.00, 0.75
1.69,3.04,0.00, 0.50
1.69,3.06,0.00, 1.00
1.69,3.10,0.00, 1.75
1.69,3.10,0.00, 1.75
1.69,3.13,0.00, 1.75
1.69,3.19,0.00, 3.00
1.69,3.24,0.00, 2.75
1.69,3.30,0.00, 2.75
1.69,3.34,0.00, 1.75
1.69,3.34,0.00, 0.01
1.69,3.34,0.00, 0.00
1.69,3.34,0.00, 0.00
1.69,3.32,0.00, 0.00
1.69,3.32,0.00, 0.00
1.69,3.30,0.00, 0.00
1.69,3.30,0.00, 0.00
1.69,3.32,0.00, 1.00
1.69,3.33,0.00, 0.50
1.69,3.34,0.00, 0.25
1.69,3.34,0.00, 0.25
1.69,3.34,0.00, 0.25
1.69,3.34,0.00, 0.00
1.69,3.36,0.00, 1.00
1.69,3.37,0.00, 0.75
1.69,3.38,0.00, 0.50
1.69,3.36,0.00, 0.00
1.69,3.35,0.00, 0.00
1.69,3.32,0.00, 0.00
1.69,3.32,0.00, 0.00
1.69,3.32,0.00, 0.00
1.71,3.30,0.99, 0.00
1.71,3.30,0.01, 0.00
1.69,3.30,0.00, 0.00
1.69,3.29,0.00, 0.00
1.71,3.29,0.99, 0.00
1.69,3.30,0.00, 0.50
1.69,3.29,0.00, 0.00
1.69,3.26,0.00, 0.00
1.69,3.26,0.00, 0.00
1.69,3.23,0.00, 0.00
1.69,3.19,0.00, 0.00
1.69,3.18,0.00, 0.00
1.69,3.17,0.00, 0.00
1.69,3.17,0.00, 0.00
1.69,3.24,0.00, 3.74
1.69,3.34,0.00, 4.50
1.69,3.39,0.00, 3.01
1.69,3.47,0.00, 4.00
1.69,3.55,0.00, 3.50
1.69,3.60,0.00, 2.50
1.69,3.66,0.00, 3.50
1.69,3.69,0.00, 1.26
1.69,3.69,0.00, 1.26
1.71,3.75,0.99, 2.99
1.69,3.75,0.00, 0.01
1.69,3.74,0.00, 0.00
1.71,3.73,0.99, 0.00
1.71,3.73,0.99, 0.00
1.71,3.73,0.99, 0.00
1.71,3.73,0.99, 0.00
1.69,3.70,0.00, 0.00
1.69,3.66,0.00, 0.00
1.69,3.63,0.00, 0.00
1.69,3.55,0.00, 0.00
1.69,3.55,0.00, 0.00
1.69,3.55,0.00, 0.00
1.69,3.55,0.00, 0.00
1.69,3.49,0.00, 0.00
1.69,3.41,0.00, 0.00
1.69,3.29,0.00, 0.00
1.69,3.15,0.00, 0.00
1.69,3.05,0.00, 0.00
1.69,2.91,0.00, 0.00
1.69,2.76,0.00, 0.00
1.69,2.67,0.00, 0.00
1.69,2.58,0.00, 0.00
1.69,2.54,0.00, 0.00
1.69,2.54,0.00, 0.00
1.69,2.54,0.00, 0.00
1.69,2.54,0.00, 0.00
1.69,2.54,0.00, 0.00
1.69,2.54,0.00, 0.00
1.69,2.54,0.00, 0.00
1.69,2.45,0.00, 0.00
1.69,2.35,0.00, 0.00
1.69,2.24,0.00, 0.00
0.00,1.35,0.00, 0.00
0.61,1.06,30.05, 0.00
0.90,0.69,14.73, 0.00
0.72,0.50,0.00, 0.00
0.43,0.38,0.00, 0.00
0.00,0.31,0.00, 0.00
0.00,0.25,0.00, 0.00
0.00,0.15,0.00, 0.00
0.00,0.15,0.00, 0.00
0.00,0.15,0.00, 0.00
0.00,0.15,0.00, 0.00
0.00,0.15,0.00, 0.00
0.00,0.15,0.00, 0.00
0.00,0.11,0.00, 0.00
0.00,0.11,0.00, 0.00
0.00,0.11,0.00, 0.00
0.00,0.11,0.00, 0.00
0.14,0.06,6.90, 0.00
0.23,0.05,4.54, 0.00
0.23,0.05,4.54, 0.00
0.23,0.05,4.54, 0.00
0.23,0.05,4.54, 0.00
0.00,0.05,0.00, 0.00
0.00,0.05,0.00, 0.00
0.05,0.05,2.46, 0.00
0.05,0.05,0.04, 0.00
0.05,0.05,0.04, 0.00
0.00,0.04,0.00, 0.00
0.00,0.05,0.00, 1.00
0.00,0.05,0.00, 0.00
0.00,0.05,0.00, 0.00
0.00,0.05,0.00, 0.50
0.00,0.05,0.00, 0.50
0.00,0.05,0.00, 0.50
0.00,0.05,0.00, 0.00
0.00,0.05,0.00, 0.00
0.00,0.05,0.00, 0.00
0.00,0.05,0.00, 0.00
0.00,0.05,0.00, 0.00
0.00,0.05,0.00, 0.00
0.00,0.05,0.00, 0.00
0.00,0.05,0.00, 0.00
0.00,0.05,0.00, 0.00
0.00,0.05,0.00, 0.00
0.00,0.05,0.00, 0.00
0.00,0.05,0.00, 0.00
0.00,0.05,0.00, 0.00
0.00,0.05,0.00, 0.00
0.00,0.05,0.00, 0.00
0.00,0.05,0.00, 0.00
0.00,0.05,0.00, 0.00
0.00,0.05,0.00, 0.00
0.00,0.05,0.00, 0.50
0.00,0.05,0.00, 0.00
0.00,0.05,0.00, 0.00
0.00,0.05,0.00, 0.00
0.00,0.05,0.00, 0.00
0.00,0.05,0.00, 0.00
0.00,0.05,0.00, 0.00
0.00,0.05,0.00, 0.00
0.00,0.05,0.00, 0.00
0.00,0.05,0.00, 0.50
0.00,0.06,0.00, 0.25
0.00,0.05,0.00, 0.00
0.00,0.05,0.00, 0.00
0.00,0.05,0.00, 0.00
0.00,0.05,0.00, 0.00
0.00,0.05,0.00, 0.00
0.00,0.05,0.00, 0.00
0.00,0.05,0.00, 0.00
0.00,0.04,0.00, 0.00
0.00,0.04,0.00, 0.00
0.00,0.05,0.00, 0.50
0.00,0.05,0.00, 0.00
0.00,0.05,0.00, 0.00
0.00,0.05,0.00, 0.50
0.00,0.06,0.00, 0.25
0.00,0.05,0.00, 0.00
0.00,0.05,0.00, 0.00
0.00,0.05,0.00, 0.00
0.00,0.05,0.00, 0.50
0.00,0.05,0.00, 0.00
0.00,0.05,0.00, 0.00
0.00,0.05,0.00, 0.00
0.00,0.05,0.00, 0.00
0.00,0.05,0.00, 0.00
0.00,0.05,0.00, 0.00
0.00,0.05,0.00, 0.00
0.00,0.05,0.00, 0.00
0.00,0.05,0.00, 0.00
0.00,0.05,0.00, 0.00
0.00,0.05,0.00, 0.00
0.00,0.05,0.00, 0.00
0.00,0.05,0.00, 0.00
0.00,0.05,0.00, 0.00
0.00,0.05,0.00, 0.00
0.00,0.74,0.00, 34.37
0.00,0.74,0.00, 34.37
0.00,0.74,0.00, 34.37
0.00,1.00,0.00, 13.08
0.00,1.30,0.00, 15.24
0.30,1.63,14.78, 16.50
1.57,2.64,62.78, 50.62
1.60,2.91,2.40, 13.14
1.62,3.07,1.02, 8.27
1.62,3.17,0.02, 5.01
1.62,3.22,0.00, 2.51
1.62,3.22,0.00, 2.51
1.62,3.24,0.00, 1.25
1.64,3.25,0.99, 0.25
1.64,3.28,0.01, 1.74
1.64,3.31,0.00, 1.00
1.64,3.28,0.00, 0.00
1.64,3.26,0.00, 0.00
1.64,3.22,0.00, 0.00
1.64,3.18,0.00, 0.00
1.66,3.10,0.99, 0.00
1.66,2.99,0.01, 0.00
1.64,2.91,0.00, 0.00
1.64,2.86,0.00, 0.00
1.66,2.82,0.99, 0.00
1.66,2.82,0.99, 0.00
1.66,2.80,0.01, 0.00
1.66,2.82,0.00, 1.00
1.66,2.84,0.00, 0.50
1.66,2.85,0.00, 0.50
1.66,2.85,0.00, 0.00
1.66,2.84,0.00, 0.00
1.66,2.84,0.00, 0.00
1.66,2.84,0.00, 0.00
1.66,2.85,0.00, 0.50
1.66,2.82,0.00, 0.00
1.69,2.84,1.48, 0.50
1.66,2.84,0.00, 0.00
1.66,2.84,0.00, 0.00
1.66,2.84,0.00, 0.00
1.66,2.85,0.00, 0.50
1.66,2.87,0.00, 1.25
1.66,2.89,0.00, 1.00
1.64,2.93,0.00, 2.00
1.66,2.94,0.99, 0.51
1.66,2.94,0.99, 0.51
1.66,2.94,0.99, 0.51
1.66,2.96,0.01, 1.00
1.66,2.96,0.01, 1.00
1.66,2.98,0.00, 1.00
1.66,2.97,0.00, 0.00
1.66,2.97,0.00, 0.25
1.66,2.97,0.00, 0.00
1.66,2.96,0.00, 0.00
1.66,2.96,0.00, 0.00
1.66,2.96,0.00, 0.00
1.69,2.97,1.48, 0.50
1.66,2.99,0.00, 0.75
1.66,3.00,0.00, 0.50
1.66,2.98,0.00, 0.00
1.69,2.99,1.48, 0.50
1.66,2.98,0.00, 0.00
1.66,2.95,0.00, 0.00
1.66,2.92,0.00, 0.00
1.66,2.92,0.00, 0.00
1.66,2.89,0.00, 0.00
1.69,2.86,1.48, 0.00
1.66,2.84,0.00, 0.00
1.69,2.82,1.48, 0.00
1.66,2.81,0.00, 0.00
1.66,2.80,0.00, 0.00
1.66,2.80,0.00, 0.00
1.66,2.81,0.00, 0.50
1.69,2.79,1.48, 0.00
1.66,2.78,0.00, 0.00
1.66,2.75,0.00, 0.00
1.66,2.74,0.00, 0.00
1.69,2.71,1.48, 0.00
1.66,2.68,0.00, 0.00
1.69,2.67,1.48, 0.00
1.69,2.66,0.02, 0.00
1.69,2.64,0.00, 0.00
1.66,2.63,0.00, 0.00
1.66,2.61,0.00, 0.00
1.69,2.60,1.48, 0.00
1.66,2.60,0.00, 0.00
1.66,2.59,0.00, 0.00
1.66,2.57,0.00, 0.00
1.69,2.54,1.48, 0.00
1.66,2.53,0.00, 0.00
1.66,2.51,0.00, 0.00
1.69,2.47,1.48, 0.00
1.66,2.43,0.00, 0.00
1.66,2.38,0.00, 0.00
1.69,2.34,1.48, 0.00
1.69,2.29,0.02, 0.00
1.66,2.26,0.00, 0.00
1.66,2.23,0.00, 0.00
1.69,2.22,1.48, 0.00
1.66,2.20,0.00, 0.00
1.66,2.18,0.00, 0.00
1.66,2.14,0.00, 0.00
1.66,2.11,0.00, 0.00
1.69,2.04,1.48, 0.00
1.69,1.97,0.02, 0.00
1.66,1.90,0.00, 0.00
1.69,1.83,1.48, 0.00
1.69,1.78,0.02, 0.00
1.66,1.71,0.00, 0.00
1.66,1.67,0.00, 0.00
1.69,1.61,1.48, 0.00
1.69,1.55,0.02, 0.00
1.69,1.48,0.00, 0.00
1.66,1.40,0.00, 0.00
1.69,1.33,1.48, 0.00
1.64,1.21,0.00, 0.00
0.00,1.08,0.00, 0.00
0.00,0.96,0.00, 0.00
1.73,0.81,85.23, 0.00
1.75,0.75,2.24, 0.00
1.75,0.69,0.03, 0.00
0.00,0.68,0.00, 0.00
0.00,0.63,0.00, 0.00
1.01,0.53,49.76, 0.00
0.00,0.43,0.00, 0.00
0.00,0.34,0.00, 0.00
0.03,0.25,1.48, 0.00
0.00,0.17,0.00, 0.00
0.00,0.12,0.00, 0.00
0.00,0.08,0.00, 0.00
0.05,0.06,2.46, 0.00
0.00,0.06,0.00, 0.00
0.00,0.05,0.00, 0.00
0.03,0.04,1.48, 0.00
0.05,0.05,1.01, 1.00
0.00,0.05,0.00, 0.00
0.00,0.05,0.00, 0.50
0.07,0.05,3.45, 0.00
0.00,0.05,0.00, 0.00
0.00,0.05,0.00, 0.00
0.00,0.05,0.00, 0.50
0.00,0.05,0.00, 0.50
0.03,0.05,1.48, 0.00
0.00,0.05,0.00, 0.50
0.00,0.06,0.00, 0.25
0.00,0.05,0.00, 0.00
0.00,0.05,0.00, 0.00
0.00,0.05,0.00, 0.00
0.00,0.05,0.00, 0.00
0.00,0.05,0.00, 0.00
0.00,0.05,0.00, 0.00
0.00,0.05,0.00, 0.00
0.00,0.05,0.00, 0.00
0.05,0.05,2.46, 0.50
0.03,0.05,0.00, 0.00
0.00,0.05,0.00, 0.50
0.00,0.05,0.00, 0.00
0.00,0.05,0.00, 0.50
0.00,0.06,0.00, 0.25
0.00,0.06,0.00, 0.00
0.00,0.06,0.00, 0.00
0.00,0.05,0.00, 0.00
0.00,0.05,0.00, 0.50
0.00,0.05,0.00, 0.00
0.00,0.05,0.00, 0.00
0.03,0.05,1.48, 0.00
0.00,0.05,0.00, 0.00
0.00,0.05,0.00, 0.00
0.00,0.05,0.00, 0.00
0.00,0.05,0.00, 0.00
0.00,0.05,0.00, 0.00
0.00,0.05,0.00, 0.00
0.00,0.05,0.00, 0.00
0.00,0.05,0.00, 0.50
0.00,0.06,0.00, 0.25
0.00,0.06,0.00, 0.00
0.00,0.05,0.00, 0.00
0.00,0.05,0.00, 0.50
0.00,0.05,0.00, 0.50
0.00,0.05,0.00, 0.50
0.00,0.05,0.00, 0.50
0.00,0.05,0.00, 0.50
0.00,0.05,0.00, 0.50
0.00,0.05,0.00, 0.50
0.00,0.05,0.00, 0.50
0.00,0.05,0.00, 0.50
0.00,0.05,0.00, 0.50
0.00,0.05,0.00, 0.50
0.00,0.05,0.00, 0.50
0.00,0.05,0.00, 0.00
0.00,0.05,0.00, 0.00
0.00,0.05,0.00, 0.00
0.00,0.05,0.00, 0.00
0.00,0.05,0.00, 0.00
0.00,0.05,0.00, 0.00
0.00,0.05,0.00, 0.00
0.00,0.05,0.00, 0.00
0.00,0.05,0.00, 0.00
0.00,0.05,0.00, 0.00
0.00,0.05,0.00, 0.00
0.00,0.05,0.00, 0.00
0.00,0.05,0.00, 0.00
0.00,0.05,0.00, 0.00
0.00,0.05,0.00, 0.50
0.00,0.05,0.00, 0.00
0.00,0.05,0.00, 0.00
0.00,0.05,0.00, 0.00
0.00,0.05,0.00, 0.00
0.00,0.05,0.00, 0.00
0.00,0.27,0.00, 11.21
0.00,0.17,0.00, 0.00
0.00,0.28,0.00, 5.23
0.00,0.68,0.00, 20.20
0.00,0.68,0.00, 20.20
0.00,0.79,0.00, 5.30
0.00,0.79,0.00, 5.30
0.00,0.79,0.00, 5.30
0.00,0.79,0.00, 5.30
0.00,0.79,0.00, 5.30
0.00,0.79,0.00, 5.30
0.00,0.79,0.00, 5.30
0.00,0.98,0.00, 9.24
0.00,0.98,0.00, 9.24
0.00,0.98,0.00, 9.24
0.00,0.98,0.00, 9.24
0.00,0.98,0.00, 9.24
0.00,0.98,0.00, 9.24
0.00,0.98,0.00, 9.24
0.00,1.17,0.00, 10.00
0.16,1.57,7.88, 19.71
1.64,2.73,73.03, 57.86
1.66,3.21,2.06, 24.12
1.64,3.25,0.00, 2.08
1.64,3.32,0.00, 3.25
1.64,3.32,0.00, 3.25
1.64,3.37,0.00, 2.50
1.66,3.41,0.99, 2.50
1.66,3.43,0.01, 0.76
1.66,3.42,0.00, 0.00
1.66,3.43,0.00, 0.50
1.66,3.42,0.00, 0.00
1.66,3.42,0.00, 0.00
1.66,3.40,0.00, 0.00
1.66,3.38,0.00, 0.00
1.66,3.37,0.00, 0.00
1.66,3.35,0.00, 0.00
1.69,3.32,1.48, 0.00
1.66,3.30,0.00, 0.00
1.69,3.28,1.48, 0.00
1.69,3.28,0.02, 0.00
1.69,3.28,0.02, 0.00
1.69,3.28,0.02, 0.00
1.69,3.28,0.02, 0.00
1.69,3.28,0.00, 0.00
1.66,3.29,0.00, 0.75
1.69,3.28,1.48, 0.00
1.69,3.31,0.02, 1.74
1.69,3.32,0.00, 0.50
1.69,3.33,0.00, 0.25
1.69,3.33,0.00, 0.25
1.69,3.33,0.00, 0.00
1.69,3.33,0.00, 0.00
1.69,3.34,0.00, 0.50
1.69,3.32,0.00, 0.00
1.69,3.32,0.00, 0.00
1.69,3.39,0.00, 3.74
1.69,3.35,0.00, 0.00
1.69,3.36,0.00, 0.25
1.69,3.34,0.00, 0.00
1.69,3.37,0.00, 1.49
1.69,3.35,0.00, 0.00
1.69,3.33,0.00, 0.00
1.69,3.32,0.00, 0.00
1.69,3.32,0.00, 0.00
1.69,3.29,0.00, 0.00
1.69,3.28,0.00, 0.00
1.69,3.26,0.00, 0.00
1.69,3.23,0.00, 0.00
1.69,3.21,0.00, 0.00
1.69,3.17,0.00, 0.00
1.69,3.17,0.00, 0.00
1.66,3.17,0.00, 0.00
1.66,3.17,0.00, 0.00
1.71,3.16,2.46, 0.00
1.69,3.12,0.00, 0.00
1.69,3.10,0.00, 0.00
1.69,3.09,0.00, 0.00
1.69,3.09,0.00, 0.00
1.69,3.04,0.00, 0.00
1.69,3.04,0.00, 0.00
1.69,2.99,0.00, 0.00
1.69,2.97,0.00, 0.00
1.69,2.97,0.00, 0.00
1.69,2.97,0.00, 0.00
1.69,2.97,0.00, 0.00
1.69,2.92,0.00, 0.00
1.69,2.91,0.00, 0.00
1.66,2.88,0.00, 0.00
1.66,2.88,0.00, 0.00
1.66,2.88,0.00, 0.00
1.69,2.84,1.48, 0.00
1.69,2.84,0.02, 0.00
1.71,2.84,0.99, 0.00
1.69,2.76,0.00, 0.00
1.69,2.73,0.00, 0.00
1.69,2.70,0.00, 0.00
1.69,2.69,0.00, 0.00
1.69,2.68,0.00, 0.00
1.69,2.68,0.00, 0.00
1.69,2.65,0.00, 0.00
1.69,2.62,0.00, 0.00
1.69,2.60,0.00, 0.00
1.69,2.59,0.00, 0.00
1.69,2.53,0.00, 0.00
1.69,2.49,0.00, 0.00
1.69,2.49,0.00, 0.00
1.69,2.49,0.00, 0.00
1.69,2.49,0.00, 0.00
1.69,2.49,0.00, 0.00
1.69,2.49,0.00, 0.00
1.69,2.49,0.00, 0.00
1.69,2.49,0.00, 0.00
1.69,2.49,0.00, 0.00
1.69,2.49,0.00, 0.00
1.69,2.49,0.00, 0.00
1.69,2.47,0.00, 0.00
1.69,2.45,0.00, 0.00
1.69,2.43,0.00, 0.00
1.69,2.24,0.00, 0.00
1.69,2.16,0.00, 0.00
1.69,2.08,0.00, 0.00
1.69,1.97,0.00, 0.00
1.69,1.86,0.00, 0.00
1.69,1.70,0.00, 0.00
1.69,1.56,0.00, 0.00
1.69,1.40,0.00, 0.00
1.69,1.40,0.00, 0.00
1.69,1.40,0.00, 0.00
1.69,1.40,0.00, 0.00
1.69,1.40,0.00, 0.00
1.69,1.40,0.00, 0.00
1.69,1.23,0.00, 0.00
1.69,1.05,0.00, 0.00
0.00,0.81,0.00, 0.00
0.00,0.81,0.00, 0.00
0.00,0.81,0.00, 0.00
0.00,0.81,0.00, 0.00
0.00,0.81,0.00, 0.00
0.05,0.13,2.46, 0.00
0.05,0.13,2.46, 0.00
0.05,0.13,2.46, 0.00
0.05,0.13,2.46, 0.00
0.05,0.13,2.46, 0.00
0.05,0.13,2.46, 0.00
0.05,0.13,2.46, 0.00
0.05,0.13,2.46, 0.00
0.05,0.13,2.46, 0.00
0.05,0.13,2.46, 0.00
0.05,0.13,2.46, 0.00
0.05,0.13,2.46, 0.00
0.05,0.13,2.46, 0.00
0.05,0.13,2.46, 0.00
0.56,0.11,25.16, 0.00
0.56,0.11,25.16, 0.00
0.00,0.07,0.00, 0.00
0.00,0.07,0.00, 0.00
0.00,0.07,0.00, 0.00
0.00,0.07,0.00, 0.00
0.00,0.07,0.00, 0.00
0.00,0.07,0.00, 0.00
0.00,0.07,0.00, 0.00
0.00,0.07,0.00, 0.00
0.00,0.07,0.00, 0.00
0.00,0.05,0.00, 0.00
0.00,0.05,0.00, 0.00
0.00,0.05,0.00, 0.00
0.00,0.05,0.00, 0.00
0.00,0.05,0.00, 0.00
0.00,0.05,0.00, 0.00
0.00,0.05,0.00, 0.00
0.00,0.05,0.00, 0.00
0.00,0.05,0.00, 0.00
0.00,0.05,0.00, 0.00
0.00,0.05,0.00, 0.00
0.00,0.05,0.00, 0.00
0.00,0.06,0.00, 0.75
0.00,0.05,0.00, 0.00
0.00,0.05,0.00, 0.00
0.00,0.05,0.00, 0.00
0.00,0.05,0.00, 0.00
0.00,0.05,0.00, 0.00
0.00,0.05,0.00, 0.00
0.00,0.05,0.00, 0.00
0.00,0.05,0.00, 0.00
0.00,0.05,0.00, 0.00
0.00,0.05,0.00, 0.00
0.00,0.05,0.00, 0.00
0.00,0.05,0.00, 0.00
0.00,0.05,0.00, 0.00
0.00,0.05,0.00, 0.00
0.00,0.05,0.00, 0.00
0.00,0.05,0.00, 0.00
0.00,0.05,0.00, 0.00
0.00,0.05,0.00, 0.00
0.00,0.05,0.00, 0.00
0.00,0.05,0.00, 0.00
0.00,0.05,0.00, 0.00
0.00,0.05,0.00, 0.00
0.00,0.05,0.00, 0.00
0.00,0.05,0.00, 0.00
0.00,0.05,0.00, 0.00
0.00,0.05,0.00, 0.00
0.00,0.05,0.00, 0.00
0.00,0.05,0.00, 0.00
0.00,0.04,0.00, 0.00
0.00,0.05,0.00, 0.50
0.00,0.05,0.00, 0.50
0.00,0.05,0.00, 0.50
0.00,0.05,0.00, 0.50
0.00,0.05,0.00, 0.50
0.00,0.05,0.00, 0.50
0.00,0.05,0.00, 0.50
0.00,0.05,0.00, 0.50
0.00,0.05,0.00, 0.50
0.00,0.05,0.00, 0.50
0.00,0.05,0.00, 0.50
0.00,0.05,0.00, 0.50
0.00,0.05,0.00, 0.50
0.00,0.05,0.00, 0.50
0.00,0.05,0.00, 0.50
0.00,0.05,0.00, 0.50
0.00,0.05,0.00, 0.50
0.00,0.05,0.00, 0.50
0.00,0.05,0.00, 0.50
0.00,0.05,0.00, 0.50
0.00,0.05,0.00, 0.50
0.00,0.05,0.00, 0.00
0.00,0.05,0.00, 0.00
0.00,0.05,0.00, 0.00
0.00,0.05,0.00, 0.00
0.00,0.05,0.00, 0.00
0.00,0.05,0.00, 0.00
0.00,0.05,0.00, 0.00
0.00,0.05,0.00, 0.00
0.00,0.05,0.00, 0.00
0.00,0.05,0.00, 0.00
0.00,0.05,0.00, 0.00
0.00,0.05,0.00, 0.00
0.00,0.05,0.00, 0.00
0.00,0.05,0.00, 0.00
0.00,0.05,0.00, 0.00
0.00,0.05,0.00, 0.00
0.00,0.05,0.00, 0.00
0.00,0.05,0.00, 0.00
0.00,0.05,0.00, 0.00
0.00,0.05,0.00, 0.00
0.00,0.05,0.00, 0.00
0.00,0.05,0.00, 0.00
0.00,0.05,0.00, 0.00
0.00,0.05,0.00, 0.00
0.00,0.05,0.00, 0.00
0.00,0.05,0.00, 0.00
0.00,0.05,0.00, 0.00
0.00,0.05,0.00, 0.00
0.00,0.05,0.00, 0.00
0.00,0.05,0.00, 0.00
0.00,0.05,0.00, 0.00
0.00,0.05,0.00, 0.00
0.00,0.05,0.00, 0.00
0.00,0.05,0.00, 0.00
0.00,0.05,0.00, 0.00
0.00,0.05,0.00, 0.00
0.00,0.05,0.00, 0.00
0.00,0.05,0.00, 0.00
0.00,0.05,0.00, 0.00
0.00,0.05,0.00, 0.00
0.00,0.05,0.00, 0.00
0.00,0.05,0.00, 0.00
0.00,0.05,0.00, 0.00
0.00,0.05,0.00, 0.00
0.00,0.05,0.00, 0.00
0.00,0.05,0.00, 0.00
0.00,0.05,0.00, 0.00
0.00,0.05,0.00, 0.00
0.00,0.05,0.00, 0.00
0.00,0.05,0.00, 0.00
0.00,0.05,0.00, 0.00
0.00,0.05,0.00, 0.00
0.00,0.05,0.00, 0.00
0.00,0.05,0.00, 0.00
0.00,0.05,0.00, 0.00
0.00,0.05,0.00, 0.00
0.00,0.05,0.00, 0.00
0.00,0.05,0.00, 0.00
0.00,0.05,0.00, 0.00
0.00,0.05,0.00, 0.00
0.00,0.05,0.00, 0.00
0.00,0.05,0.00, 0.00
0.00,0.05,0.00, 0.00
0.00,0.05,0.00, 0.00
0.00,0.05,0.00, 0.00
0.00,0.05,0.00, 0.00
0.00,0.05,0.00, 0.00
0.00,0.05,0.00, 0.00
0.00,0.05,0.00, 0.00
0.00,0.05,0.00, 0.00
0.00,0.05,0.00, 0.00
0.00,0.05,0.00, 0.00
0.00,0.05,0.00, 0.00
0.00,0.05,0.00, 0.00
0.00,0.05,0.00, 0.00
0.00,0.05,0.00, 0.00
0.00,0.05,0.00, 0.00
0.00,0.05,0.00, 0.00
0.00,0.05,0.00, 0.00
0.00,0.05,0.00, 0.00
0.00,0.05,0.00, 0.00
0.00,0.05,0.00, 0.00
0.00,0.05,0.00, 0.00
0.00,0.05,0.00, 0.00
0.00,0.05,0.00, 0.00
0.00,0.05,0.00, 0.00
0.00,0.05,0.00, 0.50
0.00,0.05,0.00, 0.50
0.00,0.05,0.00, 0.00
0.00,0.05,0.00, 0.00
0.00,0.05,0.00, 0.00
0.00,0.05,0.00, 0.00
0.00,0.05,0.00, 0.00
0.00,0.05,0.00, 0.00
0.00,0.05,0.00, 0.00
0.00,0.05,0.00, 0.00
0.00,0.05,0.00, 0.00
0.00,0.05,0.00, 0.00
0.00,0.05,0.00, 0.00
0.00,0.05,0.00, 0.00
0.00,0.05,0.00, 0.00
0.00,0.05,0.00, 0.00
0.00,0.05,0.00, 0.00
0.00,0.05,0.00, 0.00
0.00,0.05,0.00, 0.00
0.00,0.05,0.00, 0.00
0.00,0.05,0.00, 0.00
0.00,0.05,0.00, 0.00
0.00,0.05,0.00, 0.00
0.00,0.34,0.00, 14.95
0.00,0.41,0.00, 3.29
0.00,0.41,0.00, 3.29
0.00,0.41,0.00, 3.29
0.00,0.41,0.00, 3.29
0.00,0.41,0.00, 3.29
0.00,0.41,0.00, 3.29
0.00,0.41,0.00, 3.29
0.00,0.41,0.00, 3.29
0.00,0.58,0.00, 8.48
0.00,0.58,0.00, 8.48
0.00,0.58,0.00, 8.48
1.66,3.94,81.78, 167.42
1.64,3.97,0.22, 2.36
1.66,3.81,0.99, 0.00
1.66,3.76,0.01, 0.00
1.69,3.71,1.48, 0.00
1.69,3.71,1.48, 0.00
1.69,3.71,1.48, 0.00
1.69,3.71,1.48, 0.00
1.69,3.71,1.48, 0.00
1.66,3.66,0.00, 0.00
1.66,3.63,0.00, 0.00
1.66,3.61,0.00, 0.00
1.66,3.61,0.00, 0.00
1.66,3.61,0.00, 0.00
1.69,3.47,1.48, 0.00
1.69,3.47,1.48, 0.00
1.69,3.47,1.48, 0.00
1.69,3.47,1.48, 0.00
1.69,3.47,1.48, 0.00
1.69,3.47,1.48, 0.00
1.69,3.47,1.48, 0.00
1.69,3.47,1.48, 0.00
1.69,3.47,1.48, 0.00
1.69,3.47,1.48, 0.00
1.69,3.47,1.48, 0.00
1.69,3.47,1.48, 0.00
1.69,3.47,1.48, 0.00
1.69,3.47,1.48, 0.00
1.69,3.47,1.48, 0.00
1.69,3.47,1.48, 0.00
1.69,3.47,1.48, 0.00
1.69,3.47,1.48, 0.00
1.69,3.47,1.48, 0.00
1.69,3.47,1.48, 0.00
1.69,3.47,1.48, 0.00
1.69,3.47,1.48, 0.00
1.69,3.47,1.48, 0.00
1.69,3.47,1.48, 0.00
1.69,3.47,1.48, 0.00
1.69,3.47,1.48, 0.00
1.69,3.47,1.48, 0.00
1.69,3.47,1.48, 0.00
1.69,3.47,1.48, 0.00
1.69,3.47,1.48, 0.00
1.69,3.47,1.48, 0.00
1.69,3.47,1.48, 0.00
1.69,3.47,1.48, 0.00
1.69,3.47,1.48, 0.00
1.69,3.47,1.48, 0.00
1.69,3.47,1.48, 0.00
1.69,3.47,1.48, 0.00
1.69,3.46,0.02, 0.00
1.69,3.46,0.02, 0.00
1.69,3.46,0.02, 0.00
1.69,3.46,0.02, 0.00
1.69,3.46,0.02, 0.00
1.69,3.46,0.02, 0.00
1.69,3.46,0.02, 0.00
1.69,3.46,0.02, 0.00
1.69,3.46,0.02, 0.00
1.69,3.46,0.02, 0.00
1.69,3.46,0.02, 0.00
1.69,3.46,0.02, 0.00
1.69,3.46,0.02, 0.00
1.69,3.46,0.02, 0.00
1.69,3.46,0.02, 0.00
1.69,3.46,0.02, 0.00
1.69,3.46,0.02, 0.00
1.69,3.46,0.02, 0.00
1.69,3.46,0.02, 0.00
1.69,3.46,0.02, 0.00
1.69,3.46,0.02, 0.00
1.69,3.46,0.02, 0.00
1.69,3.46,0.02, 0.00
1.69,3.46,0.02, 0.00
1.69,3.46,0.02, 0.00
1.69,3.46,0.02, 0.00
1.69,3.46,0.02, 0.00
1.69,3.46,0.02, 0.00
1.69,3.46,0.02, 0.00
1.69,3.46,0.02, 0.00
1.69,3.46,0.02, 0.00
1.69,3.46,0.02, 0.00
1.69,3.44,0.00, 0.00
1.69,3.44,0.00, 0.00
1.69,3.44,0.00, 0.00
1.69,3.44,0.00, 0.00
1.69,3.44,0.00, 0.00
1.69,3.44,0.00, 0.00
1.69,3.44,0.00, 0.00
1.69,3.44,0.00, 0.00
1.69,3.44,0.00, 0.00
1.69,3.44,0.00, 0.00
1.69,3.44,0.00, 0.00
1.69,3.44,0.00, 0.00
1.69,3.44,0.00, 0.00
1.69,3.44,0.00, 0.00
1.69,3.36,0.00, 0.00
1.69,3.02,0.00, 0.00
0.12,0.58,0.00, 0.00
0.00,0.05,0.00, 0.00
0.00,0.05,0.00, 0.00
0.00,0.05,0.00, 0.00
0.00,0.05,0.00, 0.00
0.00,0.05,0.00, 0.00
0.00,0.05,0.00, 0.00
0.00,0.05,0.00, 0.00
0.00,0.05,0.00, 0.00
0.00,0.05,0.00, 0.00
0.00,0.05,0.00, 0.00
0.00,0.05,0.00, 0.00
0.00,0.05,0.00, 0.00
0.05,0.05,2.46, 0.50
0.05,0.05,2.46, 0.50
0.05,0.05,2.46, 0.50
0.05,0.05,2.46, 0.50
0.05,0.05,2.46, 0.50
0.05,0.05,2.46, 0.50
0.05,0.05,2.46, 0.50
0.05,0.05,2.46, 0.50
0.05,0.05,2.46, 0.50
0.05,0.05,2.46, 0.50
0.05,0.05,2.46, 0.50
0.05,0.05,2.46, 0.50
0.05,0.05,2.46, 0.50
0.05,0.05,2.46, 0.50
0.05,0.05,2.46, 0.50
0.05,0.05,2.46, 0.50
0.05,0.05,2.46, 0.50
0.05,0.05,2.46, 0.50
0.05,0.05,2.46, 0.50
0.05,0.05,2.46, 0.50
0.05,0.05,2.46, 0.50
0.05,0.05,2.46, 0.50
0.05,0.05,2.46, 0.50
0.05,0.05,2.46, 0.50
0.05,0.05,2.46, 0.50
0.05,0.05,2.46, 0.50
0.05,0.05,2.46, 0.50
0.03,0.05,0.00, 0.00
0.00,0.06,0.00, 0.75
0.00,0.06,0.00, 0.75
0.00,0.06,0.00, 0.75
0.00,0.06,0.00, 0.75
0.00,0.06,0.00, 0.75
0.00,0.06,0.00, 0.75
0.00,0.05,0.00, 0.00
0.00,0.05,0.00, 0.00
0.00,0.05,0.00, 0.00
0.00,0.05,0.00, 0.00
0.00,0.05,0.00, 0.50
0.00,0.05,0.00, 0.50
0.00,0.05,0.00, 0.50
0.00,0.05,0.00, 0.50
0.00,0.05,0.00, 0.50
0.00,0.05,0.00, 0.50
0.00,0.05,0.00, 0.50
0.00,0.05,0.00, 0.50
0.00,0.05,0.00, 0.50
0.00,0.05,0.00, 0.50
0.00,0.05,0.00, 0.50
0.00,0.05,0.00, 0.50
0.00,0.05,0.00, 0.50
0.00,0.05,0.00, 0.50
0.00,0.05,0.00, 0.00
0.00,0.05,0.00, 0.00
0.00,0.05,0.00, 0.00
0.00,0.05,0.00, 0.00
0.00,0.05,0.00, 0.00
0.00,0.05,0.00, 0.00
0.00,0.05,0.00, 0.00
0.00,0.05,0.00, 0.00
0.00,0.05,0.00, 0.00
0.00,0.05,0.00, 0.00
0.00,0.05,0.00, 0.00
0.00,0.05,0.00, 0.00
0.00,0.05,0.00, 0.00
0.00,0.05,0.00, 0.00
0.00,0.05,0.00, 0.00
0.00,0.05,0.00, 0.00
0.00,0.05,0.00, 0.00
0.00,0.05,0.00, 0.00
0.00,0.05,0.00, 0.00
0.00,0.05,0.00, 0.00
0.00,0.05,0.00, 0.00
0.00,0.05,0.00, 0.00
0.00,0.05,0.00, 0.00
0.00,0.05,0.00, 0.00
0.00,0.05,0.00, 0.00
0.00,0.05,0.00, 0.00
0.00,0.05,0.00, 0.00
0.00,0.05,0.00, 0.00
0.00,0.05,0.00, 0.00
0.00,0.05,0.00, 0.00
0.00,0.05,0.00, 0.00
0.00,0.05,0.00, 0.00
0.00,0.05,0.00, 0.00
0.00,0.05,0.00, 0.00
0.00,0.05,0.00, 0.00
0.00,0.05,0.00, 0.00
0.00,0.05,0.00, 0.00
0.00,0.05,0.00, 0.00
0.00,0.05,0.00, 0.00
0.00,0.05,0.00, 0.00
0.00,0.05,0.00, 0.00
0.00,0.05,0.00, 0.00
0.00,0.05,0.00, 0.00
0.00,0.05,0.00, 0.00
0.00,0.05,0.00, 0.00
0.00,0.05,0.00, 0.00
0.00,0.05,0.00, 0.00
0.00,0.05,0.00, 0.00
0.00,0.05,0.00, 0.00
0.00,0.05,0.00, 0.00
0.00,0.05,0.00, 0.00
0.00,0.05,0.00, 0.00
0.00,0.05,0.00, 0.00
0.00,0.05,0.00, 0.00
0.00,0.05,0.00, 0.00
0.00,0.05,0.00, 0.00
1.66,3.46,81.78, 170.37
1.64,3.46,0.22, 0.62
1.66,3.46,0.99, 0.00
1.66,3.43,0.01, 0.00
1.66,3.43,0.01, 0.00
1.66,3.43,0.01, 0.00
1.66,3.43,0.01, 0.00
1.66,3.43,0.01, 0.00
1.66,3.43,0.01, 0.00
1.66,3.38,0.00, 0.00
1.66,3.38,0.00, 0.00
1.69,3.29,1.48, 0.00
1.66,3.28,0.00, 0.00
1.66,3.28,0.00, 0.00
1.69,3.26,1.48, 0.00
1.69,3.26,0.02, 0.00
1.66,3.26,0.00, 0.00
1.66,3.26,0.00, 0.00
1.66,3.26,0.00, 0.00
1.66,3.26,0.00, 0.00
1.66,3.26,0.00, 0.00
1.69,3.26,1.48, 0.00
1.69,3.26,1.48, 0.00
1.69,3.23,0.02, 0.00
1.69,3.25,0.00, 1.00
1.69,3.26,0.00, 0.25
1.69,3.26,0.00, 0.50
1.69,3.24,0.00, 0.00
1.69,3.22,0.00, 0.00
1.69,3.24,0.00, 0.50
1.71,3.26,0.99, 1.00
1.69,3.29,0.00, 1.50
1.69,3.29,0.00, 1.50
1.69,3.29,0.00, 1.50
1.69,3.29,0.00, 1.50
1.69,3.29,0.00, 1.50
1.69,3.29,0.00, 1.50
1.69,3.33,0.00, 2.00
1.69,3.33,0.00, 0.01
1.69,3.34,0.00, 0.50
1.69,3.29,0.00, 0.00
1.69,3.30,0.00, 0.50
1.69,3.29,0.00, 0.00
1.69,3.26,0.00, 0.00
1.69,3.24,0.00, 0.00
1.69,3.25,0.00, 0.50
1.69,3.25,0.00, 0.50
1.69,3.25,0.00, 0.50
1.69,3.25,0.00, 0.50
1.69,3.25,0.00, 0.50
1.69,3.25,0.00, 0.50
1.71,3.28,0.99, 1.25
1.69,3.30,0.00, 1.00
1.69,3.29,0.00, 0.00
1.71,3.31,0.99, 1.25
1.71,3.31,0.99, 1.25
1.71,3.31,0.99, 1.25
1.71,3.31,0.99, 1.25
1.71,3.31,0.99, 1.25
1.71,3.31,0.99, 1.25
1.71,3.31,0.99, 1.25
1.71,3.31,0.99, 1.25
1.71,3.31,0.99, 1.25
1.71,3.31,0.99, 1.25
1.69,3.31,0.00, 0.00
1.71,3.29,0.99, 0.00
1.71,3.27,0.01, 0.00
1.69,3.18,0.00, 0.00
1.71,3.18,0.99, 0.00
1.69,3.20,0.00, 1.25
1.71,3.19,0.99, 0.00
1.71,3.21,0.01, 1.00
1.71,3.21,0.00, 0.00
1.69,3.21,0.00, 0.00
1.69,3.20,0.00, 0.00
1.69,3.18,0.00, 0.00
1.71,3.17,0.99, 0.00
1.71,3.17,0.01, 0.00
1.69,3.14,0.00, 0.00
1.71,3.14,0.99, 0.00
1.69,3.14,0.00, 0.00
1.69,3.13,0.00, 0.00
1.71,3.12,0.99, 0.00
1.71,3.12,0.01, 0.25
1.71,3.11,0.00, 0.00
1.71,3.10,0.00, 0.00
1.71,3.08,0.00, 0.00
1.69,3.04,0.00, 0.00
1.71,3.03,0.99, 0.00
1.69,2.99,0.00, 0.00
1.69,2.93,0.00, 0.00
1.69,2.93,0.00, 0.00
1.69,2.89,0.00, 0.00
1.71,2.83,0.99, 0.00
1.71,2.83,0.99, 0.00
1.71,2.83,0.99, 0.00
1.71,2.83,0.99, 0.00
1.69,2.78,0.00, 0.00
1.69,2.76,0.00, 0.00
1.71,2.72,0.99, 0.00
1.69,2.68,0.00, 0.00
1.71,2.65,0.99, 0.00
1.69,2.55,0.00, 0.00
1.71,2.49,0.99, 0.00
1.71,2.43,0.01, 0.00
1.69,2.36,0.00, 0.00
1.71,2.30,0.99, 0.00
1.71,2.30,0.99, 0.00
1.71,2.26,0.01, 0.00
1.69,2.25,0.00, 0.00
1.69,2.25,0.00, 0.00
1.69,2.23,0.00, 0.00
1.69,2.23,0.00, 0.00
1.69,2.16,0.00, 0.00
1.69,2.16,0.00, 0.00
1.69,2.16,0.00, 0.00
1.69,2.16,0.00, 0.00
1.69,2.16,0.00, 0.00
1.69,2.16,0.00, 0.00
1.69,2.16,0.00, 0.00
1.69,2.16,0.00, 0.00
1.69,2.16,0.00, 0.00
1.69,2.10,0.00, 0.00
1.69,2.04,0.00, 0.00
1.69,1.98,0.00, 0.00
1.15,1.33,0.00, 0.00
0.95,1.28,0.00, 0.00
1.06,1.17,5.42, 0.00
1.01,1.03,0.00, 0.00
0.92,0.90,0.00, 0.00
0.92,0.90,0.00, 0.00
0.92,0.90,0.00, 0.00
0.92,0.90,0.00, 0.00
0.92,0.90,0.00, 0.00
0.92,0.90,0.00, 0.00
0.92,0.90,0.00, 0.00
0.97,0.75,2.46, 0.00
0.97,0.75,2.46, 0.00
0.74,0.58,0.00, 0.00
0.52,0.41,0.00, 0.00
0.52,0.41,0.00, 0.00
0.00,0.05,0.00, 0.00
0.00,0.06,0.00, 0.25
0.00,0.06,0.00, 0.25
0.00,0.06,0.00, 0.25
0.00,0.06,0.00, 0.25
0.00,0.06,0.00, 0.25
0.00,0.06,0.00, 0.25
0.00,0.05,0.00, 0.00
0.00,0.05,0.00, 0.00
0.00,0.05,0.00, 0.50
0.00,0.05,0.00, 0.00
0.00,0.06,0.00, 0.25
0.00,0.06,0.00, 0.00
0.00,0.06,0.00, 0.00
0.00,0.05,0.00, 0.00
0.00,0.04,0.00, 0.00
0.00,0.04,0.00, 0.00
0.00,0.05,0.00, 0.50
0.00,0.05,0.00, 0.50
0.00,0.05,0.00, 0.50
0.00,0.05,0.00, 0.50
0.00,0.05,0.00, 0.50
0.00,0.05,0.00, 0.50
0.00,0.05,0.00, 0.00
0.00,0.05,0.00, 0.00
0.00,0.05,0.00, 0.50
0.00,0.05,0.00, 0.50
0.00,0.05,0.00, 0.00
0.00,0.05,0.00, 0.00
0.00,0.05,0.00, 0.00
0.00,0.05,0.00, 0.00
0.00,0.05,0.00, 0.00
0.00,0.05,0.00, 0.00
0.00,0.05,0.00, 0.00
0.00,0.05,0.00, 0.00
0.00,0.05,0.00, 0.00
0.00,0.05,0.00, 0.00
0.00,0.05,0.00, 0.00
0.00,0.05,0.00, 0.00
0.00,0.05,0.00, 0.00
0.00,0.05,0.00, 0.00
0.00,0.05,0.00, 0.50
0.00,0.05,0.00, 0.00
0.00,0.05,0.00, 0.50
0.00,0.05,0.00, 0.00
0.00,0.05,0.00, 0.00
0.00,0.05,0.00, 0.00
0.00,0.05,0.00, 0.00
0.00,0.05,0.00, 0.00
0.00,0.05,0.00, 0.00
0.00,0.05,0.00, 0.00
0.00,0.05,0.00, 0.00
0.00,0.05,0.00, 0.00
0.00,0.05,0.00, 0.00
0.00,0.05,0.00, 0.00
0.00,0.05,0.00, 0.50
0.00,0.05,0.00, 0.00
0.00,0.05,0.00, 0.00
0.00,0.05,0.00, 0.50
0.00,0.05,0.00, 0.00
0.00,0.05,0.00, 0.00
0.00,0.05,0.00, 0.00
0.00,0.05,0.00, 0.50
0.00,0.05,0.00, 0.00
0.00,0.05,0.00, 0.00
0.00,0.06,0.00, 0.25
0.00,0.06,0.00, 0.00
0.00,0.05,0.00, 0.00
0.00,0.05,0.00, 0.50
0.00,0.05,0.00, 0.00
0.00,0.05,0.00, 0.00
0.00,0.05,0.00, 0.00
0.00,0.05,0.00, 0.00
0.00,0.05,0.00, 0.00
0.00,0.05,0.00, 0.00
0.00,0.05,0.00, 0.00
0.00,0.05,0.00, 0.00
0.00,0.05,0.00, 0.00
0.00,0.05,0.00, 0.00
0.00,0.05,0.00, 0.00
0.00,0.05,0.00, 0.00
0.00,0.05,0.00, 0.00
0.00,0.05,0.00, 0.00
0.00,0.05,0.00, 0.00
0.00,0.05,0.00, 0.00
0.00,0.05,0.00, 0.00
0.00,0.05,0.00, 0.00
0.00,0.05,0.00, 0.00
0.00,0.05,0.00, 0.00
0.00,0.05,0.00, 0.00
0.00,0.05,0.00, 0.50
0.00,0.05,0.00, 0.50
0.00,0.20,0.00, 7.23
0.00,0.50,0.00, 14.97
1.19,2.68,58.62, 108.66
1.51,2.82,16.63, 7.12
1.51,2.82,16.63, 7.12
1.51,2.82,16.63, 7.12
1.51,2.82,16.63, 7.12
1.51,2.82,16.63, 7.12
1.51,2.82,16.63, 7.12
1.51,2.82,16.63, 7.12
1.51,2.82,16.63, 7.12
1.51,2.82,16.63, 7.12
1.51,2.82,16.63, 7.12
1.51,2.82,16.63, 7.12
1.62,2.94,5.66, 6.25
1.62,2.94,5.66, 6.25
1.62,2.94,5.66, 6.25
1.64,3.03,1.07, 4.26
1.64,3.12,0.02, 4.50
1.66,3.12,0.99, 0.27
1.66,3.09,0.01, 0.00
1.66,3.05,0.00, 0.00
1.69,2.99,1.48, 0.00
1.66,2.96,0.00, 0.00
1.66,2.93,0.00, 0.00
1.69,2.89,1.48, 0.00
1.69,2.89,1.48, 0.00
1.69,2.89,1.48, 0.00
1.69,2.89,1.48, 0.00
1.69,2.89,1.48, 0.00
1.69,2.89,1.48, 0.00
1.69,2.89,1.48, 0.00
1.69,2.89,1.48, 0.00
1.69,2.88,0.02, 0.00
1.69,2.86,0.00, 0.00
1.69,2.85,0.00, 0.00
1.69,2.85,0.00, 0.00
1.69,2.91,0.00, 3.24
1.69,2.91,0.00, 3.24
1.69,2.91,0.00, 3.24
1.69,2.92,0.00, 0.26
1.69,2.89,0.00, 0.00
1.69,2.91,0.00, 1.00
1.69,2.92,0.00, 0.25
1.69,2.93,0.00, 0.50
1.69,2.95,0.00, 1.00
1.69,2.98,0.00, 1.75
1.69,3.04,0.00, 2.50
1.69,3.09,0.00, 2.75
1.69,3.13,0.00, 2.00
1.69,3.16,0.00, 1.75
1.71,3.20,0.99, 1.75
1.69,3.22,0.00, 0.75
1.69,3.24,0.00, 1.00
1.69,3.24,0.00, 0.50
1.69,3.26,0.00, 1.00
1.69,3.28,0.00, 1.00
1.69,3.28,0.00, 0.00
1.69,3.28,0.00, 0.00
1.69,3.28,0.00, 0.00
1.69,3.28,0.00, 0.00
1.69,3.28,0.00, 0.00
1.69,3.28,0.00, 0.00
1.69,3.28,0.00, 0.00
1.69,3.28,0.00, 0.00
1.69,3.28,0.00, 0.00
1.69,3.28,0.00, 0.00
1.69,3.28,0.00, 0.00
1.69,3.28,0.00, 0.00
1.69,3.28,0.00, 0.00
1.71,3.28,0.99, 0.00
1.69,3.26,0.00, 0.00
1.71,3.24,0.99, 0.00
1.69,3.05,0.00, 0.00
1.69,3.00,0.00, 0.00
1.69,2.99,0.00, 0.00
1.69,2.99,0.00, 0.00
1.69,2.96,0.00, 0.00
1.69,2.93,0.00, 0.00
1.71,2.88,0.99, 0.00
1.69,2.84,0.00, 0.00
1.71,2.78,0.99, 0.00
1.69,2.69,0.00, 0.00
1.69,2.62,0.00, 0.00
1.69,2.55,0.00, 0.00
1.69,2.55,0.00, 0.00
1.69,2.55,0.00, 0.00
1.69,2.55,0.00, 0.00
1.69,2.55,0.00, 0.00
1.69,2.55,0.00, 0.00
1.69,2.55,0.00, 0.00
1.69,2.55,0.00, 0.00
1.69,2.55,0.00, 0.00
1.69,2.55,0.00, 0.00
1.69,2.55,0.00, 0.00
1.69,2.55,0.00, 0.00
1.69,2.55,0.00, 0.00
1.69,2.55,0.00, 0.00
1.69,2.55,0.00, 0.00
1.69,2.55,0.00, 0.00
1.69,2.55,0.00, 0.00
1.69,2.55,0.00, 0.00
1.71,2.50,0.99, 0.00
1.71,2.44,0.01, 0.00
1.71,2.44,0.01, 0.00
1.71,2.44,0.01, 0.00
1.71,2.44,0.01, 0.00
1.71,2.44,0.01, 0.00
1.71,2.44,0.01, 0.00
1.69,2.39,0.00, 0.00
1.71,0.68,0.99, 0.00
1.71,0.68,0.99, 0.00
1.71,0.68,0.99, 0.00
1.71,0.68,0.99, 0.00
1.71,0.68,0.99, 0.00
1.71,0.68,0.99, 0.00
1.71,0.68,0.99, 0.00
1.71,0.68,0.99, 0.00
1.71,0.68,0.99, 0.00
1.71,0.68,0.99, 0.00
1.71,0.68,0.99, 0.00
0.00,0.69,0.00, 0.25
0.00,0.69,0.00, 0.25
0.00,0.69,0.00, 0.25
0.00,0.69,0.00, 0.25
0.00,0.69,0.00, 0.25
0.00,0.69,0.00, 0.25
0.00,0.69,0.00, 0.25
0.00,0.35,0.00, 0.00
0.00,0.28,0.00, 0.00
0.07,0.05,3.45, 0.00
0.00,0.05,0.00, 0.00
0.00,0.05,0.00, 0.00
0.00,0.05,0.00, 0.00
0.00,0.05,0.00, 0.00
0.00,0.05,0.00, 0.00
0.00,0.05,0.00, 0.50
0.00,0.05,0.00, 0.00
0.00,0.06,0.00, 0.25
0.00,0.05,0.00, 0.00
0.00,0.05,0.00, 0.00
0.00,0.05,0.00, 0.00
0.00,0.05,0.00, 0.00
0.00,0.05,0.00, 0.00
0.00,0.05,0.00, 0.00
0.00,0.05,0.00, 0.00
0.00,0.05,0.00, 0.00
0.00,0.05,0.00, 0.00
0.00,0.05,0.00, 0.00
0.00,0.05,0.00, 0.00
0.00,0.05,0.00, 0.00
0.00,0.05,0.00, 0.00
0.00,0.05,0.00, 0.00
0.00,0.05,0.00, 0.00
0.00,0.05,0.00, 0.00
0.00,0.05,0.00, 0.00
0.00,0.05,0.00, 0.00
0.00,0.05,0.00, 0.00
0.00,0.05,0.00, 0.00
0.00,0.05,0.00, 0.00
0.00,0.05,0.00, 0.00
0.00,0.05,0.00, 0.00
0.00,0.04,0.00, 0.00
0.00,0.04,0.00, 0.00
0.00,0.05,0.00, 0.50
0.00,0.05,0.00, 0.00
0.00,0.05,0.00, 0.00
0.00,0.05,0.00, 0.50
0.00,0.05,0.00, 0.00
0.00,0.05,0.00, 0.50
0.00,0.05,0.00, 0.00
0.00,0.05,0.00, 0.00
0.00,0.05,0.00, 0.50
0.00,0.05,0.00, 0.00
0.00,0.05,0.00, 0.00
0.00,0.05,0.00, 0.00
0.00,0.05,0.00, 0.00
0.00,0.05,0.00, 0.50
0.00,0.05,0.00, 0.00
0.00,0.05,0.00, 0.00
0.00,0.05,0.00, 0.00
0.00,0.05,0.00, 0.00
0.00,0.05,0.00, 0.00
0.00,0.05,0.00, 0.00
0.00,0.05,0.00, 0.50
0.00,0.06,0.00, 0.25
0.00,0.05,0.00, 0.00
0.00,0.05,0.00, 0.00
0.00,0.05,0.00, 0.50
0.00,0.05,0.00, 0.50
0.00,0.05,0.00, 0.00
0.00,0.05,0.00, 0.00
0.00,0.05,0.00, 0.50
0.00,0.05,0.00, 0.00
0.00,0.05,0.00, 0.00
0.00,0.05,0.00, 0.00
0.00,0.05,0.00, 0.00
0.00,0.05,0.00, 0.00
0.00,0.05,0.00, 0.00
0.00,0.05,0.00, 0.00
0.00,0.05,0.00, 0.50
0.00,0.05,0.00, 0.50
0.00,0.05,0.00, 0.00
0.00,0.05,0.00, 0.50
0.00,0.05,0.00, 0.00
0.00,0.05,0.00, 0.50
0.00,0.05,0.00, 0.00
0.00,0.