6.21,0.00,0.00, 0.00
0.00,0.05,0.00, 2.24
0.00,0.05,0.00, 2.24
0.00,0.05,0.00, 2.24
0.00,0.05,0.00, 0.01
0.00,0.05,0.00, 0.50
0.00,0.05,0.00, 0.00
0.00,0.05,0.00, 0.00
0.00,0.05,0.00, 0.00
0.00,0.05,0.00, 0.00
0.00,0.05,0.00, 0.00
0.00,0.05,0.00, 0.00
0.00,0.05,0.00, 0.00
0.00,0.05,0.00, 0.00
0.00,0.05,0.00, 0.00
0.00,0.05,0.00, 0.00
0.00,0.05,0.00, 0.00
0.00,0.05,0.00, 0.00
0.00,0.05,0.00, 0.00
0.00,0.05,0.00, 0.00
0.00,0.05,0.00, 0.00
0.00,0.05,0.00, 0.00
0.00,0.05,0.00, 0.00
0.00,0.05,0.00, 0.00
0.00,0.05,0.00, 0.00
0.00,0.05,0.00, 0.00
0.00,0.05,0.00, 0.00
0.00,0.05,0.00, 0.00
0.00,0.05,0.00, 0.00
0.00,0.05,0.00, 0.00
0.00,0.05,0.00, 0.00
1.07,2.38,52.71, 116.57
1.50,5.85,21.96, 173.04
1.50,5.95,0.32, 5.86
1.50,5.97,0.00, 0.52
1.50,6.03,0.00, 3.24
1.50,6.05,0.00, 0.76
1.50,6.00,0.00, 0.00
1.50,5.99,0.00, 0.00
1.52,5.98,0.99, 0.00
1.52,6.01,0.01, 1.00
1.52,6.03,0.00, 1.50
1.50,6.02,0.00, 0.00
1.52,5.95,0.99, 0.00
1.52,5.89,0.01, 0.00
1.50,5.81,0.00, 0.00
1.50,5.78,0.00, 0.00
1.52,5.72,0.99, 0.00
1.52,5.71,0.01, 0.00
1.52,5.69,0.00, 0.00
1.52,5.64,0.00, 0.00
1.52,5.62,0.00, 0.00
1.52,5.53,0.00, 0.00
1.55,5.49,1.48, 0.00
1.52,5.47,0.00, 0.00
1.55,5.44,1.48, 0.00
1.52,5.41,0.00, 0.00
1.52,5.40,0.00, 0.00
1.52,5.38,0.00, 0.00
1.52,5.34,0.00, 0.00
1.55,5.32,1.48, 0.00
1.52,5.32,0.00, 0.00
1.52,5.30,0.00, 0.00
1.52,5.29,0.00, 0.00
1.52,5.26,0.00, 0.00
1.55,5.26,1.48, 0.00
1.52,5.24,0.00, 0.00
1.55,5.19,1.48, 0.00
1.52,5.18,0.00, 0.00
1.52,5.18,0.00, 0.50
1.55,5.14,1.48, 0.00
1.55,5.10,0.02, 0.00
1.52,5.06,0.00, 0.00
1.52,5.01,0.00, 0.00
1.55,4.97,1.48, 0.00
1.55,4.91,0.02, 0.00
1.55,4.90,0.00, 0.00
1.55,4.90,0.00, 0.00
1.55,4.88,0.00, 0.00
1.52,4.88,0.00, 0.00
1.55,4.85,1.48, 0.00
1.55,4.82,0.02, 0.00
1.52,4.81,0.00, 0.00
1.55,4.80,1.48, 0.00
1.52,4.79,0.00, 0.00
1.55,4.82,1.48, 1.25
1.55,4.82,0.02, 0.50
1.52,4.82,0.00, 0.00
1.55,4.80,1.48, 0.00
1.55,4.76,0.02, 0.00
1.52,4.70,0.00, 0.00
1.55,4.68,1.48, 0.00
1.55,4.66,0.02, 0.00
1.55,4.66,0.00, 0.00
1.52,4.64,0.00, 0.00
1.55,4.64,1.48, 0.00
1.52,4.59,0.00, 0.00
1.52,4.53,0.00, 0.00
1.55,4.45,1.48, 0.00
1.55,4.34,0.02, 0.00
1.55,4.18,0.00, 0.00
1.55,4.01,0.00, 0.00
1.55,3.82,0.00, 0.00
1.55,3.65,0.00, 0.00
1.55,3.46,0.00, 0.00
1.55,3.29,0.00, 0.00
1.55,3.29,0.00, 0.00
1.55,3.10,0.00, 0.00
1.55,3.10,0.00, 0.00
1.55,3.10,0.00, 0.00
1.55,3.10,0.00, 0.00
1.55,3.10,0.00, 0.00
1.55,3.10,0.00, 0.00
1.55,3.10,0.00, 0.00
1.55,3.10,0.00, 0.00
1.55,3.10,0.00, 0.00
1.55,3.10,0.00, 0.00
1.55,3.10,0.00, 0.00
1.55,3.10,0.00, 0.00
1.52,2.91,0.00, 0.00
1.52,2.91,0.00, 0.00
1.52,2.91,0.00, 0.00
1.52,2.91,0.00, 0.00
1.52,2.91,0.00, 0.00
1.52,2.91,0.00, 0.00
1.52,2.91,0.00, 0.00
1.55,2.67,1.48, 0.00
0.00,0.27,0.00, 0.00
0.09,0.05,4.43, 0.00
0.00,0.05,0.00, 0.00
0.02,0.05,0.99, 0.50
0.02,0.05,0.99, 0.50
0.02,0.05,0.99, 0.50
0.02,0.05,0.99, 0.50
0.02,0.05,0.99, 0.50
0.02,0.05,0.99, 0.50
0.02,0.05,0.99, 0.50
0.02,0.05,0.99, 0.50
0.02,0.05,0.99, 0.50
0.02,0.05,0.99, 0.50
0.02,0.05,0.99, 0.50
0.02,0.05,0.99, 0.50
0.02,0.05,0.99, 0.50
0.02,0.05,0.99, 0.50
0.02,0.05,0.01, 0.00
0.00,0.05,0.00, 0.00
0.00,0.05,0.00, 0.00
0.00,0.05,0.00, 0.00
0.00,0.05,0.00, 0.00
0.00,0.05,0.00, 0.00
0.00,0.05,0.00, 0.00
0.00,0.05,0.00, 0.00
0.00,0.04,0.00, 0.00
0.00,0.05,0.00, 1.00
0.00,0.05,0.00, 1.00
0.00,0.05,0.00, 0.00
0.00,0.05,0.00, 0.00
0.00,0.05,0.00, 0.00
0.00,0.05,0.00, 0.00
0.00,0.05,0.00, 0.50
0.00,0.05,0.00, 0.50
0.00,0.05,0.00, 0.50
0.00,0.05,0.00, 0.50
0.00,0.05,0.00, 0.50
0.00,0.05,0.00, 0.50
0.00,0.05,0.00, 0.50
0.00,0.05,0.00, 0.50
0.00,0.05,0.00, 0.50
0.00,0.05,0.00, 0.50
0.00,0.05,0.00, 0.50
0.00,0.05,0.00, 0.50
0.00,0.05,0.00, 0.50
0.00,0.05,0.00, 0.50
0.00,0.05,0.00, 0.50
0.00,0.05,0.00, 0.50
0.00,0.05,0.00, 0.50
0.00,0.05,0.00, 0.50
0.00,0.05,0.00, 0.50
0.00,0.05,0.00, 0.50
0.00,0.05,0.00, 0.50
0.00,0.05,0.00, 0.50
0.00,0.05,0.00, 0.50
0.00,0.05,0.00, 0.50
0.00,0.05,0.00, 0.50
0.00,0.05,0.00, 0.50
0.00,0.05,0.00, 0.50
0.00,0.05,0.00, 0.00
0.00,0.05,0.00, 0.00
0.00,0.05,0.00, 0.50
0.00,0.05,0.00, 0.50
0.00,0.05,0.00, 0.50
0.00,0.05,0.00, 0.50
0.00,0.05,0.00, 0.50
0.00,0.05,0.00, 0.50
0.00,0.05,0.00, 0.50
0.00,0.05,0.00, 0.50
0.00,0.05,0.00, 0.50
0.00,0.05,0.00, 0.50
0.00,0.05,0.00, 0.50
0.00,0.05,0.00, 0.50
0.00,0.05,0.00, 0.50
0.00,1.28,0.00, 61.03
0.00,1.58,0.00, 14.92
0.00,1.58,0.00, 14.92
0.47,1.89,23.15, 16.00
1.50,4.37,51.08, 123.36
1.50,4.39,0.75, 1.70
1.50,4.40,0.01, 0.26
1.50,4.36,0.00, 0.00
1.50,4.33,0.00, 0.00
1.52,4.29,0.99, 0.00
1.52,4.23,0.01, 0.00
1.52,4.14,0.00, 0.00
1.52,4.14,0.00, 0.00
1.52,4.06,0.00, 0.00
1.52,4.00,0.00, 0.00
1.50,3.97,0.00, 0.00
1.52,3.93,0.99, 0.00
1.52,3.91,0.01, 0.00
1.52,3.89,0.00, 0.00
1.52,3.89,0.00, 0.00
1.52,3.89,0.00, 0.00
1.52,3.88,0.00, 0.00
1.52,3.88,0.00, 0.00
1.52,3.87,0.00, 0.00
1.55,3.88,1.48, 0.50
1.55,3.88,1.48, 0.50
1.52,3.90,0.00, 1.00
1.52,3.93,0.00, 1.50
1.52,3.93,0.00, 0.01
1.55,3.97,1.48, 1.74
1.52,3.96,0.00, 0.00
1.55,3.93,1.48, 0.00
1.55,3.92,0.02, 0.00
1.55,3.91,0.00, 0.00
1.55,3.90,0.00, 0.00
1.55,3.95,0.00, 2.49
1.55,3.98,0.00, 1.50
1.55,4.01,0.00, 1.50
1.52,4.04,0.00, 1.50
1.55,4.07,1.48, 1.75
1.55,4.07,0.02, 0.01
1.55,4.07,0.02, 0.01
1.55,4.11,0.00, 1.74
1.55,4.12,0.00, 0.50
1.55,4.17,0.00, 2.49
1.55,4.17,0.00, 2.49
1.55,4.26,0.00, 4.49
1.52,4.22,0.00, 0.00
1.55,4.24,1.48, 1.00
1.55,4.20,0.02, 0.00
1.52,4.22,0.00, 1.00
1.55,4.22,1.48, 0.00
1.55,4.19,0.02, 0.00
1.55,4.19,0.02, 0.00
1.55,4.19,0.02, 0.00
1.55,4.19,0.00, 0.00
1.55,4.22,0.00, 1.00
1.52,4.25,0.00, 1.75
1.55,4.27,1.48, 0.75
1.52,4.35,0.00, 3.99
1.52,4.43,0.00, 4.25
1.55,4.50,1.48, 3.50
1.55,4.57,0.02, 3.50
1.55,4.57,0.02, 3.50
1.55,4.68,0.00, 5.74
1.55,4.83,0.00, 7.24
1.55,4.93,0.00, 5.26
1.55,5.02,0.00, 4.50
1.55,5.07,0.00, 2.51
1.55,5.10,0.00, 1.25
1.55,5.11,0.00, 0.25
1.55,5.07,0.00, 0.00
1.55,5.00,0.00, 0.00
1.55,4.89,0.00, 0.00
1.55,4.78,0.00, 0.00
1.55,4.57,0.00, 0.00
1.55,4.36,0.00, 0.00
1.55,4.06,0.00, 0.00
1.55,4.06,0.00, 0.00
1.55,4.06,0.00, 0.00
1.55,4.06,0.00, 0.00
1.55,4.06,0.00, 0.00
1.55,4.06,0.00, 0.00
1.55,3.76,0.00, 0.00
1.55,3.45,0.00, 0.00
1.55,3.45,0.00, 0.00
1.55,3.12,0.00, 0.00
1.52,1.87,0.00, 0.00
1.52,1.65,0.00, 0.00
1.52,1.42,0.00, 0.00
1.52,1.42,0.00, 0.00
1.52,1.42,0.00, 0.00
1.52,1.42,0.00, 0.00
1.52,1.42,0.00, 0.00
1.52,1.42,0.00, 0.00
0.00,1.06,0.00, 0.00
0.00,1.06,0.00, 0.00
0.00,0.78,0.00, 0.00
0.00,0.78,0.00, 0.00
0.00,0.78,0.00, 0.00
0.00,0.78,0.00, 0.00
0.00,0.78,0.00, 0.00
0.00,0.78,0.00, 0.00
0.00,0.78,0.00, 0.00
0.00,0.78,0.00, 0.00
0.00,0.78,0.00, 0.00
0.00,0.78,0.00, 0.00
0.00,0.78,0.00, 0.00
0.00,0.78,0.00, 0.00
0.00,0.78,0.00, 0.00
0.00,0.78,0.00, 0.00
0.00,0.78,0.00, 0.00
0.00,0.78,0.00, 0.00
0.00,0.78,0.00, 0.00
0.00,0.78,0.00, 0.00
0.00,0.78,0.00, 0.00
0.00,0.78,0.00, 0.00
1.72,0.60,84.73, 0.00
1.61,0.13,0.00, 0.00
0.81,0.10,0.00, 0.00
0.11,0.05,0.00, 0.00
0.04,0.04,0.00, 0.00
0.07,0.04,1.48, 0.00
0.09,0.05,1.01, 0.50
0.04,0.05,0.00, 0.50
0.02,0.05,0.00, 0.00
0.07,0.05,2.46, 0.00
0.07,0.05,0.04, 0.50
0.02,0.06,0.00, 0.25
0.02,0.06,0.00, 0.00
0.02,0.06,0.00, 0.00
0.02,0.06,0.00, 0.00
0.00,0.05,0.00, 0.00
0.00,0.05,0.00, 0.50
0.00,0.06,0.00, 0.25
0.04,0.05,1.97, 0.00
0.04,0.05,0.03, 0.00
0.04,0.05,0.00, 0.00
0.09,0.05,2.46, 0.00
0.07,0.05,0.00, 0.00
0.07,0.05,0.00, 0.00
0.02,0.05,0.00, 0.00
0.00,0.05,0.00, 0.00
0.00,0.05,0.00, 0.00
0.00,0.05,0.00, 0.00
0.00,0.05,0.00, 0.00
0.00,0.05,0.00, 0.00
0.00,0.05,0.00, 0.00
0.00,0.05,0.00, 0.00
0.00,0.05,0.00, 0.00
0.00,0.05,0.00, 0.00
0.00,0.05,0.00, 0.00
0.00,0.05,0.00, 0.00
0.00,0.05,0.00, 0.00
0.00,0.05,0.00, 0.00
0.00,0.05,0.00, 0.50
0.00,0.05,0.00, 0.50
0.00,0.05,0.00, 0.00
0.00,0.05,0.00, 0.00
0.00,0.05,0.00, 0.00
0.00,0.05,0.00, 0.00
0.00,0.05,0.00, 0.00
0.00,0.05,0.00, 0.00
0.00,0.05,0.00, 0.00
0.00,0.05,0.00, 0.00
0.00,0.05,0.00, 0.00
0.00,0.05,0.00, 0.50
0.00,0.05,0.00, 0.50
0.00,0.05,0.00, 0.50
0.00,0.05,0.00, 0.50
0.00,0.05,0.00, 0.00
0.00,0.05,0.00, 0.00
0.00,0.05,0.00, 0.00
0.00,0.27,0.00, 11.21
0.00,0.40,0.00, 6.52
0.00,1.02,0.00, 31.16
0.00,1.02,0.00, 31.16
0.00,1.02,0.00, 31.16
0.00,1.02,0.00, 31.16
0.00,1.02,0.00, 31.16
0.00,1.36,0.00, 16.80
0.00,1.81,0.00, 22.48
0.29,2.24,14.29, 21.50
1.50,3.67,59.82, 71.32
1.50,3.98,0.88, 15.70
1.50,4.19,0.01, 10.52
1.50,4.37,0.00, 9.01
1.52,4.52,0.99, 7.51
1.52,4.52,0.99, 7.51
1.50,4.61,0.00, 4.76
1.50,4.61,0.00, 4.76
1.52,4.67,0.99, 2.76
1.52,4.74,0.01, 3.50
1.52,4.77,0.00, 1.76
1.52,4.79,0.00, 0.75
1.52,4.81,0.00, 1.00
1.52,4.78,0.00, 0.00
1.52,4.77,0.00, 0.00
1.52,4.74,0.00, 0.00
1.55,4.69,1.48, 0.00
1.55,4.65,0.02, 0.00
1.52,4.62,0.00, 0.00
1.55,4.56,1.48, 0.00
1.52,4.49,0.00, 0.00
1.52,4.45,0.00, 0.00
1.55,4.35,1.48, 0.00
1.55,4.27,0.02, 0.00
1.55,4.21,0.00, 0.00
1.55,4.21,0.00, 0.00
1.55,4.18,0.00, 0.00
1.55,4.16,0.00, 0.00
1.55,4.14,0.00, 0.00
1.55,4.14,0.00, 0.00
1.55,4.14,0.00, 0.00
1.55,4.10,0.00, 0.00
1.52,4.07,0.00, 0.00
1.55,4.06,1.48, 0.00
1.55,4.05,0.02, 0.00
1.55,4.05,0.02, 0.00
1.55,4.05,0.02, 0.00
1.55,4.05,0.02, 0.00
1.55,4.05,0.02, 0.00
1.55,4.05,0.02, 0.00
1.55,4.05,0.02, 0.00
1.55,4.03,0.00, 0.00
1.55,4.02,0.00, 0.00
1.55,4.03,0.00, 0.50
1.55,4.01,0.00, 0.00
1.55,4.02,0.00, 0.50
1.55,4.01,0.00, 0.00
1.55,3.99,0.00, 0.00
1.55,4.01,0.00, 1.00
1.55,4.02,0.00, 0.50
1.55,4.03,0.00, 0.50
1.55,4.03,0.00, 0.00
1.55,4.03,0.00, 0.00
1.55,4.04,0.00, 0.50
1.55,4.02,0.00, 0.00
1.55,4.06,0.00, 1.99
1.55,4.06,0.00, 0.01
1.55,4.06,0.00, 0.00
1.55,4.06,0.00, 0.00
1.55,4.04,0.00, 0.00
1.55,4.03,0.00, 0.00
1.55,4.05,0.00, 1.00
1.55,4.03,0.00, 0.00
1.55,4.05,0.00, 1.00
1.55,4.05,0.00, 0.00
1.55,4.05,0.00, 0.00
1.55,4.05,0.00, 0.00
1.55,4.04,0.00, 0.00
1.55,4.04,0.00, 0.00
1.55,4.01,0.00, 0.00
1.55,3.99,0.00, 0.00
1.55,3.96,0.00, 0.00
1.55,3.93,0.00, 0.00
1.55,3.93,0.00, 0.00
1.55,3.90,0.00, 0.00
1.55,3.86,0.00, 0.00
1.55,3.82,0.00, 0.00
1.55,3.76,0.00, 0.00
1.55,3.76,0.00, 0.00
1.55,3.76,0.00, 0.00
1.55,3.76,0.00, 0.00
1.55,3.73,0.00, 0.00
1.55,3.73,0.00, 0.00
1.55,3.70,0.00, 0.00
1.55,3.67,0.00, 0.00
1.55,3.55,0.00, 0.00
1.55,3.49,0.00, 0.00
1.55,3.47,0.00, 0.00
1.55,3.45,0.00, 0.00
1.55,3.42,0.00, 0.00
1.55,3.38,0.00, 0.00
1.55,3.32,0.00, 0.00
1.55,3.26,0.00, 0.00
1.55,3.26,0.00, 0.00
1.55,3.26,0.00, 0.00
1.55,3.26,0.00, 0.00
1.55,3.26,0.00, 0.00
1.55,3.26,0.00, 0.00
1.55,3.26,0.00, 0.00
1.55,3.14,0.00, 0.00
1.55,3.14,0.00, 0.00
1.55,3.14,0.00, 0.00
1.55,3.14,0.00, 0.00
1.55,3.14,0.00, 0.00
1.55,3.14,0.00, 0.00
1.55,3.14,0.00, 0.00
1.55,3.14,0.00, 0.00
1.55,3.14,0.00, 0.00
1.55,3.14,0.00, 0.00
1.55,3.14,0.00, 0.00
1.55,3.14,0.00, 0.00
1.55,3.14,0.00, 0.00
1.55,2.99,0.00, 0.00
1.55,2.99,0.00, 0.00
1.55,2.99,0.00, 0.00
1.55,2.99,0.00, 0.00
1.55,2.99,0.00, 0.00
1.55,2.99,0.00, 0.00
1.55,2.99,0.00, 0.00
1.55,2.99,0.00, 0.00
1.55,2.99,0.00, 0.00
1.55,2.99,0.00, 0.00
1.55,2.99,0.00, 0.00
1.55,2.99,0.00, 0.00
1.55,2.99,0.00, 0.00
1.55,2.99,0.00, 0.00
1.55,2.99,0.00, 0.00
1.55,2.99,0.00, 0.00
1.55,2.99,0.00, 0.00
1.55,2.99,0.00, 0.00
1.55,2.99,0.00, 0.00
1.55,2.99,0.00, 0.00
1.55,2.99,0.00, 0.00
1.55,2.99,0.00, 0.00
1.55,2.99,0.00, 0.00
1.55,2.99,0.00, 0.00
1.55,2.99,0.00, 0.00
1.55,2.86,0.00, 0.00
1.55,2.86,0.00, 0.00
1.55,2.86,0.00, 0.00
1.55,2.86,0.00, 0.00
1.55,2.86,0.00, 0.00
1.55,2.86,0.00, 0.00
1.55,2.86,0.00, 0.00
1.55,2.86,0.00, 0.00
1.55,2.86,0.00, 0.00
1.55,2.86,0.00, 0.00
1.55,1.79,0.00, 0.00
1.55,1.79,0.00, 0.00
1.55,1.79,0.00, 0.00
1.55,1.79,0.00, 0.00
1.55,1.79,0.00, 0.00
1.55,1.79,0.00, 0.00
1.55,1.79,0.00, 0.00
0.38,0.08,0.00, 0.00
0.38,0.08,0.00, 0.00
0.00,0.05,0.00, 0.00
0.00,0.05,0.00, 0.00
0.00,0.05,0.00, 0.00
0.00,0.05,0.00, 0.00
0.00,0.05,0.00, 0.00
0.00,0.05,0.00, 0.00
0.00,0.05,0.00, 0.00
0.00,0.05,0.00, 0.00
0.00,0.05,0.00, 0.00
0.00,0.05,0.00, 0.00
0.00,0.05,0.00, 0.00
0.00,0.05,0.00, 0.00
0.00,0.05,0.00, 0.00
0.00,0.05,0.00, 0.00
0.00,0.05,0.00, 0.00
0.00,0.05,0.00, 0.00
0.00,0.05,0.00, 0.00
0.00,0.05,0.00, 0.00
0.00,0.05,0.00, 0.00
0.00,0.05,0.00, 0.00
0.00,0.05,0.00, 0.00
0.00,0.05,0.00, 0.00
0.00,0.05,0.00, 0.00
0.00,0.05,0.00, 0.00
0.00,0.05,0.00, 0.00
0.00,0.06,0.00, 0.25
0.00,0.06,0.00, 0.25
0.00,0.06,0.00, 0.25
0.00,0.05,0.00, 0.00
0.00,0.05,0.00, 0.00
0.00,0.05,0.00, 0.50
0.00,0.05,0.00, 0.50
0.00,0.05,0.00, 0.50
0.00,0.05,0.00, 0.50
0.00,0.05,0.00, 0.50
0.00,0.05,0.00, 0.50
0.00,0.05,0.00, 0.50
0.00,0.05,0.00, 0.50
0.00,0.05,0.00, 0.50
0.00,0.05,0.00, 0.50
0.00,0.05,0.00, 0.50
0.00,0.05,0.00, 0.50
0.00,0.05,0.00, 0.50
0.00,0.05,0.00, 0.50
0.00,0.05,0.00, 0.50
0.00,0.05,0.00, 0.50
0.00,0.05,0.00, 0.50
0.00,0.05,0.00, 0.50
0.00,0.05,0.00, 0.50
0.00,0.05,0.00, 0.50
0.00,0.05,0.00, 0.50
0.00,0.05,0.00, 0.00
0.00,0.05,0.00, 0.00
0.00,0.05,0.00, 0.00
0.00,0.05,0.00, 0.00
0.00,0.05,0.00, 0.00
0.00,0.05,0.00, 0.00
0.00,0.05,0.00, 0.00
0.00,0.05,0.00, 0.00
0.00,0.05,0.00, 0.00
0.00,0.05,0.00, 0.00
0.00,0.05,0.00, 0.00
0.00,0.05,0.00, 0.00
0.00,0.05,0.00, 0.00
0.00,0.05,0.00, 0.00
0.00,0.05,0.00, 0.00
0.00,0.05,0.00, 0.00
1.28,3.44,63.06, 169.13
1.28,3.44,63.06, 169.13
1.28,3.44,63.06, 169.13
1.28,3.44,63.06, 169.13
1.28,3.44,63.06, 169.13
1.28,3.44,63.06, 169.13
1.28,3.44,63.06, 169.13
1.28,3.44,63.06, 169.13
1.28,3.44,63.06, 169.13
1.28,3.44,63.06, 169.13
1.28,3.44,63.06, 169.13
1.28,3.44,63.06, 169.13
1.28,3.44,63.06, 169.13
1.28,3.44,63.06, 169.13
1.39,3.63,6.35, 10.08
1.39,3.63,6.35, 10.08
1.50,3.94,5.51, 15.73
1.52,4.70,1.07, 37.42
1.55,3.94,1.49, 0.00
1.55,3.96,0.02, 1.00
1.55,3.94,0.00, 0.00
1.57,3.94,0.99, 0.00
1.57,3.94,0.99, 0.00
1.57,3.94,0.99, 0.00
1.57,3.94,0.99, 0.00
1.57,3.94,0.99, 0.00
1.57,3.94,0.99, 0.00
1.57,3.94,0.99, 0.00
1.57,3.94,0.99, 0.00
1.57,3.94,0.99, 0.00
1.55,3.95,0.00, 0.50
1.55,3.93,0.00, 0.00
1.55,3.92,0.00, 0.00
1.55,3.99,0.00, 3.49
1.55,4.01,0.00, 1.01
1.55,4.01,0.00, 1.01
1.55,4.01,0.00, 1.01
1.55,4.01,0.00, 1.01
1.55,4.01,0.00, 1.01
1.55,4.01,0.00, 1.01
1.55,4.01,0.00, 1.01
1.55,4.01,0.00, 1.01
1.55,4.01,0.00, 1.01
1.55,4.01,0.00, 1.01
1.55,4.02,0.00, 0.50
1.55,4.02,0.00, 0.00
1.52,4.03,0.00, 0.50
1.55,4.11,1.48, 3.99
1.55,4.14,0.02, 1.26
1.55,4.12,0.00, 0.00
1.55,4.10,0.00, 0.00
1.55,4.09,0.00, 0.00
1.55,4.07,0.00, 0.00
1.55,4.05,0.00, 0.00
1.55,4.04,0.00, 0.00
1.55,4.02,0.00, 0.00
1.55,4.02,0.00, 0.00
1.55,3.97,0.00, 0.00
1.55,3.92,0.00, 0.00
1.55,3.92,0.00, 0.00
1.55,3.92,0.00, 0.00
1.55,3.92,0.00, 0.00
1.55,3.92,0.00, 0.00
1.55,3.92,0.00, 0.00
1.55,3.92,0.00, 0.00
1.55,3.92,0.00, 0.00
1.55,3.92,0.00, 0.00
1.55,3.92,0.00, 0.00
1.55,3.92,0.00, 0.00
1.55,3.92,0.00, 0.00
1.55,3.92,0.00, 0.00
1.55,3.89,0.00, 0.00
1.55,3.89,0.00, 0.00
1.55,3.84,0.00, 0.00
1.55,3.79,0.00, 0.00
1.55,3.86,0.00, 3.24
1.57,3.78,0.99, 0.00
1.55,3.68,0.00, 0.00
1.55,3.59,0.00, 0.00
1.55,3.51,0.00, 0.00
1.55,3.45,0.00, 0.00
1.57,3.37,0.99, 0.00
1.55,3.28,0.00, 0.00
1.55,3.18,0.00, 0.00
1.55,3.03,0.00, 0.00
1.55,2.85,0.00, 0.00
1.55,2.66,0.00, 0.00
1.55,2.66,0.00, 0.00
1.55,2.66,0.00, 0.00
1.55,2.66,0.00, 0.00
1.55,2.66,0.00, 0.00
1.55,2.66,0.00, 0.00
1.55,2.66,0.00, 0.00
1.55,2.66,0.00, 0.00
1.55,2.66,0.00, 0.00
1.55,2.66,0.00, 0.00
1.55,2.66,0.00, 0.00
1.55,2.66,0.00, 0.00
1.55,2.66,0.00, 0.00
1.55,2.66,0.00, 0.00
1.55,2.66,0.00, 0.00
1.55,2.66,0.00, 0.00
1.55,2.66,0.00, 0.00
1.55,2.66,0.00, 0.00
1.55,2.66,0.00, 0.00
1.55,2.66,0.00, 0.00
1.55,2.66,0.00, 0.00
1.55,2.66,0.00, 0.00
1.55,2.66,0.00, 0.00
1.55,2.66,0.00, 0.00
1.55,2.66,0.00, 0.00
1.55,2.66,0.00, 0.00
1.55,2.66,0.00, 0.00
1.55,2.66,0.00, 0.00
1.55,2.66,0.00, 0.00
1.55,2.66,0.00, 0.00
1.55,2.66,0.00, 0.00
1.55,2.66,0.00, 0.00
1.55,2.66,0.00, 0.00
1.55,2.66,0.00, 0.00
1.55,2.66,0.00, 0.00
1.55,2.66,0.00, 0.00
1.55,2.66,0.00, 0.00
1.55,2.66,0.00, 0.00
1.55,2.45,0.00, 0.00
1.55,2.45,0.00, 0.00
1.55,2.45,0.00, 0.00
1.55,2.45,0.00, 0.00
1.55,2.45,0.00, 0.00
1.55,2.45,0.00, 0.00
1.55,2.45,0.00, 0.00
1.55,2.45,0.00, 0.00
1.55,2.45,0.00, 0.00
1.55,2.24,0.00, 0.00
1.55,2.24,0.00, 0.00
1.55,2.24,0.00, 0.00
1.55,2.24,0.00, 0.00
1.55,2.24,0.00, 0.00
1.55,2.24,0.00, 0.00
1.55,2.24,0.00, 0.00
1.55,2.24,0.00, 0.00
1.55,2.24,0.00, 0.00
1.55,2.24,0.00, 0.00
1.55,2.24,0.00, 0.00
1.55,2.24,0.00, 0.00
1.55,2.24,0.00, 0.00
1.55,2.24,0.00, 0.00
1.55,2.03,0.00, 0.00
0.00,0.05,0.00, 0.00
0.00,0.05,0.00, 0.00
0.00,0.05,0.00, 0.00
0.00,0.05,0.00, 0.00
0.00,0.05,0.00, 0.00
0.00,0.05,0.00, 0.00
0.00,0.05,0.00, 0.50
0.00,0.05,0.00, 0.00
0.00,0.05,0.00, 0.00
0.00,0.05,0.00, 0.00
0.00,0.05,0.00, 0.00
0.00,0.05,0.00, 0.00
0.00,0.05,0.00, 0.00
0.00,0.05,0.00, 0.00
0.00,0.05,0.00, 0.00
0.00,0.05,0.00, 0.50
0.00,0.05,0.00, 0.50
0.00,0.05,0.00, 0.50
0.00,0.05,0.00, 0.50
0.00,0.05,0.00, 0.50
0.00,0.05,0.00, 0.50
0.00,0.05,0.00, 0.50
0.00,0.05,0.00, 0.00
0.00,0.05,0.00, 0.00
0.00,0.05,0.00, 0.00
0.00,0.05,0.00, 0.00
0.00,0.05,0.00, 0.00
0.00,0.05,0.00, 0.00
0.00,0.05,0.00, 0.00
0.00,0.05,0.00, 0.00
0.00,0.05,0.00, 0.00
0.00,0.05,0.00, 0.50
0.00,0.05,0.00, 0.00
0.00,0.05,0.00, 0.00
0.00,0.05,0.00, 0.00
0.00,0.05,0.00, 0.00
0.00,0.05,0.00, 0.00
0.00,0.05,0.00, 0.00
0.00,0.05,0.00, 0.00
0.00,0.05,0.00, 0.00
0.00,0.05,0.00, 0.00
0.00,0.05,0.00, 0.00
0.00,0.05,0.00, 0.00
0.00,0.05,0.00, 0.00
0.00,0.05,0.00, 0.00
0.00,0.05,0.00, 0.00
0.00,0.05,0.00, 0.00
0.00,0.05,0.00, 0.00
0.00,0.05,0.00, 0.00
0.00,0.05,0.00, 0.00
0.00,0.05,0.00, 0.00
0.00,0.05,0.00, 0.00
0.00,0.05,0.00, 0.00
0.00,0.05,0.00, 0.00
0.00,0.05,0.00, 0.00
0.00,0.05,0.00, 0.00
0.00,0.05,0.00, 0.00
1.46,3.64,71.93, 179.09
1.50,3.97,3.03, 17.34
1.50,3.97,3.03, 17.34
1.50,3.97,3.03, 17.34
1.50,3.97,3.03, 17.34
1.50,3.97,3.03, 17.34
1.50,3.97,3.03, 17.34
1.50,4.24,0.04, 13.51
1.50,4.24,0.04, 13.51
1.50,4.24,0.04, 13.51
1.50,4.24,0.04, 13.51
1.50,4.24,0.04, 13.51
1.50,4.24,0.04, 13.51
1.50,4.24,0.04, 13.51
1.50,4.44,0.00, 9.76
1.50,4.44,0.00, 9.76
1.50,4.44,0.00, 9.76
1.50,4.44,0.00, 9.76
1.50,4.44,0.00, 9.76
1.50,4.44,0.00, 9.76
1.50,4.44,0.00, 9.76
1.50,4.44,0.00, 9.76
1.50,4.44,0.00, 9.76
1.50,4.44,0.00, 9.76
1.50,4.44,0.00, 9.76
1.50,4.44,0.00, 9.76
1.50,4.44,0.00, 9.76
1.50,4.44,0.00, 9.76
1.50,4.44,0.00, 9.76
1.50,4.60,0.00, 8.01
1.52,4.68,0.99, 4.01
1.55,4.39,1.49, 0.00
1.55,3.91,0.02, 0.00
1.55,3.91,0.02, 0.00
1.55,3.93,0.00, 0.50
1.55,3.92,0.00, 0.00
1.55,3.92,0.00, 0.00
1.55,3.92,0.00, 0.00
1.55,3.92,0.00, 0.00
1.55,3.92,0.00, 0.00
1.55,3.92,0.00, 0.00
1.57,3.93,0.99, 0.50
1.55,3.93,0.00, 0.00
1.55,4.01,0.00, 3.99
1.57,4.03,0.99, 0.76
1.55,4.04,0.00, 0.75
1.55,4.07,0.00, 1.50
1.55,4.09,0.00, 0.75
1.55,4.07,0.00, 0.00
1.55,4.07,0.00, 0.00
1.55,4.07,0.00, 0.00
1.55,4.07,0.00, 0.00
1.55,4.09,0.00, 1.00
1.55,4.09,0.00, 0.00
1.55,4.10,0.00, 0.50
1.57,4.07,0.99, 0.00
1.55,4.07,0.00, 0.50
1.55,4.07,0.00, 0.50
1.55,4.07,0.00, 0.50
1.55,4.07,0.00, 0.50
1.55,4.07,0.00, 0.50
1.55,4.07,0.00, 0.00
1.55,4.03,0.00, 0.00
1.55,4.02,0.00, 0.00
1.55,3.96,0.00, 0.00
1.55,3.91,0.00, 0.00
1.55,3.89,0.00, 0.00
1.57,3.84,0.99, 0.00
1.55,3.81,0.00, 0.00
1.55,3.79,0.00, 0.00
1.57,3.78,0.99, 0.00
1.55,3.76,0.00, 0.00
1.55,3.72,0.00, 0.00
1.55,3.72,0.00, 0.00
1.55,3.72,0.00, 0.00
1.55,3.72,0.00, 0.00
1.55,3.72,0.00, 0.00
1.55,3.72,0.00, 0.00
1.55,3.68,0.00, 0.00
1.55,3.64,0.00, 0.00
1.55,3.60,0.00, 0.00
1.55,3.33,0.00, 0.00
1.55,3.27,0.00, 0.00
1.57,3.18,0.99, 0.00
1.55,3.09,0.00, 0.00
1.55,3.09,0.00, 0.00
1.55,3.09,0.00, 0.00
1.55,3.09,0.00, 0.00
1.55,3.09,0.00, 0.00
1.55,3.09,0.00, 0.00
1.55,3.09,0.00, 0.00
1.55,3.09,0.00, 0.00
1.55,3.09,0.00, 0.00
1.55,3.09,0.00, 0.00
1.55,3.09,0.00, 0.00
1.55,3.09,0.00, 0.00
1.55,3.09,0.00, 0.00
1.55,3.09,0.00, 0.00
1.55,3.09,0.00, 0.00
1.55,3.09,0.00, 0.00
1.55,3.09,0.00, 0.00
1.55,3.09,0.00, 0.00
1.55,3.09,0.00, 0.00
1.55,3.09,0.00, 0.00
1.55,3.09,0.00, 0.00
1.55,3.09,0.00, 0.00
1.55,3.09,0.00, 0.00
1.55,3.09,0.00, 0.00
1.55,3.09,0.00, 0.00
1.55,3.09,0.00, 0.00
1.55,3.00,0.00, 0.00
1.55,3.00,0.00, 0.00
1.55,3.00,0.00, 0.00
1.55,3.00,0.00, 0.00
1.55,3.00,0.00, 0.00
1.55,3.00,0.00, 0.00
1.55,3.00,0.00, 0.00
1.55,2.88,0.00, 0.00
1.55,2.88,0.00, 0.00
1.55,2.88,0.00, 0.00
1.55,2.88,0.00, 0.00
1.55,2.88,0.00, 0.00
1.55,2.88,0.00, 0.00
1.55,2.88,0.00, 0.00
1.57,2.74,0.99, 0.00
1.57,2.74,0.99, 0.00
1.57,2.74,0.99, 0.00
1.57,2.74,0.99, 0.00
1.57,2.74,0.99, 0.00
1.57,2.74,0.99, 0.00
1.57,2.74,0.99, 0.00
1.57,2.74,0.99, 0.00
1.57,2.74,0.99, 0.00
0.00,0.06,0.00, 0.00
0.00,0.06,0.00, 0.00
0.11,0.05,5.42, 0.00
0.04,0.06,0.00, 0.75
0.04,0.06,0.00, 0.75
0.02,0.05,0.00, 0.00
0.02,0.05,0.00, 0.50
0.00,0.06,0.00, 0.25
0.00,0.06,0.00, 0.00
0.00,0.06,0.00, 0.00
0.00,0.06,0.00, 0.00
0.00,0.06,0.00, 0.00
0.00,0.06,0.00, 0.00
0.00,0.06,0.00, 0.00
0.00,0.05,0.00, 0.00
0.00,0.05,0.00, 0.00
0.00,0.05,0.00, 0.00
0.00,0.05,0.00, 0.00
0.00,0.05,0.00, 0.00
0.00,0.05,0.00, 0.00
0.00,0.05,0.00, 0.00
0.00,0.05,0.00, 0.00
0.00,0.05,0.00, 0.00
0.00,0.05,0.00, 0.00
0.00,0.05,0.00, 0.00
0.00,0.05,0.00, 0.00
0.00,0.05,0.00, 0.00
0.00,0.05,0.00, 0.00
0.00,0.05,0.00, 0.00
0.00,0.05,0.00, 0.00
0.00,0.05,0.00, 0.00
0.00,0.05,0.00, 0.00
0.00,0.05,0.00, 0.00
0.00,0.05,0.00, 0.00
0.00,0.05,0.00, 0.00
0.00,0.05,0.00, 0.00
0.00,0.05,0.00, 0.00
0.00,0.05,0.00, 0.00
0.00,0.05,0.00, 0.00
0.00,0.05,0.00, 0.00
0.00,0.05,0.00, 0.00
0.00,0.05,0.00, 0.00
0.00,0.05,0.00, 0.00
0.00,0.05,0.00, 0.00
0.00,0.05,0.00, 0.00
0.00,0.05,0.00, 0.00
0.00,0.05,0.00, 0.00
0.00,0.05,0.00, 0.00
0.00,0.05,0.00, 0.00
0.00,0.05,0.00, 0.50
0.00,0.05,0.00, 0.50
0.00,0.05,0.00, 0.00
0.00,0.05,0.00, 0.00
0.00,0.05,0.00, 0.00
0.00,0.05,0.00, 0.00
0.00,0.05,0.00, 0.00
0.00,0.05,0.00, 0.00
0.00,0.05,0.00, 0.00
0.00,0.05,0.00, 0.00
0.00,0.23,0.00, 9.22
0.00,0.86,0.00, 31.42
1.50,2.91,73.90, 102.24
1.50,3.08,1.09, 8.84
1.50,3.23,0.02, 7.50
1.50,3.23,0.02, 7.50
1.50,3.23,0.02, 7.50
1.50,3.23,0.02, 7.50
1.50,3.23,0.02, 7.50
1.50,3.23,0.02, 7.50
1.50,3.23,0.02, 7.50
1.50,3.23,0.02, 7.50
1.50,3.23,0.02, 7.50
1.50,3.23,0.02, 7.50
1.50,3.23,0.02, 7.50
1.50,3.23,0.02, 7.50
1.50,3.23,0.02, 7.50
1.50,3.33,0.00, 5.01
1.50,3.33,0.00, 5.01
1.52,3.40,0.99, 3.51
1.52,3.45,0.01, 2.50
1.52,3.45,0.01, 2.50
1.55,3.51,1.48, 2.75
1.55,3.48,0.02, 0.00
1.52,3.47,0.00, 0.00
1.55,3.41,1.48, 0.00
1.57,3.37,1.01, 0.00
1.57,3.35,0.01, 0.00
1.55,3.33,0.00, 0.00
1.55,3.30,0.00, 0.00
1.55,3.28,0.00, 0.00
1.55,3.24,0.00, 0.00
1.55,3.22,0.00, 0.00
1.55,3.20,0.00, 0.00
1.55,3.18,0.00, 0.00
1.57,3.17,0.99, 0.00
1.57,3.15,0.01, 0.00
1.57,3.15,0.01, 0.00
1.55,3.15,0.00, 0.00
1.55,3.16,0.00, 0.25
1.57,3.16,0.99, 0.00
1.57,3.16,0.99, 0.00
1.57,3.16,0.99, 0.00
1.57,3.16,0.99, 0.00
1.57,3.16,0.99, 0.00
1.57,3.16,0.99, 0.00
1.57,3.16,0.99, 0.00
1.57,3.14,0.01, 0.00
1.55,3.17,0.00, 1.49
1.55,3.18,0.00, 0.25
1.57,3.15,0.99, 0.00
1.57,3.15,0.99, 0.00
1.57,3.15,0.01, 0.00
1.57,3.15,0.01, 0.00
1.55,3.13,0.00, 0.00
1.55,3.12,0.00, 0.00
1.55,3.06,0.00, 0.00
1.55,3.03,0.00, 0.00
1.55,3.00,0.00, 0.00
1.55,3.00,0.00, 0.00
1.55,2.97,0.00, 0.00
1.57,2.93,0.99, 0.00
1.55,2.91,0.00, 0.00
1.55,2.91,0.00, 0.00
1.57,2.89,0.99, 0.00
1.55,2.84,0.00, 0.00
1.55,2.84,0.00, 0.00
1.55,2.84,0.00, 0.00
1.55,2.84,0.00, 0.00
1.55,2.84,0.00, 0.00
1.55,2.83,0.00, 0.00
1.57,2.79,0.99, 0.00
1.57,2.79,0.99, 0.00
1.55,2.76,0.00, 0.00
1.57,2.58,0.99, 0.00
1.55,2.55,0.00, 0.00
1.57,2.49,0.99, 0.00
1.55,2.45,0.00, 0.00
1.55,2.42,0.00, 0.00
1.55,2.38,0.00, 0.00
1.55,2.33,0.00, 0.00
1.57,2.28,0.99, 0.00
1.55,2.23,0.00, 0.00
1.55,2.23,0.00, 0.00
1.55,2.19,0.00, 0.00
1.55,2.19,0.00, 0.00
1.55,2.19,0.00, 0.00
1.55,2.19,0.00, 0.00
1.55,2.19,0.00, 0.00
1.55,2.19,0.00, 0.00
1.55,2.13,0.00, 0.00
1.55,2.13,0.00, 0.00
1.55,2.13,0.00, 0.00
1.55,2.13,0.00, 0.00
1.55,2.13,0.00, 0.00
1.55,2.13,0.00, 0.00
1.55,2.13,0.00, 0.00
1.55,2.13,0.00, 0.00
1.55,2.13,0.00, 0.00
1.55,2.07,0.00, 0.00
1.55,1.99,0.00, 0.00
1.55,1.52,0.00, 0.00
1.55,1.52,0.00, 0.00
1.55,1.52,0.00, 0.00
1.55,1.52,0.00, 0.00
1.55,1.52,0.00, 0.00
1.55,1.52,0.00, 0.00
1.55,1.52,0.00, 0.00
1.55,1.52,0.00, 0.00
1.55,1.52,0.00, 0.00
1.55,1.52,0.00, 0.00
1.55,1.52,0.00, 0.00
1.55,1.52,0.00, 0.00
1.55,1.52,0.00, 0.00
1.55,1.52,0.00, 0.00
1.55,1.52,0.00, 0.00
1.55,1.52,0.00, 0.00
1.55,1.52,0.00, 0.00
1.55,1.52,0.00, 0.00
1.55,1.52,0.00, 0.00
1.55,1.52,0.00, 0.00
1.55,1.52,0.00, 0.00
1.55,1.52,0.00, 0.00
1.55,1.52,0.00, 0.00
1.55,1.52,0.00, 0.00
1.43,0.63,0.00, 0.00
1.43,0.63,0.00, 0.00
1.43,0.63,0.00, 0.00
1.43,0.63,0.00, 0.00
1.43,0.63,0.00, 0.00
1.43,0.63,0.00, 0.00
1.55,0.50,5.91, 0.00
1.55,0.50,5.91, 0.00
1.50,0.41,0.00, 0.00
1.50,0.41,0.00, 0.00
1.50,0.41,0.00, 0.00
0.00,0.06,0.00, 0.00
0.00,0.04,0.00, 0.00
0.00,0.05,0.00, 0.50
0.00,0.05,0.00, 0.50
0.00,0.05,0.00, 0.00
0.00,0.05,0.00, 0.00
0.00,0.05,0.00, 0.00
0.00,0.05,0.00, 0.00
0.00,0.05,0.00, 0.00
0.00,0.05,0.00, 0.00
0.00,0.05,0.00, 0.00
0.00,0.05,0.00, 0.00
0.00,0.05,0.00, 0.00
0.00,0.05,0.00, 0.00
0.00,0.05,0.00, 0.00
0.00,0.05,0.00, 0.00
0.00,0.05,0.00, 0.00
0.00,0.05,0.00, 0.00
0.00,0.05,0.00, 0.00
0.00,0.05,0.00, 0.00
0.00,0.05,0.00, 0.00
0.00,0.05,0.00, 0.00
0.00,0.05,0.00, 0.00
0.00,0.05,0.00, 0.00
0.00,0.05,0.00, 0.00
0.00,0.05,0.00, 0.00
0.00,0.05,0.00, 0.00
0.00,0.05,0.00, 0.00
0.00,0.05,0.00, 0.00
0.00,0.05,0.00, 0.00
0.00,0.05,0.00, 0.00
0.00,0.05,0.00, 0.00
0.00,0.05,0.00, 0.00
0.00,0.05,0.00, 0.00
0.00,0.05,0.00, 0.00
0.00,0.05,0.00, 0.00
0.00,0.05,0.00, 0.50
0.00,0.05,0.00, 0.50
0.00,0.05,0.00, 0.50
0.00,0.05,0.00, 0.50
0.00,0.05,0.00, 0.50
0.00,0.05,0.00, 0.50
0.00,0.05,0.00, 0.50
0.00,0.05,0.00, 0.50
0.00,0.05,0.00, 0.50
0.00,0.05,0.00, 0.50
0.00,0.05,0.00, 0.50
0.00,0.05,0.00, 0.50
0.00,0.05,0.00, 0.50
0.00,0.05,0.00, 0.50
0.00,0.05,0.00, 0.00
0.00,0.05,0.00, 0.00
0.00,0.05,0.00, 0.00
0.00,0.05,0.00, 0.00
0.00,0.05,0.00, 0.00
0.00,0.05,0.00, 0.00
0.00,0.05,0.00, 0.00
0.00,0.05,0.00, 0.00
0.00,0.05,0.00, 0.00
0.00,0.05,0.00, 0.00
0.00,0.05,0.00, 0.00
0.00,0.05,0.00, 0.00
0.00,0.05,0.00, 0.00
0.00,0.05,0.00, 0.00
0.00,0.64,0.00, 29.89
0.00,0.64,0.00, 29.89
0.00,0.74,0.00, 4.84
0.00,0.74,0.00, 4.84
0.00,0.74,0.00, 4.84
1.50,3.14,73.90, 119.58
1.52,2.78,2.07, 0.00
1.52,2.72,0.03, 0.00
1.52,2.64,0.00, 0.00
1.52,2.62,0.00, 0.00
1.55,2.58,1.48, 0.00
1.55,2.57,0.02, 0.00
1.55,2.57,0.02, 0.00
1.55,2.57,0.02, 0.00
1.55,2.57,0.02, 0.00
1.55,2.57,0.02, 0.00
1.55,2.53,0.00, 0.00
1.55,2.53,0.00, 0.00
1.55,2.51,0.00, 0.00
1.55,2.51,0.00, 0.00
1.55,2.51,0.00, 0.00
1.55,2.51,0.00, 0.00
1.55,2.51,0.00, 0.00
1.55,2.51,0.00, 0.00
1.55,2.51,0.00, 0.00
1.55,2.44,0.00, 0.00
1.55,2.44,0.00, 0.00
1.55,2.44,0.00, 0.00
1.55,2.45,0.00, 0.75
1.55,2.45,0.00, 0.75
1.55,2.49,0.00, 1.75
1.55,2.62,0.00, 6.23
1.55,2.61,0.00, 0.00
1.55,2.61,0.00, 0.00
1.55,2.62,0.00, 0.50
1.55,2.63,0.00, 0.75
1.57,2.66,0.99, 1.75
1.55,2.68,0.00, 1.00
1.55,2.69,0.00, 0.25
1.55,2.70,0.00, 0.50
1.55,2.70,0.00, 0.00
1.55,2.70,0.00, 0.00
1.55,2.70,0.00, 0.00
1.55,2.70,0.00, 0.00
1.55,2.70,0.00, 0.00
1.55,2.71,0.00, 0.75
1.55,2.68,0.00, 0.00
1.55,2.65,0.00, 0.00
1.55,2.46,0.00, 0.00
1.55,2.46,0.00, 0.00
1.55,2.45,0.00, 0.00
1.55,2.45,0.00, 0.00
1.55,2.45,0.00, 0.00
1.55,2.45,0.00, 0.00
1.55,2.45,0.00, 0.00
1.55,2.45,0.00, 0.00
1.55,2.44,0.00, 0.00
1.55,2.44,0.00, 0.00
1.55,2.44,0.00, 0.00
1.55,2.44,0.00, 0.00
1.55,2.44,0.00, 0.00
1.55,2.44,0.00, 0.00
1.55,2.44,0.00, 0.00
1.55,2.44,0.00, 0.00
1.55,2.44,0.00, 0.00
1.55,2.44,0.00, 0.00
1.55,2.44,0.00, 0.00
1.55,2.44,0.00, 0.00
1.55,2.44,0.00, 0.00
1.55,2.44,0.00, 0.00
1.55,2.43,0.00, 0.00
1.55,2.43,0.00, 0.00
1.55,2.43,0.00, 0.00
1.55,2.43,0.00, 0.00
1.55,2.43,0.00, 0.00
1.55,2.43,0.00, 0.00
1.55,2.43,0.00, 0.00
1.55,2.43,0.00, 0.00
1.55,2.43,0.00, 0.00
1.55,2.43,0.00, 0.00
1.55,2.43,0.00, 0.00
1.55,2.43,0.00, 0.00
1.55,2.43,0.00, 0.00
1.55,2.44,0.00, 0.50
1.55,2.37,0.00, 0.00
1.55,2.37,0.00, 0.00
1.55,1.65,0.00, 0.00
1.55,1.65,0.00, 0.00
1.55,1.65,0.00, 0.00
1.55,1.65,0.00, 0.00
1.55,1.65,0.00, 0.00
1.55,1.65,0.00, 0.00
1.55,1.65,0.00, 0.00
1.55,1.65,0.00, 0.00
1.55,1.65,0.00, 0.00
1.55,1.65,0.00, 0.00
1.55,1.65,0.00, 0.00
1.55,1.65,0.00, 0.00
1.55,1.65,0.00, 0.00
1.55,1.65,0.00, 0.00
1.55,1.65,0.00, 0.00
1.55,1.65,0.00, 0.00
1.55,1.65,0.00, 0.00
1.55,1.65,0.00, 0.00
1.55,1.65,0.00, 0.00
1.55,1.65,0.00, 0.00
1.55,1.65,0.00, 0.00
1.55,1.65,0.00, 0.00
1.55,1.65,0.00, 0.00
1.55,1.65,0.00, 0.00
1.55,1.65,0.00, 0.00
1.55,1.65,0.00, 0.00
0.33,0.19,0.00, 0.00
0.33,0.19,0.00, 0.00
0.33,0.19,0.00, 0.00
0.33,0.19,0.00, 0.00
0.33,0.19,0.00, 0.00
0.33,0.19,0.00, 0.00
0.33,0.19,0.00, 0.00
0.00,0.11,0.00, 0.00
0.00,0.11,0.00, 0.00
0.00,0.11,0.00, 0.00
0.00,0.11,0.00, 0.00
0.00,0.11,0.00, 0.00
0.00,0.11,0.00, 0.00
0.38,0.06,18.72, 0.00
0.38,0.06,18.72, 0.00
0.00,0.05,0.00, 0.00
0.00,0.05,0.00, 0.00
0.00,0.05,0.00, 0.00
0.00,0.05,0.00, 0.00
0.00,0.05,0.00, 0.00
0.00,0.05,0.00, 0.00
0.00,0.05,0.00, 0.00
0.00,0.05,0.00, 0.00
0.00,0.05,0.00, 0.00
0.00,0.05,0.00, 0.00
0.00,0.05,0.00, 0.00
0.00,0.05,0.00, 0.00
0.00,0.05,0.00, 0.00
0.00,0.05,0.00, 0.00
0.00,0.05,0.00, 0.00
0.00,0.05,0.00, 0.00
0.00,0.05,0.00, 0.00
0.00,0.05,0.00, 0.00
0.00,0.05,0.00, 0.00
0.00,0.05,0.00, 0.00
0.00,0.05,0.00, 0.00
0.00,0.05,0.00, 0.00
0.00,0.05,0.00, 0.00
0.00,0.05,0.00, 0.00
0.00,0.05,0.00, 0.00
0.00,0.05,0.00, 0.00
0.00,0.05,0.00, 0.00
0.00,0.05,0.00, 0.00
0.00,0.05,0.00, 0.00
0.00,0.05,0.00, 0.00
0.00,0.05,0.00, 0.00
0.00,0.05,0.00, 0.00
0.00,0.05,0.00, 0.00
0.00,0.05,0.00, 0.00
0.00,0.05,0.00, 0.00
0.00,0.05,0.00, 0.00
0.00,0.05,0.00, 0.00
0.00,0.05,0.00, 0.00
0.00,0.05,0.00, 0.00
0.00,0.05,0.00, 0.00
0.00,0.05,0.00, 0.00
0.00,0.05,0.00, 0.00
0.00,0.05,0.00, 0.00
0.00,0.05,0.00, 0.00
0.00,0.05,0.00, 0.00
0.00,0.05,0.00, 0.00
0.00,0.05,0.00, 0.00
0.00,0.05,0.00, 0.00
0.00,0.05,0.00, 0.00
0.00,0.05,0.00, 0.00
0.00,0.05,0.00, 0.00
0.00,0.04,0.00, 0.00
0.00,0.04,0.00, 0.00
0.00,0.04,0.00, 0.00
0.00,0.04,0.00, 0.00
0.00,0.04,0.00, 0.00
0.00,0.04,0.00, 0.00
0.00,0.04,0.00, 0.00
0.00,0.04,0.00, 0.00
0.00,0.05,0.00, 0.50
1.55,2.67,76.36, 130.77
1.55,2.67,76.36, 130.77
1.55,2.67,76.36, 130.77
1.55,2.67,76.36, 130.77
1.55,2.67,76.36, 130.77
1.55,2.67,76.36, 130.77
1.55,2.43,1.12, 0.00
1.55,2.29,0.02, 0.00
1.57,2.29,0.99, 0.00
1.57,2.29,0.99, 0.00
1.57,2.29,0.99, 0.00
1.55,2.35,0.00, 2.74
1.55,2.35,0.00, 2.74
1.55,2.35,0.00, 2.74
1.55,2.35,0.00, 2.74
1.55,2.35,0.00, 2.74
1.55,2.35,0.00, 2.74
1.57,2.38,0.99, 1.50
1.57,2.40,0.01, 1.50
1.57,2.40,0.01, 1.50
1.57,2.46,0.00, 2.75
1.55,2.61,0.00, 7.23
1.55,2.61,0.00, 0.03
1.55,2.62,0.00, 1.00
1.57,2.63,0.99, 0.25
1.55,2.62,0.00, 0.00
1.55,2.63,0.00, 0.50
1.55,2.61,0.00, 0.00
1.55,2.60,0.00, 0.00
1.55,2.59,0.00, 0.00
1.55,2.60,0.00, 0.50
1.55,2.59,0.00, 0.00
1.55,2.57,0.00, 0.00
1.57,2.58,0.99, 0.50
1.57,2.57,0.01, 0.00
1.55,2.56,0.00, 0.00
1.55,2.56,0.00, 0.00
1.55,2.56,0.00, 0.00
1.55,2.56,0.00, 0.00
1.57,2.54,0.99, 0.00
1.57,2.54,0.99, 0.00
1.57,2.54,0.99, 0.00
1.57,2.50,0.01, 0.00
1.57,2.50,0.01, 0.00
1.57,2.50,0.01, 0.00
1.57,2.50,0.01, 0.00
1.57,2.48,0.00, 0.00
1.55,2.36,0.00, 0.00
1.55,2.36,0.00, 0.00
1.57,2.35,0.99, 0.00
1.57,2.25,0.01, 0.00
1.57,2.21,0.00, 0.00
1.57,2.15,0.00, 0.00
1.55,2.09,0.00, 0.00
1.57,2.01,0.99, 0.00
1.57,1.93,0.01, 0.00
1.55,1.84,0.00, 0.00
1.55,1.74,0.00, 0.00
1.55,1.63,0.00, 0.00
1.55,1.54,0.00, 0.00
1.55,1.41,0.00, 0.00
1.55,1.29,0.00, 0.00
1.55,1.29,0.00, 0.00
0.00,1.13,0.00, 0.00
0.00,1.00,0.00, 0.00
0.00,1.00,0.00, 0.00
0.00,1.00,0.00, 0.00
0.00,1.00,0.00, 0.00
0.00,1.00,0.00, 0.00
0.00,1.00,0.00, 0.00
0.00,1.00,0.00, 0.00
0.00,1.00,0.00, 0.00
1.52,0.85,74.88, 0.00
1.55,0.69,2.58, 0.00
1.55,0.69,2.58, 0.00
1.55,0.69,2.58, 0.00
1.55,0.69,2.58, 0.00
1.55,0.69,2.58, 0.00
1.55,0.69,2.58, 0.00
1.55,0.69,2.58, 0.00
1.55,0.69,2.58, 0.00
1.55,0.69,2.58, 0.00
1.55,0.69,2.58, 0.00
1.55,0.69,2.58, 0.00
1.55,0.69,2.58, 0.00
1.55,0.69,2.58, 0.00
0.00,0.63,0.00, 0.00
0.07,0.20,3.45, 0.00
0.38,0.12,15.32, 0.00
0.38,0.12,15.32, 0.00
0.38,0.12,15.32, 0.00
0.38,0.12,15.32, 0.00
0.38,0.12,15.32, 0.00
0.38,0.12,15.32, 0.00
0.38,0.12,15.32, 0.00
0.04,0.05,0.00, 0.00
0.00,0.05,0.00, 0.00
0.00,0.05,0.00, 0.00
0.00,0.05,0.00, 0.00
0.00,0.05,0.00, 0.00
0.00,0.05,0.00, 0.00
0.00,0.05,0.00, 0.00
0.00,0.05,0.00, 0.00
0.00,0.05,0.00, 0.00
0.00,0.05,0.00, 0.50
0.00,0.05,0.00, 0.00
0.00,0.05,0.00, 0.00
0.00,0.05,0.00, 0.00
0.00,0.05,0.00, 0.00
0.00,0.05,0.00, 0.00
0.00,0.05,0.00, 0.00
0.00,0.05,0.00, 0.00
0.00,0.05,0.00, 0.00
0.00,0.05,0.00, 0.00
0.00,0.05,0.00, 0.00
0.00,0.05,0.00, 0.00
0.00,0.05,0.00, 0.00
0.00,0.05,0.00, 0.00
0.00,0.05,0.00, 0.00
0.00,0.05,0.00, 0.00
0.00,0.05,0.00, 0.00
0.00,0.05,0.00, 0.00
0.00,0.05,0.00, 0.00
0.00,0.05,0.00, 0.00
0.00,0.05,0.00, 0.00
0.00,0.05,0.00, 0.00
0.00,0.05,0.00, 0.00
0.00,0.05,0.00, 0.00
0.00,0.05,0.00, 0.00
0.00,0.05,0.00, 0.00
0.00,0.05,0.00, 0.00
0.00,0.05,0.00, 0.00
0.00,0.05,0.00, 0.00
0.00,0.05,0.00, 0.00
0.00,0.05,0.00, 0.00
0.00,0.05,0.00, 0.00
0.00,0.05,0.00, 0.00
0.00,0.05,0.00, 0.00
0.00,0.05,0.00, 0.00
0.00,0.05,0.00, 0.00
0.00,0.05,0.00, 0.00
0.00,0.05,0.00, 0.00
0.00,0.05,0.00, 0.00
0.00,0.05,0.00, 0.00
0.00,0.05,0.00, 0.00
0.00,0.05,0.00, 0.00
0.00,0.05,0.00, 0.00
0.00,0.05,0.00, 0.00
0.00,0.05,0.00, 0.00
0.00,0.05,0.00, 0.00
0.00,0.05,0.00, 0.00
0.00,0.05,0.00, 0.00
0.00,0.05,0.00, 0.00
0.00,0.05,0.00, 0.00
0.00,0.05,0.00, 0.00
0.00,0.05,0.00, 0.00
0.00,0.05,0.00, 0.00
0.00,0.05,0.00, 0.00
0.00,0.05,0.00, 0.00
0.00,0.05,0.00, 0.00
0.00,0.05,0.00, 0.00
0.00,0.05,0.00, 0.00
0.00,0.05,0.00, 0.00
0.00,0.05,0.00, 0.00
0.00,0.05,0.00, 0.00
0.00,0.05,0.00, 0.00
0.00,0.05,0.00, 0.00
0.00,0.05,0.00, 0.00
1.55,2.38,76.36, 116.57
1.55,2.38,76.36, 116.57
1.55,2.38,1.12, 0.00
1.55,2.37,0.02, 0.00
1.55,2.37,0.00, 0.00
1.55,2.37,0.00, 0.00
1.55,2.37,0.00, 0.00
1.55,2.38,0.00, 0.50
1.55,2.38,0.00, 0.00
1.55,2.38,0.00, 0.00
1.55,2.38,0.00, 0.00
1.55,2.38,0.00, 0.00
1.55,2.38,0.00, 0.00
1.55,2.39,0.00, 0.50
1.55,2.42,0.00, 1.75
1.55,2.44,0.00, 0.75
1.55,2.55,0.00, 5.23
1.55,2.55,0.00, 5.23
1.55,2.55,0.00, 5.23
1.55,2.55,0.00, 5.23
1.55,2.55,0.00, 5.23
1.55,2.55,0.00, 5.23
1.55,2.58,0.00, 1.76
1.55,2.63,0.00, 2.75
1.55,2.64,0.00, 0.26
1.57,2.71,0.99, 3.49
1.55,2.72,0.00, 0.76
1.55,2.72,0.00, 0.76
1.55,2.72,0.00, 0.76
1.55,2.72,0.00, 0.76
1.55,2.72,0.00, 0.76
1.55,2.72,0.00, 0.76
1.55,2.72,0.00, 0.76
1.55,2.72,0.00, 0.76
1.55,2.72,0.00, 0.76
1.55,2.72,0.00, 0.76
1.55,2.72,0.00, 0.76
1.55,2.72,0.00, 0.76
1.55,2.72,0.00, 0.76
1.55,2.72,0.00, 0.76
1.55,2.72,0.00, 0.76
1.55,2.72,0.00, 0.76
1.55,2.72,0.00, 0.76
1.55,2.72,0.00, 0.76
1.55,2.72,0.00, 0.76
1.55,2.70,0.00, 0.00
1.55,2.67,0.00, 0.00
1.55,2.67,0.00, 0.00
1.55,2.67,0.00, 0.00
1.55,2.67,0.00, 0.00
1.55,2.67,0.00, 0.00
1.55,2.67,0.00, 0.00
1.55,2.67,0.00, 0.00
1.55,2.67,0.00, 0.00
1.55,2.67,0.00, 0.00
1.55,2.67,0.00, 0.00
1.55,2.67,0.00, 0.00
1.55,2.67,0.00, 0.00
1.55,2.67,0.00, 0.00
1.55,2.64,0.00, 0.00
1.55,2.64,0.00, 0.00
1.55,2.17,0.00, 0.00
1.55,2.17,0.00, 0.00
1.55,2.17,0.00, 0.00
1.55,2.17,0.00, 0.00
1.55,2.17,0.00, 0.00
1.55,2.17,0.00, 0.00
1.55,2.17,0.00, 0.00
1.55,2.17,0.00, 0.00
1.55,2.17,0.00, 0.00
1.55,2.17,0.00, 0.00
1.55,2.17,0.00, 0.00
1.55,2.17,0.00, 0.00
1.55,2.17,0.00, 0.00
1.55,2.17,0.00, 0.00
1.55,2.17,0.00, 0.00
1.55,2.17,0.00, 0.00
1.55,2.17,0.00, 0.00
1.55,2.17,0.00, 0.00
1.55,2.17,0.00, 0.00
1.55,2.17,0.00, 0.00
1.55,2.17,0.00, 0.00
1.55,2.17,0.00, 0.00
1.55,2.17,0.00, 0.00
1.55,2.17,0.00, 0.00
1.55,2.17,0.00, 0.00
1.55,2.17,0.00, 0.00
1.55,2.17,0.00, 0.00
1.55,2.17,0.00, 0.00
1.55,2.17,0.00, 0.00
1.55,2.17,0.00, 0.00
1.55,2.17,0.00, 0.00
1.55,2.17,0.00, 0.00
1.55,2.17,0.00, 0.00
1.55,2.17,0.00, 0.00
1.55,2.17,0.00, 0.00
1.55,2.17,0.00, 0.00
1.55,2.17,0.00, 0.00
1.55,2.17,0.00, 0.00
1.55,2.16,0.00, 0.00
0.00,1.26,0.00, 0.00
0.00,1.26,0.00, 0.00
0.00,1.26,0.00, 0.00
0.00,1.26,0.00, 0.00
0.00,1.26,0.00, 0.00
0.00,1.26,0.00, 0.00
0.00,1.26,0.00, 0.00
0.00,1.26,0.00, 0.00
0.00,1.26,0.00, 0.00
0.00,1.18,0.00, 0.00
0.00,0.05,0.00, 0.00
0.00,0.05,0.00, 0.00
0.00,0.05,0.00, 0.00
0.00,0.05,0.00, 0.00
0.00,0.05,0.00, 0.00
0.00,0.05,0.00, 0.00
0.00,0.05,0.00, 0.00
0.00,0.05,0.00, 0.00
0.00,0.05,0.00, 0.00
0.00,0.05,0.00, 0.00
0.00,0.05,0.00, 0.00
0.00,0.05,0.00, 0.00
0.00,0.05,0.00, 0.00
0.00,0.05,0.00, 0.00
0.00,0.05,0.00, 0.00
0.00,0.05,0.00, 0.00
0.00,0.05,0.00, 0.00
0.00,0.05,0.00, 0.00
0.00,0.05,0.00, 0.00
0.00,0.05,0.00, 0.00
0.00,0.05,0.00, 0.00
0.00,0.05,0.00, 0.00
0.00,0.05,0.00, 0.00
0.00,0.05,0.00, 0.00
0.00,0.05,0.00, 0.00
0.00,0.05,0.00, 0.00
0.00,0.05,0.00, 0.00
0.00,0.05,0.00, 0.00
0.00,0.05,0.00, 0.00
0.00,0.05,0.00, 0.00
0.00,0.05,0.00, 0.00
0.00,0.05,0.00, 0.00
0.00,0.05,0.00, 0.00
0.00,0.05,0.00, 0.50
0.00,0.05,0.00, 0.50
0.00,0.05,0.00, 0.50
0.00,0.05,0.00, 0.50
0.00,0.05,0.00, 0.50
0.00,0.05,0.00, 0.50
0.00,0.05,0.00, 0.50
0.00,0.05,0.00, 0.50
0.00,0.05,0.00, 0.50
0.00,0.05,0.00, 0.50
0.00,0.05,0.00, 0.50
0.00,0.05,0.00, 0.50
0.00,0.05,0.00, 0.50
0.00,0.05,0.00, 0.50
0.00,0.05,0.00, 0.50
0.00,0.05,0.00, 0.50
0.00,0.05,0.00, 0.50
0.00,0.05,0.00, 0.50
0.00,0.05,0.00, 0.50
0.00,0.05,0.00, 0.50
0.00,0.05,0.00, 0.50
0.00,0.05,0.00, 0.00
0.00,0.05,0.00, 0.00
0.00,0.05,0.00, 0.00
0.18,1.62,8.87, 78.71
1.52,2.43,66.14, 40.64
1.55,2.35,2.45, 0.00
1.52,2.26,0.00, 0.00
1.55,2.16,1.48, 0.00
1.55,2.08,0.02, 0.00
1.55,2.08,0.02, 0.00
1.55,2.01,0.00, 0.00
1.55,2.01,0.00, 0.00
1.55,1.94,0.00, 0.00
1.55,1.90,0.00, 0.00
1.55,1.88,0.00, 0.00
1.55,1.86,0.00, 0.00
1.55,1.86,0.00, 0.00
1.55,1.86,0.00, 0.00
1.55,1.86,0.00, 0.00
1.55,1.85,0.00, 0.00
1.55,1.85,0.00, 0.00
1.55,1.84,0.00, 0.00
1.55,1.83,0.00, 0.00
1.55,1.83,0.00, 0.00
1.55,1.83,0.00, 0.00
1.55,1.83,0.00, 0.00
1.57,1.83,0.99, 0.00
1.55,1.82,0.00, 0.00
1.55,1.82,0.00, 0.00
1.55,1.84,0.00, 0.75
1.57,1.84,0.99, 0.00
1.55,1.88,0.00, 1.99
1.57,1.89,0.99, 0.75
1.57,1.89,0.99, 0.75
1.57,1.89,0.99, 0.75
1.57,1.89,0.99, 0.75
1.57,1.89,0.99, 0.75
1.57,1.89,0.99, 0.75
1.55,1.92,0.00, 1.75
1.55,1.92,0.00, 1.75
1.55,1.97,0.00, 2.50
1.57,2.01,0.99, 1.50
1.55,2.15,0.00, 7.23
1.55,2.15,0.00, 0.28
1.55,2.16,0.00, 0.50
1.57,2.16,0.99, 0.00
1.57,2.16,0.01, 0.00
1.55,2.16,0.00, 0.00
1.55,2.16,0.00, 0.00
1.55,2.16,0.00, 0.00
1.55,2.16,0.00, 0.00
1.55,2.18,0.00, 0.75
1.55,2.19,0.00, 0.50
1.57,2.20,0.99, 0.50
1.55,2.22,0.00, 1.00
1.57,2.21,0.99, 0.00
1.57,2.21,0.99, 0.00
1.57,2.21,0.99, 0.00
1.57,2.21,0.99, 0.00
1.57,2.21,0.99, 0.00
1.57,2.21,0.99, 0.00
1.57,2.21,0.99, 0.00
1.57,2.21,0.99, 0.00
1.55,2.22,0.00, 0.75
1.55,2.20,0.00, 0.00
1.55,2.16,0.00, 0.00
1.55,2.16,0.00, 0.00
1.55,2.16,0.00, 0.00
1.55,2.16,0.00, 0.00
1.55,2.16,0.00, 0.00
1.55,2.16,0.00, 0.00
1.55,2.16,0.00, 0.00
1.55,2.16,0.00, 0.00
1.55,2.16,0.00, 0.00
1.55,2.16,0.00, 0.00
1.55,2.16,0.00, 0.00
1.55,2.16,0.00, 0.00
1.55,2.16,0.00, 0.00
1.55,2.16,0.00, 0.00
1.55,2.16,0.00, 0.00
1.55,2.16,0.00, 0.00
1.55,2.16,0.00, 0.00
1.55,2.16,0.00, 0.00
1.55,2.16,0.00, 0.00
1.55,2.16,0.00, 0.00
1.55,2.16,0.00, 0.00
1.55,2.16,0.00, 0.00
1.55,2.16,0.00, 0.00
1.55,2.16,0.00, 0.00
1.55,2.16,0.00, 0.00
1.55,2.16,0.00, 0.00
1.55,2.16,0.00, 0.00
1.55,2.16,0.00, 0.00
1.55,2.16,0.00, 0.00
1.55,2.16,0.00, 0.00
1.55,2.16,0.00, 0.00
1.55,2.16,0.00, 0.00
1.55,2.16,0.00, 0.00
1.55,2.16,0.00, 0.00
1.55,2.16,0.00, 0.00
1.55,2.16,0.00, 0.00
1.55,2.16,0.00, 0.00
1.55,2.16,0.00, 0.00
1.55,2.16,0.00, 0.00
1.55,2.16,0.00, 0.00
1.55,2.16,0.00, 0.00
1.55,2.16,0.00, 0.00
1.55,2.16,0.00, 0.00
1.55,2.16,0.00, 0.00
1.55,2.16,0.00, 0.00
1.55,2.16,0.00, 0.00
1.55,2.16,0.00, 0.00
1.55,2.16,0.00, 0.00
1.55,2.16,0.00, 0.00
1.55,2.16,0.00, 0.00
1.55,2.16,0.00, 0.00
1.55,2.16,0.00, 0.00
1.55,2.16,0.00, 0.00
1.55,2.16,0.00, 0.00
1.55,2.16,0.00, 0.00
1.55,2.16,0.00, 0.00
1.55,2.16,0.00, 0.00
1.55,2.16,0.00, 0.00
1.55,2.16,0.00, 0.00
1.55,1.92,0.00, 0.00
1.55,1.92,0.00, 0.00
1.55,1.89,0.00, 0.00
1.55,1.89,0.00, 0.00
1.55,1.89,0.00, 0.00
1.55,1.89,0.00, 0.00
1.55,1.89,0.00, 0.00
1.55,1.89,0.00, 0.00
1.55,1.89,0.00, 0.00
1.55,1.89,0.00, 0.00
1.55,1.89,0.00, 0.00
1.55,1.89,0.00, 0.00
1.55,1.89,0.00, 0.00
1.55,1.89,0.00, 0.00
1.55,1.89,0.00, 0.00
1.55,1.89,0.00, 0.00
1.55,1.83,0.00, 0.00
1.55,1.83,0.00, 0.00
1.55,1.83,0.00, 0.00
1.55,1.83,0.00, 0.00
1.55,1.83,0.00, 0.00
1.55,1.83,0.00, 0.00
1.55,1.83,0.00, 0.00
0.00,0.05,0.00, 0.00
0.00,0.05,0.00, 0.00
0.00,0.05,0.00, 0.00
0.00,0.05,0.00, 0.00
0.00,0.05,0.00, 0.00
0.00,0.05,0.00, 0.00
0.00,0.05,0.00, 0.00
0.00,0.05,0.00, 0.00
0.00,0.05,0.00, 0.00
0.00,0.05,0.00, 0.00
0.00,0.05,0.00, 0.00
0.00,0.05,0.00, 0.00
0.00,0.05,0.00, 0.00
0.00,0.05,0.00, 0.00
0.00,0.05,0.00, 0.00
0.00,0.05,0.00, 0.00
0.00,0.05,0.00, 0.50
0.00,0.05,0.00, 0.50
0.00,0.05,0.00, 0.50
0.00,0.05,0.00, 0.50
0.00,0.05,0.00, 0.50
0.00,0.05,0.00, 0.50
0.00,0.05,0.00, 0.50
0.00,0.05,0.00, 0.50
0.00,0.05,0.00, 0.50
0.00,0.05,0.00, 0.50
0.00,0.05,0.00, 0.50
0.00,0.05,0.00, 0.50
0.00,0.05,0.00, 0.50
0.00,0.05,0.00, 0.50
0.00,0.05,0.00, 0.00
1.16,1.98,57.15, 96.40
1.16,1.98,57.15, 96.40
1.16,1.98,57.15, 96.40
1.16,1.98,57.15, 96.40
1.16,1.98,57.15, 96.40
1.16,1.98,57.15, 96.40
1.16,1.98,57.15, 96.40
1.16,1.98,57.15, 96.40
1.16,1.98,57.15, 96.40
1.16,1.98,57.15, 96.40
1.16,1.98,57.15, 96.40
1.16,1.98,57.15, 96.40
1.16,1.98,57.15, 96.40
1.25,2.11,5.27, 6.83
1.52,2.41,13.38, 15.22
1.55,2.38,1.67, 0.00
1.55,2.38,1.67, 0.00
1.55,2.38,1.67, 0.00
1.55,2.38,1.67, 0.00
1.55,2.38,1.67, 0.00
1.55,1.97,0.02, 0.00
1.55,1.97,0.02, 0.00
1.55,1.95,0.00, 0.00
1.55,1.94,0.00, 0.00
1.57,1.95,0.99, 0.75
1.57,1.97,0.01, 1.00
1.55,2.00,0.00, 1.25
1.55,2.01,0.00, 0.75
1.55,2.03,0.00, 0.50
1.55,2.03,0.00, 0.50
1.57,2.03,0.99, 0.00
1.55,2.03,0.00, 0.00
1.55,2.03,0.00, 0.00
1.55,2.03,0.00, 0.00
1.55,2.03,0.00, 0.50
1.55,2.03,0.00, 0.50
1.55,2.03,0.00, 0.50
1.55,2.03,0.00, 0.50
1.55,2.03,0.00, 0.50
1.55,2.03,0.00, 0.50
1.55,2.03,0.00, 0.50
1.55,2.03,0.00, 0.00
1.57,2.06,0.99, 1.25
1.57,2.06,0.99, 1.25
1.57,2.06,0.99, 1.25
1.57,2.06,0.99, 1.25
1.57,2.06,0.99, 1.25
1.57,2.06,0.99, 1.25
1.55,2.12,0.00, 2.74
1.55,2.12,0.00, 2.74
1.55,2.21,0.00, 4.99
1.55,2.21,0.00, 4.99
1.55,2.22,0.00, 0.52
1.55,2.04,0.00, 0.00
1.55,2.04,0.00, 0.00
1.55,2.04,0.00, 0.00
1.55,2.04,0.00, 0.00
1.55,2.04,0.00, 0.00
1.55,2.04,0.00, 0.00
1.55,2.04,0.00, 0.00
1.55,2.04,0.00, 0.00
1.55,2.04,0.00, 0.00
1.55,2.04,0.00, 0.00
1.55,2.04,0.00, 0.00
1.55,2.04,0.00, 0.00
1.55,2.04,0.00, 0.00
1.55,2.04,0.00, 0.00
1.55,2.04,0.00, 0.00
1.55,2.04,0.00, 0.00
1.55,2.04,0.00, 0.00
1.55,2.04,0.00, 0.00
1.55,2.04,0.00, 0.00
1.55,2.04,0.00, 0.00
1.55,1.98,0.00, 0.00
1.55,1.95,0.00, 0.00
1.55,1.95,0.00, 0.00
1.55,1.90,0.00, 0.00
0.42,0.56,0.00, 0.00
0.42,0.56,0.00, 0.00
0.42,0.56,0.00, 0.00
0.42,0.56,0.00, 0.00
0.42,0.56,0.00, 0.00
0.42,0.56,0.00, 0.00
0.42,0.56,0.00, 0.00
0.42,0.56,0.00, 0.00
0.42,0.56,0.00, 0.00
0.42,0.56,0.00, 0.00
0.42,0.56,0.00, 0.00
0.42,0.56,0.00, 0.00
0.42,0.56,0.00, 0.00
0.42,0.56,0.00, 0.00
0.42,0.56,0.00, 0.00
0.42,0.56,0.00, 0.00
0.42,0.56,0.00, 0.00
0.42,0.56,0.00, 0.00
0.42,0.56,0.00, 0.00
0.42,0.56,0.00, 0.00
0.42,0.56,0.00, 0.00
0.42,0.56,0.00, 0.00
0.42,0.56,0.00, 0.00
0.42,0.56,0.00, 0.00
0.42,0.56,0.00, 0.00
0.42,0.56,0.00, 0.00
0.42,0.56,0.00, 0.00
0.02,0.49,0.00, 0.00
0.02,0.49,0.00, 0.00
0.20,0.45,8.87, 0.00
0.13,0.37,0.00, 0.00
0.00,0.05,0.00, 0.00
0.00,0.05,0.00, 0.00
0.00,0.05,0.00, 0.00
0.00,0.05,0.00, 0.00
0.00,0.05,0.00, 0.00
0.00,0.05,0.00, 0.00
0.00,0.05,0.00, 0.00
0.00,0.05,0.00, 0.00
0.00,0.05,0.00, 0.00
0.00,0.05,0.00, 0.00
0.00,0.05,0.00, 0.00
0.00,0.05,0.00, 0.00
0.00,0.05,0.00, 0.00
0.00,0.05,0.00, 0.00
0.00,0.05,0.00, 0.00
0.00,0.05,0.00, 0.00
0.00,0.05,0.00, 0.00
0.00,0.05,0.00, 0.00
0.00,0.05,0.00, 0.00
0.00,0.05,0.00, 0.00
0.00,0.05,0.00, 0.00
0.00,0.05,0.00, 0.00
0.00,0.05,0.00, 0.00
0.00,0.05,0.00, 0.00
0.00,0.05,0.00, 0.00
0.00,0.05,0.00, 0.00
0.00,0.05,0.00, 0.00
0.00,0.05,0.00, 0.00
0.00,0.05,0.00, 0.00
0.00,0.05,0.00, 0.00
0.00,0.05,0.00, 0.00
0.00,0.05,0.00, 0.00
0.00,0.05,0.00, 0.00
0.00,0.05,0.00, 0.50
0.00,0.04,0.00, 0.00
0.00,0.04,0.00, 0.00
0.00,0.04,0.00, 0.00
0.00,0.04,0.00, 0.00
0.00,0.04,0.00, 0.00
0.00,0.04,0.00, 0.00
0.00,0.04,0.00, 0.00
0.00,0.04,0.00, 0.00
0.00,0.05,0.00, 0.50
0.00,0.05,0.00, 0.00
0.00,0.05,0.00, 0.00
0.00,0.05,0.00, 0.50
0.00,1.07,0.00, 50.57
0.00,1.28,0.00, 10.65
0.00,1.28,0.00, 10.65
0.00,1.51,0.00, 11.75
0.04,1.76,1.97, 12.50
0.83,1.97,38.95, 10.51
1.43,2.18,30.13, 10.50
1.43,2.18,30.13, 10.50
1.50,2.38,3.89, 9.50
1.52,2.54,1.04, 8.01
1.50,2.74,0.00, 10.49
1.50,2.74,0.00, 10.49
1.50,2.81,0.00, 3.03
1.52,2.83,0.99, 1.26
1.52,2.85,0.01, 0.75
1.52,2.85,0.00, 0.00
1.52,2.83,0.00, 0.00
1.52,2.82,0.00, 0.00
1.52,2.84,0.00, 0.75
1.52,2.82,0.00, 0.00
1.52,2.81,0.00, 0.00
1.52,2.78,0.00, 0.00
1.52,2.78,0.00, 0.00
1.52,2.78,0.00, 0.00
1.52,2.78,0.00, 0.00
1.52,2.78,0.00, 0.00
1.52,2.78,0.00, 0.00
1.52,2.78,0.00, 0.00
1.52,2.76,0.00, 0.00
1.55,2.68,1.48, 0.00
1.55,2.62,0.02, 0.00
1.55,2.43,0.00, 0.00
1.52,2.41,0.00, 0.00
1.52,2.41,0.00, 0.00
1.52,2.41,0.00, 0.00
1.52,2.41,0.00, 0.00
1.52,2.41,0.00, 0.00
1.52,2.41,0.00, 0.00
1.55,2.39,1.48, 0.00
1.55,2.39,0.02, 0.00
1.55,2.38,0.00, 0.00
1.55,2.40,0.00, 1.00
1.55,2.41,0.00, 0.75
1.55,2.39,0.00, 0.00
1.55,2.39,0.00, 0.00
1.57,2.40,0.99, 0.50
1.55,2.42,0.00, 1.00
1.55,2.42,0.00, 0.00
1.55,2.43,0.00, 0.50
1.55,2.42,0.00, 0.00
1.57,2.42,0.99, 0.00
1.55,2.45,0.00, 1.25
1.55,2.47,0.00, 1.25
1.55,2.47,0.00, 1.25
1.55,2.49,0.00, 1.00
1.55,2.52,0.00, 1.00
1.55,2.54,0.00, 1.00
1.55,2.57,0.00, 1.50
1.57,2.55,0.99, 0.00
1.55,2.58,0.00, 1.74
1.55,2.58,0.00, 1.74
1.55,2.59,0.00, 0.26
1.55,2.59,0.00, 0.00
1.55,2.59,0.00, 0.00
1.55,2.58,0.00, 0.00
1.55,2.58,0.00, 0.00
1.57,2.58,0.99, 0.00
1.55,2.58,0.00, 0.00
1.57,2.58,0.99, 0.00
1.55,2.56,0.00, 0.00
1.55,2.56,0.00, 0.00
1.57,2.54,0.99, 0.00
1.57,2.54,0.99, 0.00
1.55,2.53,0.00, 0.00
1.57,2.53,0.99, 0.00
1.57,2.53,0.99, 0.00
1.57,2.53,0.99, 0.00
1.57,2.53,0.99, 0.00
1.57,2.53,0.99, 0.00
1.57,2.53,0.99, 0.00
1.57,2.53,0.99, 0.00
1.57,2.53,0.99, 0.00
1.55,2.49,0.00, 0.00
1.55,2.45,0.00, 0.00
1.55,2.44,0.00, 0.00
1.55,2.22,0.00, 0.00
1.55,2.16,0.00, 0.00
1.57,2.10,0.99, 0.00
1.55,2.05,0.00, 0.00
1.57,1.97,0.99, 0.00
1.57,1.88,0.01, 0.00
1.55,1.79,0.00, 0.00
1.55,1.72,0.00, 0.00
1.55,1.66,0.00, 0.00
1.55,1.66,0.00, 0.00
1.55,1.66,0.00, 0.00
1.55,1.66,0.00, 0.00
1.55,1.66,0.00, 0.00
1.55,1.59,0.00, 0.00
1.55,1.59,0.00, 0.00
1.55,1.59,0.00, 0.00
1.55,1.59,0.00, 0.00
1.55,1.59,0.00, 0.00
1.55,1.59,0.00, 0.00
1.55,1.59,0.00, 0.00
1.55,1.59,0.00, 0.00
1.55,1.59,0.00, 0.00
1.55,1.59,0.00, 0.00
1.55,1.59,0.00, 0.00
1.55,1.59,0.00, 0.00
1.55,1.59,0.00, 0.00
1.55,1.59,0.00, 0.00
1.55,1.51,0.00, 0.00
1.55,1.51,0.00, 0.00
1.55,1.51,0.00, 0.00
1.57,1.40,0.99, 0.00
1.57,1.40,0.99, 0.00
1.57,1.40,0.99, 0.00
1.57,1.40,0.99, 0.00
1.57,1.40,0.99, 0.00
1.57,1.40,0.99, 0.00
1.57,1.40,0.99, 0.00
0.00,0.77,0.00, 0.00
0.00,0.77,0.00, 0.00
0.00,0.77,0.00, 0.00
0.00,0.77,0.00, 0.00
0.00,0.77,0.00, 0.00
0.00,0.77,0.00, 0.00
0.00,0.77,0.00, 0.00
0.00,0.77,0.00, 0.00
0.00,0.77,0.00, 0.00
0.00,0.05,0.00, 0.00
0.07,0.05,3.45, 0.00
0.00,0.05,0.00, 0.00
0.00,0.05,0.00, 0.00
0.00,0.05,0.00, 0.00
0.00,0.05,0.00, 0.00
0.00,0.05,0.00, 0.00
0.00,0.05,0.00, 0.00
0.00,0.05,0.00, 0.00
0.00,0.05,0.00, 0.00
0.00,0.05,0.00, 0.00
0.00,0.05,0.00, 0.00
0.00,0.05,0.00, 0.00
0.00,0.05,0.00, 0.00
0.00,0.05,0.00, 0.00
0.00,0.05,0.00, 0.00
0.00,0.06,0.00, 0.75
0.00,0.06,0.00, 0.00
0.00,0.06,0.00, 0.00
0.00,0.06,0.00, 0.00
0.00,0.06,0.00, 0.00
0.00,0.05,0.00, 0.00
0.00,0.05,0.00, 0.00
0.00,0.05,0.00, 0.00
0.00,0.05,0.00, 0.00
0.00,0.05,0.00, 0.00
0.00,0.05,0.00, 0.00
0.00,0.05,0.00, 0.00
0.00,0.05,0.00, 0.00
0.00,0.05,0.00, 0.00
0.00,0.05,0.00, 0.00
0.00,0.05,0.00, 0.50
0.00,0.05,0.00, 0.50
0.00,0.05,0.00, 0.50
0.00,0.05,0.00, 0.50
0.00,0.05,0.00, 0.50
0.00,0.05,0.00, 0.50
0.00,0.06,0.00, 0.25
0.00,0.05,0.00, 0.00
0.00,0.05,0.00, 0.00
0.00,0.05,0.00, 0.00
0.00,0.05,0.00, 0.00
0.00,0.05,0.00, 0.00
0.00,0.05,0.00, 0.00
0.00,0.05,0.00, 0.00
0.00,0.05,0.00, 0.00
0.00,0.05,0.00, 0.00
0.00,0.05,0.00, 0.00
0.00,0.05,0.00, 0.00
0.00,0.05,0.00, 0.00
0.00,0.05,0.00, 0.00
0.00,0.05,0.00, 0.00
0.00,0.05,0.00, 0.00
0.00,0.05,0.00, 0.00
0.00,0.05,0.00, 0.00
0.00,0.05,0.00, 0.00
0.00,0.05,0.00, 0.00
0.00,0.05,0.00, 0.00
0.00,0.05,0.00, 0.00
0.00,0.05,0.00, 0.00
0.00,0.05,0.00, 0.00
0.00,0.05,0.00, 0.00
0.00,0.05,0.00, 0.00
0.00,0.05,0.00, 0.00
0.00,0.05,0.00, 0.00
0.00,0.05,0.00, 0.00
0.00,0.05,0.00, 0.00
0.00,0.05,0.00, 0.00
0.00,0.05,0.00, 0.00
0.00,0.05,0.00, 0.00
0.00,0.05,0.00, 0.00
0.00,0.05,0.00, 0.00
0.00,0.05,0.00, 0.00
0.00,0.05,0.00, 0.00
0.00,0.05,0.00, 0.00
0.00,0.05,0.00, 0.00
0.00,0.05,0.00, 0.00
0.00,0.05,0.00, 0.50
0.00,0.05,0.00, 0.00
1.50,2.88,73.90, 141.48
1.55,2.47,3.55, 0.00
1.55,2.45,0.05, 0.00
1.55,2.41,0.00, 0.00
1.55,2.41,0.00, 0.00
1.55,2.42,0.00, 0.25
1.55,2.42,0.00, 0.25
1.55,2.42,0.00, 0.25
1.55,2.42,0.00, 0.25
1.55,2.42,0.00, 0.25
1.55,2.42,0.00, 0.25
1.55,2.42,0.00, 0.25
1.55,2.42,0.00, 0.25
1.55,2.42,0.00, 0.25
1.55,2.42,0.00, 0.25
1.55,2.42,0.00, 0.25
1.55,2.42,0.00, 0.25
1.55,2.42,0.00, 0.25
1.55,2.42,0.00, 0.25
1.55,2.41,0.00, 0.00
1.55,2.36,0.00, 0.00
1.55,2.36,0.00, 0.00
1.55,2.36,0.00, 0.00
1.55,2.36,0.00, 0.00
1.55,2.36,0.00, 0.00
1.55,2.36,0.00, 0.00
1.55,2.36,0.00, 0.00
1.55,2.36,0.00, 0.00
1.55,2.36,0.00, 0.00
1.55,2.36,0.00, 0.00
1.55,2.36,0.00, 0.00
1.55,2.36,0.00, 0.00
1.55,2.36,0.00, 0.00
1.55,2.36,0.00, 0.00
1.55,2.33,0.00, 0.00
1.57,2.35,0.99, 1.00
1.55,2.19,0.00, 0.00
1.55,2.19,0.00, 0.00
1.55,2.19,0.00, 0.00
1.55,2.19,0.00, 0.00
1.55,2.19,0.00, 0.00
1.55,2.19,0.00, 0.00
1.55,2.19,0.00, 0.00
1.55,2.19,0.00, 0.00
1.55,2.19,0.00, 0.00
1.55,2.19,0.00, 0.00
1.55,2.19,0.00, 0.00
1.55,2.19,0.00, 0.00
1.55,2.19,0.00, 0.00
1.55,2.19,0.00, 0.00
1.55,2.19,0.00, 0.00
1.55,2.16,0.00, 0.00
1.55,2.16,0.00, 0.00
1.57,2.15,0.99, 0.00
1.55,2.16,0.00, 0.50
1.57,1.98,0.99, 0.00
1.57,1.93,0.01, 0.00
1.57,1.90,0.00, 0.00
1.57,1.87,0.00, 0.00
1.57,1.87,0.00, 0.00
1.57,1.87,0.00, 0.00
1.57,1.87,0.00, 0.00
1.57,1.87,0.00, 0.00
1.57,1.87,0.00, 0.00
1.57,1.87,0.00, 0.00
1.55,1.85,0.00, 0.00
1.55,1.85,0.00, 0.00
1.57,1.82,0.99, 0.00
1.55,1.79,0.00, 0.00
1.55,1.60,0.00, 0.00
1.57,1.61,0.99, 0.25
1.57,1.62,0.01, 0.75
1.57,1.62,0.01, 0.75
1.57,1.62,0.01, 0.75
1.57,1.62,0.01, 0.75
1.57,1.62,0.01, 0.75
1.57,1.62,0.01, 0.75
1.57,1.62,0.01, 0.75
1.57,1.62,0.01, 0.75
1.57,1.62,0.01, 0.75
1.57,1.62,0.01, 0.75
1.57,1.64,0.00, 1.00
1.55,1.71,0.00, 3.49
1.55,1.71,0.00, 3.49
1.55,1.71,0.00, 3.49
1.55,1.71,0.00, 3.49
1.55,1.73,0.00, 1.26
1.55,1.73,0.00, 1.26
1.55,1.85,0.00, 5.73
1.57,1.77,0.99, 0.00
1.57,1.77,0.99, 0.00
1.57,1.41,0.01, 0.00
1.55,1.28,0.00, 0.00
1.55,1.28,0.00, 0.00
1.55,1.28,0.00, 0.00
1.55,1.28,0.00, 0.00
1.55,1.28,0.00, 0.00
1.55,1.28,0.00, 0.00
1.55,1.28,0.00, 0.00
1.55,1.28,0.00, 0.00
1.55,1.28,0.00, 0.00
1.55,1.28,0.00, 0.00
1.55,1.28,0.00, 0.00
1.55,1.28,0.00, 0.00
1.55,1.28,0.00, 0.00
1.55,1.28,0.00, 0.00
1.55,1.28,0.00, 0.00
1.55,1.28,0.00, 0.00
1.55,1.28,0.00, 0.00
1.55,1.28,0.00, 0.00
1.55,1.28,0.00, 0.00
1.55,1.28,0.00, 0.00
1.55,1.28,0.00, 0.00
1.55,1.28,0.00, 0.00
1.55,1.12,0.00, 0.00
1.55,1.12,0.00, 0.00
1.55,1.12,0.00, 0.00
1.55,1.12,0.00, 0.00
1.55,1.12,0.00, 0.00
1.55,1.12,0.00, 0.00
1.55,1.12,0.00, 0.00
0.49,1.02,0.00, 0.00
0.49,1.02,0.00, 0.00
0.49,1.02,0.00, 0.00
0.49,1.02,0.00, 0.00
0.49,1.02,0.00, 0.00
0.49,1.02,0.00, 0.00
0.49,1.02,0.00, 0.00
0.49,1.02,0.00, 0.00
0.49,1.02,0.00, 0.00
0.49,1.02,0.00, 0.00
0.49,1.02,0.00, 0.00
0.49,1.02,0.00, 0.00
0.49,1.02,0.00, 0.00
0.49,1.02,0.00, 0.00
0.00,0.05,0.00, 0.00
0.00,0.05,0.00, 0.00
0.00,0.05,0.00, 0.00
0.00,0.05,0.00, 0.00
0.00,0.04,0.00, 0.00
0.00,0.05,0.00, 0.50
0.00,0.05,0.00, 0.00
0.00,0.05,0.00, 0.00
0.00,0.05,0.00, 0.50
0.00,0.05,0.00, 0.00
0.00,0.05,0.00, 0.50
0.00,0.05,0.00, 0.50
0.00,0.05,0.00, 0.50
0.00,0.05,0.00, 0.50
0.00,0.05,0.00, 0.50
0.00,0.06,0.00, 0.25
0.00,0.06,0.00, 0.25
0.00,0.06,0.00, 0.25
0.00,0.05,0.00, 0.00
0.00,0.05,0.00, 0.00
0.00,0.04,0.00, 0.00
0.00,0.05,0.00, 0.50
0.00,0.05,0.00, 0.00
0.00,0.05,0.00, 0.00
0.00,0.05,0.00, 0.00
0.00,0.05,0.00, 0.00
0.00,0.05,0.00, 0.50
0.00,0.05,0.00, 0.00
0.00,0.05,0.00, 0.00
0.00,0.05,0.00, 0.00
0.00,0.05,0.00, 0.50
0.00,0.05,0.00, 0.00
0.00,0.05,0.00, 0.00
0.00,0.05,0.00, 0.50
0.00,0.05,0.00, 0.00
0.00,0.05,0.00, 0.00
0.00,0.05,0.00, 0.00
0.00,0.05,0.00, 0.00
0.00,0.05,0.00, 0.00
0.00,0.05,0.00, 0.00
0.00,0.05,0.00, 0.00
0.00,0.05,0.00, 0.00
0.00,0.05,0.00, 0.00
0.00,0.05,0.00, 0.00
0.00,0.05,0.00, 0.00
0.00,0.05,0.00, 0.00
0.00,0.05,0.00, 0.00
0.00,0.05,0.00, 0.00
0.00,0.05,0.00, 0.00
0.00,0.05,0.00, 0.00
0.00,0.05,0.00, 0.00
0.42,1.22,20.69, 58.53
1.01,1.63,29.37, 20.89
1.01,1.63,29.37, 20.89
1.01,1.63,29.37, 20.89
1.01,1.63,29.37, 20.89
1.01,1.63,29.37, 20.89
1.01,1.63,29.37, 20.89
1.01,1.63,29.37, 20.89
1.01,1.63,29.37, 20.89
1.28,1.82,13.73, 9.29
1.28,1.82,13.73, 9.29
1.28,1.82,13.73, 9.29
1.28,1.82,13.73, 9.29
1.28,1.82,13.73, 9.29
1.28,1.82,13.73, 9.29
1.28,1.82,13.73, 9.29
1.48,2.00,10.05, 9.00
1.50,2.12,1.13, 6.01
1.52,2.59,1.00, 23.44
1.55,2.59,1.49, 0.00
1.52,2.54,0.00, 0.00
1.55,2.51,1.48, 0.00
1.55,2.51,1.48, 0.00
1.52,2.47,0.00, 0.00
1.52,2.44,0.00, 0.00
1.55,2.39,1.48, 0.00
1.55,2.37,0.02, 0.00
1.52,2.34,0.00, 0.00
1.55,2.33,1.48, 0.00
1.55,2.31,0.02, 0.00
1.55,2.31,0.02, 0.00
1.55,2.31,0.02, 0.00
1.55,2.31,0.02, 0.00
1.55,2.31,0.02, 0.00
1.55,2.29,0.00, 0.00
1.55,2.28,0.00, 0.00
1.55,2.28,0.00, 0.00
1.55,2.26,0.00, 0.00
1.55,2.16,0.00, 0.00
1.55,2.14,0.00, 0.00
1.55,2.13,0.00, 0.00
1.55,2.12,0.00, 0.00
1.55,2.11,0.00, 0.00
1.57,2.11,0.99, 0.00
1.57,2.13,0.01, 1.00
1.55,2.15,0.00, 1.00
1.55,2.15,0.00, 0.25
1.55,2.19,0.00, 1.74
1.55,2.21,0.00, 1.00
1.55,2.22,0.00, 0.50
1.55,2.22,0.00, 0.50
1.57,2.25,0.99, 1.50
1.57,2.25,0.99, 1.50
1.57,2.26,0.01, 0.50
1.55,2.26,0.00, 0.00
1.55,2.26,0.00, 0.00
1.55,2.24,0.00, 0.00
1.55,2.24,0.00, 0.00
1.55,2.24,0.00, 0.00
1.55,2.24,0.00, 0.00
1.55,2.24,0.00, 0.00
1.55,2.24,0.00, 0.00
1.55,2.24,0.00, 0.00
1.55,2.24,0.00, 0.00
1.55,2.24,0.00, 0.00
1.55,2.22,0.00, 0.00
1.55,2.19,0.00, 0.00
1.55,2.19,0.00, 0.00
1.55,2.19,0.00, 0.00
1.55,2.20,0.00, 0.50
1.55,2.19,0.00, 0.00
1.55,2.19,0.00, 0.00
1.55,2.14,0.00, 0.00
1.57,2.12,0.99, 0.00
1.57,2.09,0.01, 0.00
1.55,2.06,0.00, 0.00
1.55,2.05,0.00, 0.00
1.55,2.02,0.00, 0.00
1.55,2.00,0.00, 0.00
1.55,1.98,0.00, 0.00
1.57,1.97,0.99, 0.00
1.55,1.98,0.00, 0.50
1.57,1.99,0.99, 0.25
1.57,1.99,0.99, 0.25
1.57,1.99,0.99, 0.25
1.57,1.99,0.99, 0.25
1.57,1.99,0.99, 0.25
1.57,1.99,0.99, 0.25
1.55,1.97,0.00, 0.00
1.55,1.97,0.00, 0.00
1.57,1.96,0.99, 0.00
1.55,1.94,0.00, 0.00
1.55,1.66,0.00, 0.00
1.57,1.56,0.99, 0.00
1.55,1.44,0.00, 0.00
1.55,1.38,0.00, 0.00
1.55,1.30,0.00, 0.00
1.55,1.28,0.00, 0.00
1.55,1.28,0.00, 0.00
1.55,1.23,0.00, 0.00
1.55,1.20,0.00, 0.00
1.55,1.13,0.00, 0.00
1.55,1.08,0.00, 0.00
1.57,1.00,0.99, 0.00
1.55,0.91,0.00, 0.00
1.55,0.79,0.00, 0.00
0.00,0.64,0.00, 0.00
0.00,0.60,0.00, 0.00
1.23,0.37,60.60, 0.00
1.23,0.37,60.60, 0.00
1.23,0.37,60.60, 0.00
1.23,0.37,60.60, 0.00
1.23,0.37,60.60, 0.00
1.52,0.32,15.18, 0.00
1.52,0.32,15.18, 0.00
1.52,0.32,15.18, 0.00
1.57,0.26,2.69, 0.00
1.57,0.26,2.69, 0.00
1.57,0.26,2.69, 0.00
1.57,0.26,2.69, 0.00
1.57,0.26,2.69, 0.00
1.57,0.26,2.69, 0.00
0.72,0.11,0.00, 0.00
0.72,0.11,0.00, 0.00
0.72,0.11,0.00, 0.00
0.63,0.07,0.00, 0.00
0.00,0.05,0.00, 0.00
0.00,0.05,0.00, 0.00
0.00,0.05,0.00, 0.00
0.00,0.05,0.00, 0.00
0.00,0.05,0.00, 0.00
0.00,0.05,0.00, 0.00
0.00,0.05,0.00, 0.00
0.00,0.05,0.00, 0.00
0.00,0.05,0.00, 0.00
0.00,0.05,0.00, 0.50
0.00,0.06,0.00, 0.25
0.00,0.06,0.00, 0.00
0.00,0.06,0.00, 0.00
0.00,0.05,0.00, 0.00
0.00,0.05,0.00, 0.00
0.00,0.05,0.00, 0.00
0.00,0.05,0.00, 0.50
0.00,0.05,0.00, 0.00
0.00,0.05,0.00, 0.00
0.00,0.05,0.00, 