2.49,0.00,0.00, 0.00
0.00,0.05,0.00, 2.24
0.02,0.05,0.99, 0.51
0.00,0.05,0.00, 0.00
0.05,0.05,2.46, 0.00
0.00,0.05,0.00, 0.00
0.00,0.05,0.00, 0.00
0.02,0.05,0.99, 0.50
0.02,0.06,0.01, 0.25
0.00,0.06,0.00, 0.00
0.02,0.05,0.99, 0.00
0.00,0.05,0.00, 0.50
0.00,0.05,0.00, 0.00
0.05,0.05,2.46, 0.00
0.00,0.05,0.00, 0.00
0.02,0.05,0.99, 0.50
0.02,0.05,0.01, 0.00
0.02,0.05,0.00, 0.00
0.02,0.05,0.00, 0.50
0.02,0.05,0.00, 0.00
0.00,0.05,0.00, 0.50
0.02,0.04,0.99, 0.00
0.02,0.04,0.99, 0.00
0.02,0.04,0.99, 0.00
0.02,0.04,0.99, 0.00
0.02,0.04,0.99, 0.00
0.02,0.04,0.99, 0.00
0.00,0.05,0.00, 0.50
0.02,0.05,0.99, 0.50
0.00,0.05,0.00, 0.00
0.00,0.05,0.00, 0.00
0.00,0.05,0.00, 0.00
0.02,0.05,0.99, 0.50
0.02,0.05,0.01, 0.00
0.00,0.04,0.00, 0.00
0.00,0.05,0.00, 0.50
0.00,0.05,0.00, 0.00
0.00,0.05,0.00, 0.00
0.00,0.05,0.00, 0.00
0.00,0.05,0.00, 0.00
0.00,0.05,0.00, 0.00
0.00,0.05,0.00, 0.00
0.02,0.05,0.99, 0.00
0.02,0.05,0.01, 0.50
0.02,0.05,0.00, 0.00
0.00,0.05,0.00, 0.00
0.00,0.05,0.00, 0.00
0.00,0.05,0.00, 0.00
0.00,0.05,0.00, 0.00
0.00,0.05,0.00, 0.00
0.00,0.05,0.00, 0.00
0.00,0.05,0.00, 0.50
0.00,0.05,0.00, 0.00
0.00,0.05,0.00, 0.00
0.00,0.05,0.00, 0.00
0.00,0.05,0.00, 0.00
0.00,0.05,0.00, 0.00
0.00,0.05,0.00, 0.00
0.00,0.05,0.00, 0.50
0.02,0.05,0.99, 0.00
0.00,0.05,0.00, 0.00
0.00,0.05,0.00, 0.00
0.00,0.05,0.00, 0.00
0.00,0.05,0.00, 0.00
0.00,0.05,0.00, 0.00
0.00,0.05,0.00, 0.00
0.00,0.05,0.00, 0.00
0.00,0.05,0.00, 0.00
0.02,0.05,0.99, 0.00
0.02,0.05,0.99, 0.00
0.02,0.05,0.99, 0.00
0.02,0.05,0.99, 0.00
0.02,0.05,0.99, 0.00
0.02,0.05,0.99, 0.00
0.05,0.05,1.49, 0.00
0.05,0.06,0.02, 0.75
0.00,0.05,0.00, 0.00
0.00,0.05,0.00, 0.00
0.00,0.05,0.00, 0.00
0.00,0.05,0.00, 0.00
0.00,0.05,0.00, 0.00
0.00,0.05,0.00, 0.00
0.00,0.05,0.00, 0.00
0.00,0.05,0.00, 0.00
0.00,0.05,0.00, 0.00
0.00,0.05,0.00, 0.00
0.00,0.05,0.00, 0.00
0.00,0.05,0.00, 0.00
0.00,0.05,0.00, 0.00
0.02,0.06,0.99, 1.00
0.09,0.06,3.46, 0.00
0.02,0.02,0.00, 0.00
0.00,0.06,0.00, 1.99
0.05,0.05,2.46, 0.00
0.00,0.05,0.00, 0.50
0.00,0.05,0.00, 0.50
0.00,0.05,0.00, 0.50
0.00,0.05,0.00, 0.50
0.00,0.05,0.00, 0.50
0.00,0.05,0.00, 0.50
0.00,0.05,0.00, 0.50
0.00,0.05,0.00, 0.50
0.00,0.05,0.00, 0.50
0.00,0.05,0.00, 0.50
0.00,0.05,0.00, 0.50
0.00,0.05,0.00, 0.50
0.05,0.05,2.46, 0.00
0.00,0.05,0.00, 0.00
0.02,0.05,0.99, 0.50
0.02,0.06,0.01, 0.25
0.02,0.06,0.00, 0.00
0.02,0.06,0.00, 0.00
0.02,0.06,0.00, 0.00
0.02,0.06,0.00, 0.00
0.02,0.06,0.00, 0.00
0.02,0.06,0.00, 0.00
0.02,0.06,0.00, 0.00
0.02,0.06,0.00, 0.00
0.02,0.06,0.00, 0.00
0.02,0.06,0.00, 0.00
0.02,0.06,0.00, 0.00
0.02,0.06,0.00, 0.00
0.02,0.06,0.00, 0.00
0.00,0.05,0.00, 0.00
0.02,0.05,0.99, 0.50
0.02,0.05,0.01, 0.00
0.02,0.05,0.00, 0.00
0.02,0.05,0.00, 0.00
0.02,0.05,0.00, 0.00
0.02,0.05,0.00, 0.00
0.02,0.05,0.00, 0.00
0.02,0.05,0.00, 0.00
0.02,0.05,0.00, 0.00
0.02,0.05,0.00, 0.00
0.02,0.05,0.00, 0.00
0.02,0.05,0.00, 0.00
0.02,0.05,0.00, 0.00
0.02,0.05,0.00, 0.00
0.02,0.05,0.00, 0.00
0.02,0.05,0.00, 0.00
0.02,0.05,0.00, 0.00
0.02,0.05,0.00, 0.00
0.02,0.05,0.00, 0.00
0.02,0.05,0.00, 0.00
0.02,0.05,0.00, 0.00
0.02,0.05,0.00, 0.00
0.02,0.05,0.00, 0.00
0.02,0.05,0.00, 0.00
0.02,0.05,0.00, 0.00
0.02,0.05,0.00, 0.00
0.02,0.05,0.00, 0.00
0.02,0.05,0.00, 0.00
0.02,0.05,0.00, 0.00
0.02,0.05,0.00, 0.00
0.02,0.05,0.00, 0.00
0.02,0.05,0.00, 0.00
0.02,0.05,0.00, 0.00
0.02,0.05,0.00, 0.00
0.02,0.05,0.00, 0.00
0.02,0.05,0.00, 0.00
0.02,0.05,0.00, 0.00
0.02,0.05,0.00, 0.00
0.02,0.05,0.00, 0.00
0.00,0.05,0.00, 0.00
0.02,0.05,0.99, 0.00
0.00,0.34,0.00, 13.95
2.38,7.17,117.25, 340.55
2.38,7.17,117.25, 340.55
2.38,7.17,117.25, 340.55
2.38,7.17,117.25, 340.55
2.38,7.17,117.25, 340.55
2.38,7.17,117.25, 340.55
2.38,7.17,117.25, 340.55
2.38,7.17,117.25, 340.55
2.38,7.17,117.25, 340.55
2.38,7.42,1.72, 13.70
2.38,7.68,0.03, 13.00
2.38,7.97,0.00, 14.25
2.38,9.68,0.00, 85.49
2.38,9.79,0.00, 5.79
2.38,9.81,0.00, 1.02
2.38,9.81,0.00, 0.00
2.38,9.81,0.00, 0.00
2.38,9.81,0.00, 0.00
2.38,9.81,0.00, 0.00
2.38,9.81,0.00, 0.00
2.38,9.81,0.00, 0.00
2.38,9.81,0.00, 0.00
2.38,9.81,0.00, 0.00
2.38,9.81,0.00, 0.00
2.38,9.81,0.00, 0.00
2.38,9.80,0.00, 0.00
2.38,9.77,0.00, 0.00
2.38,9.70,0.00, 0.00
2.38,9.70,0.00, 0.00
2.38,9.67,0.00, 0.00
2.38,9.67,0.00, 0.00
2.38,9.60,0.00, 0.00
2.38,9.49,0.00, 0.00
2.38,9.39,0.00, 0.00
2.38,9.39,0.00, 0.00
2.38,9.35,0.00, 0.00
2.38,9.31,0.00, 0.00
2.38,9.32,0.00, 0.50
2.38,9.33,0.00, 0.50
2.38,9.40,0.00, 3.49
2.38,9.49,0.00, 4.75
2.38,9.62,0.00, 6.49
2.38,9.67,0.00, 2.27
2.38,9.72,0.00, 2.50
2.38,9.80,0.00, 3.75
2.38,9.81,0.00, 0.76
2.38,9.81,0.00, 0.76
2.38,9.81,0.00, 0.76
2.38,9.81,0.00, 0.76
2.38,9.81,0.00, 0.00
2.38,9.81,0.00, 0.00
2.38,9.81,0.00, 0.00
2.38,9.81,0.00, 0.00
2.38,9.81,0.00, 0.00
2.38,9.81,0.00, 0.00
2.38,9.81,0.00, 0.00
2.38,9.81,0.00, 0.00
2.38,9.81,0.00, 0.00
2.38,9.81,0.00, 0.00
2.38,9.81,0.00, 0.00
2.38,9.81,0.00, 0.00
2.38,9.81,0.00, 0.00
2.38,9.81,0.00, 0.00
2.38,9.81,0.00, 0.00
2.38,9.81,0.00, 0.00
2.38,9.81,0.00, 0.00
2.38,9.81,0.00, 0.00
2.38,9.81,0.00, 0.00
2.38,9.81,0.00, 0.00
2.38,9.81,0.00, 0.00
2.38,9.81,0.00, 0.00
2.38,9.81,0.00, 0.00
2.38,9.81,0.00, 0.00
2.38,9.81,0.00, 0.00
2.38,9.81,0.00, 0.00
2.38,9.81,0.00, 0.00
2.38,9.81,0.00, 0.00
2.38,9.81,0.00, 0.00
2.38,9.81,0.00, 0.00
2.38,9.81,0.00, 0.00
2.38,9.81,0.00, 0.00
2.38,9.81,0.00, 0.00
2.38,9.81,0.00, 0.00
2.38,9.81,0.00, 0.00
2.38,9.81,0.00, 0.00
2.38,9.81,0.00, 0.00
2.38,9.81,0.00, 0.00
2.38,9.81,0.00, 0.00
2.38,9.81,0.00, 0.00
2.38,9.81,0.00, 0.00
2.38,9.81,0.00, 0.00
2.38,9.81,0.00, 0.00
2.38,9.81,0.00, 0.00
2.38,9.81,0.00, 0.00
2.38,9.81,0.00, 0.00
2.38,9.81,0.00, 0.00
2.38,9.81,0.00, 0.00
2.38,9.81,0.00, 0.00
2.38,9.53,0.00, 0.00
2.38,9.53,0.00, 0.00
2.38,9.53,0.00, 0.00
2.38,9.53,0.00, 0.00
2.38,9.53,0.00, 0.00
2.38,9.53,0.00, 0.00
2.38,9.27,0.00, 0.00
2.38,9.20,0.00, 0.00
2.38,9.20,0.00, 0.00
2.38,8.49,0.00, 0.00
2.38,8.49,0.00, 0.00
2.38,8.35,0.00, 0.00
2.38,8.24,0.00, 0.00
2.38,8.03,0.00, 0.00
2.38,7.85,0.00, 0.00
2.38,7.73,0.00, 0.00
2.38,7.61,0.00, 0.00
2.38,7.61,0.00, 0.00
2.38,7.48,0.00, 0.00
2.38,7.48,0.00, 0.00
2.38,7.48,0.00, 0.00
2.38,7.48,0.00, 0.00
2.38,7.32,0.00, 0.00
2.38,7.32,0.00, 0.00
2.38,7.32,0.00, 0.00
2.38,7.32,0.00, 0.00
2.38,7.32,0.00, 0.00
2.38,7.14,0.00, 0.00
2.38,6.95,0.00, 0.00
2.38,6.49,0.00, 0.00
0.00,6.02,0.00, 0.00
1.79,5.84,88.18, 0.00
1.79,5.84,88.18, 0.00
2.38,5.78,30.36, 0.00
2.38,5.78,30.36, 0.00
2.38,5.78,30.36, 0.00
2.38,5.78,30.36, 0.00
2.38,5.78,30.36, 0.00
2.38,5.78,30.36, 0.00
2.38,5.78,30.36, 0.00
2.38,5.78,30.36, 0.00
2.38,5.78,30.36, 0.00
2.38,5.78,30.36, 0.00
2.38,5.78,30.36, 0.00
2.38,5.78,30.36, 0.00
2.38,5.78,30.36, 0.00
2.38,5.78,30.36, 0.00
2.38,5.78,30.36, 0.00
2.38,5.78,30.36, 0.00
2.38,5.78,30.36, 0.00
2.38,5.78,30.36, 0.00
2.38,5.78,30.36, 0.00
2.04,5.62,0.00, 0.00
1.59,5.44,0.00, 0.00
1.23,4.95,0.00, 0.00
0.00,1.28,0.00, 0.00
0.00,1.07,0.00, 0.00
0.00,1.07,0.00, 0.00
0.00,1.07,0.00, 0.00
0.00,1.07,0.00, 0.00
0.00,1.07,0.00, 0.00
0.00,0.85,0.00, 0.00
0.00,0.85,0.00, 0.00
0.00,0.64,0.00, 0.00
0.00,0.46,0.00, 0.00
0.00,0.46,0.00, 0.00
0.00,0.46,0.00, 0.00
0.00,0.46,0.00, 0.00
0.00,0.46,0.00, 0.00
0.00,0.46,0.00, 0.00
0.00,0.06,0.00, 0.00
0.11,0.05,5.42, 0.00
0.00,0.05,0.00, 0.00
0.02,0.05,0.99, 0.00
0.02,0.05,0.01, 0.00
0.02,0.05,0.00, 0.50
0.02,0.05,0.00, 0.00
0.02,0.05,0.00, 0.00
0.02,0.05,0.00, 0.00
0.02,0.05,0.00, 0.00
0.02,0.05,0.00, 0.00
0.02,0.05,0.00, 0.00
0.02,0.05,0.00, 0.00
0.02,0.05,0.00, 0.00
0.02,0.05,0.00, 0.00
0.02,0.05,0.00, 0.00
0.05,0.05,1.48, 0.00
0.02,0.05,0.00, 0.00
0.02,0.05,0.00, 0.00
0.02,0.05,0.00, 0.00
0.02,0.05,0.00, 0.00
0.02,0.05,0.00, 0.00
0.02,0.05,0.00, 0.00
0.02,0.05,0.00, 0.00
0.02,0.05,0.00, 0.00
0.02,0.05,0.00, 0.00
0.02,0.05,0.00, 0.00
0.02,0.05,0.00, 0.00
0.02,0.05,0.00, 0.00
0.00,0.05,0.00, 0.50
0.02,0.04,0.99, 0.00
0.05,0.05,1.49, 0.50
0.02,0.05,0.00, 0.00
0.02,0.05,0.00, 0.50
0.05,0.05,1.48, 0.00
0.02,0.05,0.00, 0.00
0.02,0.05,0.00, 0.50
0.02,0.05,0.00, 0.00
0.02,0.05,0.00, 0.00
0.02,0.05,0.00, 0.00
0.02,0.05,0.00, 0.00
0.02,0.05,0.00, 0.00
0.02,0.10,0.00, 2.74
0.02,0.10,0.00, 2.74
0.02,0.10,0.00, 2.74
0.00,0.38,0.00, 13.71
0.11,0.70,5.42, 16.24
0.14,1.13,1.56, 21.48
0.07,1.49,0.00, 18.01
0.02,1.87,0.00, 19.00
0.02,1.87,0.00, 19.00
0.02,1.87,0.00, 19.00
0.02,1.87,0.00, 19.00
0.02,1.87,0.00, 19.00
0.02,1.87,0.00, 19.00
0.02,1.87,0.00, 19.00
0.05,2.25,1.48, 19.00
0.02,2.64,0.00, 19.75
0.02,2.64,0.00, 19.75
0.09,3.05,3.45, 20.25
1.44,5.86,66.56, 140.31
1.68,6.28,12.80, 20.94
1.97,6.69,14.48, 20.75
2.38,7.14,20.41, 22.49
2.40,7.54,1.29, 20.01
2.38,7.88,0.00, 17.01
2.38,8.20,0.00, 16.25
2.38,8.20,0.00, 16.25
2.38,8.20,0.00, 16.25
2.38,8.20,0.00, 16.25
2.38,8.20,0.00, 16.25
2.38,8.20,0.00, 16.25
2.38,8.51,0.00, 15.25
2.38,8.51,0.00, 15.25
2.38,8.51,0.00, 15.25
2.38,8.51,0.00, 15.25
2.38,8.51,0.00, 15.25
2.38,8.51,0.00, 15.25
2.38,8.51,0.00, 15.25
2.38,8.80,0.00, 14.50
2.38,9.05,0.00, 12.51
2.38,9.05,0.00, 12.51
2.38,9.05,0.00, 12.51
2.38,9.05,0.00, 12.51
2.38,9.05,0.00, 12.51
2.38,9.81,0.00, 37.91
2.38,9.81,0.00, 37.91
2.38,9.81,0.00, 37.91
2.38,9.81,0.00, 0.14
2.38,9.81,0.00, 0.00
2.38,9.81,0.00, 0.00
2.38,9.81,0.00, 0.00
2.38,9.81,0.00, 0.00
2.38,9.81,0.00, 0.00
2.38,9.81,0.00, 0.00
2.38,9.81,0.00, 0.00
2.38,9.81,0.00, 0.00
2.38,9.81,0.00, 0.00
2.38,9.81,0.00, 0.00
2.38,9.81,0.00, 0.00
2.38,9.81,0.00, 0.00
2.38,9.81,0.00, 0.00
2.38,9.81,0.00, 0.00
2.38,9.81,0.00, 0.00
2.40,9.81,0.99, 0.00
2.40,9.81,0.99, 0.00
2.40,9.81,0.99, 0.00
2.40,9.81,0.99, 0.00
2.40,9.81,0.01, 0.00
2.38,9.81,0.00, 0.00
2.38,9.81,0.00, 0.00
2.38,9.81,0.00, 0.00
2.38,9.81,0.00, 0.00
2.38,9.81,0.00, 0.00
2.38,9.81,0.00, 0.00
2.38,9.81,0.00, 0.00
2.38,9.81,0.00, 0.00
2.38,9.81,0.00, 0.00
2.38,9.81,0.00, 0.00
2.38,9.81,0.00, 0.00
2.38,9.81,0.00, 0.00
2.38,9.81,0.00, 0.00
2.38,9.81,0.00, 0.00
2.38,9.81,0.00, 0.00
2.38,9.81,0.00, 0.00
2.38,9.81,0.00, 0.00
2.38,9.81,0.00, 0.00
2.38,9.81,0.00, 0.00
2.38,9.81,0.00, 0.00
2.38,9.81,0.00, 0.00
2.38,9.81,0.00, 0.00
2.38,9.81,0.00, 0.00
2.38,9.81,0.00, 0.00
2.38,9.81,0.00, 0.00
2.38,9.81,0.00, 0.00
2.38,9.81,0.00, 0.00
2.38,9.81,0.00, 0.00
2.36,9.81,0.00, 0.00
2.38,9.81,0.99, 0.00
2.38,9.81,0.01, 0.00
2.38,9.81,0.00, 0.00
2.38,9.81,0.00, 0.00
2.38,9.81,0.00, 0.00
2.38,9.81,0.00, 0.00
2.38,9.81,0.00, 0.00
2.38,9.81,0.00, 0.00
2.38,9.81,0.00, 0.00
2.38,9.81,0.00, 0.00
2.38,9.81,0.00, 0.00
2.38,9.81,0.00, 0.00
2.38,9.81,0.00, 0.00
2.38,9.81,0.00, 0.00
2.38,9.81,0.00, 0.00
2.38,9.81,0.00, 0.00
2.38,9.81,0.00, 0.00
2.38,9.81,0.00, 0.00
2.38,9.81,0.00, 0.00
2.38,9.81,0.00, 0.00
2.38,9.81,0.00, 0.00
2.38,9.81,0.00, 0.00
2.38,9.81,0.00, 0.00
2.38,9.81,0.00, 0.00
2.38,9.81,0.00, 0.00
2.38,9.81,0.00, 0.00
2.38,9.81,0.00, 0.00
2.38,9.81,0.00, 0.00
2.38,9.81,0.00, 0.00
2.38,9.81,0.00, 0.00
2.38,9.81,0.00, 0.00
2.38,9.81,0.00, 0.00
2.38,9.81,0.00, 0.00
2.38,9.81,0.00, 0.00
2.38,9.81,0.00, 0.00
2.38,9.81,0.00, 0.00
2.38,9.81,0.00, 0.00
2.38,9.81,0.00, 0.00
2.38,9.79,0.00, 0.00
2.38,9.78,0.00, 0.00
2.38,9.77,0.00, 0.00
2.38,9.75,0.00, 0.00
2.38,9.72,0.00, 0.00
2.38,9.68,0.00, 0.00
2.38,9.62,0.00, 0.00
2.38,9.55,0.00, 0.00
2.38,9.44,0.00, 0.00
2.38,9.44,0.00, 0.00
2.38,9.35,0.00, 0.00
2.38,9.30,0.00, 0.00
2.38,9.25,0.00, 0.00
2.38,9.22,0.00, 0.00
2.38,9.15,0.00, 0.00
2.38,9.06,0.00, 0.00
2.38,8.93,0.00, 0.00
2.38,8.80,0.00, 0.00
2.38,8.80,0.00, 0.00
2.38,8.80,0.00, 0.00
2.38,8.80,0.00, 0.00
2.38,8.80,0.00, 0.00
2.38,8.80,0.00, 0.00
2.38,8.80,0.00, 0.00
2.38,8.80,0.00, 0.00
2.38,8.80,0.00, 0.00
2.38,8.80,0.00, 0.00
2.38,8.64,0.00, 0.00
2.38,8.51,0.00, 0.00
2.38,8.38,0.00, 0.00
2.49,7.79,5.42, 0.00
1.86,7.57,0.00, 0.00
1.86,7.57,0.00, 0.00
1.86,7.57,0.00, 0.00
2.18,7.34,15.76, 0.00
2.36,7.03,9.10, 0.00
0.61,6.67,0.00, 0.00
0.58,4.89,0.00, 0.00
0.58,4.89,0.00, 0.00
0.58,4.89,0.00, 0.00
0.58,4.89,0.00, 0.00
0.72,4.43,6.90, 0.00
0.63,4.01,0.00, 0.00
0.34,3.60,0.00, 0.00
0.18,2.51,0.00, 0.00
0.22,2.17,1.97, 0.00
0.14,1.92,0.00, 0.00
0.09,1.63,0.00, 0.00
0.09,1.63,0.00, 0.00
0.09,1.63,0.00, 0.00
0.09,1.37,0.00, 0.00
0.02,1.14,0.00, 0.00
0.00,0.92,0.00, 0.00
0.09,0.37,4.43, 0.00
0.00,0.24,0.00, 0.00
0.00,0.24,0.00, 0.00
0.00,0.24,0.00, 0.00
0.00,0.24,0.00, 0.00
0.00,0.24,0.00, 0.00
0.00,0.24,0.00, 0.00
0.00,0.24,0.00, 0.00
0.00,0.24,0.00, 0.00
0.02,0.14,0.99, 0.00
0.05,0.07,1.49, 0.00
0.00,0.05,0.00, 0.00
0.09,0.05,4.43, 0.00
0.00,0.05,0.00, 0.50
0.00,0.06,0.00, 0.25
0.00,0.06,0.00, 0.00
0.00,0.06,0.00, 0.00
0.00,0.06,0.00, 0.00
0.00,0.06,0.00, 0.00
0.00,0.06,0.00, 0.00
0.02,0.06,0.99, 0.00
0.02,0.06,0.99, 0.00
0.02,0.06,0.99, 0.00
0.05,0.05,1.49, 0.00
0.05,0.05,1.49, 0.00
0.07,0.04,1.01, 0.00
0.00,0.05,0.00, 0.50
0.07,0.05,3.45, 0.00
0.02,0.05,0.00, 0.50
0.02,0.05,0.00, 0.50
0.00,0.06,0.00, 0.25
0.00,0.06,0.00, 0.25
0.02,0.05,0.99, 0.00
0.02,0.05,0.01, 0.00
0.00,0.05,0.00, 0.50
0.00,0.05,0.00, 0.00
0.05,0.04,2.46, 0.00
0.02,0.05,0.00, 1.00
0.02,0.05,0.00, 0.00
0.05,0.05,1.48, 0.00
0.02,0.05,0.00, 0.00
0.02,0.05,0.00, 0.00
0.02,0.05,0.00, 0.00
0.02,0.05,0.00, 0.00
0.02,0.05,0.00, 0.00
0.02,0.05,0.00, 0.00
0.02,0.05,0.00, 0.00
0.02,0.05,0.00, 0.00
0.00,0.05,0.00, 0.00
0.02,0.05,0.99, 0.00
0.02,0.05,0.99, 0.00
0.02,0.05,0.99, 0.00
0.02,0.05,0.99, 0.00
0.02,0.05,0.99, 0.00
0.02,0.05,0.99, 0.00
0.05,0.05,1.49, 0.00
0.02,0.05,0.00, 0.00
0.02,0.05,0.00, 0.00
0.00,0.19,0.00, 6.97
0.00,0.24,0.00, 3.01
0.00,0.24,0.00, 3.01
0.00,0.24,0.00, 3.01
0.00,0.24,0.00, 3.01
0.00,0.24,0.00, 3.01
0.00,0.24,0.00, 3.01
0.00,0.53,0.00, 14.21
0.40,0.68,19.71, 7.52
0.05,0.88,0.00, 9.99
0.07,1.75,0.99, 43.38
0.11,1.93,1.99, 9.13
0.25,2.12,6.93, 9.75
0.29,2.33,2.07, 10.00
0.29,2.33,2.07, 10.00
0.29,2.33,2.07, 10.00
0.29,2.33,2.07, 10.00
0.29,2.33,2.07, 10.00
0.43,2.55,6.93, 11.25
0.65,2.80,10.94, 12.50
0.70,3.04,2.62, 11.75
1.44,4.14,36.49, 55.09
1.59,4.44,7.93, 15.15
1.91,4.71,15.88, 13.51
2.29,5.04,18.95, 16.49
2.36,5.36,3.73, 16.00
2.40,5.67,2.03, 15.50
2.40,5.67,2.03, 15.50
2.40,5.67,2.03, 15.50
2.40,5.67,2.03, 15.50
2.40,5.67,2.03, 15.50
2.40,5.67,2.03, 15.50
2.40,5.67,2.03, 15.50
2.40,5.67,2.03, 15.50
2.38,5.96,0.00, 14.50
2.38,6.24,0.00, 14.25
2.38,6.45,0.00, 10.51
2.38,7.23,0.00, 38.65
2.38,7.44,0.00, 10.85
2.38,7.60,0.00, 7.76
2.38,7.73,0.00, 6.75
2.38,7.86,0.00, 6.25
2.38,7.94,0.00, 4.01
2.38,8.02,0.00, 3.75
2.38,8.07,0.00, 3.00
2.38,8.16,0.00, 4.25
2.38,8.17,0.00, 0.51
2.38,8.16,0.00, 0.00
2.38,8.12,0.00, 0.00
2.38,8.12,0.00, 0.00
2.38,8.12,0.00, 0.00
2.38,8.06,0.00, 0.00
2.38,7.98,0.00, 0.00
2.38,7.91,0.00, 0.00
2.38,7.78,0.00, 0.00
2.38,7.74,0.00, 0.00
2.38,7.65,0.00, 0.00
2.38,7.61,0.00, 0.00
2.38,7.61,0.00, 0.00
2.38,7.61,0.00, 0.00
2.38,7.58,0.00, 0.00
2.38,7.56,0.00, 0.00
2.38,7.55,0.00, 0.00
2.40,7.56,0.99, 0.50
2.40,7.57,0.01, 0.50
2.38,7.61,0.00, 2.24
2.38,7.68,0.00, 3.50
2.38,7.73,0.00, 2.50
2.38,7.80,0.00, 3.50
2.38,7.87,0.00, 3.50
2.38,7.93,0.00, 3.00
2.38,7.99,0.00, 3.00
2.38,8.04,0.00, 2.50
2.38,8.09,0.00, 2.25
2.38,8.09,0.00, 2.25
2.38,8.09,0.00, 2.25
2.38,8.16,0.00, 3.99
2.38,8.26,0.00, 4.75
2.38,8.36,0.00, 5.25
2.38,8.43,0.00, 3.01
2.38,8.53,0.00, 5.49
2.38,8.62,0.00, 4.50
2.38,8.69,0.00, 3.25
2.36,8.76,0.00, 3.75
2.38,8.73,0.99, 0.00
2.38,8.76,0.01, 1.99
2.38,8.74,0.00, 0.00
2.38,8.74,0.00, 0.00
2.38,8.74,0.00, 0.00
2.38,8.74,0.00, 0.50
2.38,8.76,0.00, 1.00
2.38,8.76,0.00, 0.00
2.38,8.76,0.00, 0.00
2.38,8.72,0.00, 0.00
2.38,8.70,0.00, 0.00
2.38,8.67,0.00, 0.00
2.38,8.64,0.00, 0.00
2.38,8.65,0.00, 0.50
2.38,8.66,0.00, 0.50
2.38,8.68,0.00, 1.25
2.38,8.68,0.00, 0.00
2.38,8.68,0.00, 0.00
2.38,8.69,0.00, 0.50
2.38,8.70,0.00, 0.25
2.38,8.66,0.00, 0.00
2.38,8.66,0.00, 0.00
2.38,8.66,0.00, 0.00
2.38,8.58,0.00, 0.00
2.38,8.50,0.00, 0.00
2.38,8.39,0.00, 0.00
2.38,8.30,0.00, 0.00
2.38,8.23,0.00, 0.00
2.38,8.16,0.00, 0.00
2.38,8.10,0.00, 0.00
2.38,8.06,0.00, 0.00
2.38,7.99,0.00, 0.00
2.38,7.90,0.00, 0.00
2.38,7.77,0.00, 0.00
2.38,7.61,0.00, 0.00
2.38,7.41,0.00, 0.00
2.38,7.22,0.00, 0.00
2.38,7.09,0.00, 0.00
2.38,7.09,0.00, 0.00
2.38,7.01,0.00, 0.00
2.38,6.95,0.00, 0.00
2.38,6.89,0.00, 0.00
2.38,6.89,0.00, 0.00
2.38,6.89,0.00, 0.00
2.38,6.80,0.00, 0.00
2.38,6.69,0.00, 0.00
2.38,6.54,0.00, 0.00
2.38,6.36,0.00, 0.00
2.38,6.16,0.00, 0.00
2.38,5.94,0.00, 0.00
2.38,5.74,0.00, 0.00
2.38,5.61,0.00, 0.00
2.38,5.53,0.00, 0.00
2.38,5.45,0.00, 0.00
2.38,5.45,0.00, 0.00
2.38,5.36,0.00, 0.00
2.38,5.36,0.00, 0.00
2.38,5.36,0.00, 0.00
2.38,5.28,0.00, 0.00
2.38,5.16,0.00, 0.00
2.38,4.94,0.00, 0.00
2.38,4.94,0.00, 0.00
2.38,4.94,0.00, 0.00
2.38,4.94,0.00, 0.00
2.38,4.94,0.00, 0.00
2.38,4.82,0.00, 0.00
2.38,4.76,0.00, 0.00
2.38,4.68,0.00, 0.00
2.38,4.44,0.00, 0.00
2.38,4.44,0.00, 0.00
2.38,4.44,0.00, 0.00
2.38,4.44,0.00, 0.00
2.38,4.44,0.00, 0.00
2.38,4.44,0.00, 0.00
2.38,4.44,0.00, 0.00
2.38,4.44,0.00, 0.00
2.38,4.36,0.00, 0.00
2.38,4.29,0.00, 0.00
2.38,4.29,0.00, 0.00
2.38,4.23,0.00, 0.00
2.38,3.96,0.00, 0.00
2.38,3.89,0.00, 0.00
2.38,3.78,0.00, 0.00
0.00,3.72,0.00, 0.00
0.00,3.56,0.00, 0.00
2.47,3.47,121.68, 0.00
2.24,3.44,0.00, 0.00
2.29,3.43,2.46, 0.00
2.36,3.40,3.48, 0.00
2.36,3.38,0.05, 0.00
0.65,3.37,0.00, 0.00
0.67,3.27,0.99, 0.00
1.77,3.19,54.21, 0.00
1.79,3.12,1.78, 0.00
1.79,3.12,1.78, 0.00
1.79,3.12,1.78, 0.00
1.79,3.12,1.78, 0.00
1.79,3.12,1.78, 0.00
1.79,3.12,1.78, 0.00
1.23,3.06,0.00, 0.00
1.23,3.06,0.00, 0.00
1.23,3.06,0.00, 0.00
1.23,3.06,0.00, 0.00
1.23,3.06,0.00, 0.00
1.23,3.06,0.00, 0.00
1.23,3.06,0.00, 0.00
1.39,2.98,7.88, 0.00
1.39,2.98,7.88, 0.00
1.39,2.98,7.88, 0.00
1.19,2.90,0.00, 0.00
1.19,2.90,0.00, 0.00
1.19,2.90,0.00, 0.00
1.19,2.90,0.00, 0.00
1.19,2.90,0.00, 0.00
0.85,2.27,0.00, 0.00
0.85,2.27,0.00, 0.00
0.14,0.74,0.00, 0.00
0.18,0.59,1.97, 0.00
0.20,0.10,1.01, 0.00
0.14,0.09,0.00, 0.00
0.14,0.09,0.00, 0.00
0.00,0.07,0.00, 0.00
0.00,0.05,0.00, 0.00
0.02,0.05,0.99, 0.25
0.05,0.05,1.49, 0.00
0.00,0.07,0.00, 0.75
0.38,0.06,18.72, 0.00
0.07,0.06,0.00, 0.00
0.00,0.05,0.00, 0.00
0.00,0.05,0.00, 0.00
0.00,0.05,0.00, 0.00
0.00,0.05,0.00, 0.00
0.00,0.05,0.00, 0.00
0.18,0.06,8.87, 0.75
0.18,0.06,8.87, 0.75
0.18,0.06,8.87, 0.75
0.18,0.06,8.87, 0.75
0.00,0.06,0.00, 0.00
0.00,0.06,0.00, 0.00
0.02,0.05,0.99, 0.00
0.07,0.06,2.48, 0.25
0.09,0.05,1.02, 0.00
0.14,0.07,2.48, 1.25
0.14,0.07,2.48, 1.25
0.00,0.06,0.00, 0.00
0.00,0.05,0.00, 0.00
0.00,0.05,0.00, 0.00
0.14,0.05,6.90, 0.50
0.14,0.05,6.90, 0.50
0.14,0.05,6.90, 0.50
0.14,0.05,6.90, 0.50
0.14,0.05,6.90, 0.50
0.14,0.05,6.90, 0.50
0.00,0.05,0.00, 0.00
0.00,0.05,0.00, 0.00
0.18,0.05,8.87, 0.00
0.00,0.05,0.00, 0.00
0.00,0.05,0.00, 0.00
0.00,0.05,0.00, 0.00
0.00,0.05,0.00, 0.00
0.02,0.06,0.99, 0.75
0.02,0.05,0.01, 0.00
0.00,0.05,0.00, 0.50
0.05,0.04,2.46, 0.00
0.00,0.05,0.00, 1.00
0.16,0.06,7.88, 0.25
0.05,0.05,0.00, 0.00
0.02,0.05,0.00, 0.00
0.02,0.05,0.00, 0.50
0.00,0.05,0.00, 0.00
0.11,0.05,5.42, 0.50
0.00,0.17,0.00, 5.73
0.09,0.61,4.43, 21.94
0.09,0.61,4.43, 21.94
0.09,0.61,4.43, 21.94
0.09,0.61,4.43, 21.94
0.09,0.61,4.43, 21.94
0.09,0.61,4.43, 21.94
0.09,0.61,4.43, 21.94
0.09,0.61,4.43, 21.94
0.09,0.61,4.43, 21.94
0.09,0.61,4.43, 21.94
0.45,1.03,17.80, 21.00
0.45,1.03,17.80, 21.00
0.61,1.44,8.14, 20.50
0.58,1.79,0.00, 17.51
2.42,4.77,90.65, 148.77
2.40,5.10,0.35, 16.74
2.38,5.41,0.00, 15.50
2.38,5.68,0.00, 13.76
2.38,5.93,0.00, 12.01
2.38,6.14,0.00, 10.51
2.38,6.14,0.00, 10.51
2.38,6.14,0.00, 10.51
2.38,6.14,0.00, 10.51
2.38,6.14,0.00, 10.51
2.38,6.14,0.00, 10.51
2.38,6.38,0.00, 12.24
2.38,6.38,0.00, 12.24
2.38,6.66,0.00, 14.24
2.38,6.93,0.00, 13.50
2.38,8.06,0.00, 56.34
2.38,8.11,0.00, 2.70
2.38,8.09,0.00, 0.00
2.38,7.99,0.00, 0.00
2.38,7.83,0.00, 0.00
2.38,7.64,0.00, 0.00
2.38,7.45,0.00, 0.00
2.38,7.25,0.00, 0.00
2.38,7.10,0.00, 0.00
2.38,6.93,0.00, 0.00
2.40,6.80,0.99, 0.00
2.38,6.72,0.00, 0.00
2.38,6.69,0.00, 0.00
2.38,6.69,0.00, 0.00
2.33,6.64,0.00, 0.00
2.33,6.64,0.00, 0.00
2.36,6.61,1.48, 0.00
2.33,6.60,0.00, 0.00
2.33,6.63,0.00, 1.49
2.36,6.68,1.48, 2.50
2.38,6.78,1.01, 5.24
2.40,6.90,1.00, 6.00
2.40,7.05,0.01, 7.00
2.42,7.22,0.99, 8.74
2.42,7.39,0.01, 8.25
2.42,7.52,0.00, 6.76
2.42,7.52,0.00, 6.76
2.42,7.52,0.00, 6.76
2.42,7.52,0.00, 6.76
2.42,7.52,0.00, 6.76
2.42,7.62,0.00, 5.26
2.42,7.77,0.00, 6.99
2.42,7.90,0.00, 6.75
2.49,8.30,3.45, 19.95
2.49,8.30,3.45, 19.95
2.49,8.49,0.05, 9.54
2.44,8.67,0.00, 9.00
2.42,8.84,0.00, 8.50
2.42,8.95,0.00, 5.51
2.42,9.08,0.00, 6.50
2.47,9.20,2.46, 6.00
2.44,9.31,0.00, 5.50
2.40,9.35,0.00, 1.76
2.47,9.35,3.45, 0.01
2.15,9.35,0.00, 0.00
2.15,9.35,0.00, 0.00
2.15,9.35,0.00, 0.00
2.24,9.31,4.43, 0.00
2.38,9.22,6.96, 0.00
2.47,9.04,4.54, 0.00
2.40,8.88,0.00, 0.00
2.40,8.74,0.00, 0.00
2.38,8.67,0.00, 0.00
2.40,8.60,0.99, 0.00
2.38,8.55,0.00, 0.00
2.38,8.48,0.00, 0.00
2.38,8.36,0.00, 0.00
2.38,8.24,0.00, 0.00
2.38,8.24,0.00, 0.00
2.38,8.08,0.00, 0.00
2.38,7.86,0.00, 0.00
2.38,7.59,0.00, 0.00
2.38,7.59,0.00, 0.00
2.38,7.31,0.00, 0.00
2.38,7.12,0.00, 0.00
2.38,7.01,0.00, 0.00
2.38,6.89,0.00, 0.00
2.38,6.79,0.00, 0.00
2.40,6.69,0.99, 0.00
2.40,6.69,0.99, 0.00
2.38,6.56,0.00, 0.00
2.40,6.42,0.99, 0.00
2.38,6.22,0.00, 0.00
2.38,6.01,0.00, 0.00
2.38,5.79,0.00, 0.00
2.38,5.58,0.00, 0.00
2.38,5.41,0.00, 0.00
2.38,5.33,0.00, 0.00
2.38,5.33,0.00, 0.00
2.38,5.33,0.00, 0.00
2.38,5.34,0.00, 0.25
2.38,5.36,0.00, 1.25
2.38,5.36,0.00, 0.00
2.38,5.32,0.00, 0.00
2.38,5.26,0.00, 0.00
2.38,5.19,0.00, 0.00
2.38,5.09,0.00, 0.00
2.38,4.99,0.00, 0.00
2.38,4.80,0.00, 0.00
2.38,4.89,0.00, 4.48
2.38,4.89,0.00, 0.51
2.38,4.90,0.00, 0.50
2.38,4.94,0.00, 1.99
2.38,4.94,0.00, 1.99
2.38,4.94,0.00, 1.99
2.38,4.98,0.00, 2.00
2.38,5.00,0.00, 0.75
2.38,5.00,0.00, 0.75
2.38,4.99,0.00, 0.00
2.38,4.94,0.00, 0.00
2.38,4.84,0.00, 0.00
2.38,4.84,0.00, 0.00
2.38,4.82,0.00, 0.00
2.38,4.76,0.00, 0.00
2.38,4.72,0.00, 0.00
2.38,4.69,0.00, 0.00
2.38,4.61,0.00, 0.00
2.38,4.57,0.00, 0.00
2.38,4.49,0.00, 0.00
2.38,4.44,0.00, 0.00
2.38,4.36,0.00, 0.00
2.38,4.28,0.00, 0.00
0.00,4.17,0.00, 0.00
0.00,4.17,0.00, 0.00
0.00,4.17,0.00, 0.00
0.00,4.17,0.00, 0.00
0.00,4.17,0.00, 0.00
0.00,4.17,0.00, 0.00
0.00,4.03,0.00, 0.00
2.44,3.90,120.21, 0.00
2.42,3.88,0.78, 0.00
2.38,3.82,0.00, 0.00
2.38,3.73,0.00, 0.00
1.46,3.61,0.00, 0.00
1.46,3.61,0.00, 0.00
0.31,3.47,0.00, 0.00
1.19,3.27,43.35, 0.00
0.94,2.72,0.00, 0.00
0.90,2.49,0.00, 0.00
0.90,2.49,0.00, 0.00
0.96,2.26,2.96, 0.00
0.72,2.01,0.00, 0.00
0.72,2.01,0.00, 0.00
0.72,2.01,0.00, 0.00
0.67,1.72,0.00, 0.00
0.79,1.05,5.91, 0.00
0.79,1.05,5.91, 0.00
0.79,1.05,5.91, 0.00
0.79,1.05,5.91, 0.00
0.79,1.05,5.91, 0.00
0.79,1.05,5.91, 0.00
0.00,0.86,0.00, 0.00
0.00,0.86,0.00, 0.00
0.00,0.86,0.00, 0.00
0.20,0.55,9.85, 0.00
0.20,0.55,9.85, 0.00
0.22,0.41,1.13, 0.00
0.22,0.41,1.13, 0.00
0.22,0.41,1.13, 0.00
0.22,0.41,1.13, 0.00
0.22,0.41,1.13, 0.00
0.22,0.41,1.13, 0.00
0.22,0.41,1.13, 0.00
0.22,0.41,1.13, 0.00
0.22,0.41,1.13, 0.00
0.22,0.41,1.13, 0.00
0.22,0.41,1.13, 0.00
0.22,0.41,1.13, 0.00
0.22,0.41,1.13, 0.00
0.22,0.41,1.13, 0.00
0.14,0.05,0.00, 0.00
0.14,0.05,0.00, 0.00
0.00,0.05,0.00, 0.50
0.09,0.05,4.43, 0.00
0.00,0.05,0.00, 0.50
0.05,0.05,2.46, 0.00
0.02,0.05,0.00, 0.00
0.02,0.05,0.00, 0.00
0.02,0.05,0.00, 0.00
0.05,0.05,1.48, 0.00
0.02,0.05,0.00, 0.00
0.02,0.05,0.00, 0.00
0.02,0.05,0.00, 0.00
0.00,0.05,0.00, 0.00
0.02,0.05,0.99, 0.00
0.02,0.05,0.99, 0.00
0.07,0.05,2.48, 0.00
0.02,0.05,0.00, 0.00
0.02,0.05,0.00, 0.00
0.02,0.04,0.00, 0.00
0.05,0.05,1.48, 0.50
0.02,0.05,0.00, 0.50
0.05,0.05,1.48, 0.00
0.00,0.26,0.00, 10.96
0.00,0.33,0.00, 3.53
0.31,0.60,15.27, 13.21
0.31,0.60,15.27, 13.21
0.31,0.60,15.27, 13.21
0.31,0.60,15.27, 13.21
0.31,0.60,15.27, 13.21
0.67,1.00,17.96, 19.73
0.67,1.00,17.96, 19.73
0.67,1.00,17.96, 19.73
0.76,1.30,4.70, 15.27
0.11,1.55,0.00, 12.26
0.11,1.55,0.00, 12.26
0.11,1.55,0.00, 12.26
0.11,1.55,0.00, 12.26
0.11,1.55,0.00, 12.26
0.11,1.55,0.00, 12.26
0.11,1.55,0.00, 12.26
0.11,1.55,0.00, 12.26
0.11,1.55,0.00, 12.26
0.11,1.55,0.00, 12.26
0.11,1.55,0.00, 12.26
0.11,1.55,0.00, 12.26
0.11,1.55,0.00, 12.26
0.11,1.55,0.00, 12.26
0.11,1.55,0.00, 12.26
0.11,1.55,0.00, 12.26
0.11,1.55,0.00, 12.26
0.11,1.55,0.00, 12.26
0.11,1.55,0.00, 12.26
0.11,1.55,0.00, 12.26
0.11,1.55,0.00, 12.26
0.11,1.55,0.00, 12.26
0.61,2.42,24.63, 43.88
1.39,3.22,38.79, 39.52
1.46,3.49,4.02, 14.09
2.38,6.27,45.38, 138.29
2.38,6.24,0.67, 0.00
2.38,6.24,0.67, 0.00
2.38,6.18,0.01, 0.00
2.38,6.10,0.00, 0.00
2.38,6.04,0.00, 0.00
2.38,5.90,0.00, 0.00
2.38,5.90,0.00, 0.00
2.38,5.82,0.00, 0.00
2.38,5.77,0.00, 0.00
2.38,5.72,0.00, 0.00
2.38,5.68,0.00, 0.00
2.38,5.70,0.00, 0.50
2.38,5.68,0.00, 0.00
2.38,5.70,0.00, 1.00
2.38,5.66,0.00, 0.00
2.38,5.68,0.00, 1.00
2.38,5.66,0.00, 0.00
2.38,5.66,0.00, 0.00
2.38,5.61,0.00, 0.00
2.38,5.58,0.00, 0.00
2.38,5.59,0.00, 0.50
2.38,5.61,0.00, 1.00
2.38,5.61,0.00, 1.00
2.38,5.61,0.00, 1.00
2.38,5.61,0.00, 1.00
2.38,5.63,0.00, 1.00
2.38,5.65,0.00, 1.25
2.38,5.72,0.00, 3.49
2.40,5.82,0.99, 4.99
2.38,5.85,0.00, 1.01
2.38,5.91,0.00, 3.49
2.36,5.98,0.00, 3.50
2.36,6.03,0.00, 2.50
2.33,6.10,0.00, 3.25
2.38,6.16,2.46, 3.25
2.38,6.21,0.04, 2.25
2.38,6.21,0.04, 2.25
2.38,6.24,0.00, 1.50
2.38,6.24,0.00, 0.01
2.38,6.20,0.00, 0.00
2.38,6.20,0.00, 0.00
2.38,6.20,0.00, 0.50
2.38,6.23,0.00, 1.00
2.38,6.22,0.00, 0.00
2.38,6.24,0.00, 1.25
2.38,6.24,0.00, 1.25
2.38,6.23,0.00, 0.00
2.38,6.17,0.00, 0.00
2.38,6.08,0.00, 0.00
2.38,6.08,0.00, 0.00
2.38,6.08,0.00, 0.00
2.38,5.99,0.00, 0.00
2.38,5.89,0.00, 0.00
2.38,5.86,0.00, 0.00
2.38,5.82,0.00, 0.00
2.38,5.78,0.00, 0.00
2.38,5.73,0.00, 0.00
2.40,5.66,0.99, 0.00
2.38,5.59,0.00, 0.00
2.36,5.49,0.00, 0.00
2.38,5.38,0.99, 0.00
2.38,5.28,0.01, 0.00
2.38,5.28,0.01, 0.00
2.38,5.19,0.00, 0.00
2.38,5.14,0.00, 0.00
2.38,5.11,0.00, 0.00
2.38,5.11,0.00, 0.00
2.38,5.10,0.00, 0.00
2.38,5.11,0.00, 0.50
2.38,5.11,0.00, 0.50
2.38,5.12,0.00, 0.75
2.38,5.11,0.00, 0.00
2.38,5.05,0.00, 0.00
2.38,4.97,0.00, 0.00
2.38,4.86,0.00, 0.00
2.38,4.82,0.00, 0.00
2.38,4.80,0.00, 0.00
2.38,4.80,0.00, 0.00
2.38,4.78,0.00, 0.00
2.38,4.78,0.00, 0.00
2.38,4.78,0.00, 0.25
2.38,4.76,0.00, 0.00
2.38,4.69,0.00, 0.00
2.38,4.69,0.00, 0.00
2.38,4.61,0.00, 0.00
2.38,4.48,0.00, 0.00
2.38,4.37,0.00, 0.00
2.38,4.27,0.00, 0.00
2.38,4.22,0.00, 0.00
2.38,4.22,0.00, 0.00
2.38,4.22,0.00, 0.00
2.38,4.16,0.00, 0.00
2.38,4.12,0.00, 0.00
2.38,4.10,0.00, 0.00
2.38,4.03,0.00, 0.00
2.38,3.95,0.00, 0.00
0.88,3.85,0.00, 0.00
0.00,3.69,0.00, 0.00
2.36,3.63,116.26, 0.00
2.33,3.57,0.23, 0.00
2.36,3.46,1.48, 0.00
2.40,3.40,1.99, 0.00
2.40,3.35,0.03, 0.00
0.90,3.24,0.00, 0.00
0.90,3.24,0.00, 0.00
0.36,3.18,0.00, 0.00
1.77,3.12,69.46, 0.00
2.09,2.99,16.79, 0.00
1.44,2.86,0.00, 0.00
0.90,2.70,0.00, 0.00
0.90,2.70,0.00, 0.00
0.90,2.70,0.00, 0.00
1.01,2.55,5.42, 0.00
1.08,2.36,3.53, 0.00
0.99,2.16,0.00, 0.00
0.85,1.99,0.00, 0.00
0.70,1.82,0.00, 0.00
0.00,1.55,0.00, 0.00
0.74,1.42,36.46, 0.00
0.00,1.26,0.00, 0.00
0.00,1.26,0.00, 0.00
0.14,1.09,6.90, 0.00
0.00,0.96,0.00, 0.00
0.00,0.83,0.00, 0.00
0.00,0.83,0.00, 0.00
0.00,0.83,0.00, 0.00
0.00,0.83,0.00, 0.00
0.00,0.83,0.00, 0.00
0.09,0.74,4.43, 0.00
0.09,0.74,4.43, 0.00
0.00,0.63,0.00, 0.00
0.11,0.48,5.42, 0.00
0.05,0.11,0.00, 0.00
0.05,0.09,0.00, 0.00
0.07,0.07,0.99, 0.00
0.00,0.06,0.00, 0.00
0.00,0.06,0.00, 0.00
0.00,0.06,0.00, 0.00
0.00,0.06,0.00, 0.00
0.00,0.06,0.00, 0.00
0.00,0.05,0.00, 0.00
0.07,0.05,3.45, 0.00
0.05,0.05,0.00, 0.50
0.05,0.05,0.00, 0.00
0.00,0.05,0.00, 0.00
0.05,0.04,2.46, 0.00
0.05,0.05,0.04, 0.50
0.00,0.05,0.00, 0.00
0.05,0.05,2.46, 0.50
0.00,0.05,0.00, 0.00
0.05,0.05,2.46, 0.00
0.07,0.06,1.02, 0.25
0.02,0.05,0.00, 0.00
0.02,0.05,0.00, 0.50
0.02,0.05,0.00, 0.50
0.02,0.05,0.00, 0.50
0.00,0.06,0.00, 0.25
0.09,0.05,4.43, 0.00
0.00,0.05,0.00, 0.00
0.00,0.05,0.00, 0.00
0.00,0.05,0.00, 0.00
0.00,0.05,0.00, 0.00
0.00,0.05,0.00, 0.00
0.07,0.05,3.45, 0.00
0.07,0.05,3.45, 0.00
0.02,0.05,0.00, 0.00
0.02,0.05,0.00, 0.00
0.02,0.05,0.00, 0.00
0.02,0.04,0.00, 0.00
0.02,0.05,0.00, 0.50
0.02,0.05,0.00, 0.50
0.00,0.05,0.00, 0.00
0.09,0.05,4.43, 0.00
0.02,0.05,0.00, 0.00
0.02,0.05,0.00, 0.00
0.00,0.05,0.00, 0.50
0.02,0.15,0.99, 4.49
0.02,0.15,0.99, 4.49
0.02,0.15,0.99, 4.49
0.00,0.24,0.00, 4.75
0.00,0.24,0.00, 4.75
0.00,0.25,0.00, 0.76
0.02,0.19,0.99, 0.00
0.02,1.10,0.01, 45.33
0.70,1.35,33.50, 12.62
0.63,1.60,0.00, 12.50
0.47,1.88,0.00, 13.75
0.63,2.12,7.88, 12.26
0.63,2.12,7.88, 12.26
0.96,2.35,16.37, 11.25
0.94,2.56,0.00, 10.75
1.08,2.76,6.90, 10.00
1.37,2.95,14.39, 9.75
1.66,3.14,14.50, 9.50
1.59,3.32,0.00, 9.00
1.66,3.49,3.45, 8.25
2.09,3.69,21.23, 9.99
2.27,3.91,9.18, 11.25
2.27,3.91,9.18, 11.25
2.27,3.91,9.18, 11.25
2.27,3.91,9.18, 11.25
2.27,3.91,9.18, 11.25
2.27,3.91,9.18, 11.25
2.27,4.09,0.14, 8.51
2.27,4.09,0.14, 8.51
2.38,4.26,5.42, 8.50
2.38,4.44,0.08, 9.50
2.38,4.97,0.00, 26.19
2.38,5.28,0.00, 15.54
2.38,5.45,0.00, 8.28
2.38,5.61,0.00, 8.25
2.38,5.80,0.00, 9.50
2.38,5.99,0.00, 9.50
2.38,6.18,0.00, 9.75
2.38,6.34,0.00, 7.51
2.38,6.49,0.00, 7.50
2.38,6.58,0.00, 4.76
2.38,6.58,0.00, 4.76
2.38,6.58,0.00, 4.76
2.38,6.58,0.00, 4.76
2.38,6.58,0.00, 4.76
2.38,6.58,0.00, 4.76
2.38,6.58,0.00, 4.76
2.38,6.58,0.00, 4.76
2.38,6.58,0.00, 4.76
2.38,6.58,0.00, 4.76
2.38,6.68,0.00, 5.00
2.38,6.81,0.00, 6.25
2.38,6.91,0.00, 5.50
2.38,6.94,0.00, 1.27
2.38,6.89,0.00, 0.00
2.38,6.79,0.00, 0.00
2.38,6.71,0.00, 0.00
2.38,6.62,0.00, 0.00
2.38,6.47,0.00, 0.00
2.38,6.37,0.00, 0.00
2.40,6.14,0.99, 0.00
2.36,6.10,0.00, 0.00
2.36,6.10,0.00, 0.00
2.36,6.10,0.00, 0.00
2.36,6.10,0.00, 0.00
2.36,6.11,0.00, 0.75
2.36,6.14,0.00, 1.25
2.36,6.18,0.00, 2.25
2.36,6.23,0.00, 2.75
2.38,6.28,0.99, 2.50
2.38,6.28,0.99, 2.50
2.38,6.28,0.99, 2.50
2.38,6.28,0.99, 2.50
2.38,6.36,0.01, 3.50
2.40,6.43,0.99, 4.00
2.40,6.55,0.01, 5.49
2.40,6.76,0.00, 10.48
2.42,6.86,0.99, 5.02
2.42,6.91,0.01, 3.01
2.42,6.91,0.01, 3.01
2.42,6.91,0.01, 3.01
2.42,6.91,0.01, 3.01
2.42,6.95,0.00, 1.75
2.40,7.01,0.00, 3.24
2.22,7.08,0.00, 3.25
2.49,7.14,13.30, 3.00
2.24,7.27,0.00, 6.49
2.42,7.40,8.87, 6.50
2.40,7.52,0.00, 6.00
2.42,7.64,0.99, 5.75
2.49,7.69,3.46, 2.76
2.42,7.70,0.00, 0.76
2.42,7.70,0.00, 0.76
2.47,7.69,2.46, 0.00
2.47,7.62,0.04, 0.00
2.22,7.60,0.00, 0.00
2.40,7.87,8.87, 13.20
2.38,8.01,0.00, 7.02
2.38,8.11,0.00, 5.51
2.38,8.17,0.00, 2.76
2.38,8.14,0.00, 0.00
2.38,8.03,0.00, 0.00
2.38,8.03,0.00, 0.00
2.38,7.93,0.00, 0.00
2.38,7.81,0.00, 0.00
2.38,7.72,0.00, 0.00
2.38,7.64,0.00, 0.00
2.38,7.60,0.00, 0.00
2.38,7.56,0.00, 0.00
2.38,7.56,0.00, 0.00
2.38,7.56,0.00, 0.00
2.38,7.56,0.00, 0.00
2.38,7.56,0.00, 0.00
2.38,7.56,0.00, 0.00
2.38,7.56,0.00, 0.00
2.38,7.49,0.00, 0.00
2.38,7.43,0.00, 0.00
2.38,7.37,0.00, 0.00
2.38,6.89,0.00, 0.00
2.38,6.78,0.00, 0.00
2.38,6.70,0.00, 0.00
2.40,6.66,0.99, 0.00
2.38,6.64,0.00, 0.00
2.38,6.64,0.00, 0.50
2.38,6.65,0.00, 0.25
2.38,6.65,0.00, 0.25
2.38,6.65,0.00, 0.25
2.38,6.65,0.00, 0.25
2.38,6.65,0.00, 0.25
2.38,6.65,0.00, 0.25
2.38,6.65,0.00, 0.25
2.38,6.65,0.00, 0.25
2.38,6.65,0.00, 0.25
2.38,6.65,0.00, 0.25
2.38,6.65,0.00, 0.25
2.38,6.65,0.00, 0.25
2.38,6.61,0.00, 0.00
2.38,6.58,0.00, 0.00
2.38,6.50,0.00, 0.00
2.38,6.22,0.00, 0.00
2.38,6.22,0.00, 0.00
2.38,6.12,0.00, 0.00
2.38,6.03,0.00, 0.00
2.38,5.95,0.00, 0.00
2.38,5.87,0.00, 0.00
2.38,5.80,0.00, 0.00
0.83,5.74,0.00, 0.00
0.00,5.63,0.00, 0.00
2.47,5.62,121.68, 0.00
2.33,5.49,0.00, 0.00
2.38,5.38,2.46, 0.00
2.40,5.27,1.02, 0.00
2.40,5.27,1.02, 0.00
2.40,5.27,1.02, 0.00
2.40,5.27,1.02, 0.00
2.40,5.27,1.02, 0.00
2.40,5.27,1.02, 0.00
2.40,5.06,0.02, 0.00
2.36,4.84,0.00, 0.00
0.00,4.60,0.00, 0.00
1.75,3.68,86.21, 0.00
0.81,3.34,0.00, 0.00
0.81,3.34,0.00, 0.00
0.81,3.34,0.00, 0.00
0.81,3.34,0.00, 0.00
0.81,3.34,0.00, 0.00
0.61,3.01,0.00, 0.00
0.61,3.01,0.00, 0.00
0.61,3.01,0.00, 0.00
0.99,2.67,18.72, 0.00
0.92,2.29,0.00, 0.00
0.61,0.73,0.00, 0.00
0.00,0.52,0.00, 0.00
0.00,0.34,0.00, 0.00
0.00,0.25,0.00, 0.00
0.00,0.14,0.00, 0.00
0.00,0.06,0.00, 0.00
0.02,0.05,0.99, 0.00
0.11,0.05,4.45, 0.00
0.00,0.05,0.00, 0.00
0.00,0.05,0.00, 0.00
0.00,0.05,0.00, 0.00
0.00,0.05,0.00, 0.00
0.00,0.05,0.00, 0.00
0.00,0.05,0.00, 0.00
0.00,0.05,0.00, 0.00
0.00,0.05,0.00, 0.00
0.00,0.05,0.00, 0.00
0.00,0.05,0.00, 0.00
0.00,0.05,0.00, 0.00
0.00,0.05,0.00, 0.00
0.00,0.05,0.00, 0.00
0.00,0.05,0.00, 0.00
0.00,0.05,0.00, 0.00
0.00,0.05,0.00, 0.00
0.16,0.05,7.88, 0.00
0.05,0.05,0.00, 0.00
0.00,0.05,0.00, 0.00
0.00,0.05,0.00, 0.00
0.00,0.05,0.00, 0.00
0.00,0.05,0.00, 0.00
0.00,0.05,0.00, 0.00
0.00,0.05,0.00, 0.00
0.00,0.05,0.00, 0.00
0.00,0.05,0.00, 0.00
0.00,0.05,0.00, 0.00
0.07,0.05,3.45, 0.00
0.05,0.05,0.00, 0.00
0.05,0.05,0.00, 0.00
0.02,0.05,0.00, 0.00
0.05,0.05,1.48, 0.00
0.02,0.05,0.00, 0.00
0.02,0.05,0.00, 0.00
0.02,0.05,0.00, 0.00
0.02,0.05,0.00, 0.00
0.02,0.05,0.00, 0.00
0.02,0.05,0.00, 0.00
0.02,0.05,0.00, 0.00
0.02,0.05,0.00, 0.50
0.02,0.05,0.00, 0.00
0.02,0.05,0.00, 0.00
0.02,0.05,0.00, 0.00
0.02,0.05,0.00, 0.00
0.02,0.05,0.00, 0.00
0.02,0.05,0.00, 0.00
0.02,0.05,0.00, 0.00
0.02,0.05,0.00, 0.00
0.02,0.05,0.00, 0.00
0.02,0.05,0.00, 0.00
0.02,0.05,0.00, 0.00
0.02,0.05,0.00, 0.00
0.02,0.05,0.00, 0.00
0.05,0.05,1.48, 0.00
0.05,0.05,0.02, 0.00
0.02,0.05,0.00, 0.00
0.02,0.05,0.00, 0.50
0.00,0.20,0.00, 7.47
0.00,0.20,0.00, 7.47
0.00,0.20,0.00, 7.47
0.00,0.20,0.00, 7.47
0.00,0.20,0.00, 7.47
0.00,0.20,0.00, 7.47
0.00,0.20,0.00, 7.47
0.00,0.20,0.00, 7.47
0.02,0.36,0.99, 7.75
0.02,0.36,0.99, 7.75
0.02,0.36,0.99, 7.75
0.02,0.36,0.99, 7.75
0.02,0.36,0.99, 7.75
0.02,0.36,0.99, 7.75
0.02,0.36,0.99, 7.75
0.02,0.36,0.99, 7.75
0.02,0.36,0.99, 7.75
0.02,0.36,0.99, 7.75
0.02,0.36,0.99, 7.75
0.02,0.36,0.99, 7.75
0.02,0.36,0.99, 7.75
0.02,0.36,0.99, 7.75
0.00,0.87,0.00, 25.19
0.25,1.17,12.32, 15.29
0.63,2.65,18.90, 74.03
2.38,5.45,86.49, 139.51
2.38,5.45,86.49, 139.51
2.38,5.65,1.27, 10.72
2.38,5.82,0.02, 8.51
2.38,5.94,0.00, 6.01
2.38,6.05,0.00, 5.00
2.38,6.13,0.00, 4.25
2.38,6.20,0.00, 3.75
2.38,6.20,0.00, 3.75
2.38,6.31,0.00, 5.00
2.38,6.40,0.00, 4.75
2.38,6.47,0.00, 3.75
2.38,6.53,0.00, 2.50
2.38,6.53,0.00, 0.01
2.38,6.47,0.00, 0.00
2.38,6.39,0.00, 0.00
2.38,6.26,0.00, 0.00
2.38,6.14,0.00, 0.00
2.38,6.02,0.00, 0.00
2.38,5.94,0.00, 0.00
2.38,5.91,0.00, 0.00
2.38,5.91,0.00, 0.00
2.38,5.91,0.00, 0.00
2.38,5.90,0.00, 0.00
2.38,5.89,0.00, 0.00
2.36,5.84,0.00, 0.00
2.38,5.80,0.99, 0.00
2.40,5.72,1.00, 0.00
2.38,5.63,0.00, 0.00
2.38,5.52,0.00, 0.00
2.36,5.43,0.00, 0.00
2.36,5.43,0.00, 0.00
2.36,5.43,0.00, 0.00
2.36,5.43,0.00, 0.00
2.36,5.43,0.00, 0.00
2.36,5.43,0.00, 0.00
2.36,5.44,0.00, 1.00
2.36,5.50,0.00, 2.74
2.38,5.61,0.99, 5.24
2.38,5.66,0.01, 2.76
2.40,5.71,0.99, 2.50
2.40,5.81,0.01, 4.74
2.40,5.89,0.00, 4.25
2.40,5.98,0.00, 4.25
2.40,6.02,0.00, 2.51
2.40,6.10,0.00, 3.50
2.40,6.18,0.00, 4.00
2.38,6.24,0.00, 3.50
2.42,6.36,1.97, 5.99
2.40,6.51,0.00, 7.00
2.38,6.62,0.00, 6.00
2.38,6.69,0.00, 3.01
2.38,6.73,0.00, 2.50
2.38,6.76,0.00, 1.25
2.38,6.78,0.00, 1.25
2.38,6.78,0.00, 1.25
2.38,6.83,0.00, 2.25
2.38,6.89,0.00, 3.00
2.38,6.96,0.00, 3.50
2.38,7.02,0.00, 3.00
2.40,7.03,0.99, 0.76
2.33,7.06,0.00, 1.25
2.33,7.06,0.00, 1.25
2.33,7.06,0.00, 1.25
2.33,7.06,0.00, 1.25
2.33,7.06,0.00, 1.25
2.33,7.06,0.00, 1.25
2.40,6.96,3.45, 0.00
2.47,6.86,3.50, 0.00
2.49,6.78,1.04, 0.00
2.36,6.71,0.00, 0.00
2.38,6.67,0.99, 0.00
2.38,6.68,0.01, 0.25
2.38,6.69,0.00, 1.00
2.38,6.72,0.00, 1.00
2.38,6.72,0.00, 0.25
2.38,6.66,0.00, 0.00
2.38,6.57,0.00, 0.00
2.38,6.57,0.00, 0.00
2.38,6.42,0.00, 0.00
2.38,5.97,0.00, 0.00
2.38,5.93,0.00, 0.00
2.38,5.90,0.00, 0.00
2.38,5.89,0.00, 0.00
2.38,5.86,0.00, 0.00
2.38,5.81,0.00, 0.00
2.38,5.76,0.00, 0.00
2.38,5.64,0.00, 0.00
2.38,5.53,0.00, 0.00
2.38,5.45,0.00, 0.00
2.38,5.32,0.00, 0.00
2.38,5.22,0.00, 0.00
2.38,5.22,0.00, 0.00
2.38,5.11,0.00, 0.00
2.38,5.11,0.00, 0.00
2.38,5.03,0.00, 0.00
2.38,4.95,0.00, 0.00
2.38,4.95,0.00, 0.00
2.38,4.86,0.00, 0.00
2.38,4.77,0.00, 0.00
2.40,4.72,0.99, 0.00
2.38,4.69,0.00, 0.00
2.38,4.69,0.00, 0.00
2.38,4.69,0.00, 0.00
2.38,4.69,0.00, 0.00
2.38,4.69,0.00, 0.00
2.38,4.69,0.00, 0.00
2.38,4.74,0.00, 2.24
2.38,4.76,0.00, 1.00
2.38,4.69,0.00, 0.00
2.38,4.63,0.00, 0.00
2.38,4.63,0.00, 0.00
2.38,4.56,0.00, 0.00
2.38,4.47,0.00, 0.00
2.38,4.40,0.00, 0.00
2.38,4.34,0.00, 0.00
2.38,4.28,0.00, 0.00
2.38,4.24,0.00, 0.00
2.38,4.15,0.00, 0.00
2.38,4.05,0.00, 0.00
2.38,3.93,0.00, 0.00
2.38,3.82,0.00, 0.00
2.38,3.65,0.00, 0.00
2.38,3.48,0.00, 0.00
2.38,3.48,0.00, 0.00
2.38,3.48,0.00, 0.00
2.31,3.30,0.00, 0.00
0.00,2.96,0.00, 0.00
2.20,2.80,108.38, 0.00
2.36,2.60,9.48, 0.00
2.18,2.39,0.00, 0.00
0.61,2.22,0.00, 0.00
0.99,2.05,18.72, 0.00
1.39,1.98,19.98, 0.00
1.08,1.86,0.00, 0.00
0.96,1.79,0.00, 0.00
0.96,1.79,0.00, 0.00
1.08,1.74,5.91, 0.00
0.83,1.64,0.00, 0.00
0.70,1.55,0.00, 0.00
0.65,1.40,0.00, 0.00
0.63,1.30,0.00, 0.00
0.40,1.16,0.00, 0.00
0.00,0.93,0.00, 0.00
1.17,0.72,57.64, 0.00
0.43,0.68,0.00, 0.00
0.43,0.68,0.00, 0.00
0.00,0.63,0.00, 0.00
0.36,0.52,17.74, 0.00
0.31,0.44,0.00, 0.00
0.05,0.34,0.00, 0.00
0.00,0.23,0.00, 0.00
0.00,0.23,0.00, 0.00
0.00,0.23,0.00, 0.00
0.00,0.23,0.00, 0.00
0.00,0.23,0.00, 0.00
0.00,0.23,0.00, 0.00
0.00,0.23,0.00, 0.00
0.00,0.23,0.00, 0.00
0.00,0.23,0.00, 0.00
0.00,0.23,0.00, 0.00
0.00,0.23,0.00, 0.00
0.00,0.23,0.00, 0.00
0.00,0.23,0.00, 0.00
0.00,0.23,0.00, 0.00
0.00,0.23,0.00, 0.00
0.27,0.16,13.30, 0.00
0.27,0.16,13.30, 0.00
0.27,0.16,13.30, 0.00
0.27,0.16,13.30, 0.00
0.27,0.16,13.30, 0.00
0.27,0.16,13.30, 0.00
0.27,0.16,13.30, 0.00
0.27,0.16,13.30, 0.00
0.27,0.16,13.30, 0.00
0.18,0.10,0.00, 0.00
0.00,0.06,0.00, 0.00
0.00,0.06,0.00, 0.00
0.00,0.06,0.00, 0.00
0.00,0.06,0.00, 0.00
0.00,0.06,0.00, 0.00
0.00,0.06,0.00, 0.00
0.00,0.06,0.00, 0.00
0.00,0.06,0.00, 0.00
0.00,0.06,0.00, 0.00
0.00,0.06,0.00, 0.00
0.00,0.06,0.00, 0.00
0.00,0.06,0.00, 0.00
0.00,0.06,0.00, 0.00
0.07,0.05,3.45, 0.00
0.07,0.05,3.45, 0.00
0.02,0.05,0.00, 0.00
0.00,0.05,0.00, 0.00
0.00,0.05,0.00, 0.00
0.02,0.05,0.99, 0.00
0.02,0.05,0.99, 0.00
0.02,0.05,0.01, 0.00
0.02,0.05,0.01, 0.00
0.02,0.05,0.01, 0.00
0.02,0.05,0.01, 0.00
0.02,0.05,0.01, 0.00
0.02,0.05,0.01, 0.00
0.02,0.05,0.01, 0.00
0.02,0.05,0.00, 0.00
0.00,0.05,0.00, 0.00
0.00,0.05,0.00, 0.00
0.00,0.05,0.00, 0.00
0.00,0.05,0.00, 0.00
0.00,0.05,0.00, 0.00
0.00,0.05,0.00, 0.00
0.00,0.05,0.00, 0.00
0.00,0.05,0.00, 0.00
0.00,0.05,0.00, 0.00
0.00,0.05,0.00, 0.00
0.00,0.05,0.00, 0.00
0.00,0.05,0.00, 0.00
0.00,0.05,0.00, 0.00
0.02,0.06,0.99, 0.75
0.27,0.47,12.33, 20.18
0.27,0.47,12.33, 20.18
0.34,0.69,3.63, 11.03
0.34,0.69,3.63, 11.03
0.34,0.69,3.63, 11.03
0.34,0.69,3.63, 11.03
0.34,0.69,3.63, 11.03
0.34,0.69,3.63, 11.03
0.34,0.69,3.63, 11.03
2.09,3.01,86.27, 116.11
2.09,3.01,86.27, 116.11
2.15,3.16,4.22, 7.65
2.22,3.30,3.51, 6.75
2.38,4.18,7.93, 44.11
2.38,4.18,7.93, 44.11
2.38,4.18,7.93, 44.11
2.38,4.18,7.93, 44.11
2.38,4.18,7.93, 44.11
2.38,4.18,7.93, 44.11
2.38,4.18,7.93, 44.11
2.38,4.31,0.12, 6.89
2.38,4.31,0.12, 6.89
2.38,4.31,0.12, 6.89
2.38,4.45,0.00, 6.50
2.38,4.56,0.00, 5.50
2.38,5.22,0.00, 33.40
2.38,5.30,0.00, 3.86
2.38,5.35,0.00, 2.26
2.38,5.37,0.00, 1.25
2.38,5.37,0.00, 1.25
2.38,5.39,0.00, 1.25
2.38,5.41,0.00, 0.75
2.38,5.39,0.00, 0.00
2.38,5.34,0.00, 0.00
2.38,5.27,0.00, 0.00
2.38,5.27,0.00, 0.00
2.38,5.27,0.00, 0.00
2.38,5.20,0.00, 0.00
2.38,5.11,0.00, 0.00
2.38,5.03,0.00, 0.00
2.38,4.90,0.00, 0.00
2.38,4.86,0.00, 0.00
2.38,4.86,0.00, 0.00
2.38,4.86,0.00, 0.00
2.38,4.86,0.00, 0.00
2.38,4.86,0.00, 0.00
2.38,4.85,0.00, 0.00
2.38,4.81,0.00, 0.00
2.38,4.79,0.00, 0.00
2.38,4.74,0.00, 0.00
2.38,4.70,0.00, 0.00
2.38,4.66,0.00, 0.00
2.38,4.61,0.00, 0.00
2.40,4.57,0.99, 0.00
2.38,4.53,0.00, 0.00
2.38,4.55,0.00, 0.50
2.36,4.56,0.00, 0.75
2.38,4.60,0.99, 1.75
2.38,4.61,0.01, 0.50
2.38,4.65,0.00, 2.49
2.38,4.70,0.00, 2.25
2.38,4.74,0.00, 2.25
2.38,4.80,0.00, 2.50
2.38,4.80,0.00, 0.01
2.38,4.84,0.00, 2.24
2.38,4.88,0.00, 2.00
2.38,4.93,0.00, 2.25
2.38,4.93,0.00, 0.26
2.38,4.97,0.00, 1.74
2.38,4.99,0.00, 1.50
2.38,5.03,0.00, 2.00
2.38,5.11,0.00, 3.49
2.38,5.15,0.00, 2.25
2.38,5.21,0.00, 3.00
2.38,5.24,0.00, 1.26
2.40,5.26,0.99, 1.25
2.38,5.26,0.00, 0.00
2.38,5.30,0.00, 1.74
2.38,5.30,0.00, 1.74
2.38,5.29,0.00, 0.00
2.38,5.28,0.00, 0.00
2.38,5.28,0.00, 0.00
2.38,5.25,0.00, 0.00
2.38,5.22,0.00, 0.00
2.38,5.18,0.00, 0.00
2.38,5.18,0.00, 0.00
2.38,5.14,0.00, 0.00
2.38,5.07,0.00, 0.00
2.38,5.01,0.00, 0.00
2.38,4.94,0.00, 0.00
2.38,4.86,0.00, 0.00
2.38,4.82,0.00, 0.00
2.38,4.82,0.00, 0.00
2.38,4.76,0.00, 0.00
2.38,4.74,0.00, 0.00
2.38,4.68,0.00, 0.00
2.38,4.59,0.00, 0.00
2.38,4.59,0.00, 0.00
2.38,4.49,0.00, 0.00
2.38,4.38,0.00, 0.00
2.38,4.25,0.00, 0.00
2.38,4.11,0.00, 0.00
2.38,4.11,0.00, 0.00
2.38,4.11,0.00, 0.00
2.38,4.11,0.00, 0.00
2.38,4.11,0.00, 0.00
2.38,4.11,0.00, 0.00
2.38,3.95,0.00, 0.00
2.38,3.91,0.00, 0.00
2.38,3.88,0.00, 0.00
2.40,3.92,0.99, 2.24
2.40,3.92,0.99, 2.24
2.38,3.91,0.00, 0.00
2.38,3.90,0.00, 0.00
2.38,3.86,0.00, 0.00
2.38,3.78,0.00, 0.00
2.38,3.73,0.00, 0.00
2.38,3.73,0.00, 0.00
2.38,3.73,0.00, 0.00
2.38,3.67,0.00, 0.00
2.38,3.67,0.00, 0.00
2.38,3.67,0.00, 0.00
2.38,3.67,0.00, 0.00
2.38,3.67,0.00, 0.00
2.38,3.67,0.00, 0.00
2.38,3.67,0.00, 0.00
2.38,3.62,0.00, 0.00
0.00,3.55,0.00, 0.00
1.30,3.49,64.04, 0.00
2.38,3.66,54.15, 8.22
2.38,3.64,0.80, 0.00
2.38,3.64,0.80, 0.00
2.38,3.64,0.80, 0.00
2.40,3.45,1.00, 0.00
2.40,3.45,1.00, 0.00
0.00,3.32,0.00, 0.00
0.00,3.32,0.00, 0.00
0.00,3.32,0.00, 0.00
0.00,3.32,0.00, 0.00
0.00,3.32,0.00, 0.00
0.00,3.32,0.00, 0.00
0.00,3.32,0.00, 0.00
0.00,3.32,0.00, 0.00
0.00,3.32,0.00, 0.00
0.00,3.32,0.00, 0.00
0.00,3.32,0.00, 0.00
0.00,3.32,0.00, 0.00
0.00,3.32,0.00, 0.00
0.00,3.32,0.00, 0.00
0.85,3.22,41.87, 0.00
0.85,3.22,41.87, 0.00
0.85,3.22,41.87, 0.00
0.85,3.22,41.87, 0.00
0.85,3.22,41.87, 0.00
0.85,3.22,41.87, 0.00
0.85,3.22,41.87, 0.00
0.85,3.22,41.87, 0.00
0.85,3.22,41.87, 0.00
0.85,3.22,41.87, 0.00
0.85,3.22,41.87, 0.00
0.85,3.22,41.87, 0.00
0.85,3.22,41.87, 0.00
0.85,3.22,41.87, 0.00
0.85,3.22,41.87, 0.00
2.11,3.12,62.69, 0.00
2.11,3.12,62.69, 0.00
2.11,3.12,62.69, 0.00
2.11,3.12,62.69, 0.00
2.11,3.12,62.69, 0.00
2.11,3.12,62.69, 0.00
2.11,3.12,62.69, 0.00
0.99,2.95,0.00, 0.00
0.20,1.20,0.00, 0.00
0.20,0.07,0.00, 0.00
0.20,0.07,0.00, 0.00
0.20,0.07,0.00, 0.00
0.20,0.07,0.00, 0.00
0.20,0.07,0.00, 0.00
0.20,0.07,0.00, 0.00
0.20,0.07,0.00, 0.00
0.20,0.07,0.00, 0.00
0.20,0.07,0.00, 0.00
0.02,0.05,0.00, 0.00
0.02,0.05,0.00, 0.00
0.02,0.05,0.00, 0.00
0.02,0.05,0.00, 0.00
0.02,0.05,0.00, 0.00
0.02,0.05,0.00, 0.50
0.02,0.05,0.00, 0.50
0.02,0.05,0.00, 0.50
0.02,0.05,0.00, 0.50
0.02,0.05,0.00, 0.50
0.02,0.05,0.00, 0.50
0.02,0.05,0.00, 0.50
0.02,0.05,0.00, 0.50
0.02,0.05,0.00, 0.50
0.02,0.05,0.00, 0.50
0.14,0.05,5.91, 0.00
0.05,0.05,0.00, 0.00
0.00,0.05,0.00, 0.00
0.05,0.05,2.46, 0.00
0.05,0.05,0.04, 0.00
0.02,0.05,0.00, 0.50
0.02,0.05,0.00, 0.50
0.02,0.05,0.00, 0.50
0.02,0.05,0.00, 0.50
0.02,0.05,0.00, 0.50
0.02,0.05,0.00, 0.50
0.02,0.06,0.00, 0.25
0.02,0.06,0.00, 0.25
0.02,0.05,0.00, 0.00
0.02,0.05,0.00, 0.00
0.02,0.05,0.00, 0.00
0.05,0.68,1.48, 31.63
0.05,0.68,1.48, 31.63
0.09,0.73,1.99, 2.61
0.09,0.73,1.99, 2.61
0.09,0.73,1.99, 2.61
0.52,0.92,21.21, 9.23
0.52,0.92,21.21, 9.23
0.52,0.92,21.21, 9.23
0.52,0.92,21.21, 9.23
0.52,0.92,21.21, 9.23
0.52,0.92,21.21, 9.23
0.52,0.92,21.21, 9.23
0.40,1.12,0.00, 10.00
0.83,1.78,21.18, 32.92
0.83,1.78,21.18, 32.92
0.83,1.78,21.18, 32.92
0.83,1.78,21.18, 32.92
0.83,1.78,21.18, 32.92
0.83,1.78,21.18, 32.92
0.74,1.97,0.00, 10.08
0.74,1.97,0.00, 10.08
2.31,3.05,77.35, 53.84
2.38,3.17,4.59, 6.18
2.38,3.89,0.07, 35.39
2.38,3.89,0.07, 35.39
2.38,3.89,0.07, 35.39
2.38,3.89,0.07, 35.39
2.38,3.89,0.07, 35.39
2.38,3.89,0.07, 35.39
2.38,3.89,0.07, 35.39
2.38,4.11,0.00, 11.59
2.38,4.11,0.00, 11.59
2.38,4.11,0.00, 11.59
2.38,4.11,0.00, 11.59
2.38,4.11,0.00, 11.59
2.38,4.11,0.00, 11.59
2.38,4.11,0.00, 11.59
2.38,4.11,0.00, 11.59
2.38,4.11,0.00, 11.59
2.38,4.11,0.00, 11.59
2.38,4.11,0.00, 11.59
2.38,4.11,0.00, 11.59
2.38,4.24,0.00, 6.52
2.38,4.39,0.00, 7.00
2.38,4.95,0.00, 28.42
2.38,5.73,0.00, 38.46
2.38,5.76,0.00, 1.88
2.38,5.73,0.00, 0.00
2.38,5.67,0.00, 0.00
2.38,5.64,0.00, 0.00
2.38,5.57,0.00, 0.00
2.38,5.52,0.00, 0.00
2.38,5.46,0.00, 0.00
2.38,5.43,0.00, 0.00
2.38,5.43,0.00, 0.00
2.38,5.41,0.00, 0.00
2.40,5.44,0.99, 1.49
2.38,5.45,0.00, 0.50
2.38,5.47,0.00, 0.75
2.38,5.49,0.00, 1.25
2.38,5.50,0.00, 0.50
2.36,5.50,0.00, 0.00
2.36,5.48,0.00, 0.00
2.36,5.48,0.00, 0.00
2.36,5.48,0.00, 0.00
2.36,5.50,0.00, 1.25
2.38,5.53,0.99, 1.50
2.40,5.59,1.00, 2.99
2.40,5.63,0.01, 2.00
2.40,5.71,0.00, 3.99
2.40,5.79,0.00, 4.00
2.40,5.84,0.00, 2.51
2.40,5.84,0.00, 2.51
2.40,5.87,0.00, 1.50
2.40,5.91,0.00, 2.00
2.40,5.98,0.00, 3.74
2.40,6.07,0.00, 4.00
2.40,6.14,0.00, 3.50
2.38,6.26,0.00, 5.99
2.38,6.26,0.00, 5.99
2.40,6.36,0.99, 5.25
2.38,6.41,0.00, 2.76
2.44,6.43,2.96, 1.01
2.29,6.44,0.00, 0.25
2.40,6.43,5.42, 0.00
2.44,6.44,2.05, 0.50
2.44,6.44,2.05, 0.50
2.36,6.44,0.00, 0.00
2.36,6.49,0.00, 2.74
1.84,6.56,0.00, 3.00
2.49,6.61,32.02, 2.50
2.44,6.63,0.00, 1.25
2.49,6.60,2.46, 0.00
2.49,6.60,2.46, 0.00
2.47,6.54,0.00, 0.00
2.42,6.46,0.00, 0.00
2.40,6.36,0.00, 0.00
2.40,6.36,0.00, 0.00
2.40,6.36,0.00, 0.00
2.40,6.22,0.00, 0.00
2.38,6.11,0.00, 0.00
2.38,5.98,0.00, 0.00
2.40,5.90,0.99, 0.00
2.38,5.85,0.00, 0.00
2.38,5.86,0.00, 0.50
2.38,5.87,0.00, 0.50
2.38,5.84,0.00, 0.00
2.38,5.79,0.00, 0.00
2.38,5.70,0.00, 0.00
2.38,5.57,0.00, 0.00
2.38,5.42,0.00, 0.00
2.38,5.29,0.00, 0.00
2.38,5.29,0.00, 0.00
2.38,5.14,0.00, 0.00
2.38,5.00,0.00, 0.00
2.38,4.89,0.00, 0.00
2.38,4.83,0.00, 0.00
2.38,4.83,0.00, 0.00
2.38,4.83,0.00, 0.00
2.38,4.83,0.00, 0.00
2.38,4.78,0.00, 0.00
2.38,4.74,0.00, 0.00
2.38,4.68,0.00, 0.00
2.38,4.61,0.00, 0.00
2.38,4.51,0.00, 0.00
2.38,4.39,0.00, 0.00
2.38,4.28,0.00, 0.00
2.38,4.18,0.00, 0.00
2.38,4.11,0.00, 0.00
2.38,4.10,0.00, 0.00
2.38,4.09,0.00, 0.00
2.38,4.11,0.00, 1.00
2.38,4.11,0.00, 0.50
2.38,4.11,0.00, 0.50
2.38,4.13,0.00, 0.75
2.38,4.12,0.00, 0.00
2.38,4.06,0.00, 0.00
2.38,4.06,0.00, 0.00
2.38,4.06,0.00, 0.00
2.38,4.06,0.00, 0.00
2.38,4.06,0.00, 0.00
2.38,4.06,0.00, 0.00
2.38,4.06,0.00, 0.00
2.38,4.06,0.00, 0.00
2.38,4.06,0.00, 0.00
2.38,4.00,0.00, 0.00
2.38,3.93,0.00, 0.00
2.38,3.89,0.00, 0.00
2.38,3.89,0.00, 0.00
2.38,3.89,0.00, 0.00
2.38,3.89,0.00, 0.00
2.38,3.89,0.00, 0.00
2.38,3.89,0.00, 0.00
2.49,3.51,5.42, 0.00
2.49,3.51,5.42, 0.00
2.33,3.38,0.00, 0.00
2.33,3.38,0.00, 0.00
2.33,3.38,0.00, 0.00
2.33,3.38,0.00, 0.00
2.33,3.38,0.00, 0.00
2.33,3.38,0.00, 0.00
2.33,3.38,0.00, 0.00
2.33,3.38,0.00, 0.00
2.33,3.38,0.00, 0.00
2.38,3.27,2.46, 0.00
1.73,2.51,0.00, 0.00
1.19,2.28,0.00, 0.00
0.00,0.68,0.00, 0.00
1.75,0.45,86.21, 0.00
0.00,0.40,0.00, 0.00
0.22,0.32,10.84, 0.00
0.00,0.28,0.00, 0.00
0.00,0.28,0.00, 0.00
0.00,0.28,0.00, 0.00
0.00,0.28,0.00, 0.00
0.00,0.28,0.00, 0.00
0.45,0.26,22.17, 0.00
0.45,0.26,22.17, 0.00
0.00,0.22,0.00, 0.00
0.00,0.22,0.00, 0.00
0.00,0.22,0.00, 0.00
0.00,0.22,0.00, 0.00
0.00,0.22,0.00, 0.00
0.00,0.22,0.00, 0.00
0.00,0.22,0.00, 0.00
0.00,0.22,0.00, 0.00
0.16,0.15,7.88, 0.00
0.16,0.15,7.88, 0.00
0.09,0.05,0.00, 0.00
0.00,0.05,0.00, 0.50
0.00,0.05,0.00, 0.50
0.00,0.05,0.00, 0.50
0.00,0.05,0.00, 0.50
0.00,0.05,0.00, 0.50
0.00,0.05,0.00, 0.50
0.07,0.06,3.45, 0.25
0.20,0.06,6.46, 0.00
0.00,0.07,0.00, 0.50
0.05,0.05,2.46, 0.00
0.05,0.05,2.46, 0.00
0.07,0.05,1.02, 0.50
0.00,0.05,0.00, 0.00
0.00,0.05,0.00, 0.00
0.05,0.05,2.46, 0.50
0.05,0.05,0.04, 0.00
0.05,0.05,0.00, 0.00
0.00,0.05,0.00, 0.00
0.00,0.05,0.00, 0.00
0.00,0.05,0.00, 0.00
0.00,0.05,0.00, 0.00
0.00,0.05,0.00, 0.00
0.00,0.05,0.00, 0.00
0.00,0.05,0.00, 0.00
0.00,0.05,0.00, 0.00
0.20,0.05,9.85, 0.00
0.20,0.05,9.85, 0.00
0.02,0.05,0.00, 0.00
0.02,0.05,0.00, 0.00
0.02,0.05,0.00, 0.00
0.02,0.05,0.00, 0.00
0.02,0.05,0.00, 0.00
0.02,0.05,0.00, 0.00
0.02,0.05,0.00, 0.00
0.07,0.05,2.46, 0.50
0.07,0.05,2.46, 0.50
0.02,0.05,0.00, 0.00
0.05,0.05,1.48, 0.50
0.05,0.05,1.48, 0.50
0.00,0.05,0.00, 0.00
0.05,0.06,2.46, 0.25
0.05,0.06,2.46, 0.25
0.05,0.06,2.46, 0.25
0.05,0.06,2.46, 0.25
0.05,0.06,2.46, 0.25
0.05,0.06,2.46, 0.25
0.05,0.06,2.46, 0.25
0.05,0.06,2.46, 0.25
0.05,0.06,2.46, 0.25
0.05,0.06,2.46, 0.25
0.05,0.06,2.46, 0.25
0.05,0.06,2.46, 0.25
0.05,0.06,2.46, 0.25
0.05,0.05,0.04, 0.00
0.05,0.05,0.04, 0.00
0.00,0.05,0.00, 0.00
0.07,0.05,3.45, 0.00
0.07,0.05,3.45, 0.00
0.02,0.05,0.00, 0.50
0.02,0.05,0.00, 0.50
0.02,0.05,0.00, 0.50
0.02,0.05,0.00, 0.50
0.02,0.05,0.00, 0.50
0.02,0.05,0.00, 0.50
0.02,0.05,0.00, 0.50
0.05,0.05,1.48, 0.00
0.05,0.05,1.48, 0.00
0.05,0.05,1.48, 0.00
0.05,0.05,1.48, 0.00
0.02,0.05,0.00, 0.00
0.05,0.05,1.48, 0.00
0.02,0.05,0.00, 0.00
0.02,0.05,0.00, 0.50
0.02,0.05,0.00, 0.00
0.05,0.05,1.48, 0.00
0.05,0.05,0.02, 0.50
0.02,0.06,0.00, 0.25
0.07,0.06,2.46, 0.00
0.02,0.05,0.00, 0.00
0.02,0.05,0.00, 0.00
0.02,0.05,0.00, 0.00
0.02,0.05,0.00, 0.00
0.02,0.05,0.00, 0.00
0.02,0.05,0.00, 0.00
0.02,0.05,0.00, 0.50
0.05,0.05,1.48, 0.00
0.02,0.04,0.00, 0.00
0.05,0.05,1.48, 0.50
0.02,0.05,0.00, 0.00
0.02,0.05,0.00, 0.00
0.02,0.05,0.00, 0.00
0.02,0.05,0.00, 0.00
0.02,0.05,0.00, 0.00
0.02,0.05,0.00, 0.00
0.02,0.05,0.00, 0.00
0.02,0.05,0.00, 0.00
0.02,0.05,0.00, 0.00
0.02,0.05,0.00, 0.00
0.02,0.05,0.00, 0.00
0.02,0.05,0.00, 0.00
0.02,0.05,0.00, 0.00
0.02,0.05,0.00, 0.00
0.02,0.05,0.00, 0.00
0.02,0.05,0.00, 0.00
0.02,0.05,0.00, 0.00
0.02,0.05,0.00, 0.00
0.02,0.05,0.00, 0.00
0.05,0.05,1.48, 0.00
0.02,0.05,0.00, 0.00
0.02,0.05,0.00, 0.00
0.02,0.05,0.00, 0.00
0.02,0.05,0.00, 0.00
0.05,0.05,1.48, 0.50
0.05,0.05,1.48, 0.50
0.02,0.05,0.00, 0.00
0.02,0.05,0.00, 0.00
0.02,0.05,0.00, 0.00
0.05,0.06,1.48, 0.75
0.02,0.06,0.00, 0.00
0.02,0.06,0.00, 0.00
0.02,0.06,0.00, 0.00
0.02,0.05,0.00, 0.00
0.02,0.05,0.00, 0.00
0.02,0.05,0.00, 0.00
0.00,0.05,0.00, 0.50
0.00,0.05,0.00, 0.50
0.00,0.05,0.00, 0.50
0.00,0.05,0.00, 0.50
0.02,0.05,0.99, 0.00
0.05,0.05,1.49, 0.00
0.02,0.05,0.00, 0.00
0.02,0.05,0.00, 0.00
0.02,0.05,0.00, 0.00
0.02,0.05,0.00, 0.00
0.02,0.05,0.00, 0.00
0.02,0.05,0.00, 0.00
0.02,0.05,0.00, 0.00
0.02,0.05,0.00, 0.00
0.02,0.05,0.00, 0.00
0.02,0.05,0.00, 0.00
0.02,0.05,0.00, 0.00
0.02,0.05,0.00, 0.00
0.02,0.05,0.00, 0.00
0.02,0.05,0.00, 0.00
0.02,0.05,0.00, 0.00
0.02,0.05,0.00, 0.00
0.02,0.05,0.00, 0.00
0.02,0.05,0.00, 0.00
0.02,0.05,0.00, 0.00
0.02,0.04,0.00, 0.00
0.02,0.04,0.00, 0.00
0.02,0.04,0.00, 0.00
0.05,0.04,1.48, 0.00
0.02,0.05,0.00, 0.50
0.02,0.05,0.00, 0.00
0.02,0.05,0.00, 0.00
0.02,0.05,0.00, 0.00
0.02,0.05,0.00, 0.00
0.02,0.05,0.00, 0.00
0.02,0.05,0.00, 0.00
0.02,0.05,0.00, 0.00
0.02,0.05,0.00, 0.00
0.02,0.05,0.00, 0.00
0.02,0.05,0.00, 0.00
0.00,0.05,0.00, 0.00
0.00,0.05,0.00, 0.00
0.05,0.04,2.46, 0.00
0.02,0.04,0.00, 0.00
0.05,0.05,1.48, 0.50
0.02,0.05,0.00, 0.00
0.05,0.06,1.48, 1.00
0.02,0.05,0.00, 0.00
0.00,0.05,0.00, 0.00
0.05,0.05,2.46, 0.50
0.02,0.06,0.00, 0.25
0.02,0.05,0.00, 0.00
0.05,0.05,1.48, 0.00
0.05,0.05,1.48, 0.00
0.05,0.05,1.48, 0.00
0.05,0.05,1.48, 0.00
0.05,0.05,1.48, 0.00
0.05,0.05,1.48, 0.00
0.02,0.05,0.00, 0.00
0.02,0.05,0.00, 0.00
0.02,0.05,0.00, 0.00
0.00,0.05,0.00, 0.00
0.00,0.05,0.00, 0.00
0.05,0.05,2.46, 0.00
0.00,0.05,0.00, 0.50
0.05,0.05,2.46, 0.00
0.00,0.05,0.00, 0.00
0.00,0.05,0.00, 0.00
0.00,0.05,0.00, 0.00
0.00,0.05,0.00, 0.00
0.00,0.05,0.00, 0.00
0.00,0.05,0.00, 0.00
0.05,0.05,2.46, 0.00
0.05,0.05,2.46, 0.00
0.05,0.05,2.46, 0.00
0.05,0.05,0.04, 0.00
0.00,0.05,0.00, 0.00
0.00,0.05,0.00, 0.50
0.05,0.05,2.46, 0.00
0.05,0.05,2.46, 0.00
0.02,0.05,0.00, 0.00
0.02,0.05,0.00, 0.00
0.02,0.05,0.00, 0.00
0.02,0.05,0.00, 0.00
0.02,0.05,0.00, 0.50
0.02,0.05,0.00, 0.00
0.02,0.05,0.00, 0.00
0.02,0.05,0.00, 0.00
0.05,0.05,1.48, 0.00
0.05,0.05,1.48, 0.00
0.05,0.05,1.48, 0.00
0.02,0.05,0.00, 0.00
0.02,0.05,0.00, 0.00
0.02,0.05,0.00, 0.00
0.02,0.05,0.00, 0.00
0.02,0.05,0.00, 0.00
0.02,0.05,0.00, 0.00
0.02,0.05,0.00, 0.00
0.02,0.05,0.00, 0.00
0.02,0.05,0.00, 0.00
0.02,0.05,0.00, 0.00
0.02,0.05,0.00, 0.00
0.02,0.05,0.00, 0.00
0.02,0.05,0.00, 0.00
0.02,0.05,0.00, 0.00
0.02,0.05,0.00, 0.00
0.02,0.04,0.00, 0.00
0.05,0.05,1.48, 0.50
0.05,0.05,1.48, 0.50
0.05,0.05,1.48, 0.50
0.05,0.05,1.48, 0.50
0.05,0.05,1.48, 0.50
0.05,0.05,1.48, 0.50
0.05,0.05,1.48, 0.50
0.05,0.05,1.48, 0.50
0.05,0.05,1.48, 0.50
0.05,0.05,1.48, 0.50
0.05,0.05,1.48, 0.50
0.05,0.05,1.48, 0.50
0.05,0.05,1.48, 0.50
0.05,0.05,1.48, 0.50
0.05,0.05,1.48, 0.50
0.05,0.05,1.48, 0.50
0.05,0.05,1.48, 0.50
0.05,0.05,1.48, 0.50
0.05,0.05,1.48, 0.50
0.05,0.05,1.48, 0.50
0.07,0.05,1.01, 0.00
0.07,0.05,1.01, 0.00
0.05,0.05,0.00, 0.00
0.05,0.05,0.00, 0.00
0.02,0.05,0.00, 0.50
0.02,0.05,0.00, 0.00
0.05,0.05,1.48, 0.00
0.05,0.05,1.48, 0.00
0.05,0.05,1.48, 0.00
0.05,0.05,1.48, 0.00
0.05,0.05,1.48, 0.00
0.05,0.05,1.48, 0.00
0.05,0.05,1.48, 0.00
0.05,0.05,1.48, 0.00
0.05,0.05,1.48, 0.00
0.05,0.05,1.48, 0.00
0.02,0.05,0.00, 0.00
0.02,0.05,0.00, 0.00
0.02,0.05,0.00, 0.00
0.02,0.05,0.00, 0.00
0.02,0.05,0.00, 0.00
0.02,0.05,0.00, 0.00
0.00,0.05,0.00, 0.00
0.00,0.05,0.00, 0.00
0.00,0.05,0.00, 0.00
0.00,0.05,0.00, 0.00
0.00,0.05,0.00, 0.00
0.00,0.05,0.00, 0.00
0.00,0.05,0.00, 0.00
0.00,0.05,0.00, 0.00
0.00,0.05,0.00, 0.00
0.00,0.05,0.00, 0.00
0.18,0.05,8.87, 0.00
0.31,0.05,6.53, 0.50
0.20,0.05,0.00, 0.00
0.20,0.05,0.00, 0.00
0.20,0.05,0.00, 0.00
0.27,0.05,3.45, 0.00
0.14,0.05,0.00, 0.00
0.07,0.05,0.00, 0.50
0.54,0.05,23.15, 0.00
0.00,0.05,0.00, 0.00
0.27,0.05,13.30, 0.00
0.16,0.05,0.00, 0.00
0.25,0.05,4.43, 0.50
0.40,0.04,7.45, 0.00
0.40,0.04,7.45, 0.00
0.40,0.04,7.45, 0.00
0.40,0.04,7.45, 0.00
0.40,0.04,7.45, 0.00
0.29,0.05,0.00, 0.50
0.18,0.05,0.00, 0.00
0.22,0.05,1.97, 0.00
0.36,0.06,6.93, 0.75
0.47,0.05,5.52, 0.00
0.52,0.05,2.54, 0.00
0.52,0.05,0.04, 0.00
0.52,0.05,0.04, 0.00
0.52,0.05,0.04, 0.00
0.81,0.04,14.29, 0.00
0.58,0.05,0.00, 0.50
0.58,0.05,0.00, 0.50
0.72,0.05,6.90, 0.00
0.88,0.04,7.98, 0.00
0.83,0.05,0.00, 0.50
0.88,0.05,2.46, 0.00
0.94,0.05,2.99, 0.00
0.94,0.05,2.99, 0.00
0.94,0.05,2.99, 0.00
0.96,0.05,1.03, 0.50
1.03,0.05,3.46, 0.00
1.10,0.05,3.50, 0.50
1.12,0.05,1.04, 0.00
1.12,0.05,0.02, 0.50
1.39,0.07,13.30, 0.75
1.26,0.07,0.00, 0.00
1.39,0.06,6.40, 0.00
1.37,0.05,0.00, 0.00
1.37,0.05,0.00, 0.00
1.37,0.05,0.00, 0.00
1.37,0.05,0.00, 0.00
1.35,0.05,0.00, 0.50
1.26,0.05,0.00, 0.00
1.32,0.05,2.96, 0.00
1.64,0.06,15.81, 0.75
1.66,0.05,1.22, 0.00
1.66,0.05,0.02, 0.00
1.66,0.05,0.00, 0.50
1.64,0.05,0.00, 0.00
1.64,0.05,0.00, 0.00
1.64,0.05,0.00, 0.00
1.68,0.05,1.97, 0.50
1.68,0.05,1.97, 0.50
1.68,0.05,1.97, 0.50
1.66,0.05,0.00, 0.00
1.57,0.05,0.00, 0.00
1.59,0.05,0.99, 0.00
1.68,0.06,4.45, 0.75
1.70,0.05,1.05, 0.00
1.73,0.05,1.49, 0.00
1.73,0.05,0.02, 0.00
1.79,0.05,2.96, 0.00
1.82,0.05,1.52, 0.00
1.82,0.05,1.52, 0.00
1.79,0.05,0.00, 0.50
1.79,0.05,0.00, 0.00
1.79,0.05,0.00, 0.00
1.79,0.05,0.00, 0.50
1.82,0.05,1.48, 0.00
1.79,0.04,0.00, 0.00
1.79,0.04,0.00, 0.00
1.77,0.05,0.00, 0.50
1.82,0.05,2.46, 0.00
1.84,0.05,1.02, 0.00
1.82,0.05,0.00, 0.50
1.82,0.05,0.00, 0.00
1.82,0.05,0.00, 0.00
1.82,0.05,0.00, 0.00
1.82,0.05,0.00, 0.00
1.82,0.05,0.00, 0.00
1.82,0.05,0.00, 0.00
1.75,0.05,0.00, 0.00
1.70,0.04,0.00, 0.00
1.75,0.05,2.46, 0.50
1.68,0.05,0.00, 0.50
1.77,0.04,4.43, 0.00
1.73,0.05,0.00, 1.00
1.70,0.05,0.00, 0.00
1.70,0.05,0.00, 0.00
1.70,0.05,0.00, 0.00
1.66,0.05,0.00, 0.00
1.66,0.05,0.00, 0.00
1.62,0.05,0.00, 0.00
1.64,0.05,0.99, 0.00
1.62,0.04,0.00, 0.00
1.62,0.05,0.00, 0.50
1.59,0.05,0.00, 0.00
1.59,0.05,0.00, 0.00
1.57,0.05,0.00, 0.50
1.55,0.05,0.00, 0.00
1.50,0.05,0.00, 0.00
1.50,0.04,0.00, 0.00
1.50,0.05,0.00, 0.50
1.46,0.05,0.00, 0.50
1.44,0.05,0.00, 0.00
1.41,0.05,0.00, 0.00
1.39,0.05,0.00, 0.00
1.39,0.05,0.00, 0.00
1.39,0.05,0.00, 0.00
1.37,0.05,0.00, 0.00
1.32,0.05,0.00, 0.50
1.30,0.05,0.00, 0.00
1.26,0.05,0.00, 0.00
1.28,0.05,0.99, 0.00
1.28,0.05,0.99, 0.00
1.26,0.04,0.00, 0.00
1.23,0.04,0.00, 0.00
1.21,0.05,0.00, 1.00
1.19,0.05,0.00, 0.00
1.14,0.05,0.00, 0.50
1.14,0.05,0.00, 0.00
1.10,0.04,0.00, 0.00
1.05,0.05,0.00, 0.50
1.03,0.05,0.00, 0.00
0.99,0.05,0.00, 0.00
0.99,0.05,0.00, 0.50
0.92,0.05,0.00, 0.00
0.83,0.05,0.00, 0.00
0.83,0.05,0.00, 0.00
0.81,0.05,0.00, 0.00
0.74,0.05,0.00, 0.50
0.67,0.05,0.00, 0.00
0.56,0.05,0.00, 0.00
0.54,0.05,0.00, 0.50
0.47,0.05,0.00, 0.00
0.47,0.05,0.00, 0.00
0.45,0.05,0.00, 0.00
0.40,0.05,0.00, 0.00
0.38,0.04,0.00, 0.00
0.38,0.04,0.00, 0.00
0.38,0.04,0.00, 0.00
0.34,0.05,0.00, 0.50
0.31,0.05,0.00, 0.00
0.27,0.05,0.00, 0.00
0.22,0.05,0.00, 0.50
0.18,0.05,0.00, 0.00
0.16,0.04,0.00, 0.00
0.16,0.04,0.00, 0.00
0.11,0.05,0.00, 0.50
0.09,0.10,0.00, 2.74
0.00,0.16,0.00, 3.00
0.00,0.21,0.00, 2.50
0.05,0.21,2.46, 0.01
0.05,0.21,2.46, 0.01
0.05,0.21,2.46, 0.01
0.00,0.22,0.00, 0.50
0.07,0.21,3.45, 0.00
0.34,0.22,13.35, 0.50
0.00,0.29,0.00, 3.49
0.11,0.44,5.42, 7.49
0.20,0.69,4.51, 12.23
0.20,0.69,4.51, 12.23
0.16,0.90,0.00, 10.76
0.38,1.10,10.84, 9.75
0.43,1.30,2.62, 10.00
0.40,1.51,0.00, 10.75
0.74,1.75,16.75, 12.24
0.94,1.98,10.10, 11.50
0.94,2.21,0.15, 11.25
1.03,2.48,4.44, 13.49
1.03,2.48,4.44, 13.49
1.37,2.77,16.82, 14.50
1.57,3.05,10.10, 14.25
1.97,3.38,19.85, 16.49
2.38,3.70,20.49, 16.00
2.49,3.99,5.72, 14.51
2.49,4.27,0.08, 13.75
2.49,4.27,0.08, 13.75
2.49,4.27,0.08, 13.75
2.49,4.27,0.08, 13.75
2.49,4.27,0.08, 13.75
2.49,4.52,0.00, 12.50
2.49,4.73,0.00, 10.51
2.49,4.89,0.00, 8.26
2.49,5.10,0.00, 10.24
2.49,5.33,0.00, 11.50
2.49,5.62,0.00, 14.74
2.49,5.89,0.00, 13.26
2.49,6.18,0.00, 14.25
2.49,6.41,0.00, 11.76
2.49,6.64,0.00, 11.25
2.49,6.86,0.00, 11.25
2.49,7.07,0.00, 10.75
2.49,7.26,0.00, 9.26
2.49,7.41,0.00, 7.76
2.49,7.56,0.00, 7.25
2.49,7.70,0.00, 7.25
2.49,7.77,0.00, 3.02
2.49,7.80,0.00, 1.51
2.49,7.76,0.00, 0.00
2.49,7.64,0.00, 0.00
2.49,7.47,0.00, 0.00
2.49,7.30,0.00, 0.00
2.49,7.14,0.00, 0.00
2.49,7.14,0.00, 0.00
2.49,7.14,0.00, 0.00
2.49,7.01,0.00, 0.00
2.49,6.89,0.00, 0.00
2.49,6.77,0.00, 0.00
2.49,6.67,0.00, 0.00
2.49,6.59,0.00, 0.00
2.49,6.51,0.00, 0.00
2.49,6.40,0.00, 0.00
2.49,6.30,0.00, 0.00
2.49,6.15,0.00, 0.00
2.49,6.15,0.00, 0.00
2.49,6.02,0.00, 0.00
2.49,5.91,0.00, 0.00
2.49,5.85,0.00, 0.00
2.49,5.85,0.00, 0.00
2.49,5.85,0.00, 0.00
2.49,5.85,0.00, 0.25
2.49,5.85,0.00, 0.00
2.49,5.86,0.00, 0.50
2.49,5.88,0.00, 0.75
2.49,5.86,0.00, 0.00
2.49,5.84,0.00, 0.00
2.49,5.83,0.00, 0.00
2.49,5.82,0.00, 0.00
2.49,5.85,0.00, 1.25
2.49,5.89,0.00, 1.75
2.49,5.95,0.00, 3.24
2.49,6.03,0.00, 4.25
2.49,6.09,0.00, 2.51
2.49,6.18,0.00, 4.49
2.49,6.31,0.00, 6.49
2.49,6.34,0.00, 1.52
2.49,6.55,0.00, 10.72
2.49,6.64,0.00, 4.52
2.49,6.74,0.00, 4.75
2.49,6.76,0.00, 1.51
2.49,6.76,0.00, 1.51
2.49,6.79,0.00, 1.25
2.49,6.85,0.00, 2.74
2.49,6.93,0.00, 4.00
2.49,7.02,0.00, 4.75
2.49,7.02,0.00, 4.75
2.49,7.12,0.00, 5.00
2.49,7.12,0.00, 5.00
2.49,7.16,0.00, 1.76
2.49,7.19,0.00, 1.75
2.49,7.22,0.00, 1.50
2.49,7.19,0.00, 0.00
2.49,7.19,0.00, 0.00
2.49,7.20,0.00, 1.00
2.49,7.23,0.00, 1.25
2.49,7.23,0.00, 0.00
2.49,7.27,0.00, 1.74
2.49,7.30,0.00, 1.75
2.49,7.29,0.00, 0.00
2.49,7.22,0.00, 0.00
2.49,7.11,0.00, 0.00
2.49,6.94,0.00, 0.00
2.49,6.76,0.00, 0.00
2.49,6.58,0.00, 0.00
2.49,6.58,0.00, 0.00
2.49,6.45,0.00, 0.00
2.49,6.38,0.00, 0.00
2.47,6.31,0.00, 0.00
2.47,6.31,0.00, 0.00
2.44,6.24,0.00, 0.00
2.44,6.12,0.00, 0.00
2.42,5.99,0.00, 0.00
2.40,5.78,0.00, 0.00
2.40,5.55,0.00, 0.00
2.40,5.33,0.00, 0.00
2.38,5.17,0.00, 0.00
2.38,5.09,0.00, 0.00
2.38,5.00,0.00, 0.00
2.38,5.00,0.00, 0.00
2.38,4.90,0.00, 0.00
2.38,4.81,0.00, 0.00
2.38,4.74,0.00, 0.00
2.38,4.63,0.00, 0.00
2.38,4.45,0.00, 0.00
2.38,4.45,0.00, 0.00
2.38,4.45,0.00, 0.00
2.38,4.29,0.00, 0.00
2.38,4.21,0.00, 0.00
2.38,4.15,0.00, 0.00
2.38,4.16,0.00, 0.75
2.38,4.19,0.00, 1.25
2.38,4.24,0.00, 2.74
2.38,4.28,0.00, 1.50
2.38,4.27,0.00, 0.00
2.38,4.25,0.00, 0.00
2.38,4.21,0.00, 0.00
2.38,4.15,0.00, 0.00
2.38,4.15,0.00, 0.00
2.38,4.15,0.00, 0.00
2.38,4.15,0.00, 0.00
2.38,4.11,0.00, 0.00
2.38,4.07,0.00, 0.00
2.38,4.01,0.00, 0.00
2.38,3.99,0.00, 0.00
2.38,3.95,0.00, 0.00
2.38,3.91,0.00, 0.00
2.38,3.83,0.00, 0.00
2.38,3.76,0.00, 0.00
2.38,3.70,0.00, 0.00
2.29,3.64,0.00, 0.00
0.00,3.50,0.00, 0.00
2.42,3.37,119.22, 0.00
2.49,3.30,5.20, 0.00
2.49,3.30,5.20, 0.00
2.38,3.23,0.00, 0.00
0.88,3.20,0.00, 0.00
1.53,3.12,32.02, 0.00
1.73,3.03,10.32, 0.00
1.57,2.95,0.00, 0.00
1.41,2.86,0.00, 0.00
1.41,2.86,0.00, 0.00
1.53,2.78,5.91, 0.00
1.44,2.64,0.00, 0.00
1.28,2.50,0.00, 0.00
1.17,2.37,0.00, 0.00
1.17,2.37,0.00, 0.00
1.17,2.37,0.00, 0.00
1.17,2.37,0.00, 0.00
0.99,2.24,0.00, 0.00
0.88,2.08,0.00, 0.00
0.09,1.91,0.00, 0.00
0.76,1.54,33.01, 0.00
0.00,1.44,0.00, 0.00
0.29,1.32,14.29, 0.00
0.29,1.32,14.29, 0.00
0.00,1.25,0.00, 0.00
0.00,1.25,0.00, 0.00
0.00,1.25,0.00, 0.00
0.02,1.12,0.99, 0.00
0.00,1.02,0.00, 0.00
0.00,0.92,0.00, 0.00
0.00,0.78,0.00, 0.00
0.00,0.73,0.00, 0.00
0.00,0.65,0.00, 0.00
0.00,0.65,0.00, 0.00
0.00,0.65,0.00, 0.00
0.00,0.65,0.00, 0.00
0.00,0.65,0.00, 0.00
0.00,0.65,0.00, 0.00
0.00,0.58,0.00, 0.00
0.00,0.53,0.00, 0.00
0.00,0.50,0.00, 0.00
0.00,0.46,0.00, 0.00
0.00,0.47,0.00, 0.75
0.00,0.46,0.00, 0.00
0.00,0.46,0.00, 0.00
0.00,0.44,0.00, 0.00
0.00,0.44,0.00, 0.00
0.00,0.44,0.00, 0.00
0.00,0.43,0.00, 0.00
0.00,0.40,0.00, 0.00
0.00,0.37,0.00, 0.00
0.00,0.34,0.00, 0.00
0.00,0.30,0.00, 0.00
0.00,0.24,0.00, 0.00
0.00,0.23,0.00, 0.00
0.00,0.19,0.00, 0.00
0.00,0.17,0.00, 0.00
0.00,0.19,0.00, 0.50
0.00,0.15,0.00, 0.00
0.00,0.14,0.00, 0.00
0.00,0.12,0.00, 0.00
0.00,0.09,0.00, 0.00
0.00,0.07,0.00, 0.00
0.00,0.05,0.00, 0.00
0.02,0.05,0.99, 0.00
0.02,0.05,0.99, 0.00
0.02,0.05,0.99, 0.00
0.00,0.05,0.00, 0.50
0.16,0.05,7.88, 0.00
0.02,0.05,0.00, 0.50
0.02,0.06,0.00, 0.25
0.00,0.05,0.00, 0.00
0.00,0.05,0.00, 0.00
0.00,0.05,0.00, 0.00
0.00,0.05,0.00, 0.00
0.00,0.05,0.00, 0.00
0.07,0.05,3.45, 0.00
0.00,0.05,0.00, 0.50
0.09,0.05,4.43, 0.00
0.00,0.05,0.00, 0.00
0.00,0.05,0.00, 0.00
0.09,0.05,4.43, 0.00
0.00,0.05,0.00, 0.50
0.09,0.06,4.43, 0.25
0.07,0.06,0.00, 0.00
0.05,0.05,0.00, 0.00
0.00,0.05,0.00, 0.00
0.00,0.05,0.00, 0.00
0.05,0.05,2.46, 0.50
0.05,0.05,2.46, 0.50
0.02,0.05,0.00, 0.00
0.02,0.05,0.00, 0.00
0.07,0.05,2.46, 0.50
0.05,0.05,0.00, 0.00
0.05,0.05,0.00, 0.00
0.05,0.04,0.00, 0.00
0.07,0.05,0.99, 0.50
0.09,0.05,1.00, 0.50
0.07,0.05,0.00, 0.00
0.16,0.05,4.43, 0.00
0.09,0.05,0.00, 0.50
0.07,0.05,0.00, 0.00
0.09,0.05,0.99, 0.00
0.11,0.05,1.00, 0.00
0.00,0.05,0.00, 0.50
0.00,0.05,0.00, 0.50
0.00,0.05,0.00, 0.50
0.00,0.05,0.00, 0.50
0.00,0.05,0.00, 0.50
0.00,0.05,0.00, 0.50
0.00,0.05,0.00, 0.50
0.00,0.05,0.00, 0.50
0.00,0.05,0.00, 0.50
0.00,0.05,0.00, 0.50
0.00,0.05,0.00, 0.50
0.00,0.05,0.00, 0.50
0.16,0.05,7.88, 0.00
0.14,0.04,0.00, 0.00
0.11,0.05,0.00, 1.00
0.16,0.05,2.46, 0.00
0.18,0.05,1.02, 0.00
0.18,0.05,1.02, 0.00
0.18,0.05,1.02, 0.00
0.18,0.04,0.02, 0.00
0.14,0.04,0.00, 0.00
0.18,0.04,1.97, 0.00
0.09,0.05,0.00, 0.50
0.07,0.05,0.00, 0.00
0.02,0.05,0.00, 0.00
0.02,0.05,0.00, 0.00
0.02,0.05,0.00, 0.00
0.02,0.05,0.00, 0.00
0.02,0.05,0.00, 0.00
0.05,0.05,1.48, 0.50
0.05,0.05,1.48, 0.50
0.00,0.05,0.00, 0.00
0.00,0.05,0.00, 0.00
0.02,0.04,0.99, 0.00
0.02,0.04,0.99, 0.00
0.02,0.04,0.99, 0.00
0.02,0.05,0.01, 1.00
0.00,0.05,0.00, 0.00
0.00,0.05,0.00, 0.00
0.00,0.05,0.00, 0.00
0.00,0.05,0.00, 0.50
0.02,0.05,0.99, 0.00
0.05,0.05,1.49, 0.50
0.07,0.05,1.01, 0.00
0.09,0.05,1.00, 0.00
0.09,0.05,0.01, 0.00
0.09,0.04,0.00, 0.00
0.09,0.05,0.00, 0.50
0.09,0.05,0.00, 0.00
0.09,0.05,0.00, 0.00
0.14,0.05,2.46, 0.00
0.14,0.05,2.46, 0.00
0.09,0.05,0.00, 0.00
0.09,0.05,0.00, 0.00
0.09,0.05,0.00, 0.00
0.07,0.05,0.00, 0.00
0.07,0.05,0.00, 0.00
0.05,0.05,0.00, 0.00
0.02,0.05,0.00, 0.00
0.00,0.05,0.00, 0.00
0.02,0.05,0.99, 0.50
0.00,0.05,0.00, 0.00
0.05,0.05,2.46, 0.00
0.05,0.05,0.04, 0.50
0.07,0.05,0.99, 0.00
0.11,0.05,1.99, 0.00
0.16,0.05,2.49, 0.00
0.16,0.05,2.49, 0.00
0.16,0.05,2