6.84,0.00,0.00, 0.00
0.00,0.05,0.00, 2.24
0.00,0.05,0.00, 2.24
0.00,0.05,0.00, 0.01
0.00,0.05,0.00, 0.00
0.00,0.05,0.00, 0.00
0.00,0.05,0.00, 0.50
0.02,0.06,0.99, 0.25
0.00,0.05,0.00, 0.00
0.00,0.05,0.00, 0.00
0.00,0.05,0.00, 0.00
0.00,0.06,0.00, 0.75
0.00,0.05,0.00, 0.00
0.00,0.05,0.00, 0.50
0.00,0.05,0.00, 0.00
0.00,0.05,0.00, 0.00
0.00,0.05,0.00, 0.00
0.00,0.05,0.00, 0.00
0.00,0.05,0.00, 0.00
0.00,0.05,0.00, 0.50
0.02,0.06,0.99, 0.25
0.02,0.06,0.01, 0.00
0.02,0.05,0.00, 0.00
0.02,0.05,0.00, 0.50
0.00,0.05,0.00, 0.00
0.00,0.05,0.00, 0.50
0.00,0.05,0.00, 0.00
0.00,0.05,0.00, 0.00
0.00,0.05,0.00, 0.50
0.00,0.05,0.00, 0.00
0.00,0.05,0.00, 0.00
0.02,0.05,0.99, 0.00
0.00,0.05,0.00, 0.50
0.00,0.05,0.00, 0.00
0.00,0.05,0.00, 0.50
0.00,0.05,0.00, 0.00
0.00,0.05,0.00, 0.00
0.00,0.05,0.00, 0.00
0.02,0.05,0.99, 0.00
0.00,0.05,0.00, 0.50
0.00,0.05,0.00, 0.50
0.00,0.05,0.00, 0.50
0.00,0.05,0.00, 0.50
0.00,0.06,0.00, 0.25
0.00,0.05,0.00, 0.00
0.02,0.05,0.99, 0.00
0.00,0.05,0.00, 0.00
0.00,0.05,0.00, 0.50
0.00,0.05,0.00, 0.00
0.00,0.05,0.00, 0.00
0.00,0.05,0.00, 0.00
0.00,0.05,0.00, 0.50
0.02,0.06,0.99, 0.25
0.02,0.06,0.99, 0.25
0.02,0.06,0.99, 0.25
0.02,0.06,0.99, 0.25
0.00,0.05,0.00, 0.00
0.00,0.05,0.00, 0.00
0.00,0.05,0.00, 0.50
0.00,0.05,0.00, 0.00
0.02,0.05,0.99, 0.00
0.00,0.05,0.00, 0.50
0.00,0.06,0.00, 0.25
0.00,0.06,0.00, 0.25
0.00,0.06,0.00, 0.00
0.00,0.05,0.00, 0.00
0.00,0.05,0.00, 0.00
0.00,0.05,0.00, 0.50
0.00,0.05,0.00, 0.00
0.00,0.05,0.00, 0.00
0.00,0.05,0.00, 0.00
0.00,0.05,0.00, 0.00
0.00,0.05,0.00, 0.00
0.00,0.05,0.00, 0.00
0.00,0.05,0.00, 0.50
0.00,0.05,0.00, 0.00
0.02,0.06,0.99, 0.75
0.02,0.06,0.99, 0.75
0.02,0.06,0.99, 0.75
0.02,0.06,0.99, 0.75
0.02,0.06,0.99, 0.75
0.02,0.06,0.99, 0.75
0.02,0.06,0.99, 0.75
0.02,0.06,0.99, 0.75
0.02,0.06,0.99, 0.75
0.02,0.06,0.99, 0.75
0.02,0.06,0.99, 0.75
0.02,0.06,0.99, 0.75
0.02,0.06,0.99, 0.75
0.02,0.06,0.99, 0.75
0.02,0.06,0.99, 0.75
0.02,0.06,0.99, 0.75
0.02,0.06,0.99, 0.75
0.02,0.06,0.99, 0.75
0.02,0.06,0.99, 0.75
0.00,0.06,0.00, 0.00
0.00,0.06,0.00, 0.00
0.00,0.05,0.00, 0.00
0.13,0.06,6.40, 0.75
0.13,0.06,6.40, 0.75
0.13,0.06,6.40, 0.75
0.13,0.06,6.40, 0.75
0.13,0.06,6.40, 0.75
0.25,0.06,6.01, 0.00
0.25,0.06,6.01, 0.00
0.25,0.06,6.01, 0.00
0.25,0.06,6.01, 0.00
0.54,0.06,14.38, 0.00
0.54,0.06,14.38, 0.00
0.54,0.06,14.38, 0.00
0.54,0.06,14.38, 0.00
0.43,0.08,0.00, 1.00
0.43,0.08,0.00, 1.00
0.43,0.08,0.00, 1.00
0.43,0.08,0.00, 1.00
0.43,0.08,0.00, 1.00
0.43,0.08,0.00, 1.00
0.43,0.08,0.00, 1.00
0.43,0.08,0.00, 1.00
0.43,0.08,0.00, 1.00
0.43,0.08,0.00, 1.00
0.43,0.08,0.00, 1.00
0.43,0.08,0.00, 1.00
0.43,0.08,0.00, 1.00
0.43,0.08,0.00, 1.00
0.43,0.08,0.00, 1.00
0.43,0.08,0.00, 1.00
0.00,0.12,0.00, 2.00
0.00,0.12,0.00, 0.01
0.00,0.39,0.00, 13.70
0.61,2.24,30.05, 92.21
0.65,2.50,2.41, 13.04
1.01,3.10,17.77, 29.69
1.41,3.44,19.97, 17.30
1.41,3.44,19.97, 17.30
1.41,3.44,19.97, 17.30
1.41,3.44,19.97, 17.30
1.41,3.44,19.97, 17.30
1.41,3.44,19.97, 17.30
1.73,3.83,16.06, 19.49
1.73,3.83,16.06, 19.49
1.86,4.20,6.64, 18.75
2.00,4.58,6.99, 18.75
2.00,4.58,6.99, 18.75
2.00,4.58,6.99, 18.75
2.00,4.58,6.99, 18.75
2.00,4.58,6.99, 18.75
2.00,4.58,6.99, 18.75
2.00,4.58,6.99, 18.75
2.00,4.58,6.99, 18.75
2.00,4.58,6.99, 18.75
2.00,4.58,6.99, 18.75
2.00,4.58,6.99, 18.75
4.04,6.18,100.60, 80.02
4.04,6.18,100.60, 80.02
4.04,6.18,100.60, 80.02
4.69,6.72,33.50, 27.19
5.00,7.01,15.76, 14.30
5.56,8.97,27.82, 97.44
5.56,8.97,27.82, 97.44
5.56,8.92,0.41, 0.00
5.56,8.78,0.01, 0.00
5.56,8.69,0.00, 0.00
5.56,8.59,0.00, 0.00
5.56,8.49,0.00, 0.00
5.56,8.35,0.00, 0.00
5.56,8.25,0.00, 0.00
5.56,8.14,0.00, 0.00
5.58,7.99,0.99, 0.00
5.56,7.90,0.00, 0.00
5.56,7.90,0.00, 0.00
5.56,7.90,0.00, 0.00
5.56,7.90,0.00, 0.00
5.58,7.82,0.99, 0.00
5.56,7.78,0.00, 0.00
5.56,7.75,0.00, 0.00
5.58,7.71,0.99, 0.00
5.56,7.73,0.00, 1.25
5.56,7.79,0.00, 2.74
5.56,7.86,0.00, 3.50
5.56,7.86,0.00, 3.50
5.56,7.86,0.00, 3.50
5.56,7.86,0.00, 3.50
5.56,7.86,0.00, 3.50
5.58,7.94,0.99, 3.75
5.58,8.01,0.01, 3.50
5.58,8.08,0.00, 3.75
5.58,8.26,0.00, 9.23
5.58,8.32,0.00, 3.02
5.58,8.38,0.00, 2.50
5.58,8.44,0.00, 3.50
5.58,8.51,0.00, 3.50
5.58,8.55,0.00, 1.51
5.58,8.56,0.00, 0.50
5.58,8.53,0.00, 0.00
5.58,8.50,0.00, 0.00
5.58,8.45,0.00, 0.00
5.58,8.43,0.00, 0.00
5.58,8.41,0.00, 0.00
5.58,8.38,0.00, 0.00
5.58,8.36,0.00, 0.00
5.58,8.33,0.00, 0.00
5.58,8.26,0.00, 0.00
5.58,8.18,0.00, 0.00
5.58,8.10,0.00, 0.00
5.58,8.03,0.00, 0.00
5.58,7.84,0.00, 0.00
5.58,7.69,0.00, 0.00
5.58,7.51,0.00, 0.00
5.61,7.31,1.48, 0.00
5.58,7.08,0.00, 0.00
5.58,6.90,0.00, 0.00
5.58,6.78,0.00, 0.00
5.58,6.67,0.00, 0.00
5.58,6.67,0.00, 0.00
5.58,6.59,0.00, 0.00
5.58,6.53,0.00, 0.00
5.58,6.49,0.00, 0.00
5.58,6.46,0.00, 0.00
5.61,6.43,1.48, 0.00
5.61,6.39,0.02, 0.00
5.61,6.39,0.02, 0.00
5.58,6.34,0.00, 0.00
5.58,6.28,0.00, 0.00
5.61,6.21,1.48, 0.00
5.58,6.11,0.00, 0.00
5.61,6.01,1.48, 0.00
5.58,5.93,0.00, 0.00
5.58,5.93,0.00, 0.00
5.58,5.87,0.00, 0.00
5.61,5.88,1.48, 0.50
5.58,5.90,0.00, 1.00
5.58,5.92,0.00, 1.00
5.58,5.91,0.00, 0.00
5.58,5.89,0.00, 0.00
5.58,5.89,0.00, 0.00
5.58,5.89,0.00, 0.00
5.58,5.89,0.00, 0.00
5.58,5.89,0.00, 0.00
5.58,5.89,0.00, 0.00
5.61,5.84,1.48, 0.00
5.61,5.84,1.48, 0.00
5.58,5.81,0.00, 0.00
5.61,5.74,1.48, 0.00
5.61,5.35,0.02, 0.00
5.58,5.18,0.00, 0.00
5.58,5.18,0.00, 0.00
5.58,5.11,0.00, 0.00
5.58,5.11,0.00, 0.00
5.58,5.11,0.00, 0.00
5.58,5.11,0.00, 0.00
5.58,5.11,0.00, 0.00
5.58,5.11,0.00, 0.00
5.58,5.06,0.00, 0.00
5.61,5.05,1.48, 0.00
5.58,5.03,0.00, 0.00
5.58,5.03,0.00, 0.00
5.61,4.72,1.48, 0.00
5.58,4.69,0.00, 0.00
5.58,4.69,0.00, 0.00
5.58,4.57,0.00, 0.00
5.58,4.57,0.00, 0.00
5.58,4.48,0.00, 0.00
5.58,4.48,0.00, 0.00
5.58,4.31,0.00, 0.00
5.61,4.21,1.48, 0.00
5.58,4.00,0.00, 0.00
5.58,3.88,0.00, 0.00
4.62,3.73,0.00, 0.00
3.09,3.61,0.00, 0.00
1.08,3.41,0.00, 0.00
1.08,3.41,0.00, 0.00
1.08,3.41,0.00, 0.00
1.08,3.41,0.00, 0.00
1.08,3.41,0.00, 0.00
1.08,3.41,0.00, 0.00
1.08,3.41,0.00, 0.00
1.08,3.41,0.00, 0.00
1.08,3.41,0.00, 0.00
1.08,3.41,0.00, 0.00
1.08,3.41,0.00, 0.00
1.08,3.41,0.00, 0.00
1.08,3.41,0.00, 0.00
1.08,3.41,0.00, 0.00
1.08,3.41,0.00, 0.00
1.08,3.41,0.00, 0.00
1.08,3.41,0.00, 0.00
1.08,3.41,0.00, 0.00
2.06,3.04,48.28, 0.00
2.06,3.04,48.28, 0.00
2.06,3.04,48.28, 0.00
3.25,2.84,59.33, 0.00
3.25,2.84,59.33, 0.00
3.25,2.84,59.33, 0.00
3.25,2.84,59.33, 0.00
3.25,2.84,59.33, 0.00
3.25,2.84,59.33, 0.00
3.25,2.84,59.33, 0.00
3.59,2.64,17.62, 0.00
0.00,0.09,0.00, 0.00
0.00,0.09,0.00, 0.00
0.00,0.09,0.00, 0.00
0.00,0.05,0.00, 0.00
1.08,0.06,53.21, 0.50
0.79,0.06,0.00, 0.00
0.00,0.05,0.00, 0.00
0.00,0.05,0.00, 0.00
0.00,0.05,0.00, 0.00
0.00,0.05,0.00, 0.00
0.00,0.05,0.00, 0.00
0.29,0.05,14.29, 0.00
0.67,0.05,18.93, 0.00
0.85,0.05,9.15, 0.50
0.90,0.05,2.60, 0.00
0.90,0.05,0.04, 0.50
0.85,0.06,0.00, 0.25
0.74,0.06,0.00, 0.00
0.58,0.06,0.00, 0.00
0.43,0.05,0.00, 0.00
0.43,0.05,0.00, 0.00
0.25,0.05,0.00, 0.50
0.11,0.05,0.00, 0.00
0.11,0.05,0.00, 0.00
0.13,0.05,0.99, 0.00
0.25,0.05,5.93, 0.00
0.43,0.05,8.95, 0.00
0.58,0.05,7.52, 0.00
0.58,0.05,7.52, 0.00
0.58,0.05,7.52, 0.00
0.58,0.05,7.52, 0.00
0.58,0.05,7.52, 0.00
0.58,0.05,7.52, 0.00
0.72,0.05,7.01, 0.50
0.72,0.05,7.01, 0.50
0.76,0.06,2.07, 0.25
0.79,0.06,1.51, 0.00
0.79,0.06,1.51, 0.00
0.79,0.06,1.51, 0.00
0.79,0.06,1.51, 0.00
0.79,0.06,1.51, 0.00
0.79,0.06,1.51, 0.00
0.79,0.06,1.51, 0.00
0.79,0.06,1.51, 0.00
0.79,0.06,1.51, 0.00
0.79,0.06,1.51, 0.00
0.79,0.06,1.51, 0.00
0.79,0.06,1.51, 0.00
0.79,0.06,1.51, 0.00
0.79,0.06,1.51, 0.00
0.00,0.51,0.00, 22.42
0.00,0.73,0.00, 11.04
0.00,0.73,0.00, 11.04
0.00,0.73,0.00, 11.04
0.00,0.73,0.00, 11.04
0.00,0.73,0.00, 11.04
0.00,0.73,0.00, 11.04
0.00,0.97,0.00, 12.00
0.00,0.97,0.00, 12.00
4.51,4.25,222.18, 163.44
4.73,4.49,14.11, 12.55
5.58,5.86,42.08, 68.30
5.58,6.07,0.62, 10.96
5.61,6.23,1.49, 8.01
5.61,6.23,1.49, 8.01
5.61,6.23,1.49, 8.01
5.61,6.23,1.49, 8.01
5.61,6.23,1.49, 8.01
5.61,6.23,1.49, 8.01
5.61,6.23,1.49, 8.01
5.61,6.23,1.49, 8.01
5.61,6.23,1.49, 8.01
5.61,6.23,1.49, 8.01
5.61,6.38,0.02, 7.25
5.61,6.38,0.02, 7.25
5.58,6.47,0.00, 4.51
5.58,6.53,0.00, 3.01
5.58,6.61,0.00, 4.25
5.61,6.64,1.48, 1.26
5.61,6.66,0.02, 1.00
5.58,6.72,0.00, 2.99
5.61,6.79,1.48, 3.50
5.61,6.89,0.02, 5.24
5.58,7.01,0.00, 5.75
5.61,7.14,1.48, 6.50
5.61,7.30,0.02, 7.75
5.58,7.46,0.00, 8.25
5.61,7.63,1.48, 8.50
5.61,7.81,0.02, 8.75
5.58,7.95,0.00, 7.26
5.58,7.95,0.00, 7.26
5.61,8.10,1.48, 7.25
5.61,8.24,0.02, 7.25
5.61,8.37,0.00, 6.50
5.61,8.50,0.00, 6.50
5.58,8.65,0.00, 7.25
5.58,8.65,0.00, 7.25
5.58,8.65,0.00, 7.25
5.58,8.78,0.00, 7.00
5.61,8.94,1.48, 7.75
5.58,9.07,0.00, 6.50
5.61,9.24,1.48, 8.24
5.61,9.35,0.02, 5.51
5.58,9.45,0.00, 5.50
5.61,9.58,1.48, 6.00
5.61,9.62,0.02, 2.51
5.61,9.66,0.00, 1.75
5.61,9.68,0.00, 0.75
5.61,9.68,0.00, 0.00
5.58,9.68,0.00, 0.00
5.58,9.69,0.00, 0.50
5.61,9.69,1.48, 0.25
5.61,9.69,0.02, 0.00
5.61,9.68,0.00, 0.00
5.61,9.68,0.00, 0.00
5.61,9.67,0.00, 0.00
5.61,9.64,0.00, 0.00
5.61,9.64,0.00, 0.00
5.58,9.63,0.00, 0.00
5.61,9.58,1.48, 0.00
5.61,9.46,0.02, 0.00
5.58,9.32,0.00, 0.00
5.58,9.17,0.00, 0.00
5.61,9.02,1.48, 0.00
5.61,9.02,1.48, 0.00
5.58,8.79,0.00, 0.00
5.61,8.80,1.48, 0.25
5.58,8.72,0.00, 0.00
5.61,8.66,1.48, 0.00
5.58,8.55,0.00, 0.00
5.61,8.42,1.48, 0.00
5.61,8.28,0.02, 0.00
5.58,8.09,0.00, 0.00
5.61,7.86,1.48, 0.00
5.61,7.60,0.02, 0.00
5.61,7.60,0.02, 0.00
5.61,7.60,0.02, 0.00
5.61,7.60,0.02, 0.00
5.61,7.60,0.02, 0.00
5.61,7.60,0.02, 0.00
5.61,7.60,0.02, 0.00
5.61,7.32,0.00, 0.00
5.61,7.05,0.00, 0.00
5.61,6.86,0.00, 0.00
5.61,6.61,0.00, 0.00
5.61,6.56,0.00, 0.00
5.58,6.54,0.00, 0.00
5.61,6.51,1.48, 0.00
5.61,6.46,0.02, 0.00
5.61,6.40,0.00, 0.00
5.61,6.33,0.00, 0.00
5.58,6.20,0.00, 0.00
5.61,6.12,1.48, 0.00
5.58,6.02,0.00, 0.00
5.61,5.91,1.48, 0.00
5.58,5.86,0.00, 0.00
5.61,5.85,1.48, 0.00
5.61,5.82,0.02, 0.00
5.61,5.81,0.00, 0.00
5.58,5.77,0.00, 0.00
5.58,5.77,0.00, 0.00
5.58,5.77,0.00, 0.00
5.58,5.77,0.00, 0.00
5.58,5.77,0.00, 0.00
5.58,5.77,0.00, 0.00
5.58,5.77,0.00, 0.00
5.61,5.73,1.48, 0.00
5.61,5.73,1.48, 0.00
5.61,5.64,0.02, 0.00
5.61,5.64,0.02, 0.00
5.61,5.64,0.02, 0.00
5.61,5.64,0.02, 0.00
5.61,5.64,0.02, 0.00
5.61,5.64,0.02, 0.00
5.61,5.64,0.02, 0.00
5.61,5.57,0.00, 0.00
5.61,5.57,0.00, 0.00
5.61,5.57,0.00, 0.00
5.61,5.57,0.00, 0.00
5.61,5.57,0.00, 0.00
5.58,5.22,0.00, 0.00
5.61,5.01,1.48, 0.00
5.58,4.91,0.00, 0.00
5.58,4.51,0.00, 0.00
5.58,4.51,0.00, 0.00
5.58,4.51,0.00, 0.00
5.58,4.51,0.00, 0.00
5.58,4.51,0.00, 0.00
5.58,4.51,0.00, 0.00
5.58,4.51,0.00, 0.00
5.58,4.51,0.00, 0.00
5.58,4.39,0.00, 0.00
5.58,4.39,0.00, 0.00
5.58,4.39,0.00, 0.00
5.58,4.30,0.00, 0.00
5.61,4.18,1.48, 0.00
5.61,4.18,1.48, 0.00
5.61,4.18,1.48, 0.00
5.61,4.18,1.48, 0.00
5.61,4.18,1.48, 0.00
5.61,4.18,1.48, 0.00
1.86,3.36,0.00, 0.00
1.86,3.36,0.00, 0.00
5.58,3.26,183.26, 0.00
5.58,3.26,183.26, 0.00
5.58,3.26,183.26, 0.00
5.58,3.26,183.26, 0.00
5.58,3.26,183.26, 0.00
5.58,3.26,183.26, 0.00
5.58,3.26,183.26, 0.00
5.58,3.26,183.26, 0.00
5.58,3.26,183.26, 0.00
5.58,3.26,183.26, 0.00
5.58,3.26,183.26, 0.00
5.58,3.26,183.26, 0.00
5.47,2.95,0.00, 0.00
5.47,2.95,0.00, 0.00
2.96,1.98,0.00, 0.00
2.96,1.98,0.00, 0.00
2.96,1.98,0.00, 0.00
2.96,1.98,0.00, 0.00
2.96,1.98,0.00, 0.00
2.96,1.98,0.00, 0.00
2.96,1.98,0.00, 0.00
3.03,1.83,3.45, 0.00
3.03,1.83,3.45, 0.00
3.03,1.83,3.45, 0.00
3.03,1.83,3.45, 0.00
3.03,1.83,3.45, 0.00
1.37,0.29,0.00, 0.00
0.18,0.06,0.00, 0.00
0.18,0.06,0.00, 0.00
0.18,0.06,0.00, 0.00
0.18,0.06,0.00, 0.00
0.18,0.06,0.00, 0.00
0.18,0.06,0.00, 0.00
0.18,0.06,0.00, 0.00
0.18,0.06,0.00, 0.00
0.00,0.06,0.00, 0.00
0.61,0.05,30.05, 0.00
0.92,0.05,15.71, 0.00
0.00,0.05,0.00, 0.50
0.00,0.06,0.00, 0.25
0.00,0.06,0.00, 0.25
0.00,0.06,0.00, 0.25
0.00,0.06,0.00, 0.25
0.00,0.06,0.00, 0.25
0.00,0.06,0.00, 0.25
0.00,0.06,0.00, 0.25
0.25,0.06,12.32, 0.00
0.25,0.06,12.32, 0.00
0.25,0.06,12.32, 0.00
0.25,0.06,12.32, 0.00
0.25,0.06,12.32, 0.00
0.25,0.06,12.32, 0.00
0.25,0.06,12.32, 0.00
0.52,0.05,13.48, 0.00
0.70,0.05,9.07, 0.00
0.70,0.05,9.07, 0.00
0.70,0.05,9.07, 0.00
0.70,0.05,9.07, 0.00
0.18,0.05,0.00, 0.00
0.18,0.05,0.00, 0.00
0.18,0.05,0.00, 0.00
0.18,0.05,0.00, 0.00
0.61,0.05,21.18, 0.00
0.61,0.05,21.18, 0.00
0.61,0.05,21.18, 0.00
0.45,0.10,0.00, 2.74
0.45,0.10,0.00, 2.74
0.45,0.10,0.00, 2.74
0.45,0.10,0.00, 2.74
0.45,0.10,0.00, 2.74
0.45,0.10,0.00, 2.74
0.45,0.10,0.00, 2.74
0.20,0.38,0.00, 14.21
0.20,0.38,0.00, 14.21
0.20,0.38,0.00, 14.21
0.20,0.38,0.00, 14.21
0.16,1.04,0.00, 32.93
0.18,1.26,0.99, 10.83
0.18,1.26,0.99, 10.83
1.59,3.01,69.48, 87.22
1.59,3.01,69.48, 87.22
1.59,3.01,69.48, 87.22
1.59,3.01,69.48, 87.22
1.59,3.01,69.48, 87.22
1.59,3.01,69.48, 87.22
1.59,3.01,69.48, 87.22
1.59,3.01,69.48, 87.22
1.59,3.01,69.48, 87.22
1.59,3.01,69.48, 87.22
1.59,3.01,69.48, 87.22
1.59,3.01,69.48, 87.22
1.59,3.01,69.48, 87.22
1.59,3.01,69.48, 87.22
2.94,3.80,67.53, 39.43
2.94,3.80,67.53, 39.43
3.59,4.08,33.02, 14.34
4.15,4.35,28.07, 13.25
5.58,6.18,70.86, 91.21
5.58,6.20,1.04, 1.83
5.58,6.20,1.04, 1.83
5.61,6.24,1.49, 1.50
5.61,6.20,0.02, 0.00
5.61,6.16,0.00, 0.00
5.58,6.11,0.00, 0.00
5.58,6.06,0.00, 0.00
5.61,5.95,1.48, 0.00
5.61,5.95,1.48, 0.00
5.61,5.95,1.48, 0.00
5.61,5.95,1.48, 0.00
5.58,5.86,0.00, 0.00
5.58,5.86,0.00, 0.00
5.61,5.76,1.48, 0.00
5.61,5.62,0.02, 0.00
5.61,5.16,0.00, 0.00
5.61,5.12,0.00, 0.00
5.58,5.11,0.00, 0.00
5.58,5.14,0.00, 1.74
5.61,5.20,1.48, 2.50
5.58,5.23,0.00, 1.50
5.61,5.26,1.48, 1.50
5.58,5.36,0.00, 5.49
5.58,5.48,0.00, 6.00
5.61,5.61,1.48, 6.00
5.61,5.73,0.02, 6.25
5.61,5.73,0.02, 6.25
5.61,5.86,0.00, 6.50
5.61,5.99,0.00, 6.75
5.61,5.99,0.00, 6.75
5.61,5.99,0.00, 6.75
5.61,5.99,0.00, 6.75
5.61,6.11,0.00, 5.50
5.61,6.11,0.00, 5.50
5.58,6.22,0.00, 6.00
5.61,6.28,1.48, 3.01
5.58,6.36,0.00, 4.00
5.58,6.36,0.00, 0.01
5.58,6.38,0.00, 0.50
5.58,6.42,0.00, 2.24
5.58,6.42,0.00, 2.24
5.58,6.42,0.00, 2.24
5.58,6.42,0.00, 2.24
5.58,6.43,0.00, 0.76
5.61,6.43,1.48, 0.00
5.58,6.40,0.00, 0.00
5.58,6.40,0.00, 0.00
5.58,6.40,0.00, 0.00
5.58,6.40,0.00, 0.00
5.58,6.40,0.00, 0.00
5.58,6.40,0.00, 0.00
5.58,6.40,0.00, 0.00
5.58,6.40,0.00, 0.00
5.58,6.40,0.00, 0.00
5.58,6.40,0.00, 0.00
5.58,6.40,0.00, 0.00
5.58,6.40,0.00, 0.00
5.58,6.32,0.00, 0.00
5.61,6.30,1.48, 0.00
5.61,6.28,0.02, 0.00
5.61,6.10,0.00, 0.00
5.58,6.11,0.00, 0.25
5.58,6.11,0.00, 0.00
5.58,6.11,0.00, 0.00
5.58,6.12,0.00, 1.00
5.61,6.20,1.48, 3.99
5.58,6.28,0.00, 3.75
5.58,6.28,0.00, 3.75
5.58,6.39,0.00, 5.49
5.61,6.50,1.48, 5.50
5.61,6.50,1.48, 5.50
5.58,6.62,0.00, 6.00
5.61,6.75,1.48, 6.50
5.61,7.03,0.02, 14.22
5.61,7.03,0.02, 14.22
5.61,7.03,0.02, 14.22
5.61,7.03,0.02, 14.22
5.61,7.03,0.02, 14.22
5.61,7.03,0.02, 14.22
5.61,7.03,0.02, 14.22
5.61,7.18,0.00, 7.28
5.61,7.18,0.00, 7.28
5.61,7.18,0.00, 7.28
5.61,7.18,0.00, 7.28
5.61,7.18,0.00, 7.28
5.61,7.18,0.00, 7.28
5.61,7.18,0.00, 7.28
5.61,7.18,0.00, 7.28
5.61,7.18,0.00, 7.28
5.58,7.29,0.00, 5.51
5.58,7.29,0.00, 5.51
5.58,7.29,0.00, 5.51
5.58,7.29,0.00, 5.51
5.58,7.29,0.00, 5.51
5.58,7.29,0.00, 5.51
5.58,7.29,0.00, 5.51
5.58,7.29,0.00, 5.51
5.58,7.29,0.00, 5.51
5.58,7.29,0.00, 5.51
5.58,7.29,0.00, 5.51
5.58,7.29,0.00, 5.51
5.61,7.39,1.48, 4.75
5.61,7.39,1.48, 4.75
5.61,7.39,1.48, 4.75
5.61,7.39,1.48, 4.75
5.61,7.39,1.48, 4.75
5.61,7.39,1.48, 4.75
5.61,7.39,1.48, 4.75
5.61,7.39,1.48, 4.75
5.61,7.39,1.48, 4.75
5.58,7.95,0.00, 28.16
5.58,7.95,0.00, 28.16
5.58,7.95,0.00, 28.16
5.61,7.94,1.48, 0.00
5.61,7.94,1.48, 0.00
5.61,7.94,1.48, 0.00
5.61,7.94,1.48, 0.00
5.61,7.94,1.48, 0.00
5.61,7.94,1.48, 0.00
5.61,7.94,1.48, 0.00
5.61,7.94,1.48, 0.00
5.61,7.94,1.48, 0.00
5.61,7.94,1.48, 0.00
5.61,7.94,1.48, 0.00
5.61,7.94,1.48, 0.00
5.61,7.94,1.48, 0.00
5.61,7.94,1.48, 0.00
5.36,6.34,0.00, 0.00
5.36,6.34,0.00, 0.00
5.36,6.34,0.00, 0.00
5.36,6.34,0.00, 0.00
5.36,6.34,0.00, 0.00
5.36,6.34,0.00, 0.00
5.36,6.34,0.00, 0.00
5.36,6.34,0.00, 0.00
5.36,6.34,0.00, 0.00
5.36,6.34,0.00, 0.00
5.36,6.34,0.00, 0.00
5.36,6.34,0.00, 0.00
5.36,6.34,0.00, 0.00
5.36,6.34,0.00, 0.00
3.95,4.97,0.00, 0.00
3.95,4.97,0.00, 0.00
3.18,4.47,0.00, 0.00
0.87,1.28,0.00, 0.00
0.87,1.28,0.00, 0.00
0.87,1.28,0.00, 0.00
0.87,1.28,0.00, 0.00
0.87,1.28,0.00, 0.00
0.87,1.28,0.00, 0.00
0.87,1.28,0.00, 0.00
0.87,1.28,0.00, 0.00
0.87,1.28,0.00, 0.00
0.87,1.28,0.00, 0.00
0.87,1.28,0.00, 0.00
0.87,1.28,0.00, 0.00
0.87,1.28,0.00, 0.00
0.87,1.28,0.00, 0.00
0.87,1.28,0.00, 0.00
0.87,1.28,0.00, 0.00
0.87,1.28,0.00, 0.00
0.87,1.28,0.00, 0.00
0.87,1.28,0.00, 0.00
0.87,1.28,0.00, 0.00
1.30,0.05,21.18, 0.00
1.30,0.05,21.18, 0.00
1.30,0.05,21.18, 0.00
1.30,0.05,21.18, 0.00
1.30,0.05,21.18, 0.00
1.30,0.05,21.18, 0.00
1.30,0.05,21.18, 0.00
1.30,0.05,21.18, 0.00
1.30,0.05,21.18, 0.00
1.30,0.05,21.18, 0.00
1.30,0.05,21.18, 0.00
1.30,0.05,21.18, 0.00
1.30,0.05,21.18, 0.00
1.30,0.05,21.18, 0.00
1.14,0.06,0.00, 0.25
1.14,0.06,0.00, 0.25
0.27,0.06,0.00, 0.00
0.27,0.06,0.00, 0.00
0.27,0.06,0.00, 0.00
0.54,0.05,13.30, 0.00
0.54,0.05,13.30, 0.00
0.54,0.05,13.30, 0.00
0.54,0.05,13.30, 0.00
0.54,0.05,13.30, 0.00
0.54,0.05,13.30, 0.00
0.54,0.05,13.30, 0.00
0.00,0.66,0.00, 30.89
0.00,0.83,0.00, 8.33
0.85,2.76,41.87, 96.43
1.26,3.04,20.81, 14.05
1.68,3.30,21.00, 13.25
1.68,3.30,21.00, 13.25
1.68,3.30,21.00, 13.25
1.68,3.30,21.00, 13.25
1.68,3.30,21.00, 13.25
1.68,3.30,21.00, 13.25
1.68,3.30,21.00, 13.25
1.68,3.30,21.00, 13.25
1.68,3.30,21.00, 13.25
1.68,3.30,21.00, 13.25
1.68,3.30,21.00, 13.25
1.68,3.30,21.00, 13.25
2.18,3.60,24.94, 14.74
2.18,3.60,24.94, 14.74
2.74,3.87,27.95, 13.50
2.74,3.87,27.95, 13.50
2.74,3.87,27.95, 13.50
3.30,4.16,28.00, 14.50
5.63,6.65,115.20, 124.10
5.63,6.94,1.69, 14.90
5.63,7.06,0.02, 6.03
5.65,7.19,0.99, 6.50
5.63,7.30,0.00, 5.50
5.63,7.39,0.00, 4.25
5.63,7.45,0.00, 3.50
5.63,7.51,0.00, 2.75
5.63,7.51,0.00, 0.01
5.63,7.49,0.00, 0.00
5.63,7.44,0.00, 0.00
5.63,7.39,0.00, 0.00
5.63,7.38,0.00, 0.00
5.63,7.37,0.00, 0.00
5.63,7.35,0.00, 0.00
5.61,7.34,0.00, 0.00
5.63,7.33,0.99, 0.00
5.63,7.31,0.01, 0.00
5.63,7.30,0.00, 0.00
5.61,7.28,0.00, 0.00
5.63,7.23,0.99, 0.00
5.63,7.23,0.99, 0.00
5.63,7.19,0.01, 0.00
5.61,7.13,0.00, 0.00
5.63,7.08,0.99, 0.00
5.61,7.05,0.00, 0.00
5.61,6.99,0.00, 0.00
5.61,7.09,0.00, 4.48
5.61,7.09,0.00, 4.48
5.61,7.07,0.00, 0.00
5.61,7.12,0.00, 2.49
5.63,7.20,0.99, 3.75
5.63,7.26,0.01, 3.00
5.61,7.32,0.00, 3.50
5.61,7.40,0.00, 3.75
5.61,7.40,0.00, 3.75
5.63,7.41,0.99, 0.76
5.63,7.40,0.01, 0.00
5.61,7.36,0.00, 0.00
5.63,7.34,0.99, 0.00
5.61,7.30,0.00, 0.00
5.63,7.30,0.99, 0.00
5.63,7.30,0.99, 0.00
5.61,7.25,0.00, 0.00
5.61,7.26,0.00, 0.25
5.61,7.26,0.00, 0.00
5.63,7.26,0.99, 0.00
5.61,7.27,0.00, 0.75
5.61,7.28,0.00, 0.50
5.61,7.28,0.00, 0.50
5.63,7.30,0.99, 0.75
5.61,7.28,0.00, 0.00
5.61,7.26,0.00, 0.00
5.61,7.22,0.00, 0.00
5.63,7.20,0.99, 0.00
5.61,7.19,0.00, 0.00
5.61,7.19,0.00, 0.00
5.63,7.18,0.99, 0.00
5.63,7.18,0.01, 0.00
5.61,7.16,0.00, 0.00
5.61,7.16,0.00, 0.00
5.61,7.18,0.00, 0.50
5.61,7.16,0.00, 0.00
5.61,7.12,0.00, 0.00
5.61,7.05,0.00, 0.00
5.61,6.98,0.00, 0.00
5.61,6.98,0.00, 0.00
5.61,6.98,0.00, 0.00
5.61,6.98,0.00, 0.00
5.61,6.98,0.00, 0.00
5.61,6.98,0.00, 0.00
5.61,6.93,0.00, 0.00
5.61,6.93,0.00, 0.00
5.61,6.89,0.00, 0.00
5.61,6.86,0.00, 0.00
5.61,6.77,0.00, 0.00
5.61,6.77,0.00, 0.00
5.61,6.77,0.00, 0.00
5.61,6.77,0.00, 0.00
5.61,6.77,0.00, 0.00
5.61,6.77,0.00, 0.00
5.61,6.77,0.00, 0.00
5.61,6.74,0.00, 0.00
5.61,6.70,0.00, 0.00
5.61,6.70,0.00, 0.00
5.61,6.69,0.00, 0.00
5.61,6.69,0.00, 0.00
5.61,6.69,0.00, 0.00
5.61,6.69,0.00, 0.00
5.61,6.69,0.00, 0.00
5.61,6.69,0.00, 0.00
5.61,6.69,0.00, 0.00
5.61,6.52,0.00, 0.00
5.61,6.47,0.00, 0.00
5.61,6.42,0.00, 0.00
5.61,6.07,0.00, 0.00
5.61,6.03,0.00, 0.00
5.61,6.02,0.00, 0.00
5.61,6.02,0.00, 0.00
5.61,6.02,0.00, 0.00
5.61,6.02,0.00, 0.00
5.61,6.02,0.00, 0.00
5.61,6.02,0.00, 0.00
5.61,5.99,0.00, 0.00
5.61,5.99,0.00, 0.00
5.61,5.96,0.00, 0.00
5.61,5.93,0.00, 0.00
5.61,5.93,0.00, 0.00
0.54,5.47,0.00, 0.00
5.14,5.41,226.62, 0.00
5.67,5.39,29.44, 0.00
5.61,5.34,0.00, 0.00
5.61,5.34,0.00, 0.00
5.61,5.34,0.00, 0.00
5.61,5.34,0.00, 0.00
5.61,5.34,0.00, 0.00
5.61,5.34,0.00, 0.00
5.61,5.34,0.00, 0.00
5.61,5.34,0.00, 0.00
5.61,5.34,0.00, 0.00
5.61,5.34,0.00, 0.00
5.61,5.34,0.00, 0.00
5.61,5.34,0.00, 0.00
5.61,5.34,0.00, 0.00
5.61,5.34,0.00, 0.00
5.61,5.34,0.00, 0.00
5.49,5.24,0.00, 0.00
4.80,5.14,0.00, 0.00
4.80,5.14,0.00, 0.00
3.39,5.08,0.00, 0.00
2.04,2.09,0.00, 0.00
1.91,1.81,0.00, 0.00
1.64,1.58,0.00, 0.00
1.44,1.33,0.00, 0.00
1.32,1.10,0.00, 0.00
1.17,0.88,0.00, 0.00
1.05,0.69,0.00, 0.00
1.05,0.69,0.00, 0.00
1.05,0.69,0.00, 0.00
1.05,0.69,0.00, 0.00
1.05,0.69,0.00, 0.00
1.05,0.69,0.00, 0.00
1.05,0.69,0.00, 0.00
1.10,0.52,2.46, 0.00
1.12,0.40,1.02, 0.00
1.12,0.27,0.02, 0.00
0.00,0.05,0.00, 0.00
0.00,0.05,0.00, 0.00
0.00,0.05,0.00, 0.00
0.02,0.05,0.99, 0.00
0.02,0.05,0.99, 0.00
0.02,0.05,0.99, 0.00
0.02,0.05,0.99, 0.00
0.02,0.05,0.99, 0.00
0.02,0.05,0.99, 0.00
0.02,0.05,0.99, 0.00
0.02,0.05,0.99, 0.00
0.18,0.05,7.90, 0.00
0.27,0.05,4.55, 0.00
0.31,0.05,2.04, 0.00
0.22,0.06,0.00, 0.75
0.22,0.06,0.00, 0.75
0.22,0.06,0.00, 0.75
0.22,0.06,0.00, 0.75
0.22,0.06,0.00, 0.75
0.22,0.06,0.00, 0.75
0.22,0.06,0.00, 0.75
0.22,0.06,0.00, 0.75
0.25,0.07,1.48, 0.50
0.22,0.07,0.00, 0.00
0.20,0.06,0.00, 0.00
0.22,0.05,0.99, 0.00
0.22,0.05,0.01, 0.00
0.22,0.05,0.00, 0.00
0.20,0.05,0.00, 0.00
0.20,0.05,0.00, 0.50
0.20,0.05,0.00, 0.00
0.20,0.05,0.00, 0.00
0.20,0.05,0.00, 0.50
0.20,0.05,0.00, 0.50
0.20,0.05,0.00, 0.50
0.20,0.05,0.00, 0.50
0.20,0.05,0.00, 0.50
0.20,0.05,0.00, 0.50
0.20,0.05,0.00, 0.50
0.18,0.06,0.00, 0.25
0.18,0.06,0.00, 0.25
0.18,0.05,0.00, 0.00
0.18,0.05,0.00, 0.00
0.20,0.05,0.99, 0.00
0.20,0.05,0.99, 0.00
0.20,0.05,0.99, 0.00
0.20,0.05,0.99, 0.00
0.20,0.05,0.99, 0.00
0.20,0.05,0.99, 0.00
0.20,0.05,0.99, 0.00
0.20,0.06,0.01, 0.75
0.20,0.06,0.01, 0.75
0.20,0.06,0.01, 0.75
0.22,0.06,0.99, 0.00
0.22,0.06,0.99, 0.00
0.22,0.06,0.99, 0.00
0.22,0.06,0.99, 0.00
0.22,0.06,0.99, 0.00
0.22,0.06,0.99, 0.00
0.22,0.06,0.99, 0.00
0.22,0.06,0.99, 0.00
0.22,0.06,0.99, 0.00
0.22,0.06,0.99, 0.00
0.22,0.06,0.99, 0.00
0.22,0.06,0.99, 0.00
0.22,0.06,0.99, 0.00
0.22,0.06,0.99, 0.00
0.22,0.06,0.01, 0.00
0.00,0.25,0.00, 9.71
0.00,0.31,0.00, 3.02
0.00,1.92,0.00, 80.22
0.18,2.13,8.87, 10.51
0.18,2.13,8.87, 10.51
0.18,2.13,8.87, 10.51
0.18,2.13,8.87, 10.51
0.18,2.13,8.87, 10.51
0.18,2.13,8.87, 10.51
0.18,2.13,8.87, 10.51
0.49,2.34,15.40, 10.50
0.49,2.34,15.40, 10.50
0.49,2.34,15.40, 10.50
0.49,2.34,15.40, 10.50
0.49,2.34,15.40, 10.50
0.49,2.34,15.40, 10.50
0.49,2.34,15.40, 10.50
0.49,2.34,15.40, 10.50
0.49,2.34,15.40, 10.50
0.49,2.34,15.40, 10.50
0.49,2.34,15.40, 10.50
0.49,2.34,15.40, 10.50
0.49,2.34,15.40, 10.50
0.49,2.34,15.40, 10.50
0.85,2.62,17.96, 13.74
0.85,2.62,17.96, 13.74
0.85,2.62,17.96, 13.74
0.85,2.62,17.96, 13.74
0.85,2.62,17.96, 13.74
0.85,2.62,17.96, 13.74
0.85,2.62,17.96, 13.74
0.85,2.62,17.96, 13.74
0.85,2.62,17.96, 13.74
0.85,2.62,17.96, 13.74
1.66,3.17,40.17, 27.70
4.44,4.91,137.55, 87.03
5.63,6.31,60.65, 69.56
5.63,6.71,0.89, 20.43
5.63,6.78,0.01, 3.56
5.63,6.82,0.00, 2.01
5.63,6.85,0.00, 1.50
5.63,6.86,0.00, 0.25
5.63,6.82,0.00, 0.00
5.63,6.82,0.00, 0.00
5.63,6.82,0.00, 0.00
5.61,6.80,0.00, 0.00
5.61,6.80,0.00, 0.00
5.61,6.80,0.00, 0.00
5.61,6.77,0.00, 0.00
5.63,6.70,0.99, 0.00
5.63,6.50,0.01, 0.00
5.61,6.47,0.00, 0.00
5.61,6.41,0.00, 0.00
5.63,6.36,0.99, 0.00
5.63,6.35,0.01, 0.00
5.61,6.34,0.00, 0.00
5.63,6.38,0.99, 1.74
5.61,6.41,0.00, 1.75
5.61,6.45,0.00, 2.25
5.63,6.48,0.99, 1.50
5.63,6.53,0.01, 2.25
5.61,6.57,0.00, 1.75
5.61,6.62,0.00, 3.00
5.63,6.67,0.99, 2.25
5.61,6.73,0.00, 3.00
5.63,6.76,0.99, 1.26
5.61,6.86,0.00, 4.99
5.61,6.94,0.00, 4.50
5.61,7.03,0.00, 4.00
5.63,7.09,0.99, 3.00
5.63,7.09,0.99, 3.00
5.61,7.11,0.00, 1.01
5.61,7.10,0.00, 0.00
5.61,7.06,0.00, 0.00
5.63,7.02,0.99, 0.00
5.61,6.95,0.00, 0.00
5.61,6.89,0.00, 0.00
5.61,6.80,0.00, 0.00
5.61,6.68,0.00, 0.00
5.61,6.68,0.00, 0.00
5.61,6.57,0.00, 0.00
5.61,6.45,0.00, 0.00
5.63,6.43,0.99, 0.00
5.63,6.30,0.01, 0.00
5.61,6.22,0.00, 0.00
5.61,6.16,0.00, 0.00
5.61,6.16,0.00, 0.00
5.61,6.13,0.00, 0.00
5.61,6.08,0.00, 0.00
5.61,6.04,0.00, 0.00
5.61,6.02,0.00, 0.00
5.61,6.03,0.00, 0.50
5.61,6.03,0.00, 0.25
5.61,6.03,0.00, 0.25
5.61,6.05,0.00, 1.00
5.61,6.07,0.00, 1.00
5.61,6.06,0.00, 0.00
5.61,6.07,0.00, 0.50
5.61,6.05,0.00, 0.00
5.61,6.01,0.00, 0.00
5.61,5.95,0.00, 0.00
5.61,5.90,0.00, 0.00
5.61,5.90,0.00, 0.00
5.61,5.90,0.00, 0.00
5.61,5.90,0.00, 0.00
5.61,5.90,0.00, 0.00
5.61,5.90,0.00, 0.00
5.61,5.90,0.00, 0.00
5.61,5.90,0.00, 0.00
5.58,5.86,0.00, 0.00
5.61,5.85,1.48, 0.00
5.61,5.89,0.02, 1.74
5.61,6.25,0.00, 18.19
5.61,6.25,0.00, 18.19
5.61,6.26,0.00, 0.56
5.61,6.23,0.00, 0.00
5.61,6.19,0.00, 0.00
5.63,6.12,0.99, 0.00
5.61,6.05,0.00, 0.00
5.61,5.99,0.00, 0.00
5.61,5.93,0.00, 0.00
5.61,5.89,0.00, 0.00
5.61,5.85,0.00, 0.00
5.61,5.79,0.00, 0.00
5.61,5.75,0.00, 0.00
5.61,5.70,0.00, 0.00
5.61,5.62,0.00, 0.00
5.61,5.62,0.00, 0.00
5.58,5.56,0.00, 0.00
5.61,5.47,1.48, 0.00
5.61,5.40,0.02, 0.00
5.61,5.32,0.00, 0.00
5.61,5.23,0.00, 0.00
5.61,5.14,0.00, 0.00
5.61,5.14,0.00, 0.00
5.61,5.07,0.00, 0.00
5.61,4.99,0.00, 0.00
5.61,4.92,0.00, 0.00
5.61,4.90,0.00, 0.00
4.73,4.86,0.00, 0.00
3.88,4.80,0.00, 0.00
3.88,4.80,0.00, 0.00
4.40,4.72,25.62, 0.00
5.38,4.61,48.66, 0.00
5.67,4.49,15.00, 0.00
5.67,4.38,0.22, 0.00
5.63,4.27,0.00, 0.00
5.05,4.11,0.00, 0.00
4.22,3.94,0.00, 0.00
3.75,3.74,0.00, 0.00
3.75,3.74,0.00, 0.00
3.66,3.49,0.00, 0.00
3.50,3.24,0.00, 0.00
3.59,2.92,4.43, 0.00
3.25,2.64,0.00, 0.00
3.25,2.64,0.00, 0.00
3.25,2.64,0.00, 0.00
3.25,2.64,0.00, 0.00
3.25,2.64,0.00, 0.00
3.25,2.64,0.00, 0.00
2.65,2.37,0.00, 0.00
2.65,2.37,0.00, 0.00
1.95,2.09,0.00, 0.00
1.12,1.88,0.00, 0.00
2.06,0.75,46.31, 0.00
2.02,0.58,0.00, 0.00
1.70,0.39,0.00, 0.00
1.53,0.25,0.00, 0.00
1.53,0.25,0.00, 0.00
1.53,0.25,0.00, 0.00
1.53,0.25,0.00, 0.00
1.53,0.25,0.00, 0.00
1.53,0.25,0.00, 0.00
1.53,0.25,0.00, 0.00
1.30,0.15,0.00, 0.00
0.85,0.09,0.00, 0.00
0.67,0.06,0.00, 0.00
0.00,0.05,0.00, 0.00
0.00,0.05,0.00, 0.00
0.00,0.05,0.00, 0.00
0.00,0.05,0.00, 0.50
0.00,0.05,0.00, 0.00
0.02,0.04,0.99, 0.00
0.29,0.05,13.32, 0.50
0.47,0.05,9.06, 0.50
0.47,0.05,9.06, 0.50
0.65,0.05,9.00, 0.00
0.65,0.05,9.00, 0.00
0.63,0.05,0.00, 0.50
0.54,0.06,0.00, 0.25
0.18,0.05,0.00, 0.00
0.02,0.05,0.00, 0.00
0.00,0.05,0.00, 0.00
0.00,0.05,0.00, 0.00
0.00,0.05,0.00, 0.00
0.00,0.05,0.00, 0.00
0.00,0.05,0.00, 0.00
0.00,0.05,0.00, 0.00
0.02,0.05,0.99, 0.00
0.02,0.05,0.99, 0.00
0.09,0.05,3.46, 0.00
0.36,0.06,13.35, 0.75
0.34,0.06,0.00, 0.00
0.31,0.06,0.00, 0.00
0.29,0.06,0.00, 0.00
0.22,0.06,0.00, 0.00
0.09,0.09,0.00, 1.49
0.09,0.09,0.00, 1.49
0.09,0.09,0.00, 1.49
0.09,0.09,0.00, 1.49
0.09,0.09,0.00, 1.49
0.00,0.09,0.00, 0.25
0.13,0.13,6.40, 1.74
0.16,0.13,1.57, 0.01
0.18,0.14,1.01, 0.75
0.27,0.18,4.45, 1.75
0.09,0.19,0.00, 0.50
0.05,0.20,0.00, 0.75
0.00,0.22,0.00, 0.50
0.00,0.23,0.00, 0.75
0.00,0.23,0.00, 0.75
0.00,0.23,0.00, 0.75
0.00,0.23,0.00, 0.75
0.00,0.23,0.00, 0.75
0.00,0.23,0.00, 0.75
0.00,0.23,0.00, 0.75
0.00,0.23,0.00, 0.75
0.00,0.23,0.00, 0.75
0.00,0.23,0.00, 0.75
0.00,0.23,0.00, 0.75
0.00,0.32,0.00, 4.49
0.00,0.43,0.00, 5.25
0.00,0.54,0.00, 5.75
0.92,2.91,45.32, 118.09
1.44,3.13,26.28, 11.39
2.04,3.37,29.95, 11.75
2.04,3.37,29.95, 11.75
2.04,3.37,29.95, 11.75
2.04,3.37,29.95, 11.75
2.67,3.63,31.48, 13.24
3.21,3.95,27.07, 15.74
3.81,4.26,29.96, 15.75
3.81,4.26,29.96, 15.75
3.81,4.26,29.96, 15.75
5.23,5.06,70.40, 39.91
5.23,5.06,70.40, 39.91
5.23,5.06,70.40, 39.91
5.23,5.06,70.40, 39.91
5.23,5.06,70.40, 39.91
5.67,5.26,22.71, 9.86
5.61,5.41,0.00, 8.01
5.58,5.53,0.00, 6.01
5.61,5.92,1.48, 19.20
5.61,6.01,0.02, 4.80
5.61,6.07,0.00, 3.01
5.63,6.12,0.99, 2.50
5.61,6.15,0.00, 1.25
5.61,6.14,0.00, 0.00
5.63,6.14,0.99, 0.00
5.61,6.13,0.00, 0.00
5.63,6.07,0.99, 0.00
5.61,6.01,0.00, 0.00
5.61,5.95,0.00, 0.00
5.61,5.95,0.00, 0.00
5.61,5.95,0.00, 0.00
5.61,5.95,0.00, 0.00
5.61,5.95,0.00, 0.00
5.61,5.90,0.00, 0.00
5.61,5.90,0.00, 0.00
5.61,5.86,0.00, 0.00
5.61,5.85,0.00, 0.00
5.61,5.84,0.00, 0.00
5.61,5.89,0.00, 2.49
5.61,5.89,0.00, 0.01
5.61,5.90,0.00, 1.00
5.61,5.95,0.00, 2.49
5.61,6.00,0.00, 2.25
5.61,6.07,0.00, 3.50
5.61,6.14,0.00, 3.75
5.61,6.23,0.00, 4.00
5.63,6.40,0.99, 8.73
5.61,6.45,0.00, 2.27
5.61,6.56,0.00, 5.74
5.61,6.66,0.00, 4.75
5.61,6.70,0.00, 2.51
5.61,6.72,0.00, 0.76
5.61,6.74,0.00, 1.25
5.61,6.74,0.00, 1.25
5.61,6.76,0.00, 0.75
5.61,6.75,0.00, 0.00
5.61,6.74,0.00, 0.00
5.61,6.73,0.00, 0.00
5.61,6.73,0.00, 0.00
5.58,6.71,0.00, 0.00
5.61,6.70,1.48, 0.00
5.61,6.66,0.02, 0.00
5.61,6.65,0.00, 0.00
5.61,6.62,0.00, 0.00
5.61,6.58,0.00, 0.00
5.61,6.53,0.00, 0.00
5.61,6.47,0.00, 0.00
5.61,6.47,0.00, 0.00
5.61,6.36,0.00, 0.00
5.61,6.23,0.00, 0.00
5.61,6.10,0.00, 0.00
5.61,5.94,0.00, 0.00
5.61,5.80,0.00, 0.00
5.61,5.74,0.00, 0.00
5.61,5.74,0.00, 0.00
5.61,5.71,0.00, 0.00
5.61,5.73,0.00, 1.25
5.61,5.71,0.00, 0.00
5.61,5.70,0.00, 0.00
5.61,5.64,0.00, 0.00
5.61,5.56,0.00, 0.00
5.61,5.56,0.00, 0.00
5.61,5.48,0.00, 0.00
5.61,5.38,0.00, 0.00
5.61,5.27,0.00, 0.00
5.61,5.27,0.00, 0.00
5.61,5.27,0.00, 0.00
5.61,5.27,0.00, 0.00
5.61,5.27,0.00, 0.00
5.61,5.11,0.00, 0.00
5.61,5.11,0.00, 0.00
5.61,4.94,0.00, 0.00
5.61,4.74,0.00, 0.00
5.61,4.66,0.00, 0.00
5.61,4.73,0.00, 2.99
5.61,4.76,0.00, 2.00
5.61,4.78,0.00, 0.75
5.61,4.77,0.00, 0.00
5.61,4.76,0.00, 0.00
5.61,4.72,0.00, 0.00
5.61,4.64,0.00, 0.00
5.61,4.57,0.00, 0.00
5.61,4.51,0.00, 0.00
5.61,4.51,0.00, 0.00
5.61,4.51,0.00, 0.00
5.61,4.47,0.00, 0.00
5.61,4.43,0.00, 0.00
5.61,4.44,0.00, 0.50
5.63,4.45,0.99, 0.50
5.63,4.45,0.99, 0.50
5.61,4.44,0.00, 0.00
5.61,4.44,0.00, 0.00
5.63,4.44,0.99, 0.00
5.61,4.44,0.00, 0.00
5.56,4.40,0.00, 0.00
5.49,4.36,0.00, 0.00
5.56,4.30,3.45, 0.00
5.65,4.27,4.48, 0.00
5.65,4.27,4.48, 0.00
5.67,4.23,1.05, 0.00
5.65,4.18,0.00, 0.00
5.65,4.12,0.00, 0.00
5.58,4.06,0.00, 0.00
5.58,4.06,0.00, 0.00
5.58,4.06,0.00, 0.00
5.58,4.06,0.00, 0.00
5.49,3.99,0.00, 0.00
5.49,3.99,0.00, 0.00
5.49,3.99,0.00, 0.00
5.49,3.99,0.00, 0.00
5.49,3.99,0.00, 0.00
5.49,3.99,0.00, 0.00
5.49,3.99,0.00, 0.00
5.49,3.99,0.00, 0.00
5.49,3.99,0.00, 0.00
5.49,3.99,0.00, 0.00
5.49,3.99,0.00, 0.00
5.49,3.99,0.00, 0.00
5.49,3.99,0.00, 0.00
5.49,3.99,0.00, 0.00
5.27,3.91,0.00, 0.00
5.02,3.82,0.00, 0.00
5.02,3.82,0.00, 0.00
5.02,3.82,0.00, 0.00
5.02,3.82,0.00, 0.00
5.02,3.82,0.00, 0.00
5.02,3.82,0.00, 0.00
5.02,3.82,0.00, 0.00
5.02,3.82,0.00, 0.00
5.02,3.82,0.00, 0.00
5.02,3.82,0.00, 0.00
5.02,3.82,0.00, 0.00
5.02,3.82,0.00, 0.00
5.02,3.82,0.00, 0.00
5.27,3.61,12.32, 0.00
3.75,1.26,0.00, 0.00
3.66,1.10,0.00, 0.00
1.41,0.07,0.00, 0.00
1.08,0.06,0.00, 0.00
0.40,0.06,0.00, 0.00
0.00,0.06,0.00, 0.00
0.00,0.06,0.00, 0.00
0.00,0.06,0.00, 0.00
0.00,0.06,0.00, 0.00
0.00,0.05,0.00, 0.00
0.00,0.05,0.00, 0.00
0.00,0.05,0.00, 0.00
0.00,0.05,0.00, 0.00
0.00,0.05,0.00, 0.00
0.00,0.05,0.00, 0.00
0.00,0.05,0.00, 0.00
0.00,0.05,0.00, 0.00
0.00,0.05,0.00, 0.00
0.34,0.05,16.75, 0.00
0.34,0.05,16.75, 0.00
0.72,0.05,18.97, 0.00
0.72,0.05,18.97, 0.00
0.72,0.05,18.97, 0.00
0.72,0.05,18.97, 0.00
0.72,0.05,18.97, 0.00
0.72,0.05,18.97, 0.00
0.72,0.05,18.97, 0.00
0.00,0.06,0.00, 0.75
0.00,0.06,0.00, 0.00
0.00,0.05,0.00, 0.00
0.00,0.05,0.00, 0.00
0.00,0.05,0.00, 0.00
0.00,0.06,0.00, 0.75
0.00,0.06,0.00, 0.00
0.00,0.06,0.00, 0.00
0.00,0.06,0.00, 0.00
0.00,0.05,0.00, 0.00
0.05,0.05,2.46, 0.00
0.02,0.05,0.00, 0.00
0.00,0.05,0.00, 0.50
0.00,0.05,0.00, 0.50
0.00,0.05,0.00, 0.50
0.00,0.05,0.00, 0.50
0.00,0.05,0.00, 0.50
0.00,0.05,0.00, 0.50
0.00,0.05,0.00, 0.50
0.00,0.05,0.00, 0.00
0.00,0.05,0.00, 0.00
0.00,0.05,0.00, 0.00
0.00,0.05,0.00, 0.00
0.00,0.05,0.00, 0.00
0.00,0.05,0.00, 0.00
0.00,0.05,0.00, 0.00
0.00,0.05,0.00, 0.00
0.00,0.05,0.00, 0.00
0.00,0.05,0.00, 0.00
0.00,0.05,0.00, 0.00
0.00,0.05,0.00, 0.00
0.00,0.05,0.00, 0.00
0.00,0.05,0.00, 0.00
0.00,0.05,0.00, 0.00
0.00,0.05,0.00, 0.00
0.00,0.05,0.00, 0.50
0.00,0.05,0.00, 0.50
0.00,0.05,0.00, 0.50
0.16,0.05,7.88, 0.00
0.16,0.05,7.88, 0.00
0.16,0.05,7.88, 0.00
0.16,0.05,7.88, 0.00
0.16,0.05,7.88, 0.00
0.16,0.05,7.88, 0.00
0.16,0.05,7.88, 0.00
0.16,0.05,7.88, 0.00
0.16,0.05,7.88, 0.00
0.16,0.05,7.88, 0.00
0.16,0.05,7.88, 0.00
0.16,0.05,7.88, 0.00
0.16,0.05,7.88, 0.00
0.00,0.54,0.00, 24.66
0.00,0.54,0.00, 24.66
0.00,0.54,0.00, 24.66
0.00,1.10,0.00, 27.74
0.00,1.26,0.00, 8.32
2.76,4.19,135.97, 146.24
4.17,4.72,71.46, 26.69
4.64,4.97,24.21, 12.30
4.64,4.97,24.21, 12.30
4.64,4.97,24.21, 12.30
4.64,4.97,24.21, 12.30
4.64,4.97,24.21, 12.30
5.02,5.16,19.08, 9.51
5.45,5.35,21.46, 9.75
5.61,5.93,8.20, 28.93
5.61,5.93,8.20, 28.93
5.61,5.93,8.20, 28.93
5.61,5.98,0.12, 2.60
5.61,6.02,0.00, 2.00
5.63,6.02,0.99, 0.01
5.63,6.01,0.01, 0.00
5.61,6.01,0.00, 0.00
5.63,6.01,0.99, 0.00
5.61,5.97,0.00, 0.00
5.61,5.97,0.00, 0.00
5.61,5.97,0.00, 0.00
5.61,5.97,0.00, 0.00
5.61,5.97,0.00, 0.00
5.61,5.97,0.00, 0.00
5.61,5.97,0.00, 0.00
5.61,5.97,0.00, 0.00
5.61,5.96,0.00, 0.00
5.61,5.94,0.00, 0.00
5.61,5.88,0.00, 0.00
5.61,5.68,0.00, 0.00
5.61,5.62,0.00, 0.00
5.61,5.61,0.00, 0.00
5.61,5.61,0.00, 0.00
5.61,5.61,0.00, 0.00
5.61,5.60,0.00, 0.00
5.61,5.64,0.00, 1.74
5.61,5.61,0.00, 0.00
5.61,5.62,0.00, 0.50
5.61,5.62,0.00, 0.00
5.61,5.64,0.00, 1.00
5.61,5.67,0.00, 1.25
5.61,5.73,0.00, 2.74
5.63,5.78,0.99, 3.00
5.61,5.86,0.00, 3.50
5.61,5.94,0.00, 4.25
5.61,6.01,0.00, 3.50
5.61,6.08,0.00, 3.50
5.61,6.16,0.00, 4.25
5.63,6.23,0.99, 3.25
5.61,6.28,0.00, 2.75
5.61,6.34,0.00, 2.50
5.61,6.38,0.00, 2.00
5.61,6.39,0.00, 0.51
5.61,6.39,0.00, 0.51
5.61,6.39,0.00, 0.51
5.61,6.39,0.00, 0.51
5.61,6.39,0.00, 0.51
5.61,6.39,0.00, 0.51
5.61,6.39,0.00, 0.51
5.61,6.40,0.00, 1.00
5.61,6.44,0.00, 2.00
5.61,6.45,0.00, 0.51
5.63,6.68,0.99, 11.21
5.61,6.75,0.00, 3.53
5.61,6.82,0.00, 3.75
5.63,6.88,0.99, 2.50
5.61,6.92,0.00, 2.25
5.61,6.94,0.00, 1.25
5.61,6.98,0.00, 1.75
5.58,7.01,0.00, 1.25
5.61,6.99,1.48, 0.00
5.63,6.99,1.01, 0.00
5.63,6.99,0.01, 0.00
5.61,6.97,0.00, 0.00
5.61,6.96,0.00, 0.00
5.61,6.97,0.00, 0.50
5.61,6.96,0.00, 0.00
5.63,6.98,0.99, 1.00
5.61,6.99,0.00, 0.75
5.61,7.01,0.00, 0.50
5.61,6.99,0.00, 0.00
5.61,6.99,0.00, 0.00
5.61,6.95,0.00, 0.00
5.61,6.89,0.00, 0.00
5.61,6.81,0.00, 0.00
5.61,6.81,0.00, 0.00
5.61,6.81,0.00, 0.00
5.61,6.72,0.00, 0.00
5.61,6.64,0.00, 0.00
5.61,6.57,0.00, 0.00
5.63,6.53,0.99, 0.00
5.61,6.51,0.00, 0.00
5.63,6.49,0.99, 0.00
5.61,6.47,0.00, 0.00
5.61,6.43,0.00, 0.00
5.61,6.36,0.00, 0.00
5.61,6.30,0.00, 0.00
5.61,6.30,0.00, 0.00
5.61,6.30,0.00, 0.00
5.61,6.30,0.00, 0.00
5.61,6.30,0.00, 0.00
5.61,6.22,0.00, 0.00
5.61,6.11,0.00, 0.00
5.61,6.02,0.00, 0.00
5.61,6.02,0.00, 0.00
5.61,5.77,0.00, 0.00
5.61,5.73,0.00, 0.00
5.61,5.73,0.00, 0.00
5.61,5.68,0.00, 0.00
5.61,5.65,0.00, 0.00
5.61,5.59,0.00, 0.00
5.61,5.51,0.00, 0.00
5.61,5.45,0.00, 0.00
5.61,5.45,0.00, 0.00
5.61,5.45,0.00, 0.00
5.61,5.45,0.00, 0.00
5.61,5.45,0.00, 0.00
5.61,5.45,0.00, 0.00
5.61,5.45,0.00, 0.00
5.61,5.45,0.00, 0.00
5.61,5.45,0.00, 0.00
5.61,5.45,0.00, 0.00
5.61,5.45,0.00, 0.00
5.61,5.45,0.00, 0.00
5.61,5.45,0.00, 0.00
5.61,5.45,0.00, 0.00
5.61,5.45,0.00, 0.00
5.61,5.45,0.00, 0.00
5.61,5.45,0.00, 0.00
5.61,5.45,0.00, 0.00
5.61,5.45,0.00, 0.00
5.61,5.38,0.00, 0.00
5.61,5.38,0.00, 0.00
5.61,5.38,0.00, 0.00
5.61,5.32,0.00, 0.00
5.61,5.28,0.00, 0.00
5.61,4.12,0.00, 0.00
5.61,4.01,0.00, 0.00
5.61,3.79,0.00, 0.00
5.61,3.79,0.00, 0.00
5.61,3.79,0.00, 0.00
5.61,3.79,0.00, 0.00
5.61,3.79,0.00, 0.00
5.61,3.79,0.00, 0.00
5.61,3.79,0.00, 0.00
5.61,3.79,0.00, 0.00
5.61,3.79,0.00, 0.00
5.61,3.79,0.00, 0.00
5.61,3.79,0.00, 0.00
5.61,3.79,0.00, 0.00
5.61,3.79,0.00, 0.00
5.61,3.79,0.00, 0.00
5.61,3.79,0.00, 0.00
5.61,3.79,0.00, 0.00
4.37,3.68,0.00, 0.00
4.37,3.68,0.00, 0.00
4.37,3.68,0.00, 0.00
2.20,3.55,0.00, 0.00
0.00,3.39,0.00, 0.00
0.00,3.39,0.00, 0.00
0.00,3.39,0.00, 0.00
0.00,3.39,0.00, 0.00
0.00,3.39,0.00, 0.00
0.00,3.39,0.00, 0.00
0.00,3.39,0.00, 0.00
0.00,3.39,0.00, 0.00
0.00,3.39,0.00, 0.00
0.00,3.39,0.00, 0.00
0.00,3.39,0.00, 0.00
0.00,3.39,0.00, 0.00
0.00,3.39,0.00, 0.00
0.00,3.39,0.00, 0.00
0.00,3.39,0.00, 0.00
0.00,3.39,0.00, 0.00
0.00,3.39,0.00, 0.00
0.00,3.39,0.00, 0.00
0.00,3.39,0.00, 0.00
0.00,3.39,0.00, 0.00
1.70,1.23,83.75, 0.00
1.70,1.23,83.75, 0.00
1.70,1.23,83.75, 0.00
1.70,1.23,83.75, 0.00
1.70,1.23,83.75, 0.00
1.84,1.07,8.13, 0.00
1.84,1.07,8.13, 0.00
1.84,1.07,8.13, 0.00
1.84,1.07,8.13, 0.00
1.48,0.90,0.00, 0.00
1.48,0.90,0.00, 0.00
1.48,0.90,0.00, 0.00
0.25,0.05,0.00, 0.00
0.25,0.05,0.00, 0.00
0.25,0.05,0.00, 0.00
0.25,0.05,0.00, 0.00
0.79,0.06,26.60, 0.25
0.79,0.06,26.60, 0.25
0.79,0.06,26.60, 0.25
0.79,0.06,26.60, 0.25
0.79,0.06,26.60, 0.25
0.25,0.05,0.00, 0.00
0.00,0.05,0.00, 0.00
0.61,0.05,30.05, 0.50
0.67,0.06,3.40, 0.25
0.67,0.06,3.40, 0.25
0.67,0.06,3.40, 0.25
0.67,0.06,3.40, 0.25
0.67,0.06,3.40, 0.25
0.67,0.06,3.40, 0.25
0.61,0.06,0.00, 0.00
0.47,0.06,0.00, 0.00
0.47,0.06,0.00, 0.00
0.29,0.06,0.00, 0.00
0.43,0.05,6.90, 0.00
0.52,0.05,4.54, 0.50
0.47,0.20,0.00, 7.23
0.54,0.21,3.45, 0.52
0.38,0.40,0.00, 9.47
0.38,0.40,0.00, 9.47
0.00,0.37,0.00, 0.00
0.00,0.37,0.00, 0.00
0.00,0.50,0.00, 6.48
0.00,0.62,0.00, 6.00
0.00,0.87,0.00, 12.48
0.07,1.00,3.45, 6.77
0.07,1.00,3.45, 6.77
0.29,1.15,10.89, 7.50
0.29,1.15,10.89, 7.50
0.29,1.35,0.16, 9.49
0.29,1.35,0.16, 9.49
0.29,1.35,0.16, 9.49
0.29,1.35,0.16, 9.49
0.29,1.35,0.16, 9.49
0.34,1.55,2.47, 10.00
0.74,2.01,19.74, 22.95
0.99,2.26,12.61, 12.79
2.92,3.36,95.27, 54.60
3.50,3.61,29.97, 12.65
4.15,3.84,32.46, 11.75
4.64,4.09,24.62, 12.25
4.93,4.28,14.65, 10.01
5.36,4.50,21.40, 10.75
5.65,4.68,14.60, 9.26
5.63,4.84,0.00, 7.76
5.61,4.96,0.00, 6.01
5.61,5.07,0.00, 5.50
5.63,5.15,0.99, 4.01
5.61,5.19,0.00, 2.01
5.61,5.19,0.00, 2.01
5.61,5.23,0.00, 2.00
5.63,5.22,0.99, 0.00
5.63,5.24,0.01, 1.00
5.63,5.23,0.00, 0.00
5.61,5.22,0.00, 0.00
5.61,5.20,0.00, 0.00
5.61,5.16,0.00, 0.00
5.61,5.14,0.00, 0.00
5.63,5.10,0.99, 0.00
5.63,5.08,0.01, 0.00
5.63,5.08,0.00, 0.00
5.63,5.08,0.00, 0.00
5.63,5.02,0.00, 0.00
5.61,4.96,0.00, 0.00
5.61,4.93,0.00, 0.00
5.61,4.92,0.00, 0.00
5.61,4.93,0.00, 0.50
5.61,4.97,0.00, 1.75
5.61,4.97,0.00, 1.75
5.61,5.02,0.00, 3.00
5.63,5.05,0.99, 1.26
5.58,5.11,0.00, 2.74
5.61,5.18,1.48, 3.50
5.61,5.22,0.02, 2.50
5.61,5.28,0.00, 3.00
5.61,5.30,0.00, 0.76
5.61,5.36,0.00, 2.99
5.61,5.36,0.00, 2.99
5.61,5.38,0.00, 1.01
5.61,5.42,0.00, 2.00
5.61,5.47,0.00, 2.75
5.63,5.52,0.99, 2.00
5.61,5.56,0.00, 2.25
5.61,5.57,0.00, 0.76
5.61,5.57,0.00, 0.00
5.61,5.57,0.00, 0.00
5.61,5.54,0.00, 0.00
5.61,5.53,0.00, 0.00
5.61,5.53,0.00, 0.00
5.61,5.49,0.00, 0.00
5.61,5.49,0.00, 0.00
5.61,5.48,0.00, 0.00
5.61,5.47,0.00, 0.00
5.61,5.45,0.00, 0.00
5.61,5.44,0.00, 0.00
5.61,5.43,0.00, 0.00
5.61,5.39,0.00, 0.00
5.61,5.36,0.00, 0.00
5.61,5.32,0.00, 0.00
5.61,5.32,0.00, 0.00
5.63,5.24,0.99, 0.00
5.61,5.18,0.00, 0.00
5.61,5.10,0.00, 0.00
5.61,5.01,0.00, 0.00
5.61,4.94,0.00, 0.00
5.61,4.89,0.00, 0.00
5.61,4.89,0.00, 0.00
5.61,4.85,0.00, 0.00
5.63,4.86,0.99, 0.50
5.61,4.88,0.00, 1.00
5.61,4.88,0.00, 0.00
5.61,4.88,0.00, 0.00
5.61,4.86,0.00, 0.00
5.61,4.80,0.00, 0.00
5.61,4.77,0.00, 0.00
5.61,4.73,0.00, 0.00
5.61,4.66,0.00, 0.00
5.61,4.62,0.00, 0.00
5.61,4.62,0.00, 0.00
5.61,4.62,0.00, 0.00
5.61,4.62,0.00, 0.00
5.61,4.62,0.00, 0.00
5.61,4.62,0.00, 0.00
5.61,4.59,0.00, 0.00
5.61,4.59,0.00, 0.00
5.61,4.59,0.00, 0.00
5.61,4.59,0.00, 0.00
5.61,4.59,0.00, 0.00
5.61,4.59,0.00, 0.00
5.61,4.59,0.00, 0.00
5.61,4.59,0.00, 0.00
5.61,4.59,0.00, 0.00
5.61,4.59,0.00, 0.00
5.61,4.58,0.00, 0.00
5.61,4.57,0.00, 0.00
5.61,4.57,0.00, 0.00
5.61,4.57,0.00, 0.00
5.61,4.57,0.00, 0.00
5.61,4.48,0.00, 0.00
5.61,4.48,0.00, 0.00
5.61,4.08,0.00, 0.00
5.61,3.98,0.00, 0.00
5.61,3.71,0.00, 0.00
5.61,3.64,0.00, 0.00
5.61,3.64,0.00, 0.00
5.58,3.56,0.00, 0.00
5.58,3.56,0.00, 0.00
5.58,3.56,0.00, 0.00
5.58,3.56,0.00, 0.00
5.61,3.47,1.48, 0.00
5.61,3.47,1.48, 0.00
5.61,3.47,1.48, 0.00
5.61,3.38,0.02, 0.00
5.56,3.16,0.00, 0.00
5.40,2.81,0.00, 0.00
5.58,2.62,8.87, 0.00
4.08,2.54,0.00, 0.00
1.84,2.46,0.00, 0.00
3.14,2.36,64.04, 0.00
4.46,2.23,65.97, 0.00
3.83,2.12,0.00, 0.00
3.05,1.98,0.00, 0.00
3.68,1.86,31.04, 0.00
3.86,1.68,9.32, 0.00
3.86,1.68,9.32, 0.00
3.86,1.68,9.32, 0.00
3.14,1.52,0.00, 0.00
3.14,1.52,0.00, 0.00
3.09,1.36,0.00, 0.00
3.32,1.15,11.33, 0.00
3.18,0.97,0.00, 0.00
2.71,0.60,0.00, 0.00
2.58,0.41,0.00, 0.00
2.58,0.41,0.00, 0.00
2.58,0.41,0.00, 0.00
2.58,0.41,0.00, 0.00
2.58,0.41,0.00, 0.00
2.33,0.30,0.00, 0.00
2.33,0.30,0.00, 0.00
2.33,0.30,0.00, 0.00
1.86,0.18,0.00, 0.00
1.86,0.18,0.00, 0.00
1.86,0.18,0.00, 0.00
1.86,0.18,0.00, 0.00
1.86,0.18,0.00, 0.00
1.86,0.18,0.00, 0.00
1.86,0.18,0.00, 0.00
1.86,0.18,0.00, 0.00
1.86,0.18,0.00, 0.00
1.86,0.18,0.00, 0.00
1.86,0.18,0.00, 0.00
1.86,0.18,0.00, 0.00
1.86,0.18,0.00, 0.00
1.86,0.18,0.00, 0.00
1.70,0.12,0.00, 0.00
0.00,0.05,0.00, 0.00
0.00,0.05,0.00, 0.50
0.00,0.05,0.00, 0.00
0.00,0.05,0.00, 0.00
0.00,0.05,0.00, 0.00
0.00,0.05,0.00, 0.00
0.00,0.05,0.00, 0.00
0.00,0.05,0.00, 0.00
0.00,0.05,0.00, 0.00
0.00,0.05,0.00, 0.00
0.00,0.05,0.00, 0.00
0.00,0.05,0.00, 0.00
0.00,0.05,0.00, 0.00
0.00,0.05,0.00, 0.00
0.00,0.05,0.00, 0.00
0.00,0.05,0.00, 0.00
0.00,0.05,0.00, 0.00
0.00,0.05,0.00, 0.00
0.00,0.05,0.00, 0.00
0.00,0.05,0.00, 0.00
0.00,0.05,0.00, 0.50
0.00,0.04,0.00, 0.00
0.00,0.05,0.00, 1.00
0.00,0.05,0.00, 0.00
0.00,0.05,0.00, 0.00
0.00,0.05,0.00, 0.50
0.00,0.18,0.00, 6.23
0.00,0.18,0.00, 6.23
0.00,0.18,0.00, 6.23
0.00,0.28,0.00, 5.25
0.00,0.28,0.00, 5.25
0.00,0.28,0.00, 5.25
0.00,0.42,0.00, 6.50
0.00,0.42,0.00, 6.50
0.00,0.42,0.00, 6.50
0.00,0.42,0.00, 6.50
0.00,0.57,0.00, 7.75
0.00,1.12,0.00, 27.68
0.00,1.36,0.00, 11.81
0.16,2.30,7.88, 46.62
0.81,2.60,32.14, 15.36
1.48,2.90,33.48, 15.00
1.48,2.90,33.48, 15.00
2.13,3.18,32.51, 14.25
2.78,3.48,32.50, 14.75
2.78,3.48,32.50, 14.75
2.78,3.48,32.50, 14.75
2.78,3.48,32.50, 14.75
2.78,3.48,32.50, 14.75
2.78,3.48,32.50, 14.75
2.78,3.48,32.50, 14.75
2.78,3.48,32.50, 14.75
2.78,3.48,32.50, 14.75
2.78,3.48,32.50, 14.75
2.78,3.48,32.50, 14.75
2.78,3.48,32.50, 14.75
2.78,3.48,32.50, 14.75
2.78,3.48,32.50, 14.75
2.78,3.48,32.50, 14.75
3.39,3.80,30.53, 16.00
4.06,4.08,33.46, 14.01
4.06,4.08,33.46, 14.01
4.64,4.36,29.07, 13.75
5.63,6.29,49.20, 96.45
5.63,6.27,0.72, 0.00
5.63,6.23,0.01, 0.00
5.63,6.14,0.00, 0.00
5.63,6.05,0.00, 0.00
5.63,5.89,0.00, 0.00
5.63,5.76,0.00, 0.00
5.63,5.62,0.00, 0.00
5.63,5.48,0.00, 0.00
5.63,5.38,0.00, 0.00
5.63,5.31,0.00, 0.00
5.63,5.22,0.00, 0.00
5.63,5.20,0.00, 0.00
5.63,5.18,0.00, 0.00
5.63,5.16,0.00, 0.00
5.63,5.16,0.00, 0.00
5.61,5.19,0.00, 1.25
5.61,5.19,0.00, 0.00
5.61,5.20,0.00, 0.50
5.61,5.20,0.00, 0.50
5.63,5.24,0.99, 2.24
5.61,5.27,0.00, 1.75
5.63,5.35,0.99, 3.49
5.61,5.39,0.00, 2.50
5.61,5.39,0.00, 2.50
5.61,5.44,0.00, 2.25
5.61,5.44,0.00, 0.26
5.63,5.43,0.99, 0.00
5.61,5.43,0.00, 0.00
5.63,5.44,0.99, 1.00
5.61,5.43,0.00, 0.00
5.61,5.43,0.00, 0.00
5.61,5.47,0.00, 1.74
5.63,5.48,0.99, 0.50
5.61,5.51,0.00, 1.75
5.63,5.51,0.99, 0.01
5.63,5.51,0.01, 0.00
5.63,5.49,0.00, 0.00
5.63,5.49,0.00, 0.00
5.61,5.45,0.00, 0.00
5.61,5.43,0.00, 0.00
5.63,5.41,0.99, 0.00
5.61,5.41,0.00, 0.00
5.61,5.36,0.00, 0.00
5.61,5.36,0.00, 0.00
5.61,5.36,0.00, 0.00
5.61,5.31,0.00, 0.00
5.61,5.23,0.00, 0.00
5.61,5.16,0.00, 0.00
5.61,5.07,0.00, 0.00
5.61,4.97,0.00, 0.00
5.61,4.97,0.00, 0.00
5.61,4.97,0.00, 0.00
5.61,4.97,0.00, 0.00
5.61,4.97,0.00, 0.00
5.61,4.97,0.00, 0.00
5.61,4.97,0.00, 0.00
5.61,4.97,0.00, 0.00
5.61,4.97,0.00, 0.00
5.61,4.97,0.00, 0.00
5.61,4.97,0.00, 0.00
5.61,4.97,0.00, 0.00
5.61,4.97,0.00, 0.00
5.61,4.97,0.00, 0.00
5.61,4.86,0.00, 0.00
5.63,4.81,0.99, 0.00
5.61,4.77,0.00, 0.00
5.61,4.62,0.00, 0.00
5.63,4.61,0.99, 0.00
5.61,4.64,0.00, 1.25
5.61,4.64,0.00, 0.50
5.61,4.68,0.00, 1.50
5.61,4.68,0.00, 0.50
5.61,4.68,0.00, 0.00
5.61,4.66,0.00, 0.00
5.63,4.64,0.99, 0.00
5.61,4.60,0.00, 0.00
5.61,4.53,0.00, 0.00
5.27,4.44,0.00, 0.00
5.05,4.35,0.00, 0.00
5.05,4.35,0.00, 0.00
5.36,4.25,15.27, 0.00
5.36,4.25,15.27, 0.00
5.58,4.15,11.06, 0.00
5.58,4.15,11.06, 0.00
5.61,4.10,1.64, 0.00
5.61,4.05,0.02, 0.00
5.61,4.05,0.02, 0.00
5.61,4.05,0.02, 0.00
5.61,4.05,0.02, 0.00
5.61,4.05,0.02, 0.00
5.61,4.05,0.02, 0.00
5.38,3.94,0.00, 0.00
5.14,3.87,0.00, 0.00
5.14,3.87,0.00, 0.00
4.87,3.80,0.00, 0.00
4.60,3.41,0.00, 0.00
4.44,3.32,0.00, 0.00
4.26,3.21,0.00, 0.00
4.10,3.12,0.00, 0.00
3.92,2.97,0.00, 0.00
3.92,2.97,0.00, 0.00
3.68,2.85,0.00, 0.00
3.68,2.85,0.00, 0.00
3.30,2.66,0.00, 0.00
2.85,2.48,0.00, 0.00
2.53,2.30,0.00, 0.00
2.04,1.90,0.00, 0.00
1.95,1.68,0.00, 0.00
2.11,1.43,7.88, 0.00
2.04,1.21,0.00, 0.00
1.95,0.99,0.00, 0.00
1.73,0.80,0.00, 0.00
1.35,0.59,0.00, 0.00
1.01,0.41,0.00, 0.00
1.01,0.41,0.00, 0.00
0.67,0.24,0.00, 0.00
0.27,0.14,0.00, 0.00
0.00,0.08,0.00, 0.00
0.00,0.06,0.00, 0.00
0.00,0.06,0.00, 0.00
0.00,0.06,0.00, 0.00
0.00,0.06,0.00, 0.00
0.00,0.06,0.00, 0.00
0.00,0.05,0.00, 0.00
0.00,0.05,0.00, 0.00
0.00,0.05,0.00, 0.50
0.00,0.05,0.00, 0.00
0.00,0.05,0.00, 0.00
0.00,0.05,0.00, 0.00
0.00,0.05,0.00, 0.50
0.00,0.05,0.00, 0.50
0.00,0.06,0.00, 0.25
0.00,0.06,0.00, 0.25
0.00,0.06,0.00, 0.00
0.00,0.06,0.00, 0.00
0.00,0.06,0.00, 0.00
0.09,0.06,4.43, 0.00
0.27,0.06,8.93, 0.00
0.25,0.06,0.00, 0.00
0.09,0.06,0.00, 0.00
0.00,0.05,0.00, 0.00
0.00,0.05,0.00, 0.00
0.00,0.05,0.00, 0.00
0.00,0.05,0.00, 0.00
0.00,0.05,0.00, 0.00
0.00,0.05,0.00, 0.00
0.00,0.05,0.00, 0.00
0.00,0.05,0.00, 0.50
0.00,0.06,0.00, 0.25
0.00,0.06,0.00, 0.25
0.05,0.05,2.46, 0.00
0.13,0.05,3.98, 0.50
0.11,0.06,0.00, 0.25
0.07,0.06,0.00, 0.00
0.00,0.06,0.00, 0.00
0.00,0.06,0.00, 0.00
0.00,0.05,0.00, 0.00
0.00,0.09,0.00, 2.24
0.00,0.09,0.00, 0.26
0.00,0.13,0.00, 1.74
0.00,0.32,0.00, 9.47
0.00,0.32,0.00, 9.47
0.00,0.32,0.00, 9.47
0.00,0.32,0.00, 9.47
0.00,0.43,0.00, 5.51
0.00,0.54,0.00, 5.50
0.00,0.65,0.00, 5.75
0.00,1.03,0.00, 18.70
0.00,1.28,0.00, 12.52
0.00,1.56,0.00, 13.99
0.00,1.56,0.00, 13.99
0.18,1.87,8.87, 15.49
0.67,2.16,24.27, 14.50
1.21,2.42,26.96, 13.25
1.95,2.66,36.85, 11.76
2.76,2.87,40.45, 10.26
2.76,2.87,40.45, 10.26
2.76,2.87,40.45, 10.26
2.76,2.87,40.45, 10.26
2.76,2.87,40.45, 10.26
2.76,2.87,40.45, 10.26
2.76,2.87,40.45, 10.26
3.48,3.09,36.07, 11.00
4.04,3.30,28.12, 10.75
4.51,3.51,23.57, 10.25
4.51,3.51,23.57, 10.25
4.51,3.51,23.57, 10.25
5.63,4.51,55.52, 50.10
5.63,4.51,55.52, 50.10
5.63,4.51,55.52, 50.10
5.63,4.51,55.52, 50.10
5.63,4.51,55.52, 50.10
5.63,4.51,55.52, 50.10
5.63,4.51,55.52, 50.10
5.63,4.62,0.82, 5.66
5.63,4.62,0.82, 5.66
5.63,4.72,0.01, 4.75
5.63,4.72,0.01, 4.75
5.63,4.72,0.01, 4.75
5.63,4.72,0.01, 4.75
5.63,4.72,0.01, 4.75
5.63,4.72,0.01, 4.75
5.63,4.72,0.01, 4.75
5.63,4.89,0.00, 8.49
5.63,4.95,0.00, 3.27
5.63,4.95,0.00, 3.27
5.63,4.89,0.00, 0.00
5.61,4.67,0.00, 0.00
5.61,4.67,0.00, 0.00
5.61,4.67,0.00, 0.00
5.61,4.67,0.00, 0.00
5.61,4.67,0.00, 0.00
5.61,4.67,0.00, 0.00
5.63,4.72,0.99, 2.74
5.63,4.76,0.01, 1.50
5.63,4.81,0.00, 2.50
5.63,5.05,0.00, 12.21
5.61,5.13,0.00, 4.03
5.63,5.19,0.99, 3.00
5.61,5.30,0.00, 5.24
5.63,5.38,0.99, 4.00
5.63,5.47,0.01, 5.00
5.61,5.59,0.00, 5.75
5.63,5.67,0.99, 4.01
5.61,5.74,0.00, 3.50
5.63,5.77,0.99, 1.26
5.61,5.77,0.00, 0.00
5.61,5.74,0.00, 0.00
5.61,5.71,0.00, 0.00
5.63,5.69,0.99, 0.00
5.63,5.68,0.01, 0.00
5.63,5.68,0.00, 0.00
5.61,5.69,0.00, 0.50
5.61,5.69,0.00, 0.00
5.61,5.70,0.00, 0.25
5.61,5.70,0.00, 0.25
5.61,5.72,0.00, 1.00
5.61,5.68,0.00, 0.00
5.63,5.65,0.99, 0.00
5.61,5.58,0.00, 0.00
5.61,5.50,0.00, 0.00
5.61,5.41,0.00, 0.00
5.61,5.41,0.00, 0.00
5.61,5.41,0.00, 0.00
5.61,5.41,0.00, 0.00
5.61,5.41,0.00, 0.00
5.61,5.41,0.00, 0.00
5.61,5.41,0.00, 0.00
5.61,5.34,0.00, 0.00
5.61,5.28,0.00, 0.00
5.61,5.27,0.00, 0.00
5.61,5.27,0.00, 0.00
5.61,5.26,0.00, 0.00
5.61,5.24,0.00, 0.00
5.61,5.23,0.00, 0.00
5.61,5.21,0.00, 0.00
5.61,5.18,0.00, 0.00
5.61,5.16,0.00, 0.00
5.61,5.16,0.00, 0.00
5.61,5.16,0.00, 0.00
5.61,5.16,0.00, 0.00
5.61,5.16,0.00, 0.00
5.61,5.19,0.00, 1.49
5.61,5.24,0.00, 2.50
5.61,5.28,0.00, 2.00
5.61,5.28,0.00, 2.00
5.61,5.28,0.00, 2.00
5.61,5.28,0.00, 2.00
5.61,5.28,0.00, 2.00
5.61,5.28,0.00, 2.00
5.61,5.28,0.00, 2.00
5.61,5.28,0.00, 2.00
5.61,5.28,0.00, 2.00
5.61,5.28,0.00, 2.00
5.61,5.28,0.00, 2.00
5.61,5.28,0.00, 2.00
5.61,5.28,0.00, 2.00
5.61,5.28,0.00, 2.00
5.61,5.46,0.00, 8.73
5.61,5.46,0.00, 8.73
5.61,5.46,0.00, 8.73
5.61,5.46,0.00, 8.73
5.61,5.46,0.00, 8.73
5.61,5.46,0.00, 8.73
5.61,5.46,0.00, 8.73
5.61,5.50,0.00, 2.02
5.61,5.50,0.00, 2.02
5.61,5.50,0.00, 2.02
5.61,5.50,0.00, 2.02
5.61,5.50,0.00, 2.02
5.61,5.50,0.00, 2.02
5.61,5.50,0.00, 2.02
5.61,5.53,0.00, 1.50
5.61,5.53,0.00, 1.50
5.61,5.53,0.00, 1.50
5.61,5.53,0.00, 1.50
5.61,5.53,0.00, 1.50
5.61,5.53,0.00, 1.50
5.61,5.53,0.00, 1.50
5.61,5.53,0.00, 1.50
5.61,5.53,0.00, 1.50
5.61,5.53,0.00, 1.50
5.61,5.41,0.00, 0.00
5.61,5.14,0.00, 0.00
5.61,4.91,0.00, 0.00
5.61,4.70,0.00, 0.00
5.61,4.70,0.00, 0.00
5.61,4.70,0.00, 0.00
5.61,4.70,0.00, 0.00
5.61,4.70,0.00, 0.00
5.61,4.70,0.00, 0.00
5.61,4.67,0.00, 0.00
5.61,4.67,0.00, 0.00
5.61,4.62,0.00, 0.00
5.61,4.62,0.00, 0.00
5.61,4.59,0.00, 0.00
5.49,4.33,0.00, 0.00
5.49,4.33,0.00, 0.00
5.58,4.24,4.43, 0.00
5.49,4.06,0.00, 0.00
5.34,3.95,0.00, 0.00
5.25,3.79,0.00, 0.00
5.16,3.62,0.00, 0.00
5.09,3.43,0.00, 0.00
4.91,3.23,0.00, 0.00
4.51,3.03,0.00, 0.00
3.72,2.80,0.00, 0.00
3.66,2.56,0.00, 0.00
3.66,2.56,0.00, 0.00
3.48,2.27,0.00, 0.00
3.05,1.96,0.00, 0.00
2.56,1.64,0.00, 0.00
2.42,1.36,0.00, 0.00
2.49,1.13,3.45, 0.00
2.47,0.89,0.00, 0.00
2.44,0.69,0.00, 0.00
2.49,0.49,2.46, 0.00
2.49,0.29,0.04, 0.00
2.49,0.29,0.04, 0.00
2.31,0.18,0.00, 0.00
2.09,0.10,0.00, 0.00
1.77,0.09,0.00, 0.00
1.46,0.06,0.00, 0.00
1.46,0.06,0.00, 0.00
1.46,0.06,0.00, 0.00
1.46,0.06,0.00, 0.00
0.94,0.06,0.00, 0.00
0.94,0.06,0.00, 0.00
0.00,0.06,0.00, 0.00
0.00,0.06,0.00, 0.00
0.00,0.05,0.00, 0.00
0.00,0.05,0.00, 0.00
0.00,0.07,0.00, 1.25
0.00,0.05,0.00, 0.00
0.00,0.06,0.00, 0.50
0.00,0.05,0.00, 0.00
0.00,0.05,0.00, 0.00
0.00,0.05,0.00, 0.00
0.00,0.05,0.00, 0.00
0.00,0.05,0.00, 0.50
0.00,0.06,0.00, 0.25
0.00,0.06,0.00, 0.00
0.00,0.07,0.00, 0.50
0.00,0.07,0.00, 0.00
0.22,0.06,10.84, 0.00
0.25,0.06,1.64, 0.00
0.00,0.06,0.00, 0.00
0.00,0.04,0.00, 0.00
0.00,0.05,0.00, 0.50
0.00,0.05,0.00, 0.50
0.00,0.05,0.00, 0.50
0.00,0.05,0.00, 0.50
0.00,0.06,0.00, 1.00
0.00,0.05,0.00, 0.00
0.00,0.05,0.00, 0.00
0.00,0.05,0.00, 0.00
0.00,0.05,0.00, 0.00
0.00,0.05,0.00, 0.00
0.00,0.05,0.00, 0.00
0.00,0.05,0.00, 0.00
0.00,0.05,0.00, 0.00
0.00,0.05,0.00, 0.00
0.00,0.05,0.00, 0.00
0.00,0.06,0.00, 0.75
0.00,0.06,0.00, 0.00
0.00,0.06,0.00, 0.00
0.00,0.06,0.00, 0.00
0.00,0.06,0.00, 0.00
0.00,0.06,0.00, 0.00
0.00,0.05,0.00, 0.00
0.00,0.05,0.00, 0.00
0.00,0.05,0.00, 0.00
0.00,0.05,0.00, 0.00
0.00,0.05,0.00, 0.00
0.00,0.05,0.00, 0.00
0.00,0.05,0.00, 0.00
0.00,0.05,0.00, 0.00
0.00,0.05,0.00, 0.50
0.00,0.05,0.00, 0.00
0.00,0.05,0.00, 0.50
0.00,0.06,0.00, 0.25
0.00,0.06,0.00, 0.25
0.00,0.06,0.00, 0.00
0.00,0.06,0.00, 0.00
0.00,0.06,0.00, 0.00
0.00,0.05,0.00, 0.00
0.00,0.05,0.00, 0.00
0.00,0.05,0.00, 0.00
0.00,0.05,0.00, 0.00
0.00,0.05,0.00, 0.00
0.00,0.05,0.00, 0.00
0.00,0.05,0.00, 0.00
0.00,0.05,0.00, 0.00
0.00,0.05,0.00, 0.00
0.00,0.05,0.00, 0.00
0.00,0.05,0.00, 0.00
0.00,0.05,0.00, 0.00
0.00,0.05,0.00, 0.00
0.00,0.05,0.00, 0.50
0.00,0.05,0.00, 0.50
0.00,0.05,0.00, 0.50
0.00,0.06,0.00, 0.25
0.00,0.06,0.00, 0.00
0.00,0.05,0.00, 0.00
0.00,0.05,0.00, 0.50
0.00,0.05,0.00, 0.00
0.00,0.05,0.00, 0.50
0.00,0.05,0.00, 0.50
0.00,0.05,0.00, 0.00
0.00,0.05,0.00, 0.00
0.00,0.05,0.00, 0.00
0.00,0.05,0.00, 0.00
0.00,0.05,0.00, 0.00
0.00,0.05,0.00, 0.50
0.00,0.06,0.00, 0.25
0.00,0.06,0.00, 0.00
0.00,0.05,0.00, 0.00
0.00,0.05,0.00, 0.00
0.00,0.05,0.00, 0.00
0.00,0.05,0.00, 0.00
0.00,0.05,0.00, 0.00
0.00,0.05,0.00, 0.50
0.00,0.05,0.00, 0.00
0.00,0.05,0.00, 0.00
0.00,0.05,0.00, 0.00
0.00,0.05,0.00, 0.00
0.00,0.05,0.00, 0.00
0.00,0.05,0.00, 0.50
0.00,0.05,0.00, 0.00
0.00,0.05,0.00, 0.00
0.00,0.05,0.00, 0.00
0.00,0.05,0.00, 0.00
0.00,0.05,0.00, 0.00
0.00,0.05,0.00, 0.50
0.00,0.06,0.00, 0.25
0.00,0.06,0.00, 0.00
0.00,0.06,0.00, 0.00
0.00,0.05,0.00, 0.00
0.00,0.05,0.00, 0.00
0.00,0.05,0.00, 0.50
0.00,0.05,0.00, 0.00
0.00,0.05,0.00, 0.00
0.00,0.05,0.00, 0.00
0.00,0.05,0.00, 0.00
0.00,0.05,0.00, 0.50
0.00,0.05,0.00, 0.00
0.00,0.05,0.00, 0.50
0.00,0.05,0.00, 0.00
0.00,0.05,0.00, 0.00
0.00,0.05,0.00, 0.00
0.00,0.05,0.00, 0.00
0.00,0.05,0.00, 0.50
0.00,0.05,0.00, 0.00
0.00,0.05,0.00, 0.00
0.00,0.05,0.00, 0.50
0.00,0.05,0.00, 0.00
0.00,0.05,0.00, 0.50
0.00,0.05,0.00, 0.00
0.00,0.05,0.00, 0.50
0.00,0.05,0.00, 0.00
0.00,0.05,0.00, 0.00
0.00,0.05,0.00, 0.00
0.00,0.05,0.00, 0.00
0.00,0.04,0.00, 0.00
0.00,0.05,0.00, 0.50
0.00,0.05,0.00, 0.50
0.00,0.06,0.00, 0.25
0.00,0.06,0.00, 0.25
0.00,0.06,0.00, 0.00
0.00,0.05,0.00, 0.00
0.00,0.05,0.00, 0.00
0.00,0.05,0.00, 0.00
0.00,0.05,0.00, 0.00
0.00,0.05,0.00, 0.00
0.00,0.05,0.00, 0.00
0.00,0.05,0.00, 0.00
0.00,0.05,0.00, 0.00
0.00,0.05,0.00, 0.00
0.00,0.05,0.00, 0.00
0.00,0.05,0.00, 0.00
0.00,0.05,0.00, 0.00
0.00,0.05,0.00, 0.00
0.00,0.05,0.00, 0.00
0.00,0.05,0.00, 0.00
0.00,0.05,0.00, 0.00
0.00,0.05,0.00, 0.00
0.00,0.05,0.00, 0.00
0.00,0.05,0.00, 0.00
0.00,0.05,0.00, 0.00
0.00,0.05,0.00, 0.00
0.00,0.05,0.00, 0.00
0.00,0.05,0.00, 0.50
0.00,0.06,0.00, 0.25
0.00,0.05,0.00, 0.00
0.00,0.05,0.00, 0.50
0.00,0.06,0.00, 0.25
0.00,0.06,0.00, 0.25
0.00,0.06,0.00, 0.00
0.00,0.05,0.00, 0.00
0.00,0.05,0.00, 0.50
0.00,0.05,0.00, 0.00
0.00,0.05,0.00, 0.00
0.00,0.05,0.00, 0.00
0.00,0.05,0.00, 0.00
0.00,0.05,0.00, 0.50
0.00,0.05,0.00, 0.50
0.00,0.06,0.00, 0.25
0.00,0.05,0.00, 0.00
0.00,0.05,0.00, 0.00
0.00,0.05,0.00, 0.00
0.00,0.05,0.00, 0.00
0.00,0.05,0.00, 0.00
0.00,0.05,0.00, 0.50
0.00,0.06,0.00, 0.25
0.00,0.05,0.00, 0.00
0.00,0.05,0.00, 0.50
0.00,0.05,0.00, 0.00
0.00,0.05,0.00, 0.00
0.00,0.05,0.00, 0.50
0.00,0.05,0.00, 0.50
0.00,0.05,0.00, 0.00
0.00,0.05,0.00, 0.50
0.00,0.05,0.00, 0.00
0.00,0.05,0.00, 0.50
0.00,0.05,0.00, 0.00
0.00,0.05,0.00, 0.00
0.00,0.05,0.00, 0.00
0.00,0.05,0.00, 0.00
0.00,0.05,0.00, 0.50
0.00,0.06,0.00, 0.25
0.00,0.06,0.00, 0.25
0.00,0.05,0.00, 0.00
0.00,0.05,0.00, 0.00
0.00,0.05,0.00, 0.00
0.00,0.05,0.00, 0.00
0.00,0.05,0.00, 0.00
0.00,0.05,0.00, 0.00
0.00,0.05,0.00, 0.50
0.00,0.05,0.00, 0.00
0.00,0.05,0.00, 0.50
0.00,0.05,0.00, 0.50
0.00,0.06,0.00, 0.25
0.00,0.05,0.00, 0.00
0.00,0.05,0.00, 0.50
0.00,0.06,0.00, 0.25
0.00,0.05,0.00, 0.00
0.00,0.05,0.00, 0.00
0.00,0.05,0.00, 0.50
0.00,0.05,0.00, 0.00
0.00,0.05,0.00, 0.00
0.00,0.05,0.00, 0.50
0.00,0.06,0.00, 0.25
0.00,0.05,0.00, 0.00
0.00,0.05,0.00, 0.50
0.00,0.05,0.00, 0.50
0.00,0.05,0.00, 0.00
0.00,0.05,0.00, 0.00
0.00,0.05,0.00, 0.50
0.00,0.05,0.00, 0.00
0.00,0.05,0.00, 0.50
0.00,0.05,0.00, 0.00
0.00,0.05,0.00, 0.00
0.00,0.05,0.00, 0.50
0.00,0.05,0.00, 0.00
0.00,0.05,0.00, 0.00
0.00,0.05,0.00, 0.00
0.00,0.05,0.00, 0.00
0.00,0.05,0.00, 0.00
0.00,0.05,0.00, 0.50
0.00,0.06,0.00, 0.25
0.00,0.05,0.00, 0.00
0.00,0.05,0.00, 0.00
0.00,0.05,0.00, 0.00
0.00,0.05,0.00, 0.00
0.00,0.04,0.00, 0.00
0.00,0.04,0.00, 0.00
0.00,0.05,0.00, 0.50
0.00,0.05,0.00, 0.50
0.00,0.05,0.00, 0.00
0.00,0.05,0.00, 0.00
0.00,0.05,0.00, 0.00
0.00,0.05,0.00, 0.50
0.00,0.06,0.00, 0.25
0.00,0.05,0.00, 0.00
0.00,0.05,0.00, 0.00
0.00,0.05,0.00, 0.50
0.00,0.05,0.00, 0.00
0.00,0.05,0.00, 0.00
0.00,0.05,0.00, 0.00
0.00,0.05,0.00, 0.00
0.00,0.05,0.00, 0.00
0.00,0.05,0.00, 0.00
0.00,0.05,0.00, 0.00
0.00,0.05,0.00, 0.00
0.00,0.05,0.00, 0.00
0.00,0.05,0.00, 0.50
0.00,0.05,0.00, 0.00
0.00,0.05,0.00, 0.00
0.00,0.05,0.00, 0.00
0.00,0.05,0.00, 0.00
0.00,0.05,0.00, 0.50
0.00,0.05,0.00, 0.00
0.00,0.05,0.00, 0.00
0.00,0.05,0.00, 0.50
0.00,0.05,0.00, 0.00
0.00,0.05,0.00, 0.00
0.00,0.05,0.00, 0.00
0.00,0