0.02,0.07,0.99, 3.49
0.02,0.05,0.01, 0.00
0.02,0.07,0.00, 1.25
0.02,0.05,0.00, 0.00
0.02,0.05,0.00, 0.50
0.02,0.06,0.00, 0.25
0.00,0.05,0.00, 0.00
0.00,0.05,0.00, 0.00
0.02,0.05,0.99, 0.50
0.02,0.06,0.01, 0.25
0.02,0.05,0.00, 0.00
0.00,0.05,0.00, 0.50
0.02,0.05,0.99, 0.00
0.00,0.05,0.00, 0.50
0.00,0.06,0.00, 0.25
0.00,0.06,0.00, 0.00
0.00,0.05,0.00, 0.00
0.02,0.05,0.99, 0.00
0.02,0.05,0.01, 0.50
0.02,0.06,0.00, 0.25
0.00,0.05,0.00, 0.00
0.00,0.05,0.00, 0.00
0.02,0.05,0.99, 0.50
0.00,0.05,0.00, 0.00
0.02,0.05,0.99, 0.00
0.00,0.05,0.00, 0.00
0.00,0.05,0.00, 0.50
0.00,0.07,0.00, 0.75
0.02,0.05,0.99, 0.00
0.02,0.05,0.01, 0.50
0.02,0.05,0.00, 0.00
0.02,0.05,0.00, 0.00
0.00,0.05,0.00, 0.50
0.02,0.06,0.99, 0.25
0.00,0.06,0.00, 0.00
0.00,0.07,0.00, 0.50
0.00,0.06,0.00, 0.00
0.00,0.06,0.00, 0.00
0.00,0.05,0.00, 0.00
0.00,0.06,0.00, 0.25
0.02,0.05,0.99, 0.00
0.02,0.05,0.01, 0.50
0.04,0.06,0.99, 0.25
0.07,0.05,1.49, 0.00
0.04,0.05,0.00, 0.00
0.04,0.05,0.00, 0.50
0.00,0.05,0.00, 0.00
0.00,0.05,0.00, 0.00
0.00,0.05,0.00, 0.50
0.00,0.06,0.00, 0.25
0.00,0.06,0.00, 0.00
0.00,0.05,0.00, 0.00
0.00,0.05,0.00, 0.00
0.00,0.05,0.00, 0.50
0.00,0.05,0.00, 0.00
0.00,0.05,0.00, 0.50
0.02,0.06,0.99, 0.25
0.00,0.06,0.00, 0.00
0.02,0.06,0.99, 0.00
0.02,0.06,0.01, 0.00
0.02,0.07,0.00, 0.50
0.02,0.05,0.00, 0.00
0.02,0.05,0.00, 0.00
0.02,0.05,0.00, 0.00
0.02,0.05,0.00, 0.00
0.02,0.05,0.00, 0.00
0.02,0.05,0.00, 0.00
0.02,0.05,0.00, 0.00
0.02,0.05,0.00, 0.00
0.02,0.05,0.00, 0.00
0.02,0.05,0.00, 0.00
0.02,0.05,0.00, 0.00
0.02,0.05,0.00, 0.00
0.02,0.05,0.00, 0.00
0.02,0.05,0.00, 0.00
0.02,0.05,0.00, 0.00
0.02,0.05,0.00, 0.00
0.02,0.05,0.00, 0.50
0.02,0.05,0.00, 0.50
0.02,0.05,0.00, 0.50
0.02,0.05,0.00, 0.50
0.02,0.05,0.00, 0.00
0.02,0.05,0.00, 0.00
0.02,0.05,0.00, 0.00
0.02,0.05,0.00, 0.00
0.02,0.05,0.00, 0.00
0.02,0.05,0.00, 0.00
0.02,0.05,0.00, 0.00
0.02,0.05,0.00, 0.00
0.00,0.05,0.00, 0.50
0.02,0.05,0.99, 0.00
0.02,0.05,0.01, 0.50
0.02,0.05,0.00, 0.00
0.04,0.05,0.99, 0.00
0.02,0.05,0.00, 0.50
0.02,0.06,0.00, 0.25
0.00,0.05,0.00, 0.00
0.00,0.05,0.00, 0.50
0.00,0.06,0.00, 0.25
0.00,0.06,0.00, 0.25
0.00,0.06,0.00, 0.25
0.00,0.06,0.00, 0.25
0.00,0.06,0.00, 0.25
0.00,0.06,0.00, 0.25
0.00,0.06,0.00, 0.25
0.00,0.06,0.00, 0.25
0.00,0.06,0.00, 0.25
0.00,0.06,0.00, 0.25
0.00,0.06,0.00, 0.25
0.00,0.06,0.00, 0.25
0.00,0.06,0.00, 0.25
0.00,0.05,0.00, 0.00
0.00,0.05,0.00, 0.50
0.00,0.05,0.00, 0.00
0.00,0.05,0.00, 0.00
0.00,0.05,0.00, 0.00
0.00,0.05,0.00, 0.00
0.00,0.05,0.00, 0.00
0.00,0.05,0.00, 0.00
0.00,0.05,0.00, 0.00
0.00,0.05,0.00, 0.00
0.00,0.05,0.00, 0.00
0.00,0.05,0.00, 0.00
0.00,0.05,0.00, 0.00
0.00,0.05,0.00, 0.00
0.02,0.05,0.99, 0.50
0.02,0.05,0.99, 0.50
0.02,0.05,0.01, 0.00
0.02,0.05,0.01, 0.00
0.02,0.05,0.01, 0.00
0.02,0.05,0.01, 0.00
0.02,0.05,0.01, 0.00
0.02,0.05,0.01, 0.00
0.02,0.05,0.01, 0.00
0.02,0.05,0.01, 0.00
0.02,0.05,0.01, 0.00
0.02,0.05,0.01, 0.00
0.02,0.05,0.01, 0.00
0.02,0.05,0.01, 0.00
0.02,0.05,0.01, 0.00
0.02,0.05,0.00, 0.00
0.02,0.05,0.00, 0.00
0.02,0.05,0.00, 0.00
0.02,0.05,0.00, 0.00
0.02,0.05,0.00, 0.00
0.02,0.05,0.00, 0.00
0.02,0.05,0.00, 0.00
0.02,0.05,0.00, 0.00
0.02,0.05,0.00, 0.00
0.02,0.05,0.00, 0.00
0.02,0.05,0.00, 0.00
0.02,0.05,0.00, 0.00
0.02,0.05,0.00, 0.00
0.00,0.05,0.00, 0.00
0.00,0.05,0.00, 0.00
0.00,0.05,0.00, 0.00
0.00,0.05,0.00, 0.00
0.00,0.05,0.00, 0.00
0.00,0.05,0.00, 0.00
0.00,0.05,0.00, 0.00
0.00,0.05,0.00, 0.00
0.00,0.05,0.00, 0.50
0.00,0.05,0.00, 0.50
0.00,0.05,0.00, 0.50
0.00,0.05,0.00, 0.50
0.00,0.05,0.00, 0.50
0.00,0.05,0.00, 0.50
0.00,0.05,0.00, 0.50
0.00,0.16,0.00, 5.48
0.00,0.16,0.00, 5.48
0.00,0.31,0.00, 6.99
0.00,0.31,0.00, 6.99
0.00,0.31,0.00, 6.99
0.00,0.31,0.00, 6.99
0.00,0.31,0.00, 6.99
0.00,0.31,0.00, 6.99
0.00,0.31,0.00, 6.99
0.00,0.31,0.00, 6.99
0.00,0.31,0.00, 6.99
0.00,0.31,0.00, 6.99
0.00,0.31,0.00, 6.99
0.00,0.31,0.00, 6.99
0.00,0.31,0.00, 6.99
0.00,0.31,0.00, 6.99
0.20,1.10,9.85, 39.63
0.20,1.10,9.85, 39.63
0.20,1.10,9.85, 39.63
0.20,1.10,9.85, 39.63
0.20,1.10,9.85, 39.63
0.20,1.10,9.85, 39.63
0.20,1.10,9.85, 39.63
0.20,1.10,9.85, 39.63
0.20,1.10,9.85, 39.63
0.20,1.10,9.85, 39.63
0.20,1.10,9.85, 39.63
0.20,1.10,9.85, 39.63
0.20,1.10,9.85, 39.63
1.41,2.07,59.75, 48.22
1.55,2.28,7.78, 10.89
2.71,4.64,57.26, 117.36
2.71,4.64,57.26, 117.36
2.71,4.64,57.26, 117.36
2.71,4.64,57.26, 117.36
2.71,4.64,57.26, 117.36
2.67,5.85,0.00, 60.71
2.67,5.85,0.00, 60.71
2.67,5.95,0.00, 5.70
2.67,6.05,0.00, 4.75
2.67,6.49,0.00, 21.94
2.67,6.61,0.00, 6.06
2.67,6.70,0.00, 4.51
2.69,6.79,0.99, 4.50
2.67,6.86,0.00, 3.50
2.67,6.93,0.00, 3.25
2.67,6.93,0.00, 3.25
2.67,6.93,0.00, 3.25
2.67,6.93,0.00, 3.25
2.67,6.99,0.00, 3.50
2.67,7.05,0.00, 3.00
2.67,7.12,0.00, 3.50
2.67,7.47,0.00, 17.20
2.67,7.55,0.00, 4.05
2.64,7.62,0.00, 3.75
2.67,7.72,1.48, 4.50
2.67,7.81,0.02, 5.00
2.67,7.90,0.00, 4.25
2.67,7.99,0.00, 4.50
2.64,8.09,0.00, 4.75
2.67,8.15,1.48, 3.26
2.67,8.23,0.02, 4.00
2.67,8.34,0.00, 5.49
2.67,8.43,0.00, 4.50
2.67,8.53,0.00, 5.00
2.67,8.60,0.00, 3.75
2.67,8.68,0.00, 3.50
2.64,8.73,0.00, 2.50
2.64,8.73,0.00, 0.51
2.64,8.73,0.00, 0.00
2.64,8.73,0.00, 0.00
2.67,8.73,1.48, 0.00
2.67,8.73,0.02, 0.50
2.67,8.76,0.00, 1.25
2.64,8.80,0.00, 1.75
2.64,8.82,0.00, 1.25
2.64,8.85,0.00, 1.75
2.64,8.85,0.00, 1.75
2.64,8.88,0.00, 1.25
2.64,8.88,0.00, 0.00
2.67,8.89,1.48, 0.50
2.67,8.89,0.02, 0.00
2.64,8.85,0.00, 0.00
2.64,8.85,0.00, 0.00
2.64,8.79,0.00, 0.00
2.67,8.74,1.48, 0.00
2.67,8.69,0.02, 0.00
2.64,8.66,0.00, 0.00
2.64,8.61,0.00, 0.00
2.64,8.58,0.00, 0.00
2.64,8.52,0.00, 0.00
2.64,8.48,0.00, 0.00
2.64,8.41,0.00, 0.00
2.64,8.32,0.00, 0.00
2.64,8.22,0.00, 0.00
2.64,8.22,0.00, 0.00
2.64,8.22,0.00, 0.00
2.67,8.12,1.48, 0.00
2.67,8.02,0.02, 0.00
2.67,7.85,0.00, 0.00
2.64,7.77,0.00, 0.00
2.64,7.77,0.00, 0.00
2.64,7.77,0.00, 0.00
2.64,7.77,0.00, 0.00
2.64,7.77,0.00, 0.00
2.67,7.66,1.48, 0.00
2.67,7.66,1.48, 0.00
2.64,7.59,0.00, 0.00
2.64,7.51,0.00, 0.00
2.64,7.01,0.00, 0.00
2.64,6.95,0.00, 0.00
2.64,6.88,0.00, 0.00
2.64,6.78,0.00, 0.00
2.64,6.78,0.00, 0.00
2.64,6.69,0.00, 0.00
2.64,6.60,0.00, 0.00
2.64,6.60,0.00, 0.00
2.64,6.60,0.00, 0.00
2.64,6.60,0.00, 0.00
2.64,6.60,0.00, 0.00
2.64,6.60,0.00, 0.00
2.64,6.60,0.00, 0.00
2.64,6.60,0.00, 0.00
2.64,6.49,0.00, 0.00
2.64,6.49,0.00, 0.00
2.64,6.49,0.00, 0.00
2.64,6.49,0.00, 0.00
2.64,6.49,0.00, 0.00
2.64,6.49,0.00, 0.00
2.64,6.49,0.00, 0.00
2.64,6.39,0.00, 0.00
2.64,6.26,0.00, 0.00
2.67,5.65,1.48, 0.00
2.64,5.22,0.00, 0.00
2.64,5.22,0.00, 0.00
2.64,5.10,0.00, 0.00
2.67,4.99,1.48, 0.00
2.64,4.86,0.00, 0.00
2.67,4.71,1.48, 0.00
2.64,4.57,0.00, 0.00
2.64,4.47,0.00, 0.00
2.64,4.47,0.00, 0.00
2.64,4.38,0.00, 0.00
2.64,4.38,0.00, 0.00
2.64,4.31,0.00, 0.00
2.60,4.26,0.00, 0.00
0.00,4.20,0.00, 0.00
1.14,4.07,56.16, 0.00
2.73,3.99,79.16, 0.00
2.67,3.93,0.00, 0.00
2.64,3.89,0.00, 0.00
1.93,3.80,0.00, 0.00
1.21,3.63,0.00, 0.00
1.19,3.44,0.00, 0.00
1.59,3.24,19.71, 0.00
1.34,3.07,0.00, 0.00
0.99,2.86,0.00, 0.00
0.99,2.86,0.00, 0.00
0.99,2.86,0.00, 0.00
0.99,2.86,0.00, 0.00
0.99,2.86,0.00, 0.00
0.99,2.86,0.00, 0.00
0.99,2.86,0.00, 0.00
0.99,2.86,0.00, 0.00
0.85,2.65,0.00, 0.00
0.69,2.43,0.00, 0.00
0.40,2.20,0.00, 0.00
0.00,1.05,0.00, 0.00
0.00,0.87,0.00, 0.00
0.00,0.69,0.00, 0.00
0.00,0.54,0.00, 0.00
0.00,0.40,0.00, 0.00
0.00,0.28,0.00, 0.00
0.00,0.19,0.00, 0.00
0.00,0.12,0.00, 0.00
0.00,0.06,0.00, 0.00
0.00,0.06,0.00, 0.00
0.00,0.05,0.00, 0.00
0.00,0.05,0.00, 0.00
0.00,0.05,0.00, 0.00
0.00,0.05,0.00, 0.00
0.00,0.05,0.00, 0.00
0.00,0.05,0.00, 0.00
0.00,0.05,0.00, 0.00
0.00,0.05,0.00, 0.00
0.00,0.05,0.00, 0.50
0.00,0.06,0.00, 0.25
0.00,0.06,0.00, 0.25
0.00,0.06,0.00, 0.25
0.00,0.06,0.00, 0.25
0.00,0.06,0.00, 0.25
0.00,0.06,0.00, 0.25
0.00,0.06,0.00, 0.25
0.00,0.06,0.00, 0.25
0.00,0.06,0.00, 0.25
0.00,0.06,0.00, 0.25
0.00,0.06,0.00, 0.25
0.00,0.06,0.00, 0.25
0.00,0.06,0.00, 0.25
0.45,0.05,22.17, 0.00
0.45,0.05,22.17, 0.00
0.42,0.05,0.00, 0.50
0.33,0.05,0.00, 0.00
0.00,0.05,0.00, 0.00
0.00,0.05,0.00, 0.50
0.00,0.06,0.00, 0.25
0.00,0.06,0.00, 0.00
0.00,0.06,0.00, 0.00
0.00,0.06,0.00, 0.00
0.00,0.06,0.00, 0.00
0.00,0.06,0.00, 0.00
0.00,0.05,0.00, 0.00
0.00,0.05,0.00, 0.00
0.00,0.05,0.00, 0.00
0.00,0.05,0.00, 0.00
0.00,0.05,0.00, 0.50
0.00,0.05,0.00, 0.00
0.00,0.05,0.00, 0.00
0.00,0.05,0.00, 0.50
0.00,0.06,0.00, 0.25
0.00,0.06,0.00, 0.00
0.00,0.07,0.00, 0.50
0.00,0.07,0.00, 0.50
0.00,0.07,0.00, 0.50
0.00,0.07,0.00, 0.50
0.00,0.07,0.00, 0.50
0.00,0.08,0.00, 0.50
0.00,0.08,0.00, 0.50
0.00,0.08,0.00, 0.50
0.00,0.09,0.00, 0.50
0.00,0.09,0.00, 0.50
0.00,0.10,0.00, 0.75
0.09,0.22,4.43, 5.98
0.20,0.31,5.48, 4.51
0.22,0.41,1.07, 4.75
0.20,0.52,0.00, 5.75
0.20,0.52,0.00, 5.75
0.20,0.52,0.00, 5.75
0.16,0.69,0.00, 8.24
0.09,0.83,0.00, 7.25
0.02,1.02,0.00, 9.24
0.09,1.21,3.45, 9.50
0.20,1.40,5.47, 9.50
0.36,1.61,7.96, 10.50
0.54,1.81,8.98, 9.75
0.54,1.81,8.98, 9.75
0.54,1.81,8.98, 9.75
0.54,1.81,8.98, 9.75
0.54,1.81,8.98, 9.75
0.65,2.01,5.55, 10.00
0.76,2.23,5.50, 11.25
0.90,2.42,6.98, 9.76
2.49,3.73,78.43, 65.05
2.49,3.73,78.43, 65.05
2.71,4.02,11.99, 14.44
2.67,4.29,0.00, 13.75
2.64,4.57,0.00, 14.25
2.62,4.83,0.00, 12.76
2.62,5.08,0.00, 12.50
2.62,5.30,0.00, 11.01
2.64,5.51,0.99, 10.50
2.64,5.51,0.99, 10.50
2.64,5.51,0.99, 10.50
2.62,5.70,0.00, 9.75
2.62,5.90,0.00, 9.75
2.62,5.90,0.00, 9.75
2.62,5.90,0.00, 9.75
2.62,6.18,0.00, 14.23
2.62,6.18,0.00, 14.23
2.62,6.33,0.00, 7.28
2.62,6.33,0.00, 7.28
2.62,6.43,0.00, 5.01
2.62,6.79,0.00, 17.95
2.62,6.86,0.00, 3.55
2.60,6.88,0.00, 1.01
2.62,6.90,0.99, 1.00
2.62,6.90,0.99, 1.00
2.62,6.90,0.99, 1.00
2.62,6.90,0.99, 1.00
2.62,6.90,0.99, 1.00
2.62,6.91,0.01, 0.50
2.62,6.93,0.00, 1.25
2.62,6.95,0.00, 0.75
2.62,7.02,0.00, 3.49
2.62,7.06,0.00, 2.25
2.62,7.12,0.00, 3.00
2.62,7.20,0.00, 3.50
2.62,7.30,0.00, 5.24
2.62,7.41,0.00, 5.75
2.62,7.54,0.00, 6.25
2.62,7.65,0.00, 5.50
2.62,7.74,0.00, 4.75
2.62,7.85,0.00, 5.00
2.62,7.94,0.00, 5.00
2.62,8.03,0.00, 4.25
2.62,8.09,0.00, 3.00
2.62,8.15,0.00, 3.00
2.62,8.20,0.00, 2.50
2.64,8.26,0.99, 3.00
2.64,8.26,0.99, 3.00
2.62,8.31,0.00, 2.50
2.62,8.36,0.00, 2.75
2.62,8.39,0.00, 1.26
2.64,8.43,0.99, 2.25
2.62,8.45,0.00, 1.00
2.62,8.48,0.00, 1.00
2.62,8.50,0.00, 1.00
2.64,8.51,0.99, 0.75
2.62,8.53,0.00, 1.25
2.62,8.53,0.00, 0.00
2.62,8.51,0.00, 0.00
2.62,8.51,0.00, 0.00
2.62,8.50,0.00, 0.00
2.64,8.48,0.99, 0.00
2.64,8.48,0.99, 0.00
2.64,8.48,0.99, 0.00
2.64,8.48,0.99, 0.00
2.64,8.48,0.99, 0.00
2.64,8.48,0.99, 0.00
2.64,8.48,0.99, 0.00
2.64,8.48,0.99, 0.00
2.62,8.45,0.00, 0.00
2.62,8.44,0.00, 0.00
2.62,8.44,0.00, 0.00
2.62,8.26,0.00, 0.00
2.62,8.19,0.00, 0.00
2.62,8.11,0.00, 0.00
2.62,8.09,0.00, 0.00
2.62,8.09,0.00, 0.00
2.62,8.09,0.00, 0.00
2.62,8.09,0.00, 0.00
2.62,8.09,0.00, 0.00
2.62,8.09,0.00, 0.00
2.62,8.09,0.00, 0.00
2.62,8.09,0.00, 0.00
2.62,8.09,0.00, 0.00
2.62,8.09,0.00, 0.00
2.62,8.09,0.00, 0.00
2.62,8.09,0.00, 0.00
2.62,8.09,0.00, 0.00
2.62,8.09,0.00, 0.00
2.62,8.09,0.00, 0.00
2.62,8.03,0.00, 0.00
2.62,8.03,0.00, 0.00
2.62,8.03,0.00, 0.00
2.62,8.03,0.00, 0.00
2.62,8.03,0.00, 0.00
2.62,8.03,0.00, 0.00
2.62,8.03,0.00, 0.00
2.62,8.03,0.00, 0.00
2.62,8.03,0.00, 0.00
2.62,8.03,0.00, 0.00
2.62,8.03,0.00, 0.00
2.62,8.02,0.00, 0.00
2.62,8.02,0.00, 0.00
2.62,8.02,0.00, 0.00
2.62,8.03,0.00, 0.50
2.62,7.84,0.00, 0.00
2.62,7.80,0.00, 0.00
2.64,7.68,0.99, 0.00
2.62,7.62,0.00, 0.00
2.62,7.55,0.00, 0.00
2.64,7.50,0.99, 0.00
2.62,7.44,0.00, 0.00
2.64,7.39,0.99, 0.00
2.64,7.39,0.99, 0.00
2.64,7.39,0.99, 0.00
2.64,7.39,0.99, 0.00
2.64,7.39,0.99, 0.00
2.64,7.39,0.99, 0.00
2.64,7.39,0.99, 0.00
2.64,7.39,0.99, 0.00
2.64,7.39,0.99, 0.00
2.64,7.39,0.99, 0.00
2.64,7.39,0.99, 0.00
2.64,7.39,0.99, 0.00
2.64,7.32,0.01, 0.00
2.62,7.27,0.00, 0.00
2.62,7.27,0.00, 0.00
2.62,7.20,0.00, 0.00
2.38,6.30,0.00, 0.00
1.81,6.20,0.00, 0.00
1.90,6.09,4.43, 0.00
1.90,6.09,4.43, 0.00
1.90,6.09,4.43, 0.00
1.90,6.09,4.43, 0.00
1.90,6.09,4.43, 0.00
1.90,6.09,4.43, 0.00
1.90,6.09,4.43, 0.00
1.90,6.09,4.43, 0.00
2.17,5.96,13.37, 0.00
1.97,5.80,0.00, 0.00
1.68,5.61,0.00, 0.00
1.68,5.61,0.00, 0.00
1.68,5.61,0.00, 0.00
1.68,5.61,0.00, 0.00
1.68,5.61,0.00, 0.00
1.19,3.49,0.00, 0.00
1.19,3.49,0.00, 0.00
1.12,3.09,0.00, 0.00
1.12,3.09,0.00, 0.00
1.12,3.09,0.00, 0.00
1.03,2.73,0.00, 0.00
0.63,1.20,0.00, 0.00
0.51,0.75,0.00, 0.00
0.42,0.55,0.00, 0.00
0.38,0.41,0.00, 0.00
0.38,0.41,0.00, 0.00
0.38,0.41,0.00, 0.00
0.38,0.41,0.00, 0.00
0.38,0.41,0.00, 0.00
0.38,0.41,0.00, 0.00
0.38,0.41,0.00, 0.00
0.38,0.41,0.00, 0.00
0.38,0.41,0.00, 0.00
0.38,0.41,0.00, 0.00
0.38,0.41,0.00, 0.00
0.38,0.41,0.00, 0.00
0.38,0.41,0.00, 0.00
0.38,0.41,0.00, 0.00
0.38,0.41,0.00, 0.00
0.38,0.41,0.00, 0.00
0.38,0.41,0.00, 0.00
0.38,0.41,0.00, 0.00
0.38,0.41,0.00, 0.00
0.31,0.26,0.00, 0.00
0.31,0.26,0.00, 0.00
0.31,0.26,0.00, 0.00
0.31,0.26,0.00, 0.00
0.31,0.26,0.00, 0.00
0.31,0.26,0.00, 0.00
0.31,0.26,0.00, 0.00
0.25,0.16,0.00, 0.00
0.25,0.16,0.00, 0.00
0.11,0.07,0.00, 0.00
0.00,0.05,0.00, 0.00
0.00,0.05,0.00, 0.50
0.00,0.05,0.00, 0.00
0.00,0.05,0.00, 0.50
0.00,0.05,0.00, 0.50
0.00,0.05,0.00, 0.50
0.00,0.05,0.00, 0.50
0.00,0.05,0.00, 0.50
0.00,0.05,0.00, 0.50
0.00,0.05,0.00, 0.50
0.00,0.05,0.00, 0.50
0.00,0.05,0.00, 0.00
0.00,0.05,0.00, 0.50
0.00,0.05,0.00, 0.00
0.00,0.05,0.00, 0.00
0.00,0.05,0.00, 0.50
0.00,0.05,0.00, 0.00
0.00,0.10,0.00, 2.74
0.00,0.16,0.00, 3.00
0.00,0.33,0.00, 8.48
0.00,0.42,0.00, 4.51
0.00,0.61,0.00, 9.23
0.00,0.81,0.00, 10.00
0.00,1.02,0.00, 10.75
0.00,1.21,0.00, 9.50
0.00,1.41,0.00, 10.25
0.00,1.41,0.00, 10.25
0.00,1.41,0.00, 10.25
0.00,1.41,0.00, 10.25
0.00,1.41,0.00, 10.25
0.00,1.41,0.00, 10.25
0.00,1.41,0.00, 10.25
0.00,1.65,0.00, 11.74
0.00,1.65,0.00, 11.74
0.00,1.65,0.00, 11.74
0.00,1.65,0.00, 11.74
0.00,1.65,0.00, 11.74
0.00,1.65,0.00, 11.74
0.00,1.65,0.00, 11.74
0.00,1.65,0.00, 11.74
0.00,1.65,0.00, 11.74
0.00,1.65,0.00, 11.74
0.00,1.65,0.00, 11.74
0.00,1.65,0.00, 11.74
0.00,1.65,0.00, 11.74
0.00,1.65,0.00, 11.74
0.00,1.86,0.00, 10.26
0.00,1.86,0.00, 10.26
0.00,2.08,0.00, 11.25
0.00,2.08,0.00, 11.25
0.00,2.08,0.00, 11.25
0.00,2.08,0.00, 11.25
0.00,2.08,0.00, 11.25
0.00,2.08,0.00, 11.25
0.00,2.08,0.00, 11.25
0.00,2.08,0.00, 11.25
0.00,2.08,0.00, 11.25
0.00,2.08,0.00, 11.25
0.00,2.08,0.00, 11.25
0.00,2.08,0.00, 11.25
0.00,2.08,0.00, 11.25
0.00,2.08,0.00, 11.25
0.00,2.08,0.00, 11.25
0.00,2.08,0.00, 11.25
0.00,3.19,0.00, 55.59
0.00,3.19,0.00, 55.59
2.64,6.38,130.06, 158.62
2.62,6.49,0.93, 6.31
2.64,7.16,1.00, 33.65
2.64,7.16,0.01, 0.12
2.64,7.16,0.01, 0.12
2.62,7.15,0.00, 0.00
2.64,7.14,0.99, 0.00
2.64,7.14,0.01, 0.00
2.62,7.13,0.00, 0.00
2.62,7.11,0.00, 0.00
2.64,7.09,0.99, 0.00
2.64,7.09,0.99, 0.00
2.64,7.05,0.01, 0.00
2.62,7.00,0.00, 0.00
2.64,6.98,0.99, 0.00
2.64,6.96,0.01, 0.00
2.64,6.96,0.00, 0.00
2.64,6.99,0.00, 1.74
2.62,6.98,0.00, 0.00
2.62,7.01,0.00, 1.49
2.62,7.06,0.00, 2.00
2.64,7.10,0.99, 2.25
2.62,7.14,0.00, 1.75
2.64,7.20,0.99, 3.49
2.64,7.20,0.99, 3.49
2.62,7.27,0.00, 3.00
2.62,7.32,0.00, 3.00
2.64,7.40,0.99, 4.00
2.64,7.51,0.01, 5.25
2.64,7.62,0.00, 5.50
2.62,7.72,0.00, 4.75
2.64,7.85,0.99, 6.49
2.62,7.93,0.00, 4.26
2.62,8.03,0.00, 5.00
2.62,8.09,0.00, 3.01
2.62,8.12,0.00, 1.75
2.62,8.13,0.00, 0.26
2.62,8.12,0.00, 0.00
2.62,8.12,0.00, 0.00
2.60,8.09,0.00, 0.00
2.62,8.03,0.99, 0.00
2.62,8.01,0.01, 0.00
2.64,7.97,0.99, 0.00
2.64,7.93,0.01, 0.00
2.64,7.88,0.00, 0.00
2.64,7.88,0.00, 0.00
2.62,7.81,0.00, 0.00
2.64,7.74,0.99, 0.00
2.64,7.74,0.99, 0.00
2.64,7.74,0.99, 0.00
2.64,7.74,0.99, 0.00
2.64,7.74,0.99, 0.00
2.64,7.74,0.99, 0.00
2.64,7.74,0.99, 0.00
2.64,7.74,0.99, 0.00
2.64,7.74,0.99, 0.00
2.64,7.74,0.99, 0.00
2.64,7.74,0.99, 0.00
2.64,7.74,0.99, 0.00
2.64,7.74,0.99, 0.00
2.64,7.74,0.99, 0.00
2.64,7.74,0.99, 0.00
2.64,7.74,0.99, 0.00
2.64,7.74,0.99, 0.00
2.62,7.67,0.00, 0.00
2.62,7.60,0.00, 0.00
2.62,7.52,0.00, 0.00
2.64,6.72,0.99, 0.00
2.64,6.66,0.01, 0.00
2.62,6.59,0.00, 0.00
2.62,6.51,0.00, 0.00
2.62,6.42,0.00, 0.00
2.62,6.42,0.00, 0.00
2.62,6.42,0.00, 0.00
2.62,6.42,0.00, 0.00
2.62,6.42,0.00, 0.00
2.62,6.42,0.00, 0.00
2.62,6.42,0.00, 0.00
2.62,6.42,0.00, 0.00
2.62,6.42,0.00, 0.00
2.62,6.42,0.00, 0.00
2.62,6.37,0.00, 0.00
2.64,6.30,0.99, 0.00
2.62,6.27,0.00, 0.00
2.62,6.27,0.00, 0.00
2.62,6.27,0.00, 0.00
2.62,6.27,0.00, 0.00
2.62,6.27,0.00, 0.00
2.62,6.27,0.00, 0.00
2.62,6.27,0.00, 0.00
2.62,6.27,0.00, 0.00
2.62,6.27,0.00, 0.00
2.62,6.27,0.00, 0.00
2.62,6.27,0.00, 0.00
2.62,6.27,0.00, 0.00
2.62,6.27,0.00, 0.00
2.62,6.27,0.00, 0.00
2.62,5.93,0.00, 0.00
2.62,5.85,0.00, 0.00
2.62,5.77,0.00, 0.00
2.62,4.74,0.00, 0.00
2.62,4.63,0.00, 0.00
0.65,4.49,0.00, 0.00
0.65,4.49,0.00, 0.00
0.65,4.49,0.00, 0.00
0.65,4.49,0.00, 0.00
0.09,4.39,0.00, 0.00
1.90,4.28,89.17, 0.00
1.90,4.28,89.17, 0.00
2.15,4.21,13.63, 0.00
2.15,4.21,13.63, 0.00
0.92,3.79,0.00, 0.00
1.46,3.72,26.60, 0.00
1.46,3.72,26.60, 0.00
1.46,3.72,26.60, 0.00
1.46,3.72,26.60, 0.00
1.46,3.72,26.60, 0.00
1.46,3.72,26.60, 0.00
1.46,3.72,26.60, 0.00
1.46,3.72,26.60, 0.00
1.46,3.72,26.60, 0.00
1.46,3.72,26.60, 0.00
1.46,3.72,26.60, 0.00
1.46,3.72,26.60, 0.00
1.46,3.72,26.60, 0.00
1.46,3.72,26.60, 0.00
1.46,3.72,26.60, 0.00
1.52,3.57,3.35, 0.00
1.52,3.57,3.35, 0.00
1.52,3.57,3.35, 0.00
1.52,3.57,3.35, 0.00
1.52,3.57,3.35, 0.00
1.52,3.57,3.35, 0.00
1.52,3.57,3.35, 0.00
1.16,3.49,0.00, 0.00
1.01,3.35,0.00, 0.00
1.01,3.35,0.00, 0.00
1.01,3.35,0.00, 0.00
1.01,3.35,0.00, 0.00
1.01,3.35,0.00, 0.00
1.01,3.35,0.00, 0.00
1.01,3.35,0.00, 0.00
1.01,3.35,0.00, 0.00
1.01,3.35,0.00, 0.00
0.16,1.12,0.00, 0.00
0.16,1.12,0.00, 0.00
0.00,0.41,0.00, 0.00
0.00,0.31,0.00, 0.00
0.00,0.05,0.00, 0.00
0.00,0.05,0.00, 0.00
0.00,0.05,0.00, 0.00
0.00,0.05,0.00, 0.00
0.04,0.05,1.97, 0.50
0.11,0.05,3.48, 0.00
0.16,0.05,2.51, 0.50
0.22,0.06,2.99, 0.25
0.20,0.06,0.00, 0.00
0.20,0.06,0.00, 0.00
0.22,0.06,0.99, 0.00
0.16,0.06,0.00, 0.00
0.13,0.06,0.00, 0.00
0.09,0.05,0.00, 0.00
0.02,0.05,0.00, 0.00
0.00,0.05,0.00, 0.00
0.00,0.05,0.00, 0.00
0.00,0.05,0.00, 0.00
0.00,0.05,0.00, 0.00
0.00,0.05,0.00, 0.00
0.00,0.05,0.00, 0.00
0.00,0.05,0.00, 0.50
0.00,0.05,0.00, 0.50
0.00,0.05,0.00, 0.00
0.00,0.05,0.00, 0.00
0.00,0.05,0.00, 0.00
0.00,0.05,0.00, 0.00
0.00,0.05,0.00, 0.50
0.00,0.05,0.00, 0.00
0.00,0.05,0.00, 0.00
0.00,0.05,0.00, 0.00
0.00,0.05,0.00, 0.00
0.00,0.05,0.00, 0.00
0.00,0.05,0.00, 0.00
0.00,0.07,0.00, 1.25
0.00,0.12,0.00, 2.25
0.00,0.14,0.00, 1.25
0.00,0.16,0.00, 0.75
0.00,0.16,0.00, 0.75
0.00,0.16,0.00, 0.75
0.00,0.16,0.00, 0.75
0.00,0.16,0.00, 0.75
0.00,0.16,0.00, 0.75
0.00,0.16,0.00, 0.75
0.00,0.33,0.00, 8.72
0.02,0.46,0.99, 6.76
0.00,0.64,0.00, 8.99
0.00,0.64,0.00, 8.99
0.00,0.64,0.00, 8.99
0.00,1.70,0.00, 52.84
0.00,2.03,0.00, 16.63
0.11,2.41,5.42, 18.99
0.81,3.13,34.56, 35.69
1.34,3.45,26.62, 15.82
1.70,3.74,18.13, 15.00
2.11,4.06,20.47, 15.50
2.60,4.35,24.44, 14.75
2.64,4.61,2.33, 12.76
2.62,4.82,0.00, 11.01
2.62,5.03,0.00, 10.50
2.62,5.21,0.00, 8.76
2.62,5.36,0.00, 7.75
2.62,5.50,0.00, 6.75
2.62,5.60,0.00, 4.76
2.62,5.68,0.00, 4.00
2.62,5.68,0.00, 4.00
2.62,5.68,0.00, 4.00
2.62,5.72,0.00, 2.01
2.62,5.72,0.00, 2.01
2.62,5.76,0.00, 2.00
2.62,5.76,0.00, 2.00
2.62,5.76,0.00, 2.00
2.62,5.76,0.00, 2.00
2.62,5.76,0.00, 2.00
2.62,5.76,0.00, 2.00
2.62,5.76,0.00, 2.00
2.62,5.76,0.00, 2.00
2.62,5.76,0.00, 2.00
2.62,5.76,0.00, 0.01
2.62,5.52,0.00, 0.00
2.62,5.39,0.00, 0.00
2.62,4.37,0.00, 0.00
2.62,4.30,0.00, 0.00
2.62,4.26,0.00, 0.00
2.64,4.26,0.99, 0.00
2.62,4.30,0.00, 1.99
2.62,4.38,0.00, 3.99
2.64,4.47,0.99, 4.50
2.64,4.47,0.99, 4.50
2.64,4.47,0.99, 4.50
2.62,4.56,0.00, 4.50
2.64,4.64,0.99, 4.25
2.62,4.73,0.00, 4.25
2.62,4.77,0.00, 2.26
2.62,4.82,0.00, 2.50
2.62,4.86,0.00, 2.00
2.64,4.86,0.99, 0.01
2.62,4.86,0.00, 0.25
2.62,4.86,0.00, 0.00
2.62,4.85,0.00, 0.00
2.62,4.85,0.00, 0.00
2.62,4.85,0.00, 0.00
2.62,4.85,0.00, 0.00
2.62,4.85,0.00, 0.00
2.62,4.85,0.00, 0.00
2.62,4.85,0.00, 0.00
2.62,4.85,0.00, 0.00
2.62,4.84,0.00, 0.00
2.62,4.82,0.00, 0.00
2.62,4.53,0.00, 0.00
2.62,4.44,0.00, 0.00
2.62,4.36,0.00, 0.00
2.62,4.28,0.00, 0.00
2.62,4.22,0.00, 0.00
2.62,4.21,0.00, 0.00
2.64,4.21,0.99, 0.00
2.62,4.21,0.00, 0.00
2.62,4.21,0.00, 0.00
2.62,4.23,0.00, 1.00
2.64,4.21,0.99, 0.00
2.64,4.21,0.99, 0.00
2.64,4.21,0.99, 0.00
2.64,4.21,0.99, 0.00
2.64,4.21,0.99, 0.00
2.64,4.21,0.99, 0.00
2.64,4.21,0.99, 0.00
2.64,4.21,0.99, 0.00
2.64,4.21,0.99, 0.00
2.64,4.21,0.99, 0.00
2.64,4.21,0.99, 0.00
2.64,4.21,0.99, 0.00
2.62,4.18,0.00, 0.00
2.62,4.18,0.00, 0.00
2.62,4.18,0.00, 0.00
2.62,4.18,0.00, 0.00
2.62,4.18,0.00, 0.00
2.62,4.18,0.00, 0.00
2.62,4.18,0.00, 0.00
2.62,4.18,0.00, 0.00
2.62,4.18,0.00, 0.00
2.62,4.18,0.00, 0.00
2.62,4.18,0.00, 0.00
2.62,4.18,0.00, 0.00
2.62,4.18,0.00, 0.00
2.62,4.18,0.00, 0.00
2.62,4.14,0.00, 0.00
2.62,4.06,0.00, 0.00
2.62,3.81,0.00, 0.00
2.62,3.81,0.00, 0.00
2.62,3.81,0.00, 0.00
2.62,3.81,0.00, 0.00
2.62,3.81,0.00, 0.00
2.62,3.81,0.00, 0.00
2.62,3.81,0.00, 0.00
2.62,3.81,0.00, 0.00
2.62,3.43,0.00, 0.00
2.62,3.40,0.00, 0.00
2.62,3.38,0.00, 0.00
2.49,3.16,0.00, 0.00
0.90,3.07,0.00, 0.00
2.69,3.01,88.18, 0.00
2.64,3.00,0.00, 0.00
2.62,2.95,0.00, 0.00
1.73,2.92,0.00, 0.00
1.73,2.92,0.00, 0.00
1.73,2.92,0.00, 0.00
1.73,2.92,0.00, 0.00
1.73,2.92,0.00, 0.00
1.73,2.92,0.00, 0.00
2.04,2.88,15.27, 0.00
2.04,2.88,15.27, 0.00
2.35,2.82,15.50, 0.00
1.97,2.74,0.00, 0.00
1.32,2.09,0.00, 0.00
1.32,1.96,0.00, 0.00
1.16,1.82,0.00, 0.00
1.21,1.66,2.46, 0.00
1.21,1.50,0.04, 0.00
1.12,1.34,0.00, 0.00
1.12,1.34,0.00, 0.00
1.07,1.17,0.00, 0.00
1.01,1.01,0.00, 0.00
0.94,0.88,0.00, 0.00
0.83,0.72,0.00, 0.00
0.76,0.57,0.00, 0.00
0.76,0.57,0.00, 0.00
0.76,0.57,0.00, 0.00
0.76,0.57,0.00, 0.00
0.76,0.57,0.00, 0.00
0.76,0.57,0.00, 0.00
0.76,0.57,0.00, 0.00
0.76,0.57,0.00, 0.00
0.67,0.44,0.00, 0.00
0.60,0.32,0.00, 0.00
0.56,0.22,0.00, 0.00
0.56,0.22,0.00, 0.00
0.56,0.22,0.00, 0.00
0.56,0.22,0.00, 0.00
0.56,0.22,0.00, 0.00
0.56,0.22,0.00, 0.00
0.56,0.22,0.00, 0.00
0.56,0.22,0.00, 0.00
0.00,0.06,0.00, 0.00
0.00,0.06,0.00, 0.00
0.00,0.07,0.00, 0.50
0.00,0.07,0.00, 0.50
0.00,0.07,0.00, 0.50
0.00,0.07,0.00, 0.50
0.00,0.07,0.00, 0.50
0.00,0.05,0.00, 0.00
0.00,0.05,0.00, 0.50
0.00,0.05,0.00, 0.50
0.00,0.05,0.00, 0.50
0.00,0.06,0.00, 0.25
0.00,0.05,0.00, 0.00
0.00,0.05,0.00, 0.00
0.00,0.05,0.00, 0.00
0.00,0.05,0.00, 0.00
0.09,0.05,4.43, 0.00
0.09,0.05,4.43, 0.00
0.09,0.05,4.43, 0.00
0.09,0.05,4.43, 0.00
0.09,0.05,4.43, 0.00
0.09,0.05,4.43, 0.00
0.09,0.05,4.43, 0.00
0.09,0.05,4.43, 0.00
0.09,0.05,4.43, 0.00
0.09,0.05,4.43, 0.00
0.09,0.05,4.43, 0.00
0.07,0.05,0.00, 0.00
0.07,0.05,0.00, 0.00
0.07,0.05,0.00, 0.00
0.00,0.10,0.00, 2.99
0.00,1.75,0.00, 81.96
0.00,1.90,0.00, 8.02
0.00,2.05,0.00, 7.25
0.00,2.05,0.00, 7.25
0.00,2.05,0.00, 7.25
0.00,2.05,0.00, 7.25
0.00,2.19,0.00, 7.00
0.00,2.19,0.00, 7.00
0.00,2.19,0.00, 7.00
0.00,2.19,0.00, 7.00
0.00,2.35,0.00, 7.75
0.00,2.35,0.00, 7.75
0.00,2.35,0.00, 7.75
0.00,2.50,0.00, 7.75
0.92,2.92,45.32, 20.95
2.42,3.45,74.56, 26.23
2.67,3.53,13.41, 4.58
2.64,3.59,0.00, 2.51
2.64,3.59,0.00, 2.51
2.64,3.59,0.00, 2.51
2.64,3.59,0.00, 2.51
2.64,3.59,0.00, 2.51
2.62,3.63,0.00, 2.25
2.64,3.67,0.99, 2.00
2.64,3.71,0.01, 2.00
2.64,3.71,0.01, 2.00
2.64,3.71,0.01, 2.00
2.62,3.80,0.00, 4.49
2.64,3.78,0.99, 0.00
2.64,3.78,0.99, 0.00
2.64,3.78,0.99, 0.00
2.62,3.80,0.00, 1.00
2.62,3.80,0.00, 1.00
2.64,3.72,0.99, 0.00
2.62,3.70,0.00, 0.00
2.64,3.53,0.99, 0.00
2.62,3.49,0.00, 0.00
2.64,3.48,0.99, 0.00
2.64,3.46,0.01, 0.00
2.64,3.45,0.00, 0.00
2.62,3.43,0.00, 0.00
2.64,3.43,0.99, 0.00
2.64,3.43,0.99, 0.00
2.62,3.44,0.00, 0.50
2.62,3.49,0.00, 2.24
2.64,3.57,0.99, 4.24
2.62,3.64,0.00, 3.50
2.62,3.74,0.00, 5.24
2.62,3.87,0.00, 6.00
2.62,3.87,0.00, 6.00
2.62,3.87,0.00, 6.00
2.62,3.87,0.00, 6.00
2.62,3.97,0.00, 5.50
2.62,4.09,0.00, 5.75
2.62,4.20,0.00, 5.75
2.62,4.53,0.00, 16.21
2.62,4.53,0.00, 16.21
2.64,4.64,0.99, 5.29
2.62,4.73,0.00, 5.00
2.62,4.83,0.00, 4.75
2.62,4.94,0.00, 5.50
2.62,5.03,0.00, 4.75
2.64,5.13,0.99, 4.75
2.64,5.13,0.99, 4.75
2.62,5.23,0.00, 4.75
2.62,5.36,0.00, 6.49
2.62,5.46,0.00, 5.25
2.62,5.53,0.00, 3.76
2.62,5.60,0.00, 3.00
2.62,5.61,0.00, 0.76
2.62,5.58,0.00, 0.00
2.64,5.57,0.99, 0.00
2.62,5.55,0.00, 0.00
2.62,5.55,0.00, 0.00
2.62,5.53,0.00, 0.00
2.62,5.51,0.00, 0.00
2.62,5.51,0.00, 0.00
2.62,5.48,0.00, 0.00
2.62,5.45,0.00, 0.00
2.62,5.39,0.00, 0.00
2.62,5.32,0.00, 0.00
2.62,5.20,0.00, 0.00
2.62,5.09,0.00, 0.00
2.62,5.09,0.00, 0.00
2.64,4.95,0.99, 0.00
2.62,4.79,0.00, 0.00
2.62,4.67,0.00, 0.00
2.62,4.62,0.00, 0.00
2.62,4.64,0.00, 1.00
2.62,4.67,0.00, 1.25
2.62,4.67,0.00, 1.25
2.62,4.68,0.00, 0.75
2.62,4.69,0.00, 0.00
2.62,4.68,0.00, 0.00
2.62,4.63,0.00, 0.00
2.62,4.63,0.00, 0.00
2.62,4.63,0.00, 0.00
2.62,4.63,0.00, 0.00
2.62,4.56,0.00, 0.00
2.62,4.47,0.00, 0.00
2.62,4.47,0.00, 0.00
2.62,4.47,0.00, 0.00
2.62,4.37,0.00, 0.00
2.62,4.34,0.00, 0.00
2.62,4.34,0.00, 0.00
2.62,4.34,0.00, 0.00
2.62,4.34,0.00, 0.00
2.62,4.31,0.00, 0.00
2.62,4.31,0.00, 0.00
2.62,4.31,0.00, 0.00
2.62,4.31,0.00, 0.00
2.62,4.31,0.00, 0.00
2.62,4.31,0.00, 0.00
2.62,4.31,0.00, 0.00
2.62,4.38,0.00, 2.99
2.62,4.38,0.00, 2.99
2.62,4.38,0.00, 2.99
2.62,4.38,0.00, 2.99
2.62,4.38,0.00, 2.99
2.62,4.38,0.00, 2.99
2.62,4.38,0.00, 2.99
2.62,4.38,0.00, 2.99
2.62,4.38,0.00, 2.99
2.64,4.39,0.99, 0.51
2.62,4.27,0.00, 0.00
2.62,4.27,0.00, 0.00
2.62,4.27,0.00, 0.00
2.62,4.27,0.00, 0.00
2.62,4.27,0.00, 0.00
2.62,4.27,0.00, 0.00
2.62,4.09,0.00, 0.00
2.62,4.09,0.00, 0.00
2.62,4.09,0.00, 0.00
2.62,4.04,0.00, 0.00
2.62,4.04,0.00, 0.00
2.62,4.04,0.00, 0.00
2.62,4.04,0.00, 0.00
2.62,4.04,0.00, 0.00
2.62,4.04,0.00, 0.00
2.62,4.04,0.00, 0.00
2.62,4.01,0.00, 0.00
2.62,4.01,0.00, 0.00
2.62,3.74,0.00, 0.00
2.62,3.66,0.00, 0.00
2.64,3.19,0.99, 0.00
2.47,3.09,0.00, 0.00
2.33,3.05,0.00, 0.00
2.08,2.99,0.00, 0.00
2.08,2.93,0.00, 0.00
2.33,2.86,12.32, 0.00
2.33,2.86,12.32, 0.00
2.22,2.75,0.00, 0.00
1.99,2.62,0.00, 0.00
1.93,2.52,0.00, 0.00
1.93,2.52,0.00, 0.00
1.93,2.52,0.00, 0.00
1.93,2.52,0.00, 0.00
1.93,2.52,0.00, 0.00
1.93,2.52,0.00, 0.00
1.93,2.52,0.00, 0.00
1.93,2.39,0.00, 0.00
1.93,2.39,0.00, 0.00
1.93,2.39,0.00, 0.00
1.79,2.25,0.00, 0.00
1.79,2.25,0.00, 0.00
1.66,2.11,0.00, 0.00
0.96,1.06,0.00, 0.00
0.74,0.71,0.00, 0.00
0.65,0.57,0.00, 0.00
0.65,0.57,0.00, 0.00
0.51,0.46,0.00, 0.00
0.40,0.34,0.00, 0.00
0.11,0.19,0.00, 0.00
0.04,0.09,0.00, 0.00
0.02,0.05,0.00, 0.00
0.02,0.05,0.00, 0.00
0.02,0.05,0.00, 0.00
0.02,0.05,0.00, 0.00
0.02,0.05,0.00, 0.00
0.00,0.05,0.00, 0.00
0.00,0.05,0.00, 0.00
0.00,0.05,0.00, 0.00
0.00,0.05,0.00, 0.00
0.00,0.05,0.00, 0.00
0.00,0.05,0.00, 0.00
0.00,0.05,0.00, 0.00
0.00,0.05,0.00, 0.00
0.00,0.05,0.00, 0.00
0.00,0.05,0.00, 0.00
0.00,0.05,0.00, 0.00
0.00,0.05,0.00, 0.00
0.00,0.04,0.00, 0.00
0.00,0.05,0.00, 0.50
0.00,0.05,0.00, 0.00
0.00,0.05,0.00, 0.00
0.00,0.05,0.00, 0.00
0.00,0.05,0.00, 0.50
0.00,0.05,0.00, 0.50
0.00,0.06,0.00, 0.25
0.00,0.05,0.00, 0.00
0.00,0.05,0.00, 0.50
0.00,0.05,0.00, 0.50
0.00,0.05,0.00, 0.50
0.00,0.05,0.00, 0.50
0.00,0.05,0.00, 0.50
0.00,0.05,0.00, 0.50
0.00,0.05,0.00, 0.50
0.00,0.05,0.00, 0.00
0.00,0.05,0.00, 0.00
0.00,0.05,0.00, 0.00
0.00,0.05,0.00, 0.00
0.00,0.05,0.00, 0.00
0.00,0.05,0.00, 0.00
0.00,0.05,0.00, 0.00
0.00,0.05,0.00, 0.00
0.00,0.17,0.00, 6.23
0.00,0.17,0.00, 6.23
0.00,0.12,0.00, 0.00
0.00,0.69,0.00, 28.64
0.00,0.88,0.00, 9.57
0.00,0.88,0.00, 9.57
0.00,1.06,0.00, 9.00
0.00,1.21,0.00, 7.75
0.00,1.41,0.00, 9.99
0.00,1.57,0.00, 7.76
0.04,1.76,1.97, 9.49
0.13,1.98,4.46, 11.24
0.22,2.20,4.50, 10.75
0.49,2.39,13.37, 9.50
0.90,2.61,20.40, 10.75
0.90,2.61,20.40, 10.75
0.90,2.61,20.40, 10.75
0.90,2.61,20.40, 10.75
0.90,2.61,20.40, 10.75
0.90,2.61,20.40, 10.75
0.90,2.61,20.40, 10.75
0.90,2.61,20.40, 10.75
1.37,2.78,23.45, 8.51
1.75,2.91,19.07, 6.76
2.13,3.04,19.00, 6.50
2.62,3.60,24.42, 27.67
2.62,3.63,0.36, 1.84
2.62,3.64,0.01, 0.75
2.62,3.68,0.00, 1.75
2.62,3.68,0.00, 1.75
2.62,3.70,0.00, 0.75
2.62,3.68,0.00, 0.00
2.62,3.67,0.00, 0.00
2.62,3.61,0.00, 0.00
2.62,3.53,0.00, 0.00
2.62,3.47,0.00, 0.00
2.62,3.43,0.00, 0.00
2.62,3.40,0.00, 0.00
2.62,3.36,0.00, 0.00
2.62,3.34,0.00, 0.00
2.62,3.30,0.00, 0.00
2.62,3.26,0.00, 0.00
2.62,3.28,0.00, 0.50
2.62,3.28,0.00, 0.00
2.62,3.29,0.00, 0.50
2.62,3.30,0.00, 0.50
2.62,3.30,0.00, 0.50
2.62,3.37,0.00, 3.49
2.62,3.37,0.00, 3.49
2.62,3.40,0.00, 2.01
2.62,3.49,0.00, 3.99
2.62,3.56,0.00, 3.75
2.62,3.60,0.00, 1.76
2.62,3.65,0.00, 2.75
2.62,3.70,0.00, 2.50
2.62,3.75,0.00, 2.50
2.62,3.79,0.00, 1.75
2.62,3.81,0.00, 1.25
2.62,3.80,0.00, 0.00
2.62,3.82,0.00, 1.00
2.62,3.82,0.00, 1.00
2.62,3.81,0.00, 0.00
2.62,3.85,0.00, 1.74
2.60,3.87,0.00, 1.25
2.62,3.91,0.99, 1.75
2.62,3.92,0.01, 0.75
2.62,3.93,0.00, 0.50
2.62,3.93,0.00, 0.50
2.62,3.92,0.00, 0.00
2.62,3.92,0.00, 0.00
2.62,3.86,0.00, 0.00
2.62,3.81,0.00, 0.00
2.62,3.77,0.00, 0.00
2.62,3.68,0.00, 0.00
2.62,3.68,0.00, 0.00
2.62,3.62,0.00, 0.00
2.62,3.56,0.00, 0.00
2.62,3.48,0.00, 0.00
2.60,3.43,0.00, 0.00
2.60,3.40,0.00, 0.00
2.60,3.40,0.00, 0.00
2.60,3.40,0.00, 0.00
2.62,3.36,0.99, 0.00
2.62,3.33,0.01, 0.00
2.62,3.29,0.00, 0.00
2.62,3.23,0.00, 0.00
2.62,3.19,0.00, 0.00
2.64,3.15,0.99, 0.00
2.62,3.10,0.00, 0.00
2.62,3.04,0.00, 0.00
2.62,3.01,0.00, 0.00
2.62,2.96,0.00, 0.00
2.62,2.92,0.00, 0.00
2.62,2.89,0.00, 0.00
2.62,2.89,0.00, 0.00
2.62,2.89,0.00, 0.00
2.58,2.88,0.00, 0.00
2.58,2.88,0.00, 0.00
2.58,2.88,0.00, 0.00
2.58,2.88,0.00, 0.00
2.58,2.88,0.00, 0.00
2.58,2.88,0.00, 0.00
2.58,2.88,0.00, 0.00
2.58,2.88,0.00, 0.00
2.58,2.88,0.00, 0.00
2.58,2.88,0.00, 0.00
2.58,2.88,0.00, 0.00
2.58,2.88,0.00, 0.00
2.58,2.88,0.00, 0.00
2.58,2.88,0.00, 0.00
2.62,2.89,1.97, 0.50
2.62,2.89,1.97, 0.50
2.62,2.89,1.97, 0.50
2.62,2.89,1.97, 0.50
2.62,2.93,0.03, 1.75
2.62,2.98,0.00, 2.50
2.62,2.98,0.00, 2.50
2.62,2.98,0.00, 2.50
2.62,2.98,0.00, 2.50
2.62,2.98,0.00, 2.50
2.62,2.98,0.00, 2.50
2.62,2.73,0.00, 0.00
2.62,2.73,0.00, 0.00
2.62,2.73,0.00, 0.00
2.62,2.73,0.00, 0.00
2.62,2.73,0.00, 0.00
2.62,2.73,0.00, 0.00
2.62,2.73,0.00, 0.00
2.62,2.61,0.00, 0.00
2.62,2.61,0.00, 0.00
2.62,2.51,0.00, 0.00
2.62,2.51,0.00, 0.00
2.62,2.51,0.00, 0.00
2.62,2.41,0.00, 0.00
2.62,2.41,0.00, 0.00
2.62,2.41,0.00, 0.00
2.62,2.41,0.00, 0.00
1.75,2.41,0.00, 0.00
1.75,2.41,0.00, 0.00
1.75,2.41,0.00, 0.00
1.75,2.41,0.00, 0.00
1.75,2.41,0.00, 0.00
1.90,2.40,7.39, 0.00
1.90,2.40,7.39, 0.00
2.58,2.38,33.61, 0.00
2.58,2.38,33.61, 0.00
2.58,2.38,33.61, 0.00
2.62,2.39,2.46, 0.50
2.06,2.37,0.00, 0.00
2.06,2.37,0.00, 0.00
2.06,2.37,0.00, 0.00
2.06,2.37,0.00, 0.00
2.06,2.37,0.00, 0.00
2.06,2.37,0.00, 0.00
2.06,2.37,0.00, 0.00
2.06,2.37,0.00, 0.00
2.06,2.37,0.00, 0.00
2.06,2.37,0.00, 0.00
2.06,2.37,0.00, 0.00
2.06,2.37,0.00, 0.00
2.06,2.37,0.00, 0.00
2.13,2.31,3.45, 0.00
2.13,2.31,3.45, 0.00
1.93,2.32,0.00, 0.50
1.73,2.30,0.00, 0.00
1.10,1.70,0.00, 0.00
1.05,1.67,0.00, 0.00
1.05,1.67,0.00, 0.00
0.99,1.62,0.00, 0.00
0.92,1.58,0.00, 0.00
0.92,1.58,0.00, 0.00
0.92,1.58,0.00, 0.00
0.92,1.58,0.00, 0.00
0.92,1.58,0.00, 0.00
0.92,1.58,0.00, 0.00
0.90,1.53,0.00, 0.00
0.90,1.53,0.00, 0.00
0.90,1.53,0.00, 0.00
0.90,1.53,0.00, 0.00
0.90,1.53,0.00, 0.00
0.90,1.53,0.00, 0.00
0.90,1.53,0.00, 0.00
0.90,1.53,0.00, 0.00
0.90,1.53,0.00, 0.00
0.90,1.53,0.00, 0.00
0.90,1.53,0.00, 0.00
0.90,1.53,0.00, 0.00
0.90,1.53,0.00, 0.00
0.90,1.53,0.00, 0.00
0.90,1.53,0.00, 0.00
0.90,1.53,0.00, 0.00
0.90,1.53,0.00, 0.00
0.90,1.53,0.00, 0.00
0.90,1.53,0.00, 0.00
0.90,1.53,0.00, 0.00
0.90,1.53,0.00, 0.00
0.90,1.53,0.00, 0.00
0.90,1.53,0.00, 0.00
0.90,1.53,0.00, 0.00
0.90,1.53,0.00, 0.00
0.90,1.53,0.00, 0.00
0.90,1.53,0.00, 0.00
0.90,1.53,0.00, 0.00
0.85,1.46,0.00, 0.00
0.85,1.46,0.00, 0.00
0.85,1.46,0.00, 0.00
0.85,1.46,0.00, 0.00
0.85,1.46,0.00, 0.00
0.85,1.46,0.00, 0.00
0.85,1.46,0.00, 0.00
0.85,1.46,0.00, 0.00
0.85,1.46,0.00, 0.00
0.85,1.46,0.00, 0.00
0.85,1.46,0.00, 0.00
0.85,1.46,0.00, 0.00
0.85,1.46,0.00, 0.00
0.85,1.46,0.00, 0.00
0.85,1.46,0.00, 0.00
0.85,1.46,0.00, 0.00
0.85,1.46,0.00, 0.00
0.85,1.46,0.00, 0.00
0.85,1.46,0.00, 0.00
0.85,1.46,0.00, 0.00
0.85,1.46,0.00, 0.00
0.83,1.40,0.00, 0.00
0.83,1.40,0.00, 0.00
0.83,1.40,0.00, 0.00
0.83,1.40,0.00, 0.00
0.83,1.40,0.00, 0.00
0.83,1.40,0.00, 0.00
0.83,1.40,0.00, 0.00
0.83,1.40,0.00, 0.00
0.83,1.40,0.00, 0.00
0.74,0.87,0.00, 0.00
0.74,0.87,0.00, 0.00
0.74,0.87,0.00, 0.00
0.74,0.87,0.00, 0.00
0.74,0.87,0.00, 0.00
0.74,0.87,0.00, 0.00
0.74,0.87,0.00, 0.00
0.74,0.87,0.00, 0.00
0.74,0.87,0.00, 0.00
0.74,0.87,0.00, 0.00
0.74,0.87,0.00, 0.00
0.74,0.87,0.00, 0.00
0.74,0.87,0.00, 0.00
0.74,0.87,0.00, 0.00
0.00,0.06,0.00, 0.00
0.00,0.06,0.00, 0.00
0.00,0.06,0.00, 0.00
0.00,0.34,0.00, 13.70
0.00,0.34,0.00, 13.70
0.45,2.01,22.17, 83.49
0.45,2.01,22.17, 83.49
0.74,2.16,14.61, 8.03
1.05,2.32,15.49, 7.50
1.05,2.32,15.49, 7.50
1.73,2.64,33.73, 16.22
2.26,2.93,26.61, 14.51
2.62,3.06,18.13, 6.53
2.62,3.06,18.13, 6.53
2.62,3.06,18.13, 6.53
2.62,3.06,18.13, 6.53
2.62,3.06,18.13, 6.53
2.62,3.06,18.13, 6.53
2.62,3.06,18.13, 6.53
2.62,3.06,18.13, 6.53
2.62,3.06,18.13, 6.53
2.62,3.06,18.13, 6.53
2.62,3.06,18.13, 6.53
2.62,3.06,18.13, 6.53
2.62,3.06,18.13, 6.53
2.62,3.06,18.13, 6.53
2.64,3.15,1.25, 4.51
2.64,3.15,1.25, 4.51
2.64,3.26,0.02, 5.75
2.64,3.36,0.00, 4.50
2.64,3.38,0.00, 1.01
2.62,3.34,0.00, 0.00
2.62,3.30,0.00, 0.00
2.62,3.21,0.00, 0.00
2.62,3.14,0.00, 0.00
2.62,3.04,0.00, 0.00
2.60,2.93,0.00, 0.00
2.60,2.93,0.00, 0.00
2.62,2.84,0.99, 0.00
2.62,2.77,0.01, 0.00
2.62,2.73,0.00, 0.00
2.62,2.74,0.00, 0.50
2.62,2.79,0.00, 2.49
2.62,2.89,0.00, 4.99
2.62,2.99,0.00, 5.00
2.62,3.11,0.00, 6.00
2.62,3.11,0.00, 6.00
2.60,3.23,0.00, 6.00
2.62,3.34,0.99, 5.25
2.62,3.43,0.01, 5.00
2.62,3.54,0.00, 5.25
2.62,3.69,0.00, 7.49
2.62,3.80,0.00, 5.51
2.62,3.80,0.00, 5.51
2.62,3.91,0.00, 5.50
2.62,4.02,0.00, 5.50
2.62,4.11,0.00, 4.50
2.62,4.21,0.00, 5.00
2.60,4.31,0.00, 4.75
2.62,4.39,0.99, 4.25
2.62,4.39,0.99, 4.25
2.60,4.46,0.00, 3.50
2.62,4.53,0.99, 3.75
2.62,4.59,0.01, 2.50
2.62,4.59,0.00, 0.01
2.62,4.60,0.00, 0.75
2.62,4.61,0.00, 0.50
2.60,4.61,0.00, 0.00
2.62,4.61,0.99, 0.00
2.62,4.61,0.99, 0.00
2.62,4.61,0.01, 0.00
2.60,4.62,0.00, 0.75
2.62,4.59,0.99, 0.00
2.62,4.57,0.01, 0.00
2.62,4.55,0.00, 0.00
2.62,4.54,0.00, 0.00
2.62,4.54,0.00, 0.00
2.62,4.54,0.00, 0.00
2.62,4.54,0.00, 0.00
2.62,4.54,0.00, 0.00
2.62,4.54,0.00, 0.00
2.62,4.54,0.00, 0.00
2.62,4.51,0.00, 0.00
2.62,4.47,0.00, 0.00
2.62,4.41,0.00, 0.00
2.62,4.18,0.00, 0.00
2.62,4.18,0.00, 0.00
2.62,4.11,0.00, 0.00
2.62,4.11,0.00, 0.00
2.62,4.05,0.00, 0.00
2.62,3.99,0.00, 0.00
2.64,3.90,0.99, 0.00
2.64,3.90,0.99, 0.00
2.62,3.82,0.00, 0.00
2.62,3.82,0.00, 0.00
2.62,3.82,0.00, 0.00
2.62,3.82,0.00, 0.00
2.62,3.82,0.00, 0.00
2.62,3.82,0.00, 0.00
2.62,3.82,0.00, 0.00
2.62,3.79,0.00, 0.00
2.62,3.79,0.00, 0.00
2.62,3.79,0.00, 0.00
2.62,3.73,0.00, 0.00
2.62,3.73,0.00, 0.00
2.62,3.73,0.00, 0.00
2.62,3.73,0.00, 0.00
2.62,3.55,0.00, 0.00
2.62,3.55,0.00, 0.00
2.62,3.55,0.00, 0.00
2.62,3.55,0.00, 0.00
2.62,3.55,0.00, 0.00
2.62,3.55,0.00, 0.00
2.62,3.55,0.00, 0.00
2.62,3.55,0.00, 0.00
2.62,3.55,0.00, 0.00
2.62,3.55,0.00, 0.00
2.62,3.55,0.00, 0.00
2.62,3.55,0.00, 0.00
2.62,3.42,0.00, 0.00
2.62,3.40,0.00, 0.00
2.62,3.37,0.00, 0.00
2.62,3.37,0.00, 0.00
2.62,3.37,0.00, 0.00
2.62,3.37,0.00, 0.00
2.62,3.37,0.00, 0.00
2.62,3.37,0.00, 0.00
2.62,3.37,0.00, 0.00
2.62,3.37,0.00, 0.00
2.62,3.37,0.00, 0.00
2.62,3.37,0.00, 0.00
2.62,3.37,0.00, 0.00
2.62,3.37,0.00, 0.00
2.62,3.37,0.00, 0.00
2.62,3.37,0.00, 0.00
2.62,3.37,0.00, 0.00
2.62,3.37,0.00, 0.00
2.62,3.37,0.00, 0.00
2.62,3.37,0.00, 0.00
2.62,3.37,0.00, 0.00
2.62,3.37,0.00, 0.00
2.62,3.37,0.00, 0.00
2.62,3.37,0.00, 0.00
2.62,3.37,0.00, 0.00
2.62,3.37,0.00, 0.00
2.62,3.37,0.00, 0.00
2.62,3.37,0.00, 0.00
2.62,3.48,0.00, 5.73
2.62,3.48,0.00, 5.73
2.62,3.48,0.00, 5.73
2.62,3.48,0.00, 5.73
2.62,3.48,0.00, 5.73
2.62,3.48,0.00, 5.73
2.62,3.48,0.00, 5.73
2.62,3.46,0.00, 0.00
2.62,3.46,0.00, 0.00
2.62,3.48,0.00, 1.00
2.62,4.10,0.00, 30.64
2.62,4.10,0.00, 30.64
2.62,4.14,0.00, 1.86
2.62,4.14,0.00, 1.86
2.62,4.14,0.00, 1.86
2.62,4.14,0.00, 1.86
2.62,4.14,0.00, 1.86
2.62,4.14,0.00, 1.86
2.62,4.14,0.00, 1.86
2.62,4.14,0.00, 1.86
2.62,4.14,0.00, 1.86
2.62,4.14,0.00, 1.86
2.62,4.14,0.00, 1.86
2.62,4.14,0.00, 1.86
2.62,4.14,0.00, 1.86
2.62,4.14,0.00, 1.86
2.62,4.16,0.00, 1.25
2.62,4.14,0.00, 0.00
2.62,4.14,0.00, 0.00
0.25,3.53,0.00, 0.00
0.00,3.44,0.00, 0.00
1.25,3.35,61.58, 0.00
1.25,3.35,61.58, 0.00
1.25,3.35,61.58, 0.00
1.25,3.35,61.58, 0.00
1.25,3.35,61.58, 0.00
1.25,3.35,61.58, 0.00
1.25,3.35,61.58, 0.00
1.25,3.35,61.58, 0.00
1.25,3.35,61.58, 0.00
1.25,3.35,61.58, 0.00
1.25,3.35,61.58, 0.00
1.25,3.35,61.58, 0.00
1.25,3.35,61.58, 0.00
1.37,3.24,6.82, 0.00
1.03,3.14,0.00, 0.00
1.03,3.14,0.00, 0.00
1.03,3.14,0.00, 0.00
1.03,3.14,0.00, 0.00
1.03,3.14,0.00, 0.00
1.03,3.14,0.00, 0.00
0.83,3.03,0.00, 0.00
0.83,3.03,0.00, 0.00
0.83,3.03,0.00, 0.00
0.83,3.03,0.00, 0.00
0.83,3.03,0.00, 0.00
0.83,3.03,0.00, 0.00
0.83,3.03,0.00, 0.00
0.83,3.03,0.00, 0.00
0.83,3.03,0.00, 0.00
0.83,3.03,0.00, 0.00
0.00,1.44,0.00, 0.00
0.00,1.26,0.00, 0.00
0.00,1.26,0.00, 0.00
0.00,1.26,0.00, 0.00
0.00,1.26,0.00, 0.00
0.00,1.26,0.00, 0.00
0.00,1.26,0.00, 0.00
0.00,1.26,0.00, 0.00
0.00,1.26,0.00, 0.00
0.00,1.26,0.00, 0.00
0.00,1.26,0.00, 0.00
0.00,1.26,0.00, 0.00
0.00,1.26,0.00, 0.00
0.00,1.26,0.00, 0.00
0.00,0.33,0.00, 0.00
0.00,0.33,0.00, 0.00
0.00,0.05,0.00, 0.00
0.00,0.05,0.00, 0.00
0.00,0.05,0.00, 0.00
0.00,0.05,0.00, 0.00
0.00,0.05,0.00, 0.00
0.00,0.05,0.00, 0.00
0.00,0.05,0.00, 0.00
0.00,0.05,0.00, 0.00
0.00,0.05,0.00, 0.00
0.00,0.05,0.00, 0.00
0.00,0.05,0.00, 0.00
0.00,0.05,0.00, 0.00
0.00,0.05,0.00, 0.00
0.00,0.05,0.00, 0.00
0.00,0.06,0.00, 0.25
0.04,0.05,1.97, 0.00
0.04,0.05,1.97, 0.00
0.00,0.05,0.00, 0.00
0.00,0.05,0.00, 0.50
0.00,0.05,0.00, 0.50
0.00,0.05,0.00, 0.50
0.00,0.05,0.00, 0.50
0.00,0.05,0.00, 0.50
0.00,0.05,0.00, 0.50
0.00,0.05,0.00, 0.00
0.00,0.05,0.00, 0.00
0.00,0.05,0.00, 0.00
0.00,0.08,0.00, 1.74
0.00,0.20,0.00, 6.23
0.00,0.20,0.00, 6.23
0.00,0.20,0.00, 6.23
0.00,0.20,0.00, 6.23
0.00,0.20,0.00, 6.23
0.00,0.20,0.00, 6.23
0.00,0.20,0.00, 6.23
0.00,0.27,0.00, 3.26
0.00,0.27,0.00, 3.26
0.00,0.27,0.00, 3.26
0.00,0.40,0.00, 6.24
0.00,0.40,0.00, 6.24
0.00,0.40,0.00, 6.24
0.00,0.40,0.00, 6.24
0.00,0.40,0.00, 6.24
0.00,0.40,0.00, 6.24
0.00,0.40,0.00, 6.24
0.00,0.40,0.00, 6.24
0.00,0.40,0.00, 6.24
0.00,0.40,0.00, 6.24
0.00,0.40,0.00, 6.24
0.00,0.40,0.00, 6.24
0.00,0.40,0.00, 6.24
0.00,0.50,0.00, 5.25
0.00,1.33,0.00, 41.37
0.00,1.33,0.00, 41.37
0.00,1.33,0.00, 41.37
0.00,1.33,0.00, 41.37
0.00,1.33,0.00, 41.37
0.00,1.33,0.00, 41.37
0.00,1.33,0.00, 41.37
0.00,1.33,0.00, 41.37
0.00,1.73,0.00, 20.08
0.00,1.73,0.00, 20.08
0.00,1.73,0.00, 20.08
2.62,3.85,129.07, 105.69
2.62,3.85,129.07, 105.69
2.62,3.85,129.07, 105.69
2.62,3.85,129.07, 105.69
2.62,3.94,1.90, 5.12
2.62,4.32,0.03, 18.70
2.62,4.37,0.00, 2.56
2.62,4.38,0.00, 0.26
2.62,4.34,0.00, 0.00
2.62,4.29,0.00, 0.00
2.62,4.23,0.00, 0.00
2.62,4.20,0.00, 0.00
2.62,4.17,0.00, 0.00
2.62,4.14,0.00, 0.00
2.62,4.18,0.00, 1.49
2.62,4.18,0.00, 0.25
2.62,4.24,0.00, 3.24
2.62,4.28,0.00, 2.00
2.62,4.35,0.00, 3.00
2.62,4.35,0.00, 3.00
2.62,4.35,0.00, 3.00
2.64,4.43,0.99, 4.00
2.62,4.51,0.00, 4.25
2.62,4.60,0.00, 4.25
2.62,4.68,0.00, 4.00
2.62,4.80,0.00, 5.99
2.62,4.90,0.00, 5.25
2.62,4.90,0.00, 5.25
2.62,5.01,0.00, 5.50
2.62,5.11,0.00, 5.00
2.64,5.21,0.99, 5.00
2.62,5.32,0.00, 5.25
2.62,5.48,0.00, 8.24
2.62,5.64,0.00, 7.75
2.62,5.80,0.00, 8.25
2.62,5.97,0.00, 8.25
2.62,5.97,0.00, 8.25
2.62,6.10,0.00, 6.76
2.62,6.24,0.00, 7.00
2.62,6.36,0.00, 6.25
2.62,6.43,0.00, 3.26
2.62,6.49,0.00, 2.75
2.60,6.52,0.00, 2.00
2.62,6.54,0.99, 0.75
2.62,6.55,0.01, 0.75
2.62,6.54,0.00, 0.00
2.62,6.55,0.00, 0.75
2.62,6.55,0.00, 0.00
2.62,6.55,0.00, 0.00
2.62,6.49,0.00, 0.00
2.62,6.43,0.00, 0.00
2.62,6.32,0.00, 0.00
2.62,6.32,0.00, 0.00
2.62,6.19,0.00, 0.00
2.62,6.05,0.00, 0.00
2.62,6.05,0.00, 0.00
2.62,5.89,0.00, 0.00
2.62,5.72,0.00, 0.00
2.62,5.60,0.00, 0.00
2.62,5.45,0.00, 0.00
2.62,5.34,0.00, 0.00
2.62,5.28,0.00, 0.00
2.62,5.22,0.00, 0.00
2.62,5.16,0.00, 0.00
2.62,5.09,0.00, 0.00
2.62,5.04,0.00, 0.00
2.62,5.04,0.00, 0.00
2.62,5.04,0.00, 0.00
2.62,5.04,0.00, 0.00
2.62,5.04,0.00, 0.00
2.62,5.04,0.00, 0.00
2.62,5.04,0.00, 0.00
2.62,4.96,0.00, 0.00
2.64,4.89,0.99, 0.00
2.62,4.76,0.00, 0.00
2.62,4.76,0.00, 0.00
2.62,4.76,0.00, 0.00
2.62,4.76,0.00, 0.00
2.62,4.76,0.00, 0.00
2.62,4.76,0.00, 0.00
2.62,4.76,0.00, 0.00
2.62,4.25,0.00, 0.00
2.62,4.19,0.00, 0.00
2.62,4.19,0.00, 0.00
2.62,4.11,0.00, 0.00
2.62,4.11,0.00, 0.00
2.62,3.73,0.00, 0.00
2.62,3.73,0.00, 0.00
2.62,3.73,0.00, 0.00
2.62,3.73,0.00, 0.00
2.62,3.73,0.00, 0.00
2.62,3.73,0.00, 0.00
2.62,3.73,0.00, 0.00
2.62,3.69,0.00, 0.00
2.62,3.66,0.00, 0.00
2.62,3.58,0.00, 0.00
2.62,3.58,0.00, 0.00
2.62,3.58,0.00, 0.00
2.62,3.58,0.00, 0.00
2.62,3.58,0.00, 0.00
2.62,3.58,0.00, 0.00
2.62,3.58,0.00, 0.00
2.62,3.61,0.00, 1.74
2.62,3.61,0.00, 0.01
2.62,3.61,0.00, 0.01
2.62,3.64,0.00, 1.74
2.62,3.74,0.00, 4.74
2.62,3.76,0.00, 1.01
2.62,3.79,0.00, 1.25
2.62,3.79,0.00, 0.25
2.62,3.78,0.00, 0.00
2.62,3.77,0.00, 0.00
2.62,3.77,0.00, 0.00
2.62,3.77,0.00, 0.00
2.62,3.77,0.00, 0.00
2.62,3.77,0.00, 0.00
2.62,3.77,0.00, 0.00
2.62,3.77,0.00, 0.00
2.62,3.77,0.00, 0.00
2.62,3.77,0.00, 0.00
2.62,3.77,0.00, 0.00
2.62,3.77,0.00, 0.00
2.62,3.77,0.00, 0.00
2.62,3.77,0.00, 0.00
2.62,3.77,0.00, 0.00
2.62,3.77,0.00, 0.00
2.62,3.77,0.00, 0.00
2.62,3.77,0.00, 0.00
2.62,3.77,0.00, 0.00
2.62,3.77,0.00, 0.00
2.62,3.72,0.00, 0.00
2.62,3.68,0.00, 0.00
2.62,3.66,0.00, 0.00
2.62,3.66,0.00, 0.00
2.62,3.66,0.00, 0.00
2.62,3.66,0.00, 0.00
2.62,3.66,0.00, 0.00
2.62,3.66,0.00, 0.00
2.62,3.66,0.00, 0.00
2.62,3.66,0.00, 0.00
2.62,3.66,0.00, 0.00
2.62,3.66,0.00, 0.00
2.62,3.66,0.00, 0.00
2.62,3.66,0.00, 0.00
1.75,3.30,0.00, 0.00
1.75,3.30,0.00, 0.00
1.75,3.30,0.00, 0.00
2.08,3.27,16.26, 0.00
2.29,3.24,10.58, 0.00
1.46,2.70,0.00, 0.00
1.41,2.61,0.00, 0.00
1.23,2.53,0.00, 0.00
1.23,2.53,0.00, 0.00
1.23,2.53,0.00, 0.00
1.23,2.53,0.00, 0.00
1.23,2.53,0.00, 0.00
1.23,2.53,0.00, 0.00
1.23,2.53,0.00, 0.00
1.23,2.53,0.00, 0.00
1.23,2.53,0.00, 0.00
1.23,2.53,0.00, 0.00
1.23,2.53,0.00, 0.00
1.23,2.53,0.00, 0.00
1.12,2.43,0.00, 0.00
1.12,2.43,0.00, 0.00
1.12,2.43,0.00, 0.00
1.12,2.43,0.00, 0.00
1.12,2.43,0.00, 0.00
1.12,2.43,0.00, 0.00
1.12,2.43,0.00, 0.00
1.12,2.43,0.00, 0.00
1.12,2.43,0.00, 0.00
1.03,2.32,0.00, 0.00
0.92,2.20,0.00, 0.00
0.22,0.56,0.00, 0.00
0.00,0.06,0.00, 0.00
0.00,0.06,0.00, 0.00
0.00,0.06,0.00, 0.00
0.00,0.06,0.00, 0.00
0.00,0.06,0.00, 0.00
0.00,0.06,0.00, 0.00
0.00,0.06,0.00, 0.00
0.00,0.06,0.00, 0.00
0.00,0.06,0.00, 0.00
0.00,0.06,0.00, 0.00
0.00,0.06,0.00, 0.00
0.00,0.06,0.00, 0.00
0.00,0.06,0.00, 0.00
0.00,0.06,0.00, 0.00
0.00,0.06,0.00, 0.00
0.00,0.05,0.00, 0.00
0.00,0.05,0.00, 0.00
0.00,0.05,0.00, 0.00
0.00,0.05,0.00, 0.00
0.00,0.05,0.00, 0.00
0.00,0.05,0.00, 0.00
0.00,0.05,0.00, 0.00
0.00,0.05,0.00, 0.00
0.00,0.05,0.00, 0.00
0.00,0.05,0.00, 0.00
0.00,0.05,0.00, 0.00
0.00,0.05,0.00, 0.00
0.00,0.05,0.00, 0.00
0.00,0.05,0.00, 0.00
0.00,0.05,0.00, 0.00
0.00,0.05,0.00, 0.00
0.00,0.05,0.00, 0.00
0.00,0.05,0.00, 0.00
0.74,0.05,36.46, 0.00
0.74,0.05,36.46, 0.00
0.56,0.05,0.00, 0.00
0.47,0.05,0.00, 0.00
0.00,0.05,0.00, 0.00
0.00,0.05,0.00, 0.00
0.00,0.05,0.00, 0.00
0.00,0.05,0.00, 0.00
0.00,0.05,0.00, 0.00
0.00,0.05,0.00, 0.00
0.00,0.05,0.00, 0.00
0.00,0.05,0.00, 0.00
0.00,0.05,0.00, 0.00
0.00,0.05,0.00, 0.00
0.00,0.05,0.00, 0.00
0.00,0.05,0.00, 0.00
0.00,0.05,0.00, 0.00
0.00,0.05,0.00, 0.00
0.00,0.05,0.00, 0.00
0.04,0.05,1.97, 0.00
0.04,0.05,1.97, 0.00
0.04,0.05,1.97, 0.00
0.04,0.05,1.97, 0.00
0.04,0.05,1.97, 0.00
0.04,0.05,1.97, 0.00
0.04,0.05,1.97, 0.00
0.04,0.05,1.97, 0.00
0.04,0.05,1.97, 0.00
0.04,0.05,1.97, 0.00
0.04,0.05,1.97, 0.00
0.04,0.05,1.97, 0.00
0.04,0.05,1.97, 0.00
0.04,0.05,1.97, 0.00
0.04,0.05,1.97, 0.00
0.04,0.05,1.97, 0.00
0.04,0.05,1.97, 0.00
0.04,0.05,1.97, 0.00
0.04,0.05,1.97, 0.00
0.04,0.05,1.97, 0.00
0.04,0.05,1.97, 0.00
0.04,0.05,1.97, 0.00
0.04,0.05,1.97, 0.00
0.00,0.16,0.00, 5.73
0.00,0.16,0.00, 5.73
0.00,0.16,0.00, 5.73
0.00,0.25,0.00, 4.75
1.34,2.71,66.01, 122.32
2.60,3.78,63.04, 53.75
2.60,3.80,0.93, 1.19
2.60,3.86,0.01, 2.74
2.62,3.96,0.99, 5.24
2.62,3.96,0.99, 5.24
2.60,4.07,0.00, 5.25
2.60,4.18,0.00, 5.50
2.62,4.27,0.99, 5.00
2.60,4.43,0.00, 7.74
2.60,4.56,0.00, 6.50
2.60,4.56,0.00, 6.50
2.60,4.56,0.00, 6.50
2.60,4.73,0.00, 8.49
2.60,4.91,0.00, 9.25
2.62,5.10,0.99, 9.25
2.60,5.44,0.00, 17.22
2.60,5.60,0.00, 7.78
2.60,5.76,0.00, 7.75
2.60,5.76,0.00, 7.75
2.62,5.89,0.99, 7.00
2.60,6.02,0.00, 6.25
2.62,6.13,0.99, 5.50
2.62,6.23,0.01, 5.25
2.60,6.28,0.00, 2.01
2.60,6.32,0.00, 2.00
2.60,6.33,0.00, 0.75
2.62,6.31,0.99, 0.00
2.60,6.28,0.00, 0.00
2.60,6.26,0.00, 0.00
2.60,6.26,0.00, 0.00
2.62,6.28,0.99, 0.75
2.62,6.29,0.01, 0.50
2.60,6.27,0.00, 0.00
2.60,6.23,0.00, 0.00
2.62,6.16,0.99, 0.00
2.62,6.07,0.01, 0.00
2.62,6.07,0.01, 0.00
2.62,5.96,0.00, 0.00
2.62,5.80,0.00, 0.00
2.62,5.64,0.00, 0.00
2.62,5.52,0.00, 0.00
2.62,5.52,0.00, 0.00
2.62,5.52,0.00, 0.00
2.62,5.52,0.00, 0.00
2.62,5.52,0.00, 0.00
2.62,5.52,0.00, 0.00
2.62,5.52,0.00, 0.00
2.62,5.52,0.00, 0.00
2.62,5.52,0.00, 0.00
2.62,5.52,0.00, 0.00
2.62,5.52,0.00, 0.00
2.62,5.52,0.00, 0.00
2.62,5.52,0.00, 0.00
2.62,5.52,0.00, 0.00
2.60,5.45,0.00, 0.00
2.60,5.45,0.00, 0.00
2.60,5.45,0.00, 0.00
2.60,5.45,0.00, 0.00
2.60,5.45,0.00, 0.00
2.60,5.45,0.00, 0.00
2.60,5.45,0.00, 0.00
2.60,5.45,0.00, 0.00
2.60,5.45,0.00, 0.00
2.60,5.45,0.00, 0.00
2.60,5.45,0.00, 0.00
2.60,5.45,0.00, 0.00
2.60,5.45,0.00, 0.00
2.60,5.45,0.00, 0.00
2.60,5.45,0.00, 0.00
2.60,5.45,0.00, 0.00
2.62,5.39,0.99, 0.00
2.62,5.39,0.99, 0.00
2.60,5.35,0.00, 0.00
2.60,5.35,0.00, 0.00
2.60,5.35,0.00, 0.00
2.60,5.35,0.00, 0.00
2.60,5.35,0.00, 0.00
2.60,5.35,0.00, 0.00
2.60,5.35,0.00, 0.00
2.60,4.56,0.00, 0.00
2.62,4.30,0.99, 0.00
2.62,4.30,0.99, 0.00
2.62,4.30,0.99, 0.00
2.62,4.30,0.99, 0.00
2.62,4.30,0.99, 0.00
2.62,4.30,0.99, 0.00
2.62,4.30,0.99, 0.00
2.62,4.30,0.99, 0.00
2.62,4.30,0.99, 0.00
2.60,4.28,0.00, 0.00
2.60,4.28,0.00, 0.00
2.60,4.28,0.00, 0.00
2.60,4.28,0.00, 0.00
2.60,4.28,0.00, 0.00
2.60,4.28,0.00, 0.00
2.60,4.28,0.00, 0.00
2.62,4.26,0.99, 0.00
2.62,4.26,0.99, 0.00
2.62,4.26,0.01, 0.00
2.60,4.19,0.00, 0.00
2.62,4.11,0.99, 0.00
2.62,4.09,0.01, 0.00
2.62,4.09,0.01, 0.00
2.62,4.07,0.00, 0.00
2.62,4.05,0.00, 0.00
2.62,4.01,0.00, 0.00
2.62,3.95,0.00, 0.00
2.62,3.93,0.00, 0.00
2.62,3.90,0.00, 0.00
2.62,3.90,0.00, 0.00
2.62,3.90,0.00, 0.00
2.62,3.90,0.00, 0.00
2.62,3.90,0.00, 0.00
2.62,3.90,0.00, 0.00
2.60,3.86,0.00, 0.00
2.60,3.86,0.00, 0.00
2.60,3.86,0.00, 0.00
2.62,3.79,0.99, 0.00
2.62,3.74,0.01, 0.00
2.13,3.45,0.00, 0.00
2.26,3.41,6.40, 0.00
2.53,3.34,13.40, 0.00
2.62,3.26,4.63, 0.00
2.60,3.17,0.00, 0.00
2.44,3.11,0.00, 0.00
2.24,3.02,0.00, 0.00
2.24,3.02,0.00, 0.00
2.24,3.02,0.00, 0.00
2.24,3.02,0.00, 0.00
2.24,3.02,0.00, 0.00
2.24,3.02,0.00, 0.00
2.11,2.92,0.00, 0.00
2.11,2.92,0.00, 0.00
2.11,2.83,0.00, 0.00
2.17,2.71,2.96, 0.00
1.43,2.19,0.00, 0.00
0.63,1.93,0.00, 0.00
0.99,1.81,17.74, 0.00
1.10,1.71,5.68, 0.00
0.94,1.60,0.00, 0.00
0.99,1.47,2.46, 0.00
0.99,1.47,2.46, 0.00
0.99,1.47,2.46, 0.00
0.99,1.47,2.46, 0.00
0.99,1.47,2.46, 0.00
1.03,1.37,2.01, 0.00
1.03,1.37,2.01, 0.00
1.07,1.23,2.00, 0.00
1.01,1.09,0.00, 0.00
1.07,0.70,2.96, 0.00
1.10,0.58,1.52, 0.00
1.07,0.48,0.00, 0.00
1.05,0.38,0.00, 0.00
1.07,0.28,0.99, 0.00
1.10,0.19,1.49, 0.00
1.10,0.19,1.49, 0.00
1.10,0.19,1.49, 0.00
1.10,0.19,1.49, 0.00
1.10,0.19,1.49, 0.00
0.96,0.13,0.00, 0.00
0.87,0.06,0.00, 0.00
0.87,0.06,0.00, 0.00
0.87,0.06,0.00, 0.00
0.87,0.06,0.00, 0.00
0.87,0.06,0.00, 0.00
0.87,0.06,0.00, 0.00
0.87,0.06,0.00, 0.00
0.87,0.06,0.00, 0.00
