9.64,0.00,0.00, 0.00
0.00,0.05,0.00, 2.24
0.00,0.05,0.00, 2.24
0.00,0.05,0.00, 0.01
0.00,0.05,0.00, 0.00
0.00,0.05,0.00, 0.50
0.00,0.06,0.00, 0.25
0.00,0.06,0.00, 0.25
0.00,0.06,0.00, 0.25
0.00,0.06,0.00, 0.25
0.00,0.06,0.00, 0.25
0.00,0.06,0.00, 0.25
0.00,0.06,0.00, 0.25
0.00,0.06,0.00, 0.25
0.00,0.06,0.00, 0.25
0.00,0.06,0.00, 0.25
0.00,0.06,0.00, 0.25
0.00,0.06,0.00, 0.25
0.00,0.06,0.00, 0.25
0.00,0.05,0.00, 0.00
0.00,0.05,0.00, 0.00
0.00,0.05,0.00, 0.00
0.00,0.05,0.00, 0.00
0.00,0.05,0.00, 0.00
0.00,0.05,0.00, 0.00
0.00,0.05,0.00, 0.00
0.00,0.05,0.00, 0.00
0.00,0.05,0.00, 0.00
0.00,0.05,0.00, 0.00
0.00,0.05,0.00, 0.50
0.00,0.05,0.00, 0.50
0.00,0.05,0.00, 0.50
0.00,0.05,0.00, 0.50
0.00,0.05,0.00, 0.50
0.00,0.05,0.00, 0.50
0.00,0.05,0.00, 0.50
0.00,0.05,0.00, 0.50
0.00,0.05,0.00, 0.50
0.00,0.05,0.00, 0.50
0.00,0.05,0.00, 0.50
0.00,0.05,0.00, 0.50
0.00,0.05,0.00, 0.50
0.00,0.05,0.00, 0.50
0.00,0.05,0.00, 0.50
0.00,0.05,0.00, 0.50
0.00,0.05,0.00, 0.50
0.00,0.05,0.00, 0.50
0.00,0.05,0.00, 0.50
0.00,0.05,0.00, 0.50
0.00,0.05,0.00, 0.50
0.00,0.05,0.00, 0.50
0.00,0.05,0.00, 0.50
0.00,0.05,0.00, 0.50
0.11,0.09,5.42, 1.99
0.11,0.09,5.42, 1.99
0.11,0.09,5.42, 1.99
0.11,0.09,5.42, 1.99
0.11,0.09,5.42, 1.99
0.11,0.09,5.42, 1.99
0.11,0.09,5.42, 1.99
0.11,0.09,5.42, 1.99
0.11,0.09,5.42, 1.99
0.11,0.09,5.42, 1.99
0.11,0.09,5.42, 1.99
0.11,0.09,5.42, 1.99
0.11,0.09,5.42, 1.99
0.11,0.09,5.42, 1.99
0.11,0.09,5.42, 1.99
0.11,0.09,5.42, 1.99
0.11,0.09,5.42, 1.99
0.11,0.09,5.42, 1.99
0.11,0.09,5.42, 1.99
0.11,0.09,5.42, 1.99
0.11,0.09,5.42, 1.99
0.11,0.09,5.42, 1.99
0.11,0.09,5.42, 1.99
0.11,0.09,5.42, 1.99
0.18,0.16,3.53, 3.49
0.18,0.16,3.53, 3.49
0.00,1.24,0.00, 53.57
6.21,9.75,305.93, 423.89
8.36,9.81,110.42, 4.79
8.38,9.81,2.61, 0.02
8.41,9.81,1.52, 0.00
8.38,9.81,0.00, 0.00
8.38,9.81,0.00, 0.00
8.38,9.81,0.00, 0.00
8.38,9.81,0.00, 0.00
8.41,9.81,1.48, 0.00
8.38,9.81,0.00, 0.00
8.38,9.81,0.00, 0.00
8.41,9.81,1.48, 0.00
8.38,9.81,0.00, 0.00
8.38,9.81,0.00, 0.00
8.41,9.81,1.48, 0.00
8.38,9.81,0.00, 0.00
8.38,9.81,0.00, 0.00
8.38,9.81,0.00, 0.00
8.38,9.81,0.00, 0.00
8.38,9.81,0.00, 0.00
8.41,9.81,1.48, 0.00
8.38,9.81,0.00, 0.00
8.41,9.81,1.48, 0.00
8.38,9.81,0.00, 0.00
8.41,9.81,1.48, 0.00
8.38,9.81,0.00, 0.00
8.38,9.81,0.00, 0.00
8.38,9.81,0.00, 0.00
8.38,9.81,0.00, 0.00
8.38,9.81,0.00, 0.00
8.38,9.81,0.00, 0.00
8.38,9.81,0.00, 0.00
8.38,9.81,0.00, 0.00
8.38,9.81,0.00, 0.00
8.38,9.81,0.00, 0.00
8.38,9.81,0.00, 0.00
8.38,9.81,0.00, 0.00
8.41,9.81,1.48, 0.00
8.38,9.81,0.00, 0.00
8.38,9.81,0.00, 0.00
8.38,9.81,0.00, 0.00
8.38,9.81,0.00, 0.00
8.38,9.81,0.00, 0.00
8.38,9.81,0.00, 0.00
8.38,9.81,0.00, 0.00
8.38,9.81,0.00, 0.00
8.38,9.81,0.00, 0.00
8.38,9.81,0.00, 0.00
8.38,9.81,0.00, 0.00
8.38,9.81,0.00, 0.00
8.38,9.81,0.00, 0.00
8.38,9.81,0.00, 0.00
8.36,9.81,0.00, 0.00
8.38,9.81,0.99, 0.00
8.38,9.81,0.01, 0.00
8.36,9.81,0.00, 0.00
8.38,9.81,0.99, 0.00
8.38,9.81,0.01, 0.00
8.38,9.81,0.00, 0.00
8.38,9.81,0.00, 0.00
8.38,9.81,0.00, 0.00
8.36,9.81,0.00, 0.00
8.36,9.81,0.00, 0.00
8.38,9.81,0.99, 0.00
8.38,9.81,0.01, 0.00
8.38,9.81,0.00, 0.00
8.38,9.81,0.00, 0.00
8.38,9.81,0.00, 0.00
8.36,9.81,0.00, 0.00
8.38,9.81,0.99, 0.00
8.38,9.81,0.99, 0.00
8.38,9.81,0.99, 0.00
8.38,9.81,0.99, 0.00
8.38,9.81,0.99, 0.00
8.38,9.81,0.99, 0.00
8.38,9.81,0.99, 0.00
8.38,9.81,0.99, 0.00
8.38,9.81,0.99, 0.00
8.38,9.81,0.99, 0.00
8.38,9.81,0.99, 0.00
8.38,9.81,0.99, 0.00
8.38,9.81,0.99, 0.00
8.38,9.81,0.01, 0.00
8.38,9.81,0.01, 0.00
8.38,9.81,0.01, 0.00
8.38,9.81,0.01, 0.00
8.38,9.81,0.01, 0.00
8.38,9.81,0.01, 0.00
8.38,9.81,0.01, 0.00
8.38,9.81,0.01, 0.00
8.38,9.81,0.01, 0.00
8.38,9.81,0.01, 0.00
8.38,9.81,0.01, 0.00
8.38,9.81,0.01, 0.00
8.38,9.81,0.01, 0.00
8.38,9.81,0.01, 0.00
8.38,9.81,0.01, 0.00
8.38,9.81,0.01, 0.00
8.38,9.81,0.00, 0.00
8.38,9.81,0.00, 0.00
8.38,9.81,0.00, 0.00
8.38,9.81,0.00, 0.00
8.38,9.81,0.00, 0.00
8.38,9.81,0.00, 0.00
8.38,9.81,0.00, 0.00
8.38,9.81,0.00, 0.00
8.38,9.81,0.00, 0.00
8.38,9.81,0.00, 0.00
8.38,9.81,0.00, 0.00
8.38,9.81,0.00, 0.00
8.38,9.81,0.00, 0.00
8.38,9.81,0.00, 0.00
8.38,9.81,0.00, 0.00
8.36,9.81,0.00, 0.00
8.36,9.81,0.00, 0.00
8.36,9.81,0.00, 0.00
8.36,9.81,0.00, 0.00
8.36,9.81,0.00, 0.00
8.36,9.81,0.00, 0.00
8.36,9.81,0.00, 0.00
8.54,8.42,8.87, 0.00
8.54,8.42,8.87, 0.00
8.54,8.42,8.87, 0.00
8.54,8.42,8.87, 0.00
8.54,8.42,8.87, 0.00
8.54,8.42,8.87, 0.00
8.54,8.42,8.87, 0.00
7.20,6.57,0.00, 0.00
7.20,6.57,0.00, 0.00
4.35,4.78,0.00, 0.00
4.35,4.78,0.00, 0.00
4.35,4.78,0.00, 0.00
4.35,4.78,0.00, 0.00
4.35,4.78,0.00, 0.00
4.35,4.78,0.00, 0.00
4.35,4.78,0.00, 0.00
4.35,4.78,0.00, 0.00
4.35,4.78,0.00, 0.00
4.35,4.78,0.00, 0.00
4.35,4.78,0.00, 0.00
4.35,4.78,0.00, 0.00
4.35,4.78,0.00, 0.00
4.35,4.78,0.00, 0.00
4.35,4.78,0.00, 0.00
4.35,4.78,0.00, 0.00
4.35,4.78,0.00, 0.00
4.35,4.78,0.00, 0.00
4.35,4.78,0.00, 0.00
4.35,4.78,0.00, 0.00
4.35,4.78,0.00, 0.00
4.35,4.78,0.00, 0.00
4.35,4.78,0.00, 0.00
4.35,4.78,0.00, 0.00
4.35,4.78,0.00, 0.00
4.35,4.78,0.00, 0.00
4.35,4.78,0.00, 0.00
2.06,2.25,0.00, 0.00
2.06,2.25,0.00, 0.00
2.06,2.25,0.00, 0.00
2.06,2.25,0.00, 0.00
2.06,2.25,0.00, 0.00
2.06,2.25,0.00, 0.00
2.06,2.25,0.00, 0.00
2.06,2.25,0.00, 0.00
2.06,2.25,0.00, 0.00
2.06,2.25,0.00, 0.00
2.06,2.25,0.00, 0.00
2.06,2.25,0.00, 0.00
2.06,2.25,0.00, 0.00
2.06,2.25,0.00, 0.00
2.06,2.25,0.00, 0.00
2.06,2.25,0.00, 0.00
2.06,2.25,0.00, 0.00
2.06,2.25,0.00, 0.00
2.06,2.25,0.00, 0.00
0.42,0.48,0.00, 0.00
0.42,0.48,0.00, 0.00
0.42,0.48,0.00, 0.00
0.42,0.48,0.00, 0.00
0.42,0.48,0.00, 0.00
0.42,0.48,0.00, 0.00
0.42,0.48,0.00, 0.00
0.42,0.48,0.00, 0.00
0.42,0.48,0.00, 0.00
0.42,0.48,0.00, 0.00
0.42,0.48,0.00, 0.00
0.42,0.48,0.00, 0.00
0.42,0.48,0.00, 0.00
0.22,0.32,0.00, 0.00
0.22,0.32,0.00, 0.00
0.22,0.32,0.00, 0.00
0.22,0.32,0.00, 0.00
0.22,0.32,0.00, 0.00
0.22,0.32,0.00, 0.00
0.22,0.32,0.00, 0.00
0.22,0.32,0.00, 0.00
0.22,0.32,0.00, 0.00
0.22,0.32,0.00, 0.00
0.22,0.32,0.00, 0.00
0.22,0.32,0.00, 0.00
0.22,0.32,0.00, 0.00
0.22,0.32,0.00, 0.00
0.22,0.32,0.00, 0.00
0.22,0.32,0.00, 0.00
0.22,0.32,0.00, 0.00
0.22,0.32,0.00, 0.00
0.22,0.32,0.00, 0.00
0.22,0.32,0.00, 0.00
0.22,0.32,0.00, 0.00
0.22,0.32,0.00, 0.00
0.11,0.05,0.00, 0.00
0.11,0.05,0.00, 0.00
0.11,0.05,0.00, 0.00
0.11,0.05,0.00, 0.00
0.11,0.05,0.00, 0.00
0.11,0.05,0.00, 0.00
0.11,0.05,0.00, 0.00
0.11,0.05,0.00, 0.00
0.11,0.05,0.00, 0.00
0.11,0.05,0.00, 0.00
0.11,0.05,0.00, 0.00
0.11,0.05,0.00, 0.00
0.11,0.05,0.00, 0.00
0.11,0.05,0.00, 0.00
0.11,0.05,0.00, 0.00
0.11,0.05,0.00, 0.00
0.00,0.78,0.00, 36.12
2.67,4.86,131.54, 203.39
8.38,9.56,283.23, 234.88
8.38,9.62,4.17, 4.10
8.36,9.65,0.00, 1.26
8.36,9.68,0.00, 1.25
8.36,9.70,0.00, 1.25
8.38,9.73,0.99, 1.25
8.38,9.73,0.99, 1.25
8.36,9.75,0.00, 1.00
8.36,9.78,0.00, 2.00
8.36,9.81,0.00, 1.25
8.38,9.81,0.99, 0.00
8.36,9.81,0.00, 0.00
8.36,9.81,0.00, 0.00
8.38,9.81,0.99, 0.00
8.36,9.81,0.00, 0.00
8.38,9.81,0.99, 0.00
8.36,9.81,0.00, 0.00
8.36,9.81,0.00, 0.00
8.36,9.81,0.00, 0.00
8.36,9.81,0.00, 0.00
8.34,9.81,0.00, 0.00
8.38,9.81,1.97, 0.00
8.38,9.81,1.97, 0.00
8.36,9.81,0.00, 0.00
8.36,9.81,0.00, 0.00
8.36,9.81,0.00, 0.00
8.36,9.81,0.00, 0.00
8.36,9.81,0.00, 0.00
8.36,9.81,0.00, 0.00
8.36,9.81,0.00, 0.00
8.36,9.81,0.00, 0.00
8.36,9.81,0.00, 0.00
8.36,9.81,0.00, 0.00
8.36,9.81,0.00, 0.00
8.36,9.81,0.00, 0.00
8.36,9.81,0.00, 0.00
8.36,9.81,0.00, 0.00
8.36,9.81,0.00, 0.00
8.36,9.81,0.00, 0.00
8.36,9.81,0.00, 0.00
8.36,9.81,0.00, 0.00
8.36,9.81,0.00, 0.00
8.36,9.81,0.00, 0.00
8.36,9.81,0.00, 0.00
8.36,9.81,0.00, 0.00
8.36,9.81,0.00, 0.00
8.36,9.81,0.00, 0.00
8.36,9.81,0.00, 0.00
8.36,9.81,0.00, 0.00
8.34,9.81,0.00, 0.00
8.36,9.81,0.99, 0.00
8.36,9.81,0.01, 0.00
8.36,9.81,0.00, 0.00
8.34,9.81,0.00, 0.00
8.36,9.81,0.99, 0.00
8.34,9.81,0.00, 0.00
8.34,9.81,0.00, 0.00
8.36,9.81,0.99, 0.00
8.36,9.81,0.01, 0.00
8.36,9.81,0.00, 0.00
8.34,9.81,0.00, 0.00
8.34,9.81,0.00, 0.00
8.34,9.81,0.00, 0.00
8.34,9.81,0.00, 0.00
8.34,9.81,0.00, 0.00
8.34,9.81,0.00, 0.00
8.34,9.81,0.00, 0.00
8.34,9.81,0.00, 0.00
8.34,9.81,0.00, 0.00
8.34,9.81,0.00, 0.00
8.34,9.81,0.00, 0.00
8.34,9.81,0.00, 0.00
8.34,9.81,0.00, 0.00
8.34,9.81,0.00, 0.00
8.34,9.81,0.00, 0.00
8.34,9.81,0.00, 0.00
8.34,9.81,0.00, 0.00
8.34,9.81,0.00, 0.00
8.34,9.81,0.00, 0.00
8.34,9.81,0.00, 0.00
8.34,9.81,0.00, 0.00
8.34,9.81,0.00, 0.00
8.34,9.81,0.00, 0.00
8.36,9.81,0.99, 0.00
8.36,9.81,0.99, 0.00
8.36,9.81,0.99, 0.00
8.36,9.81,0.99, 0.00
8.36,9.81,0.01, 0.00
8.34,9.81,0.00, 0.00
8.36,9.70,0.99, 0.00
8.34,9.33,0.00, 0.00
8.34,9.33,0.00, 0.00
8.34,9.33,0.00, 0.00
8.34,9.33,0.00, 0.00
8.34,9.33,0.00, 0.00
8.34,9.33,0.00, 0.00
8.34,9.33,0.00, 0.00
8.34,9.33,0.00, 0.00
8.34,9.33,0.00, 0.00
8.34,9.26,0.00, 0.00
8.34,9.26,0.00, 0.00
8.34,9.26,0.00, 0.00
8.34,9.26,0.00, 0.00
8.34,9.26,0.00, 0.00
8.34,9.26,0.00, 0.00
8.34,9.26,0.00, 0.00
8.34,9.26,0.00, 0.00
8.34,9.26,0.00, 0.00
8.34,9.26,0.00, 0.00
8.34,9.26,0.00, 0.00
8.34,9.26,0.00, 0.00
8.34,9.26,0.00, 0.00
8.34,9.20,0.00, 0.00
8.34,9.15,0.00, 0.00
8.34,9.15,0.00, 0.00
8.34,9.15,0.00, 0.00
8.34,9.15,0.00, 0.00
8.34,9.15,0.00, 0.00
8.34,9.15,0.00, 0.00
8.34,9.15,0.00, 0.00
8.34,9.15,0.00, 0.00
8.34,9.15,0.00, 0.00
8.34,9.15,0.00, 0.00
8.34,9.15,0.00, 0.00
8.32,8.48,0.00, 0.00
8.32,8.48,0.00, 0.00
8.32,8.48,0.00, 0.00
8.32,8.48,0.00, 0.00
8.32,8.48,0.00, 0.00
8.32,8.48,0.00, 0.00
8.32,8.48,0.00, 0.00
8.32,8.48,0.00, 0.00
8.32,8.48,0.00, 0.00
8.32,8.48,0.00, 0.00
8.32,8.48,0.00, 0.00
8.32,8.48,0.00, 0.00
8.32,8.48,0.00, 0.00
8.32,8.48,0.00, 0.00
8.32,8.48,0.00, 0.00
8.32,8.48,0.00, 0.00
8.32,8.48,0.00, 0.00
8.32,8.48,0.00, 0.00
8.32,8.48,0.00, 0.00
8.32,8.48,0.00, 0.00
8.32,8.48,0.00, 0.00
8.32,8.48,0.00, 0.00
8.32,8.48,0.00, 0.00
8.32,8.48,0.00, 0.00
8.32,8.48,0.00, 0.00
8.32,8.48,0.00, 0.00
8.32,8.48,0.00, 0.00
8.32,8.48,0.00, 0.00
8.32,8.48,0.00, 0.00
8.32,8.48,0.00, 0.00
8.32,8.48,0.00, 0.00
8.32,8.48,0.00, 0.00
8.32,8.48,0.00, 0.00
8.32,8.48,0.00, 0.00
8.32,8.48,0.00, 0.00
8.32,8.48,0.00, 0.00
8.32,8.48,0.00, 0.00
8.32,8.48,0.00, 0.00
8.32,8.48,0.00, 0.00
8.32,8.48,0.00, 0.00
8.32,8.48,0.00, 0.00
8.32,8.48,0.00, 0.00
8.32,8.48,0.00, 0.00
8.32,8.48,0.00, 0.00
8.32,8.48,0.00, 0.00
8.32,8.48,0.00, 0.00
8.32,8.48,0.00, 0.00
8.32,8.48,0.00, 0.00
8.32,8.48,0.00, 0.00
8.32,8.48,0.00, 0.00
8.32,8.48,0.00, 0.00
8.32,8.48,0.00, 0.00
8.32,8.48,0.00, 0.00
8.32,8.48,0.00, 0.00
8.32,8.48,0.00, 0.00
8.32,8.48,0.00, 0.00
8.56,7.07,11.82, 0.00
8.56,7.07,11.82, 0.00
8.56,7.07,11.82, 0.00
8.56,7.07,11.82, 0.00
8.56,7.07,11.82, 0.00
8.56,7.07,11.82, 0.00
8.56,7.07,11.82, 0.00
8.56,7.07,11.82, 0.00
8.56,7.07,11.82, 0.00
8.56,7.07,11.82, 0.00
8.56,7.07,11.82, 0.00
8.56,7.07,11.82, 0.00
8.56,7.07,11.82, 0.00
8.56,7.07,11.82, 0.00
8.56,7.07,11.82, 0.00
8.56,7.07,11.82, 0.00
8.56,7.07,11.82, 0.00
8.56,7.07,11.82, 0.00
8.56,7.07,11.82, 0.00
8.56,7.07,11.82, 0.00
8.56,7.07,11.82, 0.00
8.56,7.07,11.82, 0.00
8.56,7.07,11.82, 0.00
8.56,7.07,11.82, 0.00
8.56,7.07,11.82, 0.00
8.56,7.07,11.82, 0.00
8.56,7.07,11.82, 0.00
8.56,7.07,11.82, 0.00
8.56,7.07,11.82, 0.00
8.56,7.07,11.82, 0.00
8.56,7.07,11.82, 0.00
8.56,7.07,11.82, 0.00
8.56,7.07,11.82, 0.00
8.56,7.07,11.82, 0.00
8.56,7.07,11.82, 0.00
8.56,7.07,11.82, 0.00
8.56,7.07,11.82, 0.00
8.56,7.07,11.82, 0.00
8.56,7.07,11.82, 0.00
8.56,7.07,11.82, 0.00
8.56,7.07,11.82, 0.00
8.56,7.07,11.82, 0.00
8.56,7.07,11.82, 0.00
8.56,7.07,11.82, 0.00
8.56,7.07,11.82, 0.00
8.56,7.07,11.82, 0.00
8.56,7.07,11.82, 0.00
8.56,7.07,11.82, 0.00
8.56,7.07,11.82, 0.00
8.56,7.07,11.82, 0.00
8.56,7.07,11.82, 0.00
8.56,7.07,11.82, 0.00
8.56,7.07,11.82, 0.00
8.54,6.90,0.00, 0.00
8.54,6.90,0.00, 0.00
8.54,6.90,0.00, 0.00
4.95,3.88,0.00, 0.00
0.00,0.05,0.00, 0.00
8.36,9.66,411.85, 478.99
8.34,9.71,5.07, 4.24
8.34,9.76,0.07, 2.51
8.34,9.78,0.00, 1.25
8.34,9.81,0.00, 1.25
8.34,9.81,0.00, 0.00
8.36,9.81,0.99, 0.00
8.36,9.81,0.01, 0.00
8.36,9.81,0.00, 0.00
8.34,9.81,0.00, 0.00
8.34,9.81,0.00, 0.00
8.36,9.81,0.99, 0.00
8.34,9.81,0.00, 0.00
8.34,9.81,0.00, 0.00
8.34,9.81,0.00, 0.00
8.34,9.81,0.00, 0.00
8.34,9.81,0.00, 0.00
8.34,9.81,0.00, 0.00
8.34,9.81,0.00, 0.00
8.34,9.81,0.00, 0.00
8.34,9.81,0.00, 0.00
8.34,9.81,0.00, 0.00
8.34,9.81,0.00, 0.00
8.34,9.81,0.00, 0.00
8.34,9.81,0.00, 0.00
8.34,9.81,0.00, 0.00
8.34,9.81,0.00, 0.00
8.34,9.81,0.00, 0.00
8.34,9.81,0.00, 0.00
8.34,9.81,0.00, 0.00
8.34,9.81,0.00, 0.00
8.34,9.81,0.00, 0.00
8.34,9.81,0.00, 0.00
8.34,9.81,0.00, 0.00
8.34,9.81,0.00, 0.00
8.34,9.81,0.00, 0.00
8.34,9.81,0.00, 0.00
8.34,9.81,0.00, 0.00
8.34,9.81,0.00, 0.00
8.34,9.81,0.00, 0.00
8.34,9.81,0.00, 0.00
8.34,9.81,0.00, 0.00
8.34,9.81,0.00, 0.00
8.36,9.81,0.99, 0.00
8.36,9.81,0.99, 0.00
8.36,9.81,0.99, 0.00
8.36,9.81,0.99, 0.00
8.36,9.81,0.99, 0.00
8.36,9.81,0.99, 0.00
8.36,9.81,0.99, 0.00
8.34,9.81,0.00, 0.00
8.34,9.81,0.00, 0.00
8.34,9.81,0.00, 0.00
8.34,9.81,0.00, 0.00
8.34,9.81,0.00, 0.00
8.34,9.81,0.00, 0.00
8.34,9.81,0.00, 0.00
8.34,9.81,0.00, 0.00
8.34,9.81,0.00, 0.00
8.34,9.81,0.00, 0.00
8.34,9.81,0.00, 0.00
8.34,9.81,0.00, 0.00
8.34,9.81,0.00, 0.00
8.34,9.81,0.00, 0.00
8.34,9.81,0.00, 0.00
8.34,9.81,0.00, 0.00
8.34,9.81,0.00, 0.00
8.34,9.81,0.00, 0.00
8.34,9.81,0.00, 0.00
8.34,9.81,0.00, 0.00
8.34,9.81,0.00, 0.00
8.34,9.81,0.00, 0.00
8.34,9.81,0.00, 0.00
8.34,9.81,0.00, 0.00
8.34,9.81,0.00, 0.00
8.34,9.81,0.00, 0.00
8.34,9.81,0.00, 0.00
8.32,9.81,0.00, 0.00
8.34,9.81,0.99, 0.00
8.34,9.81,0.01, 0.00
8.34,9.81,0.00, 0.00
8.34,9.81,0.00, 0.00
8.34,9.81,0.00, 0.00
8.34,9.81,0.00, 0.00
8.34,9.81,0.00, 0.00
8.34,9.81,0.00, 0.00
8.34,9.81,0.00, 0.00
8.34,9.81,0.00, 0.00
8.34,9.81,0.00, 0.00
8.34,9.81,0.00, 0.00
8.34,9.81,0.00, 0.00
8.34,9.79,0.00, 0.00
8.34,9.47,0.00, 0.00
8.32,9.01,0.00, 0.00
8.32,9.01,0.00, 0.00
8.32,9.01,0.00, 0.00
8.32,9.01,0.00, 0.00
8.32,9.01,0.00, 0.00
8.32,9.01,0.00, 0.00
8.32,9.01,0.00, 0.00
8.32,9.01,0.00, 0.00
8.32,9.01,0.00, 0.00
8.32,9.01,0.00, 0.00
8.32,9.01,0.00, 0.00
8.32,8.65,0.00, 0.00
8.32,8.65,0.00, 0.00
8.32,8.65,0.00, 0.00
8.32,8.65,0.00, 0.00
8.32,8.65,0.00, 0.00
8.32,8.65,0.00, 0.00
8.32,8.65,0.00, 0.00
8.32,8.36,0.00, 0.00
8.32,8.36,0.00, 0.00
8.32,8.18,0.00, 0.00
8.32,8.18,0.00, 0.00
8.34,7.72,0.99, 0.00
8.34,7.41,0.01, 0.00
8.32,7.39,0.00, 0.00
8.32,7.39,0.00, 0.00
8.32,7.39,0.00, 0.00
8.32,7.38,0.00, 0.00
8.34,7.40,0.99, 1.25
8.34,7.42,0.01, 1.00
8.34,7.42,0.01, 1.00
8.34,7.42,0.01, 1.00
8.32,7.45,0.00, 1.50
8.32,7.45,0.00, 1.50
8.34,7.45,0.99, 0.01
8.32,7.45,0.00, 0.00
8.32,7.45,0.00, 0.00
8.32,7.45,0.00, 0.00
8.32,7.45,0.00, 0.00
8.32,7.45,0.00, 0.00
8.32,7.45,0.00, 0.00
8.32,7.45,0.00, 0.00
8.32,7.45,0.00, 0.00
8.32,7.45,0.00, 0.00
8.32,7.45,0.00, 0.00
8.32,7.45,0.00, 0.00
8.32,7.45,0.00, 0.00
8.32,7.45,0.00, 0.00
8.32,7.45,0.00, 0.00
8.32,7.45,0.00, 0.00
8.32,7.45,0.00, 0.00
8.32,7.45,0.00, 0.00
8.32,7.45,0.00, 0.00
8.32,7.45,0.00, 0.00
8.32,7.45,0.00, 0.00
8.32,7.45,0.00, 0.00
8.32,7.45,0.00, 0.00
8.32,7.45,0.00, 0.00
8.32,7.45,0.00, 0.00
8.32,7.45,0.00, 0.00
8.32,7.45,0.00, 0.00
8.32,7.45,0.00, 0.00
8.32,7.45,0.00, 0.00
8.32,7.45,0.00, 0.00
8.32,7.45,0.00, 0.00
8.32,7.45,0.00, 0.00
8.32,7.45,0.00, 0.00
8.32,7.45,0.00, 0.00
8.32,7.45,0.00, 0.00
8.32,7.45,0.00, 0.00
8.32,7.45,0.00, 0.00
8.32,7.45,0.00, 0.00
8.32,7.45,0.00, 0.00
8.32,7.45,0.00, 0.00
8.32,7.45,0.00, 0.00
8.32,7.44,0.00, 0.00
8.32,7.38,0.00, 0.00
8.32,7.34,0.00, 0.00
5.27,5.22,0.00, 0.00
5.27,5.22,0.00, 0.00
5.27,5.22,0.00, 0.00
5.27,5.22,0.00, 0.00
5.27,5.22,0.00, 0.00
5.27,5.22,0.00, 0.00
5.27,5.22,0.00, 0.00
5.27,5.22,0.00, 0.00
5.27,5.22,0.00, 0.00
5.27,5.22,0.00, 0.00
5.27,5.22,0.00, 0.00
5.27,5.22,0.00, 0.00
5.27,5.22,0.00, 0.00
5.27,5.22,0.00, 0.00
5.27,5.22,0.00, 0.00
5.27,5.22,0.00, 0.00
5.27,5.22,0.00, 0.00
5.27,5.22,0.00, 0.00
5.27,5.22,0.00, 0.00
5.27,5.22,0.00, 0.00
5.27,5.22,0.00, 0.00
6.48,5.11,59.61, 0.00
6.48,5.11,59.61, 0.00
6.48,5.11,59.61, 0.00
6.48,5.11,59.61, 0.00
6.48,5.11,59.61, 0.00
6.48,5.11,59.61, 0.00
6.48,5.11,59.61, 0.00
6.48,5.11,59.61, 0.00
6.48,5.11,59.61, 0.00
6.48,5.11,59.61, 0.00
6.48,5.11,59.61, 0.00
6.48,5.11,59.61, 0.00
6.48,5.11,59.61, 0.00
6.48,5.11,59.61, 0.00
6.48,5.11,59.61, 0.00
6.48,5.11,59.61, 0.00
6.48,5.11,59.61, 0.00
6.48,5.11,59.61, 0.00
6.48,5.11,59.61, 0.00
6.48,5.11,59.61, 0.00
6.48,5.11,59.61, 0.00
6.48,5.11,59.61, 0.00
6.48,5.11,59.61, 0.00
6.48,5.11,59.61, 0.00
6.48,5.11,59.61, 0.00
6.48,5.11,59.61, 0.00
6.48,5.11,59.61, 0.00
6.48,5.11,59.61, 0.00
6.48,5.11,59.61, 0.00
6.48,5.11,59.61, 0.00
6.48,5.11,59.61, 0.00
6.48,5.11,59.61, 0.00
6.48,5.11,59.61, 0.00
6.48,5.11,59.61, 0.00
6.48,5.11,59.61, 0.00
6.48,5.11,59.61, 0.00
6.48,5.11,59.61, 0.00
6.48,5.11,59.61, 0.00
6.48,5.11,59.61, 0.00
6.48,5.11,59.61, 0.00
6.48,5.11,59.61, 0.00
6.48,5.11,59.61, 0.00
6.48,5.11,59.61, 0.00
6.48,5.11,59.61, 0.00
6.48,5.11,59.61, 0.00
6.48,5.11,59.61, 0.00
6.48,5.11,59.61, 0.00
6.48,5.11,59.61, 0.00
6.48,5.11,59.61, 0.00
6.48,5.11,59.61, 0.00
6.48,5.11,59.61, 0.00
7.31,4.94,41.77, 0.00
7.31,4.94,41.77, 0.00
6.95,4.76,0.00, 0.00
2.08,1.09,0.00, 0.00
2.08,1.09,0.00, 0.00
2.08,1.09,0.00, 0.00
2.08,1.09,0.00, 0.00
0.00,0.16,0.00, 0.00
0.00,0.22,0.00, 2.74
0.00,0.22,0.00, 2.74
0.00,0.22,0.00, 2.74
0.00,0.22,0.00, 2.74
0.00,0.22,0.00, 2.74
0.00,0.25,0.00, 1.75
0.00,0.25,0.00, 1.75
0.00,0.25,0.00, 1.75
0.00,0.25,0.00, 1.75
0.00,0.25,0.00, 1.75
0.00,0.25,0.00, 1.75
0.00,0.25,0.00, 1.75
0.00,0.25,0.00, 1.75
0.00,0.25,0.00, 1.75
0.00,0.25,0.00, 1.75
0.00,0.46,0.00, 10.47
0.00,0.46,0.00, 10.47
0.00,0.46,0.00, 10.47
0.00,0.46,0.00, 10.47
0.00,0.46,0.00, 10.47
0.00,0.54,0.00, 4.02
0.00,0.54,0.00, 4.02
0.00,0.54,0.00, 4.02
0.00,0.54,0.00, 4.02
0.00,1.61,0.00, 53.07
0.62,5.36,30.54, 187.01
0.62,5.36,30.54, 187.01
0.62,5.36,30.54, 187.01
0.62,5.36,30.54, 187.01
0.62,5.36,30.54, 187.01
0.62,5.36,30.54, 187.01
4.33,8.14,183.22, 138.93
7.49,9.40,158.37, 63.53
7.49,9.40,158.37, 63.53
7.49,9.40,158.37, 63.53
7.49,9.40,158.37, 63.53
7.49,9.40,158.37, 63.53
7.91,9.70,23.02, 15.18
7.91,9.70,23.02, 15.18
8.32,9.81,20.54, 5.54
8.32,9.81,0.30, 0.02
8.34,9.81,0.99, 0.00
8.34,9.81,0.01, 0.00
8.34,9.81,0.00, 0.00
8.34,9.81,0.00, 0.00
8.34,9.81,0.00, 0.00
8.34,9.81,0.00, 0.00
8.34,9.81,0.00, 0.00
8.34,9.81,0.00, 0.00
8.34,9.81,0.00, 0.00
8.34,9.81,0.00, 0.00
8.34,9.81,0.00, 0.00
8.34,9.81,0.00, 0.00
8.34,9.81,0.00, 0.00
8.34,9.81,0.00, 0.00
8.34,9.81,0.00, 0.00
8.34,9.81,0.00, 0.00
8.34,9.81,0.00, 0.00
8.34,9.81,0.00, 0.00
8.34,9.81,0.00, 0.00
8.34,9.81,0.00, 0.00
8.34,9.81,0.00, 0.00
8.32,9.81,0.00, 0.00
8.34,9.81,0.99, 0.00
8.34,9.81,0.01, 0.00
8.34,9.81,0.00, 0.00
8.34,9.81,0.00, 0.00
8.32,9.81,0.00, 0.00
8.34,9.81,0.99, 0.00
8.34,9.81,0.01, 0.00
8.34,9.81,0.00, 0.00
8.32,9.81,0.00, 0.00
8.32,9.81,0.00, 0.00
8.32,9.81,0.00, 0.00
8.32,9.81,0.00, 0.00
8.32,9.81,0.00, 0.00
8.32,9.81,0.00, 0.00
8.34,9.81,0.99, 0.00
8.32,9.81,0.00, 0.00
8.34,9.81,0.99, 0.00
8.34,9.81,0.99, 0.00
8.34,9.81,0.01, 0.00
8.34,9.81,0.01, 0.00
8.34,9.81,0.01, 0.00
8.34,9.81,0.01, 0.00
8.32,9.81,0.00, 0.00
8.32,9.81,0.00, 0.00
8.32,9.81,0.00, 0.00
8.32,9.81,0.00, 0.00
8.32,9.81,0.00, 0.00
8.32,9.81,0.00, 0.00
8.32,9.81,0.00, 0.00
8.32,9.81,0.00, 0.00
8.32,9.81,0.00, 0.00
8.32,9.81,0.00, 0.00
8.32,9.81,0.00, 0.00
8.32,9.81,0.00, 0.00
8.32,9.81,0.00, 0.00
8.32,9.81,0.00, 0.00
8.32,9.81,0.00, 0.00
8.32,9.81,0.00, 0.00
8.32,9.81,0.00, 0.00
8.32,9.81,0.00, 0.00
8.34,9.81,0.99, 0.00
8.34,9.81,0.01, 0.00
8.34,9.81,0.00, 0.00
8.32,9.81,0.00, 0.00
8.34,9.81,0.99, 0.00
8.34,9.81,0.01, 0.00
8.32,9.81,0.00, 0.00
8.32,9.81,0.00, 0.00
8.32,9.81,0.00, 0.00
8.32,9.69,0.00, 0.00
8.34,9.60,0.99, 0.00
8.32,9.41,0.00, 0.00
8.32,9.41,0.00, 0.00
8.32,9.24,0.00, 0.00
8.32,9.08,0.00, 0.00
8.32,8.90,0.00, 0.00
8.32,8.67,0.00, 0.00
8.32,8.42,0.00, 0.00
8.32,8.12,0.00, 0.00
8.32,8.12,0.00, 0.00
8.32,7.78,0.00, 0.00
8.32,7.47,0.00, 0.00
8.32,7.22,0.00, 0.00
8.32,7.09,0.00, 0.00
8.32,7.07,0.00, 0.00
8.32,7.07,0.00, 0.00
8.32,7.07,0.00, 0.00
8.32,7.07,0.00, 0.00
8.32,7.07,0.00, 0.00
8.32,7.07,0.00, 0.00
8.32,7.07,0.00, 0.00
8.32,7.07,0.00, 0.00
8.32,7.07,0.00, 0.00
8.32,7.07,0.00, 0.00
8.32,7.07,0.00, 0.00
8.32,7.07,0.00, 0.00
8.32,7.07,0.00, 0.00
8.32,7.07,0.00, 0.00
8.32,7.07,0.00, 0.00
8.32,7.07,0.00, 0.00
8.32,7.07,0.00, 0.00
8.32,7.07,0.00, 0.00
8.32,7.07,0.00, 0.00
8.32,7.07,0.00, 0.00
8.32,7.07,0.00, 0.00
8.32,7.07,0.00, 0.00
8.32,7.07,0.00, 0.00
8.32,7.07,0.00, 0.00
8.32,7.07,0.00, 0.00
8.32,7.07,0.00, 0.00
8.32,7.07,0.00, 0.00
8.32,7.07,0.00, 0.00
8.32,7.07,0.00, 0.00
8.32,7.07,0.00, 0.00
8.32,7.07,0.00, 0.00
8.32,7.07,0.00, 0.00
8.32,7.07,0.00, 0.00
8.32,7.07,0.00, 0.00
8.32,7.07,0.00, 0.00
8.32,7.07,0.00, 0.00
8.32,7.07,0.00, 0.00
8.32,7.07,0.00, 0.00
8.32,7.07,0.00, 0.00
8.32,7.07,0.00, 0.00
8.32,7.07,0.00, 0.00
8.32,7.06,0.00, 0.00
8.32,7.06,0.00, 0.00
8.32,7.06,0.00, 0.00
8.32,7.06,0.00, 0.00
8.32,7.06,0.00, 0.00
8.32,7.06,0.00, 0.00
8.32,7.07,0.00, 0.25
8.32,7.07,0.00, 0.25
8.32,7.07,0.00, 0.25
8.32,7.03,0.00, 0.00
8.32,7.03,0.00, 0.00
8.32,7.03,0.00, 0.00
8.32,7.03,0.00, 0.00
8.32,7.03,0.00, 0.00
8.32,7.03,0.00, 0.00
8.32,7.03,0.00, 0.00
3.18,4.95,0.00, 0.00
3.18,4.95,0.00, 0.00
3.18,4.95,0.00, 0.00
3.18,4.95,0.00, 0.00
3.18,4.95,0.00, 0.00
3.18,4.95,0.00, 0.00
3.18,4.95,0.00, 0.00
3.18,4.95,0.00, 0.00
3.18,4.95,0.00, 0.00
3.18,4.95,0.00, 0.00
3.18,4.95,0.00, 0.00
3.18,4.95,0.00, 0.00
3.18,4.95,0.00, 0.00
3.18,4.95,0.00, 0.00
5.31,3.09,104.93, 0.00
5.31,3.09,104.93, 0.00
5.31,3.09,104.93, 0.00
5.31,3.09,104.93, 0.00
5.31,3.09,104.93, 0.00
5.31,3.09,104.93, 0.00
5.31,3.09,104.93, 0.00
5.31,3.09,104.93, 0.00
5.31,3.09,104.93, 0.00
5.31,3.09,104.93, 0.00
5.31,3.09,104.93, 0.00
5.31,3.09,104.93, 0.00
5.31,3.09,104.93, 0.00
5.31,3.09,104.93, 0.00
4.28,2.88,0.00, 0.00
4.28,2.88,0.00, 0.00
2.44,1.80,0.00, 0.00
2.44,1.80,0.00, 0.00
2.44,1.80,0.00, 0.00
2.44,1.80,0.00, 0.00
2.44,1.80,0.00, 0.00
2.44,1.80,0.00, 0.00
2.44,1.80,0.00, 0.00
2.44,1.80,0.00, 0.00
2.44,1.80,0.00, 0.00
2.44,1.80,0.00, 0.00
2.44,1.80,0.00, 0.00
2.44,1.80,0.00, 0.00
2.44,1.80,0.00, 0.00
2.44,1.80,0.00, 0.00
2.44,1.80,0.00, 0.00
2.44,1.80,0.00, 0.00
2.44,1.80,0.00, 0.00
2.44,1.80,0.00, 0.00
2.44,1.80,0.00, 0.00
2.44,1.80,0.00, 0.00
2.44,1.80,0.00, 0.00
2.44,1.80,0.00, 0.00
2.44,1.80,0.00, 0.00
2.44,1.80,0.00, 0.00
2.44,1.80,0.00, 0.00
2.44,1.80,0.00, 0.00
2.44,1.80,0.00, 0.00
2.44,1.80,0.00, 0.00
2.44,1.80,0.00, 0.00
2.44,1.80,0.00, 0.00
2.44,1.80,0.00, 0.00
2.44,1.80,0.00, 0.00
2.44,1.80,0.00, 0.00
2.44,1.80,0.00, 0.00
2.44,1.80,0.00, 0.00
2.44,1.80,0.00, 0.00
2.44,1.80,0.00, 0.00
0.00,0.31,0.00, 0.00
0.00,0.05,0.00, 0.00
0.00,0.05,0.00, 0.00
0.00,0.05,0.00, 0.00
0.00,0.08,0.00, 1.74
0.00,0.07,0.00, 0.00
0.00,0.10,0.00, 1.74
0.00,0.10,0.00, 1.74
0.00,0.10,0.00, 1.74
0.00,0.10,0.00, 1.74
0.00,0.13,0.00, 1.25
0.00,0.28,0.00, 7.23
0.00,0.41,0.00, 6.50
0.00,0.79,0.00, 19.45
0.00,0.99,0.00, 9.54
0.00,0.99,0.00, 9.54
0.00,0.99,0.00, 9.54
0.00,0.99,0.00, 9.54
0.00,0.99,0.00, 9.54
0.00,0.99,0.00, 9.54
0.00,0.99,0.00, 9.54
0.00,0.99,0.00, 9.54
0.00,0.99,0.00, 9.54
0.00,0.99,0.00, 9.54
0.00,0.99,0.00, 9.54
0.00,0.99,0.00, 9.54
0.00,0.99,0.00, 9.54
0.00,0.99,0.00, 9.54
0.00,0.99,0.00, 9.54
0.00,0.99,0.00, 9.54
0.00,0.99,0.00, 9.54
0.00,0.99,0.00, 9.54
0.00,0.99,0.00, 9.54
0.00,0.99,0.00, 9.54
0.00,0.99,0.00, 9.54
0.00,0.99,0.00, 9.54
0.00,0.99,0.00, 9.54
0.00,0.99,0.00, 9.54
0.00,0.99,0.00, 9.54
0.00,0.99,0.00, 9.54
0.00,1.20,0.00, 10.75
0.00,1.20,0.00, 10.75
0.00,1.42,0.00, 11.25
0.00,1.42,0.00, 11.25
0.00,1.42,0.00, 11.25
0.00,1.42,0.00, 11.25
0.00,1.42,0.00, 11.25
0.00,1.42,0.00, 11.25
0.00,1.42,0.00, 11.25
0.00,1.42,0.00, 11.25
0.00,1.42,0.00, 11.25
0.00,1.42,0.00, 11.25
0.00,1.70,0.00, 13.74
8.38,9.26,412.84, 376.92
8.41,9.49,7.55, 12.84
8.38,9.81,0.00, 15.74
8.38,9.81,0.00, 0.06
8.38,9.81,0.00, 0.00
8.38,9.81,0.00, 0.00
8.38,9.81,0.00, 0.00
8.38,9.81,0.00, 0.00
8.36,9.81,0.00, 0.00
8.38,9.81,0.99, 0.00
8.38,9.81,0.01, 0.00
8.38,9.81,0.00, 0.00
8.36,9.81,0.00, 0.00
8.36,9.81,0.00, 0.00
8.38,9.81,0.99, 0.00
8.36,9.81,0.00, 0.00
8.38,9.81,0.99, 0.00
8.36,9.81,0.00, 0.00
8.36,9.81,0.00, 0.00
8.36,9.81,0.00, 0.00
8.36,9.81,0.00, 0.00
8.36,9.81,0.00, 0.00
8.36,9.81,0.00, 0.00
8.36,9.81,0.00, 0.00
8.36,9.81,0.00, 0.00
8.36,9.81,0.00, 0.00
8.36,9.81,0.00, 0.00
8.36,9.81,0.00, 0.00
8.34,9.81,0.00, 0.00
8.36,9.81,0.99, 0.00
8.36,9.81,0.01, 0.00
8.36,9.81,0.00, 0.00
8.36,9.81,0.00, 0.00
8.36,9.81,0.00, 0.00
8.36,9.81,0.00, 0.00
8.36,9.81,0.00, 0.00
8.36,9.81,0.00, 0.00
8.36,9.81,0.00, 0.00
8.36,9.81,0.00, 0.00
8.36,9.81,0.00, 0.00
8.34,9.81,0.00, 0.00
8.36,9.81,0.99, 0.00
8.34,9.81,0.00, 0.00
8.36,9.81,0.99, 0.00
8.36,9.81,0.99, 0.00
8.36,9.81,0.99, 0.00
8.36,9.81,0.99, 0.00
8.36,9.81,0.99, 0.00
8.36,9.81,0.99, 0.00
8.36,9.81,0.01, 0.00
8.36,9.81,0.00, 0.00
8.36,9.81,0.00, 0.00
8.36,9.81,0.00, 0.00
8.36,9.81,0.00, 0.00
8.36,9.81,0.00, 0.00
8.36,9.81,0.00, 0.00
8.36,9.81,0.00, 0.00
8.36,9.81,0.00, 0.00
8.36,9.81,0.00, 0.00
8.34,9.81,0.00, 0.00
8.34,9.81,0.00, 0.00
8.36,9.81,0.99, 0.00
8.36,9.81,0.01, 0.00
8.34,9.81,0.00, 0.00
8.36,9.81,0.99, 0.00
8.36,9.81,0.01, 0.00
8.36,9.81,0.00, 0.00
8.36,9.81,0.00, 0.00
8.36,9.81,0.00, 0.00
8.36,9.81,0.00, 0.00
8.36,9.81,0.00, 0.00
8.36,9.81,0.00, 0.00
8.34,9.81,0.00, 0.00
8.34,9.81,0.00, 0.00
8.34,9.81,0.00, 0.00
8.36,9.81,0.99, 0.00
8.36,9.81,0.99, 0.00
8.36,9.81,0.99, 0.00
8.36,9.81,0.99, 0.00
8.36,9.81,0.99, 0.00
8.36,9.81,0.99, 0.00
8.36,9.81,0.99, 0.00
8.34,9.81,0.00, 0.00
8.34,9.81,0.00, 0.00
8.36,9.81,0.99, 0.00
8.34,9.81,0.00, 0.00
8.34,9.81,0.00, 0.00
8.34,9.81,0.00, 0.00
8.34,9.81,0.00, 0.00
8.34,9.81,0.00, 0.00
8.34,9.81,0.00, 0.00
8.34,9.81,0.00, 0.00
8.34,9.81,0.00, 0.00
8.34,9.81,0.00, 0.00
8.34,9.81,0.00, 0.00
8.34,9.81,0.00, 0.00
8.34,9.81,0.00, 0.00
8.34,9.81,0.00, 0.00
8.34,9.81,0.00, 0.00
8.34,9.81,0.00, 0.00
8.34,9.81,0.00, 0.00
8.34,9.81,0.00, 0.00
8.34,9.81,0.00, 0.00
8.34,9.81,0.00, 0.00
8.34,9.81,0.00, 0.00
8.34,9.81,0.00, 0.00
8.34,9.81,0.00, 0.00
8.34,9.81,0.00, 0.00
8.34,9.81,0.00, 0.00
8.34,9.81,0.00, 0.00
8.34,9.81,0.00, 0.00
8.34,9.81,0.00, 0.00
8.34,9.81,0.00, 0.00
8.34,9.81,0.00, 0.00
8.34,9.81,0.00, 0.00
8.34,9.81,0.00, 0.00
8.34,9.81,0.00, 0.00
8.34,9.81,0.00, 0.00
8.34,9.81,0.00, 0.00
8.34,9.81,0.00, 0.00
8.34,9.81,0.00, 0.00
8.34,9.81,0.00, 0.00
8.34,9.81,0.00, 0.00
8.34,9.81,0.00, 0.00
8.34,9.81,0.00, 0.00
8.34,9.81,0.00, 0.00
8.34,9.81,0.00, 0.00
8.34,9.81,0.00, 0.00
8.34,9.81,0.00, 0.00
8.34,9.81,0.00, 0.00
8.34,9.81,0.00, 0.00
8.34,9.81,0.00, 0.00
8.34,9.81,0.00, 0.00
8.34,9.81,0.00, 0.00
8.34,9.81,0.00, 0.00
8.34,9.81,0.00, 0.00
8.34,9.81,0.00, 0.00
8.34,9.81,0.00, 0.00
8.34,9.81,0.00, 0.00
8.34,9.81,0.00, 0.00
8.34,9.81,0.00, 0.00
8.34,9.81,0.00, 0.00
8.34,9.81,0.00, 0.00
8.34,9.81,0.00, 0.00
8.34,9.81,0.00, 0.00
8.34,9.81,0.00, 0.00
8.34,9.81,0.00, 0.00
8.34,9.81,0.00, 0.00
8.34,9.81,0.00, 0.00
8.34,9.81,0.00, 0.00
8.34,9.81,0.00, 0.00
8.34,9.81,0.00, 0.00
8.34,9.81,0.00, 0.00
8.34,9.81,0.00, 0.00
8.34,9.81,0.00, 0.00
8.34,9.81,0.00, 0.00
8.34,9.81,0.00, 0.00
8.34,9.81,0.00, 0.00
8.34,9.81,0.00, 0.00
8.34,9.81,0.00, 0.00
8.34,9.81,0.00, 0.00
8.34,9.81,0.00, 0.00
8.34,9.81,0.00, 0.00
8.34,9.72,0.00, 0.00
8.34,9.72,0.00, 0.00
8.34,9.72,0.00, 0.00
8.34,7.99,0.00, 0.00
8.34,7.99,0.00, 0.00
8.34,7.99,0.00, 0.00
8.34,7.99,0.00, 0.00
8.34,7.99,0.00, 0.00
8.34,7.99,0.00, 0.00
8.34,7.99,0.00, 0.00
8.34,7.99,0.00, 0.00
8.34,7.99,0.00, 0.00
8.34,7.99,0.00, 0.00
8.34,7.99,0.00, 0.00
8.34,7.99,0.00, 0.00
8.34,7.99,0.00, 0.00
8.34,7.99,0.00, 0.00
8.34,7.99,0.00, 0.00
8.34,7.99,0.00, 0.00
8.34,7.99,0.00, 0.00
8.34,7.99,0.00, 0.00
8.34,7.99,0.00, 0.00
8.34,7.99,0.00, 0.00
8.34,7.99,0.00, 0.00
8.34,7.99,0.00, 0.00
8.34,7.99,0.00, 0.00
8.34,7.99,0.00, 0.00
8.34,7.99,0.00, 0.00
8.34,7.99,0.00, 0.00
8.34,7.99,0.00, 0.00
8.34,7.99,0.00, 0.00
8.34,7.99,0.00, 0.00
8.34,7.99,0.00, 0.00
8.34,7.99,0.00, 0.00
8.34,7.99,0.00, 0.00
8.34,7.99,0.00, 0.00
8.34,7.99,0.00, 0.00
6.68,5.55,0.00, 0.00
2.17,1.25,0.00, 0.00
2.17,1.25,0.00, 0.00
2.17,1.25,0.00, 0.00
2.17,1.25,0.00, 0.00
2.17,1.25,0.00, 0.00
2.17,1.25,0.00, 0.00
2.17,1.25,0.00, 0.00
2.17,1.25,0.00, 0.00
2.17,1.25,0.00, 0.00
2.17,1.25,0.00, 0.00
2.17,1.25,0.00, 0.00
2.17,1.25,0.00, 0.00
2.17,1.25,0.00, 0.00
2.17,1.25,0.00, 0.00
2.13,1.04,0.00, 0.00
2.13,1.04,0.00, 0.00
2.13,1.04,0.00, 0.00
2.13,1.04,0.00, 0.00
2.13,1.04,0.00, 0.00
2.13,1.04,0.00, 0.00
2.13,1.04,0.00, 0.00
2.13,1.04,0.00, 0.00
2.13,1.04,0.00, 0.00
2.13,1.04,0.00, 0.00
2.13,1.04,0.00, 0.00
2.13,1.04,0.00, 0.00
2.13,1.04,0.00, 0.00
2.13,1.04,0.00, 0.00
2.13,1.04,0.00, 0.00
2.13,1.04,0.00, 0.00
0.74,0.05,0.00, 0.00
0.74,0.05,0.00, 0.00
0.67,0.05,0.00, 0.00
0.67,0.05,0.00, 0.00
0.67,0.05,0.00, 0.00
0.67,0.05,0.00, 0.00
0.67,0.05,0.00, 0.00
0.67,0.05,0.00, 0.00
0.67,0.05,0.00, 0.00
0.67,0.05,0.00, 0.00
0.67,0.05,0.00, 0.00
0.67,0.05,0.00, 0.00
0.67,0.05,0.00, 0.00
0.67,0.05,0.00, 0.00
0.67,0.05,0.00, 0.00
0.67,0.05,0.00, 0.00
0.67,0.05,0.00, 0.00
0.67,0.05,0.00, 0.00
0.67,0.05,0.00, 0.00
0.67,0.05,0.00, 0.00
0.67,0.05,0.00, 0.00
0.67,0.05,0.00, 0.00
0.67,0.05,0.00, 0.00
0.67,0.05,0.00, 0.00
0.67,0.05,0.00, 0.00
0.67,0.05,0.00, 0.00
0.67,0.05,0.00, 0.00
0.67,0.05,0.00, 0.00
0.67,0.05,0.00, 0.00
0.67,0.05,0.00, 0.00
0.67,0.05,0.00, 0.00
0.67,0.05,0.00, 0.00
0.67,0.05,0.00, 0.00
0.67,0.05,0.00, 0.00
0.67,0.05,0.00, 0.00
0.67,0.05,0.00, 0.00
0.67,0.05,0.00, 0.00
0.67,0.05,0.00, 0.00
0.67,0.05,0.00, 0.00
0.67,0.05,0.00, 0.00
0.67,0.05,0.00, 0.00
0.67,0.05,0.00, 0.00
0.67,0.05,0.00, 0.00
0.67,0.05,0.00, 0.00
0.67,0.05,0.00, 0.00
0.67,0.05,0.00, 0.00
0.67,0.05,0.00, 0.00
0.67,0.05,0.00, 0.00
0.67,0.05,0.00, 0.00
0.67,0.05,0.00, 0.00
0.67,0.05,0.00, 0.00
0.67,0.05,0.00, 0.00
0.67,0.05,0.00, 0.00
0.67,0.05,0.00, 0.00
0.67,0.05,0.00, 0.00
0.65,0.05,0.00, 0.00
0.00,0.21,0.00, 8.22
0.00,0.34,0.00, 6.26
8.36,9.69,411.85, 466.31
8.36,9.73,6.06, 3.20
8.36,9.75,0.09, 1.01
8.36,9.77,0.00, 1.25
8.36,9.78,0.00, 0.75
8.36,9.78,0.00, 0.00
8.36,9.78,0.00, 0.00
8.36,9.77,0.00, 0.00
8.36,9.75,0.00, 0.00
8.36,9.76,0.00, 0.50
8.36,9.75,0.00, 0.00
8.34,9.76,0.00, 0.50
8.34,9.81,0.00, 2.24
8.34,9.81,0.00, 0.26
8.34,9.81,0.00, 0.00
8.34,9.81,0.00, 0.00
8.34,9.81,0.00, 0.00
8.34,9.81,0.00, 0.00
8.34,9.81,0.00, 0.00
8.34,9.81,0.00, 0.00
8.34,9.81,0.00, 0.00
8.34,9.81,0.00, 0.00
8.34,9.81,0.00, 0.00
8.34,9.81,0.00, 0.00
8.34,9.81,0.00, 0.00
8.34,9.81,0.00, 0.00
8.34,9.81,0.00, 0.00
8.34,9.81,0.00, 0.00
8.34,9.81,0.00, 0.00
8.34,9.81,0.00, 0.00
8.34,9.81,0.00, 0.00
8.34,9.81,0.00, 0.00
8.36,9.81,0.99, 0.00
8.34,9.81,0.00, 0.00
8.34,9.81,0.00, 0.00
8.34,9.81,0.00, 0.00
8.34,9.81,0.00, 0.00
8.34,9.81,0.00, 0.00
8.34,9.81,0.00, 0.00
8.34,9.81,0.00, 0.00
8.34,9.81,0.00, 0.00
8.34,9.81,0.00, 0.00
8.34,9.81,0.00, 0.00
8.34,9.81,0.00, 0.00
8.34,9.81,0.00, 0.00
8.34,9.81,0.00, 0.00
8.34,9.81,0.00, 0.00
8.34,9.81,0.00, 0.00
8.34,9.81,0.00, 0.00
8.34,9.81,0.00, 0.00
8.34,9.81,0.00, 0.00
8.34,9.81,0.00, 0.00
8.34,9.81,0.00, 0.00
8.34,9.81,0.00, 0.00
8.34,9.81,0.00, 0.00
8.34,9.81,0.00, 0.00
8.34,9.81,0.00, 0.00
8.36,9.81,0.99, 0.00
8.34,9.81,0.00, 0.00
8.34,9.81,0.00, 0.00
8.34,9.81,0.00, 0.00
8.34,9.81,0.00, 0.00
8.34,9.81,0.00, 0.00
8.34,9.81,0.00, 0.00
8.34,9.81,0.00, 0.00
8.34,9.81,0.00, 0.00
8.34,9.81,0.00, 0.00
8.34,9.81,0.00, 0.00
8.34,9.81,0.00, 0.00
8.34,9.81,0.00, 0.00
8.34,9.81,0.00, 0.00
8.34,9.81,0.00, 0.00
8.34,9.81,0.00, 0.00
8.34,9.81,0.00, 0.00
8.34,9.81,0.00, 0.00
8.34,9.81,0.00, 0.00
8.32,9.81,0.00, 0.00
8.34,9.81,0.99, 0.00
8.34,9.81,0.99, 0.00
8.34,9.81,0.01, 0.00
8.34,9.81,0.00, 0.00
8.32,9.81,0.00, 0.00
8.34,9.81,0.99, 0.00
8.32,9.81,0.00, 0.00
8.32,9.81,0.00, 0.00
8.32,9.81,0.00, 0.00
8.32,9.81,0.00, 0.00
8.32,9.81,0.00, 0.00
8.32,9.81,0.00, 0.00
8.34,9.81,0.99, 0.00
8.32,9.81,0.00, 0.00
8.32,9.81,0.00, 0.00
8.32,9.81,0.00, 0.00
8.32,9.81,0.00, 0.00
8.32,9.81,0.00, 0.00
8.32,9.81,0.00, 0.00
8.32,9.81,0.00, 0.00
8.32,9.81,0.00, 0.00
8.32,9.81,0.00, 0.00
8.32,9.81,0.00, 0.00
8.32,9.77,0.00, 0.00
8.32,9.77,0.00, 0.00
8.32,9.77,0.00, 0.00
8.32,9.77,0.00, 0.00
8.32,9.77,0.00, 0.00
8.32,9.77,0.00, 0.00
8.32,9.77,0.00, 0.00
8.32,9.61,0.00, 0.00
8.32,9.61,0.00, 0.00
8.34,9.34,0.99, 0.00
8.34,9.34,0.99, 0.00
8.34,9.34,0.99, 0.00
8.34,9.34,0.99, 0.00
8.34,9.34,0.99, 0.00
8.34,9.34,0.99, 0.00
8.34,9.34,0.99, 0.00
8.34,9.34,0.99, 0.00
8.34,9.34,0.99, 0.00
8.34,9.34,0.99, 0.00
8.34,9.34,0.99, 0.00
8.34,9.34,0.99, 0.00
8.34,9.34,0.99, 0.00
8.34,9.34,0.99, 0.00
8.32,8.60,0.00, 0.00
8.32,8.60,0.00, 0.00
8.32,7.72,0.00, 0.00
8.32,7.72,0.00, 0.00
8.32,7.72,0.00, 0.00
8.32,7.72,0.00, 0.00
8.32,7.72,0.00, 0.00
8.32,7.72,0.00, 0.00
8.32,7.72,0.00, 0.00
8.32,7.72,0.00, 0.00
8.32,7.72,0.00, 0.00
8.32,7.72,0.00, 0.00
8.32,7.72,0.00, 0.00
8.32,7.72,0.00, 0.00
8.32,7.72,0.00, 0.00
8.32,7.72,0.00, 0.00
8.32,7.72,0.00, 0.00
8.32,7.72,0.00, 0.00
8.32,7.72,0.00, 0.00
8.32,7.72,0.00, 0.00
8.32,7.72,0.00, 0.00
8.32,7.72,0.00, 0.00
8.32,7.72,0.00, 0.00
8.32,7.72,0.00, 0.00
8.32,7.72,0.00, 0.00
8.32,7.72,0.00, 0.00
8.32,7.72,0.00, 0.00
8.32,7.72,0.00, 0.00
8.32,7.72,0.00, 0.00
8.32,7.72,0.00, 0.00
8.32,7.72,0.00, 0.00
8.32,7.72,0.00, 0.00
8.32,7.72,0.00, 0.00
8.32,7.72,0.00, 0.00
8.32,7.72,0.00, 0.00
8.34,7.82,0.99, 4.98
8.34,7.82,0.99, 4.98
8.34,7.82,0.99, 4.98
8.34,7.82,0.99, 4.98
8.34,7.82,0.99, 4.98
8.34,7.82,0.99, 4.98
8.34,7.82,0.99, 4.98
8.34,7.82,0.99, 4.98
8.34,7.82,0.99, 4.98
8.34,7.82,0.99, 4.98
8.34,7.82,0.99, 4.98
8.34,7.82,0.99, 4.98
8.34,7.82,0.99, 4.98
8.34,7.82,0.99, 4.98
8.34,7.82,0.99, 4.98
8.34,7.82,0.99, 4.98
8.34,7.82,0.99, 4.98
8.34,7.82,0.99, 4.98
8.34,7.82,0.99, 4.98
8.34,7.82,0.99, 4.98
8.34,7.82,0.99, 4.98
8.32,8.22,0.00, 19.45
8.32,8.22,0.00, 19.45
8.32,8.22,0.00, 19.45
8.32,8.27,0.00, 3.06
4.86,3.16,0.00, 0.00
0.00,0.05,0.00, 0.00
0.00,0.05,0.00, 0.00
0.00,0.05,0.00, 0.00
0.00,0.05,0.00, 0.00
0.00,0.05,0.00, 0.00
0.00,0.04,0.00, 0.00
0.00,0.04,0.00, 0.00
0.00,0.04,0.00, 0.00
0.00,0.04,0.00, 0.00
0.00,0.04,0.00, 0.00
0.00,0.04,0.00, 0.00
0.00,0.04,0.00, 0.00
0.00,0.05,0.00, 1.00
0.00,0.05,0.00, 1.00
0.00,0.05,0.00, 0.00
0.00,0.05,0.00, 0.00
0.00,0.05,0.00, 0.00
0.00,0.05,0.00, 0.00
0.00,0.05,0.00, 0.00
0.00,0.05,0.00, 0.50
0.00,0.05,0.00, 0.00
0.00,0.05,0.00, 0.00
0.00,0.05,0.00, 0.00
0.00,0.05,0.00, 0.00
0.00,0.05,0.00, 0.00
0.00,0.05,0.00, 0.00
0.00,0.05,0.00, 0.00
0.00,0.05,0.00, 0.00
0.00,0.05,0.00, 0.00
0.00,0.05,0.00, 0.00
0.00,0.05,0.00, 0.00
0.00,0.05,0.00, 0.00
0.00,0.05,0.00, 0.00
0.00,0.05,0.00, 0.00
0.00,0.05,0.00, 0.00
0.00,0.05,0.00, 0.00
0.00,0.05,0.00, 0.00
0.00,0.05,0.00, 0.00
0.00,0.05,0.00, 0.00
0.00,0.05,0.00, 0.00
0.00,0.05,0.00, 0.00
0.00,0.05,0.00, 0.00
0.00,0.05,0.00, 0.00
0.00,0.05,0.00, 0.00
0.00,0.05,0.00, 0.00
0.00,0.05,0.00, 0.00
0.00,0.05,0.00, 0.00
0.00,0.05,0.00, 0.00
0.00,0.05,0.00, 0.00
0.00,0.05,0.00, 0.00
0.00,0.05,0.00, 0.00
0.00,0.05,0.00, 0.00
0.00,0.05,0.00, 0.00
0.00,0.05,0.00, 0.00
0.00,0.05,0.00, 0.00
0.00,0.05,0.00, 0.00
0.00,0.05,0.00, 0.00
0.00,0.05,0.00, 0.00
0.00,0.05,0.00, 0.00
0.00,0.63,0.00, 29.14
0.00,0.63,0.00, 29.14
0.00,0.63,0.00, 29.14
0.00,0.64,0.00, 0.60
0.00,0.65,0.00, 0.75
0.00,0.65,0.00, 0.75
0.00,0.65,0.00, 0.75
0.00,0.65,0.00, 0.75
0.00,0.65,0.00, 0.75
0.00,0.65,0.00, 0.75
0.00,0.65,0.00, 0.75
0.00,0.65,0.00, 0.75
0.00,0.65,0.00, 0.75
0.00,0.65,0.00, 0.75
0.00,0.65,0.00, 0.75
0.00,0.65,0.00, 0.75
0.00,0.65,0.00, 0.75
0.00,0.65,0.00, 0.75
0.00,0.65,0.00, 0.75
0.00,0.65,0.00, 0.75
0.00,0.65,0.00, 0.75
0.00,0.65,0.00, 0.75
0.00,0.65,0.00, 0.75
0.00,0.65,0.00, 0.75
0.00,0.65,0.00, 0.75
0.00,0.65,0.00, 0.75
0.00,0.65,0.00, 0.75
0.00,0.65,0.00, 0.75
0.00,0.62,0.00, 0.00
0.00,0.62,0.00, 0.00
0.00,0.51,0.00, 0.00
0.00,0.48,0.00, 0.00
0.00,0.48,0.00, 0.00
0.00,0.48,0.00, 0.00
0.00,0.48,0.00, 0.00
0.00,0.48,0.00, 0.00
0.00,0.48,0.00, 0.00
0.00,0.48,0.00, 0.00
0.00,0.48,0.00, 0.00
0.00,0.48,0.00, 0.00
0.00,0.48,0.00, 0.00
0.00,0.48,0.00, 0.00
0.00,0.48,0.00, 0.00
0.00,0.48,0.00, 0.00
0.00,0.48,0.00, 0.00
0.00,0.48,0.00, 0.00
0.00,1.94,0.00, 72.98
0.00,4.20,0.00, 112.85
0.00,4.20,0.00, 112.85
0.00,4.74,0.00, 27.56
0.00,4.74,0.00, 27.56
2.55,9.81,125.62, 252.42
3.43,9.81,45.20, 0.92
4.39,9.81,47.96, 0.00
6.19,9.81,89.38, 0.00
6.19,9.81,89.38, 0.00
6.19,9.81,89.38, 0.00
6.19,9.81,89.38, 0.00
6.19,9.81,89.38, 0.00
6.19,9.81,89.38, 0.00
7.02,9.81,42.20, 0.00
7.02,9.81,42.20, 0.00
7.02,9.81,42.20, 0.00
7.67,9.81,32.64, 0.00
7.67,9.81,32.64, 0.00
7.67,9.81,32.64, 0.00
7.67,9.81,32.64, 0.00
7.67,9.81,32.64, 0.00
7.67,9.81,32.64, 0.00
7.67,9.81,32.64, 0.00
7.85,9.81,9.35, 0.00
7.85,9.81,9.35, 0.00
8.41,9.81,27.73, 0.00
8.41,9.81,27.73, 0.00
8.41,9.81,0.41, 0.00
8.41,9.81,0.01, 0.00
8.41,9.81,0.01, 0.00
8.41,9.81,0.00, 0.00
8.41,9.81,0.00, 0.00
8.41,9.81,0.00, 0.00
8.41,9.81,0.00, 0.00
8.41,9.81,0.00, 0.00
8.41,9.81,0.00, 0.00
8.38,9.81,0.00, 0.00
8.41,9.81,1.48, 0.00
8.38,9.81,0.00, 0.00
8.38,9.81,0.00, 0.00
8.41,9.81,1.48, 0.00
8.38,9.81,0.00, 0.00
8.38,9.81,0.00, 0.00
8.36,9.81,0.00, 0.00
8.38,9.81,0.99, 0.00
8.38,9.81,0.99, 0.00
8.38,9.81,0.01, 0.00
8.38,9.81,0.00, 0.00
8.38,9.81,0.00, 0.00
8.36,9.81,0.00, 0.00
8.38,9.81,0.99, 0.00
8.38,9.81,0.01, 0.00
8.36,9.81,0.00, 0.00
8.36,9.81,0.00, 0.00
8.36,9.81,0.00, 0.00
8.36,9.81,0.00, 0.00
8.36,9.81,0.00, 0.00
8.36,9.81,0.00, 0.00
8.36,9.81,0.00, 0.00
8.36,9.81,0.00, 0.00
8.36,9.81,0.00, 0.00
8.36,9.81,0.00, 0.00
8.36,9.81,0.00, 0.00
8.36,9.81,0.00, 0.00
8.36,9.81,0.00, 0.00
8.36,9.81,0.00, 0.00
8.34,9.81,0.00, 0.00
8.36,9.81,0.99, 0.00
8.36,9.81,0.01, 0.00
8.36,9.81,0.01, 0.00
8.36,9.81,0.01, 0.00
8.36,9.81,0.01, 0.00
8.36,9.81,0.00, 0.00
8.34,9.81,0.00, 0.00
8.36,9.81,0.99, 0.00
8.36,9.81,0.01, 0.00
8.36,9.81,0.00, 0.00
8.36,9.81,0.00, 0.00
8.34,9.81,0.00, 0.00
8.36,9.81,0.99, 0.00
8.34,9.81,0.00, 0.00
8.36,9.81,0.99, 0.00
8.36,9.81,0.01, 0.00
8.34,9.81,0.00, 0.00
8.34,9.81,0.00, 0.00
8.36,9.81,0.99, 0.00
8.36,9.81,0.01, 0.00
8.36,9.81,0.00, 0.00
8.36,9.81,0.00, 0.00
8.36,9.81,0.00, 0.00
8.36,9.81,0.00, 0.00
8.34,9.81,0.00, 0.00
8.34,9.81,0.00, 0.00
8.36,9.81,0.99, 0.00
8.34,9.81,0.00, 0.00
8.34,9.81,0.00, 0.00
8.36,9.81,0.99, 0.00
8.36,9.81,0.99, 0.00
8.34,9.81,0.00, 0.00
8.34,9.81,0.00, 0.00
8.34,9.81,0.00, 0.00
8.34,9.81,0.00, 0.00
8.34,9.81,0.00, 0.00
8.34,9.81,0.00, 0.00
8.34,9.81,0.00, 0.00
8.34,9.81,0.00, 0.00
8.34,9.81,0.00, 0.00
8.34,9.81,0.00, 0.00
8.34,9.81,0.00, 0.00
8.34,9.81,0.00, 0.00
8.34,9.81,0.00, 0.00
8.34,9.81,0.00, 0.00
8.34,9.81,0.00, 0.00
8.34,9.81,0.00, 0.00
8.34,9.81,0.00, 0.00
8.34,9.81,0.00, 0.00
8.34,9.81,0.00, 0.00
8.34,9.81,0.00, 0.00
8.34,9.81,0.00, 0.00
8.34,9.81,0.00, 0.00
8.34,9.81,0.00, 0.00
8.34,9.81,0.00, 0.00
8.34,9.81,0.00, 0.00
8.34,9.81,0.00, 0.00
8.34,9.81,0.00, 0.00
8.34,9.81,0.00, 0.00
8.34,9.81,0.00, 0.00
8.34,9.81,0.00, 0.00
8.34,9.81,0.00, 0.00
8.34,9.81,0.00, 0.00
8.34,9.81,0.00, 0.00
8.34,9.81,0.00, 0.00
8.34,9.81,0.00, 0.00
8.34,9.81,0.00, 0.00
8.34,9.81,0.00, 0.00
8.32,9.81,0.00, 0.00
8.32,9.81,0.00, 0.00
8.32,9.81,0.00, 0.00
8.32,9.81,0.00, 0.00
8.32,9.81,0.00, 0.00
8.32,9.81,0.00, 0.00
8.32,9.81,0.00, 0.00
8.32,9.81,0.00, 0.00
8.34,9.80,0.99, 0.00
8.34,9.80,0.99, 0.00
8.34,9.80,0.99, 0.00
8.34,9.80,0.99, 0.00
8.34,9.80,0.99, 0.00
8.34,9.80,0.99, 0.00
8.34,9.68,0.01, 0.00
8.34,9.68,0.01, 0.00
8.34,9.68,0.01, 0.00
8.34,9.68,0.01, 0.00
8.34,9.68,0.01, 0.00
8.32,9.69,0.00, 0.50
8.34,9.69,0.99, 0.25
8.34,9.68,0.01, 0.00
8.34,9.68,0.01, 0.00
8.34,9.68,0.01, 0.00
8.34,9.68,0.01, 0.00
8.34,9.68,0.01, 0.00
8.34,9.68,0.01, 0.00
8.34,9.68,0.01, 0.00
8.34,9.68,0.01, 0.00
8.34,9.68,0.01, 0.00
8.34,9.68,0.01, 0.00
8.34,9.68,0.01, 0.00
8.34,9.68,0.01, 0.00
8.34,9.68,0.01, 0.00
8.34,9.68,0.01, 0.00
8.34,9.68,0.01, 0.00
8.34,9.68,0.01, 0.00
8.34,9.68,0.01, 0.00
8.34,9.68,0.01, 0.00
8.34,9.68,0.01, 0.00
8.34,9.68,0.01, 0.00
8.34,9.68,0.01, 0.00
8.34,9.68,0.01, 0.00
8.34,9.68,0.01, 0.00
8.34,9.68,0.01, 0.00
8.34,9.68,0.01, 0.00
8.34,9.68,0.01, 0.00
8.34,9.68,0.01, 0.00
8.34,9.68,0.01, 0.00
8.34,9.68,0.01, 0.00
8.34,9.68,0.01, 0.00
8.34,9.68,0.01, 0.00
8.34,9.68,0.01, 0.00
8.34,9.68,0.01, 0.00
8.34,9.68,0.01, 0.00
8.34,9.68,0.01, 0.00
8.34,9.68,0.01, 0.00
8.34,9.68,0.01, 0.00
8.34,9.68,0.01, 0.00
8.34,9.68,0.01, 0.00
8.34,9.68,0.01, 0.00
8.34,9.68,0.01, 0.00
8.34,9.68,0.01, 0.00
8.32,9.70,0.00, 1.25
8.32,9.70,0.00, 1.25
8.32,9.70,0.00, 1.25
8.34,9.71,0.99, 0.50
8.34,9.71,0.99, 0.50
8.34,9.71,0.99, 0.50
8.34,9.71,0.99, 0.50
8.34,9.71,0.99, 0.50
8.34,9.71,0.99, 0.50
8.34,9.71,0.99, 0.50
8.34,9.71,0.99, 0.50
8.34,9.71,0.99, 0.50
8.34,9.71,0.99, 0.50
8.34,9.71,0.99, 0.50
8.34,9.71,0.99, 0.50
8.34,9.71,0.99, 0.50
8.34,9.71,0.99, 0.50
8.32,9.73,0.00, 0.75
8.32,9.73,0.00, 0.75
8.43,8.35,5.42, 0.00
8.43,8.35,5.42, 0.00
8.41,8.20,0.00, 0.00
6.14,6.01,0.00, 0.00
6.14,6.01,0.00, 0.00
6.14,6.01,0.00, 0.00
6.14,6.01,0.00, 0.00
6.14,6.01,0.00, 0.00
6.14,6.01,0.00, 0.00
6.14,6.01,0.00, 0.00
6.14,6.01,0.00, 0.00
6.14,6.01,0.00, 0.00
6.14,6.01,0.00, 0.00
6.14,6.01,0.00, 0.00
6.14,6.01,0.00, 0.00
6.14,6.01,0.00, 0.00
5.85,5.70,0.00, 0.00
5.85,5.70,0.00, 0.00
5.85,5.70,0.00, 0.00
5.45,5.39,0.00, 0.00
5.45,5.39,0.00, 0.00
5.45,5.39,0.00, 0.00
5.45,5.39,0.00, 0.00
5.45,5.39,0.00, 0.00
5.45,5.39,0.00, 0.00
5.45,5.39,0.00, 0.00
5.45,5.39,0.00, 0.00
5.45,5.39,0.00, 0.00
5.45,5.39,0.00, 0.00
5.45,5.39,0.00, 0.00
5.45,5.39,0.00, 0.00
5.45,5.39,0.00, 0.00
5.45,5.39,0.00, 0.00
5.45,5.39,0.00, 0.00
5.45,5.39,0.00, 0.00
4.95,5.05,0.00, 0.00
4.95,5.05,0.00, 0.00
4.95,5.05,0.00, 0.00
1.07,1.67,0.00, 0.00
1.07,1.67,0.00, 0.00
1.07,1.67,0.00, 0.00
1.07,1.67,0.00, 0.00
1.05,1.47,0.00, 0.00
0.00,0.05,0.00, 0.00
0.00,0.05,0.00, 0.00
0.00,0.05,0.00, 0.00
0.00,0.06,0.00, 0.75
0.00,0.06,0.00, 0.75
0.00,0.06,0.00, 0.75
0.00,0.05,0.00, 0.00
0.00,0.05,0.00, 0.50
0.00,0.05,0.00, 0.50
0.00,0.05,0.00, 0.00
0.00,0.04,0.00, 0.00
0.00,0.04,0.00, 0.00
0.00,0.04,0.00, 0.00
0.00,0.05,0.00, 0.50
0.00,0.05,0.00, 0.50
0.00,0.05,0.00, 0.50
0.00,0.05,0.00, 0.50
0.00,0.05,0.00, 0.50
0.00,0.05,0.00, 0.50
0.00,0.05,0.00, 0.50
0.00,0.05,0.00, 0.50
0.00,0.05,0.00, 0.50
0.00,0.05,0.00, 0.50
0.00,0.05,0.00, 0.50
0.00,0.05,0.00, 0.50
0.00,0.05,0.00, 0.00
0.00,0.05,0.00, 0.00
0.00,0.05,0.00, 0.00
0.00,0.05,0.00, 0.00
0.00,0.05,0.00, 0.00
0.00,0.05,0.00, 0.00
0.00,0.05,0.00, 0.00
0.00,0.05,0.00, 0.00
0.00,0.05,0.00, 0.00
0.00,0.05,0.00, 0.00
0.00,0.05,0.00, 0.00
0.00,0.05,0.00, 0.00
0.00,0.05,0.00, 0.00
0.00,0.05,0.00, 0.00
0.00,0.05,0.00, 0.00
0.00,0.05,0.00, 0.00
0.00,0.05,0.00, 0.00
0.00,0.05,0.00, 0.00
0.00,0.05,0.00, 0.00
0.00,0.05,0.00, 0.00
0.00,0.05,0.00, 0.00
0.00,0.05,0.00, 0.00
0.00,0.05,0.00, 0.00
0.00,0.05,0.00, 0.00
0.00,0.05,0.00, 0.00
0.00,0.05,0.00, 0.00
0.00,0.05,0.00, 0.50
0.00,0.05,0.00, 0.00
0.00,0.26,0.00, 10.96
0.00,3.46,0.00, 159.21
0.00,3.93,0.00, 24.25
0.00,3.93,0.00, 24.25
0.00,3.93,0.00, 24.25
0.06,4.39,2.96, 22.76
0.71,4.82,32.07, 21.50
1.41,5.25,34.96, 21.50
1.41,5.25,34.96, 21.50
1.41,5.25,34.96, 21.50
1.41,5.25,34.96, 21.50
1.41,5.25,34.96, 21.50
3.79,6.52,117.76, 63.10
4.73,6.92,48.04, 20.41
5.72,7.32,49.48, 20.25
7.76,8.28,101.23, 47.90
7.76,8.28,101.23, 47.90
8.18,8.57,22.18, 14.37
8.18,8.57,22.18, 14.37
8.36,8.81,9.19, 12.26
8.36,9.06,0.14, 12.00
8.36,9.29,0.00, 11.75
8.36,9.29,0.00, 11.75
8.36,9.29,0.00, 11.75
8.36,9.29,0.00, 11.75
8.36,9.29,0.00, 11.75
8.38,9.69,0.99, 19.97
8.36,9.79,0.00, 5.05
8.38,9.81,0.99, 1.01
8.38,9.81,0.99, 1.01
8.38,9.81,0.99, 1.01
8.38,9.81,0.99, 1.01
8.38,9.81,0.99, 1.01
8.36,9.81,0.00, 0.00
8.36,9.81,0.00, 0.00
8.38,9.81,0.99, 0.00
8.38,9.81,0.01, 0.00
8.38,9.81,0.01, 0.00
8.38,9.81,0.00, 0.00
8.36,9.81,0.00, 0.00
8.36,9.81,0.00, 0.00
8.36,9.81,0.00, 0.00
8.36,9.81,0.00, 0.00
8.36,9.81,0.00, 0.00
8.36,9.81,0.00, 0.00
8.36,9.81,0.00, 0.00
8.36,9.81,0.00, 0.00
8.36,9.81,0.00, 0.00
8.36,9.81,0.00, 0.00
8.36,9.81,0.00, 0.00
8.34,9.81,0.00, 0.00
8.34,9.81,0.00, 0.00
8.34,9.81,0.00, 0.00
8.36,9.81,0.99, 0.00
8.36,9.81,0.99, 0.00
8.36,9.81,0.99, 0.00
8.36,9.81,0.99, 0.00
8.36,9.81,0.99, 0.00
8.36,9.81,0.01, 0.00
8.36,9.81,0.01, 0.00
8.36,9.81,0.01, 0.00
8.34,9.81,0.00, 0.00
8.36,9.81,0.99, 0.00
8.36,9.81,0.01, 0.00
8.34,9.81,0.00, 0.00
8.34,9.81,0.00, 0.00
8.34,9.81,0.00, 0.00
8.34,9.81,0.00, 0.00
8.34,9.81,0.00, 0.00
8.34,9.81,0.00, 0.00
8.34,9.81,0.00, 0.00
8.34,9.81,0.00, 0.00
8.34,9.81,0.00, 0.00
8.34,9.81,0.00, 0.00
8.34,9.81,0.00, 0.00
8.34,9.81,0.00, 0.00
8.34,9.81,0.00, 0.00
8.34,9.81,0.00, 0.00
8.34,9.81,0.00, 0.00
8.34,9.81,0.00, 0.00
8.34,9.81,0.00, 0.00
8.34,9.81,0.00, 0.00
8.34,9.81,0.00, 0.00
8.34,9.81,0.00, 0.00
8.34,9.81,0.00, 0.00
8.34,9.81,0.00, 0.00
8.32,9.81,0.00, 0.00
8.34,9.81,0.99, 0.00
8.34,9.81,0.01, 0.00
8.34,9.81,0.00, 0.00
8.34,9.81,0.00, 0.00
8.32,9.81,0.00, 0.00
8.34,9.81,0.99, 0.00
8.34,9.81,0.99, 0.00
8.34,9.81,0.01, 0.00
8.34,9.81,0.00, 0.00
8.34,9.81,0.00, 0.00
8.34,9.81,0.00, 0.00
8.32,9.81,0.00, 0.00
8.32,9.81,0.00, 0.00
8.32,9.81,0.00, 0.00
8.34,9.78,0.99, 0.00
8.34,9.78,0.99, 0.00
8.34,9.77,0.01, 0.00
8.32,9.72,0.00, 0.00
8.32,9.67,0.00, 0.00
8.34,9.62,0.99, 0.00
8.34,9.62,0.99, 0.00
8.34,9.62,0.99, 0.00
8.34,9.62,0.99, 0.00
8.34,9.62,0.99, 0.00
8.34,9.62,0.99, 0.00
8.34,9.62,0.99, 0.00
8.32,9.56,0.00, 0.00
8.34,9.45,0.99, 0.00
8.34,9.33,0.01, 0.00
8.32,9.05,0.00, 0.00
8.32,9.01,0.00, 0.00
8.32,8.94,0.00, 0.00
8.32,8.94,0.00, 0.00
8.32,8.94,0.00, 0.00
8.32,8.94,0.00, 0.00
8.32,8.88,0.00, 0.00
8.32,8.79,0.00, 0.00
8.32,8.79,0.00, 0.00
8.32,8.79,0.00, 0.00
8.32,8.79,0.00, 0.00
8.32,8.79,0.00, 0.00
8.32,8.79,0.00, 0.00
8.32,8.79,0.00, 0.00
8.32,8.79,0.00, 0.00
8.32,8.79,0.00, 0.00
8.32,8.79,0.00, 0.00
8.32,8.79,0.00, 0.00
8.32,8.79,0.00, 0.00
8.32,8.79,0.00, 0.00
8.32,8.68,0.00, 0.00
8.32,8.68,0.00, 0.00
8.32,8.68,0.00, 0.00
8.32,8.68,0.00, 0.00
8.32,8.68,0.00, 0.00
8.32,8.68,0.00, 0.00
8.32,8.68,0.00, 0.00
8.32,8.68,0.00, 0.00
8.32,8.68,0.00, 0.00
8.32,8.68,0.00, 0.00
8.32,8.68,0.00, 0.00
8.32,8.68,0.00, 0.00
8.32,8.68,0.00, 0.00
8.32,8.68,0.00, 0.00
8.32,8.68,0.00, 0.00
8.32,8.68,0.00, 0.00
8.32,8.68,0.00, 0.00
8.32,8.68,0.00, 0.00
8.32,8.68,0.00, 0.00
8.34,8.38,0.99, 0.00
8.34,8.27,0.01, 0.00
8.34,8.27,0.01, 0.00
8.34,8.27,0.01, 0.00
8.34,8.27,0.01, 0.00
8.34,8.27,0.01, 0.00
8.34,8.27,0.01, 0.00
8.32,7.43,0.00, 0.00
4.98,5.91,0.00, 0.00
4.98,5.91,0.00, 0.00
4.98,5.91,0.00, 0.00
4.98,5.91,0.00, 0.00
4.98,5.91,0.00, 0.00
4.98,5.91,0.00, 0.00
4.98,5.91,0.00, 0.00
4.98,5.91,0.00, 0.00
4.98,5.91,0.00, 0.00
4.98,5.91,0.00, 0.00
4.98,5.91,0.00, 0.00
4.98,5.91,0.00, 0.00
4.98,5.91,0.00, 0.00
4.98,5.91,0.00, 0.00
4.98,5.91,0.00, 0.00
4.98,5.91,0.00, 0.00
4.98,5.91,0.00, 0.00
4.98,5.91,0.00, 0.00
4.98,5.91,0.00, 0.00
4.98,5.91,0.00, 0.00
4.17,5.75,0.00, 0.00
4.17,5.75,0.00, 0.00
4.17,5.75,0.00, 0.00
4.17,5.75,0.00, 0.00
4.17,5.75,0.00, 0.00
4.17,5.75,0.00, 0.00
4.17,5.75,0.00, 0.00
4.17,5.75,0.00, 0.00
4.17,5.75,0.00, 0.00
4.17,5.75,0.00, 0.00
4.17,5.75,0.00, 0.00
4.17,5.75,0.00, 0.00
4.17,5.75,0.00, 0.00
4.17,5.75,0.00, 0.00
4.17,5.75,0.00, 0.00
4.17,5.75,0.00, 0.00
4.17,5.75,0.00, 0.00
4.17,5.75,0.00, 0.00
4.17,5.75,0.00, 0.00
4.17,5.75,0.00, 0.00
4.17,5.75,0.00, 0.00
4.17,5.75,0.00, 0.00
4.17,5.75,0.00, 0.00
4.17,5.75,0.00, 0.00
4.17,5.75,0.00, 0.00
4.17,5.75,0.00, 0.00
4.17,5.75,0.00, 0.00
4.17,5.75,0.00, 0.00
5.24,4.72,52.71, 0.00
5.74,4.46,25.41, 0.00
5.74,4.46,25.41, 0.00
5.74,4.46,25.41, 0.00
5.74,4.46,25.41, 0.00
5.74,4.46,25.41, 0.00
5.74,4.46,25.41, 0.00
5.74,4.46,25.41, 0.00
5.74,4.46,25.41, 0.00
1.34,0.59,0.00, 0.00
0.00,0.05,0.00, 0.00
0.00,0.05,0.00, 0.00
0.40,0.05,19.71, 0.00
0.22,0.05,0.00, 0.00
0.06,0.05,0.00, 0.50
0.00,0.05,0.00, 0.00
0.00,0.05,0.00, 0.00
0.00,0.05,0.00, 0.00
0.00,0.05,0.00, 0.00
0.00,0.05,0.00, 0.00
0.00,0.05,0.00, 0.00
0.00,0.05,0.00, 0.00
0.00,0.05,0.00, 0.00
0.00,0.05,0.00, 0.00
0.00,0.05,0.00, 0.00
0.00,0.05,0.00, 0.00
0.00,0.05,0.00, 0.00
0.00,0.05,0.00, 0.00
0.00,0.04,0.00, 0.00
0.15,0.05,7.39, 0.50
0.27,0.05,6.02, 0.00
0.06,0.05,0.00, 0.00
0.06,0.05,0.00, 0.00
0.06,0.05,0.00, 0.00
0.06,0.05,0.00, 0.00
0.06,0.05,0.00, 0.00
0.06,0.05,0.00, 0.00
0.06,0.05,0.00, 0.00
0.06,0.05,0.00, 0.00
0.06,0.05,0.00, 0.00
0.06,0.05,0.00, 0.00
0.06,0.05,0.00, 0.00
0.02,0.05,0.00, 0.00
0.02,0.05,0.00, 0.00
0.04,0.05,0.99, 0.00
0.04,0.05,0.99, 0.00
0.04,0.05,0.99, 0.00
0.04,0.05,0.99, 0.00
0.04,0.05,0.99, 0.00
0.04,0.05,0.99, 0.00
0.04,0.05,0.99, 0.00
0.04,0.05,0.99, 0.00
0.04,0.05,0.99, 0.00
0.04,0.05,0.99, 0.00
0.15,0.09,5.43, 2.24
0.15,0.09,5.43, 2.24
0.04,0.19,0.00, 4.74
0.04,0.19,0.00, 4.74
0.04,0.19,0.00, 4.74
0.04,0.19,0.00, 4.74
0.04,0.19,0.00, 4.74
0.04,0.19,0.00, 4.74
0.04,0.19,0.00, 4.74
0.04,0.19,0.00, 4.74
0.04,0.19,0.00, 4.74
0.04,0.19,0.00, 4.74
0.04,0.19,0.00, 4.74
0.04,0.19,0.00, 4.74
0.04,0.19,0.00, 4.74
0.04,0.19,0.00, 4.74
0.04,0.19,0.00, 4.74
0.04,0.19,0.00, 4.74
0.04,0.19,0.00, 4.74
0.04,0.19,0.00, 4.74
0.04,0.19,0.00, 4.74
0.04,0.19,0.00, 4.74
0.04,0.19,0.00, 4.74
0.04,0.19,0.00, 4.74
0.04,0.19,0.00, 4.74
0.04,0.19,0.00, 4.74
0.04,0.19,0.00, 4.74
0.04,0.19,0.00, 4.74
0.04,0.19,0.00, 4.74
0.04,0.19,0.00, 4.74
0.04,0.19,0.00, 4.74
0.04,0.19,0.00, 4.74
0.27,0.27,11.33, 4.50
1.88,1.42,79.48, 57.06
1.88,1.42,79.48, 57.06
1.99,1.72,6.59, 15.40
1.99,1.72,6.59, 15.40
8.41,9.81,316.37, 402.83
8.41,9.81,316.37, 402.83
8.38,9.81,3.18, 1.47
8.38,9.81,0.05, 0.01
8.38,9.81,0.00, 0.00
8.38,9.77,0.00, 0.00
8.36,9.65,0.00, 0.00
8.38,9.55,0.99, 0.00
8.38,9.49,0.01, 0.00
8.36,9.48,0.00, 0.00
8.38,9.52,0.99, 1.99
8.36,9.54,0.00, 1.25
8.36,9.58,0.00, 1.75
8.36,9.61,0.00, 1.75
8.36,9.64,0.00, 1.25
8.36,9.66,0.00, 1.25
8.36,9.68,0.00, 0.75
8.36,9.70,0.00, 1.25
8.36,9.70,0.00, 1.25
8.36,9.73,0.00, 1.25
8.36,9.78,0.00, 2.74
8.36,9.81,0.00, 1.50
8.36,9.81,0.00, 0.01
8.36,9.81,0.00, 0.00
8.34,9.81,0.00, 0.00
8.34,9.81,0.00, 0.00
8.36,9.81,0.99, 0.00
8.34,9.81,0.00, 0.00
8.34,9.81,0.00, 0.00
8.36,9.81,0.99, 0.00
8.36,9.81,0.01, 0.00
8.34,9.81,0.00, 0.00
8.34,9.81,0.00, 0.00
8.34,9.81,0.00, 0.00
8.34,9.81,0.00, 0.00
8.34,9.81,0.00, 0.00
8.34,9.81,0.00, 0.00
8.34,9.81,0.00, 0.00
8.34,9.81,0.00, 0.00
8.34,9.81,0.00, 0.00
8.34,9.81,0.00, 0.00
8.34,9.81,0.00, 0.00
8.34,9.81,0.00, 0.00
8.34,9.81,0.00, 0.00
8.34,9.81,0.00, 0.00
8.34,9.81,0.00, 0.00
8.34,9.81,0.00, 0.00
8.34,9.78,0.00, 0.00
8.34,9.69,0.00, 0.00
8.34,9.61,0.00, 0.00
8.34,9.56,0.00, 0.00
8.34,9.47,0.00, 0.00
8.34,9.40,0.00, 0.00
8.34,9.40,0.00, 0.00
8.34,9.32,0.00, 0.00
8.32,9.22,0.00, 0.00
8.34,9.14,0.99, 0.00
8.32,9.01,0.00, 0.00
8.34,8.88,0.99, 0.00
8.34,8.77,0.01, 0.00
8.34,8.69,0.00, 0.00
8.32,8.61,0.00, 0.00
8.32,8.54,0.00, 0.00
8.32,8.49,0.00, 0.00
8.32,8.41,0.00, 0.00
8.32,8.36,0.00, 0.00
8.34,8.29,0.99, 0.00
8.34,8.29,0.99, 0.00
8.32,8.22,0.00, 0.00
8.32,8.15,0.00, 0.00
8.34,8.11,0.99, 0.00
8.32,8.04,0.00, 0.00
8.34,7.98,0.99, 0.00
8.34,7.98,0.99, 0.00
8.34,7.98,0.99, 0.00
8.34,7.98,0.99, 0.00
8.34,7.98,0.99, 0.00
8.34,7.98,0.99, 0.00
8.34,7.98,0.99, 0.00
8.34,7.98,0.99, 0.00
8.34,7.98,0.99, 0.00
8.34,7.98,0.99, 0.00
8.34,7.98,0.99, 0.00
8.34,7.98,0.99, 0.00
8.32,7.91,0.00, 0.00
8.32,7.91,0.00, 0.00
8.32,7.91,0.00, 0.00
8.32,7.91,0.00, 0.00
8.32,7.91,0.00, 0.00
8.32,7.87,0.00, 0.00
8.32,7.87,0.00, 0.00
8.32,7.81,0.00, 0.00
8.32,7.81,0.00, 0.00
8.32,7.81,0.00, 0.00
8.32,7.81,0.00, 0.00
8.32,7.81,0.00, 0.00
8.32,7.81,0.00, 0.00
8.32,7.81,0.00, 0.00
8.32,7.25,0.00, 0.00
8.32,7.25,0.00, 0.00
8.32,7.25,0.00, 0.00
8.32,7.25,0.00, 0.00
8.32,7.25,0.00, 0.00
8.32,7.25,0.00, 0.00
8.32,7.25,0.00, 0.00
8.32,7.25,0.00, 0.00
8.32,7.25,0.00, 0.00
8.32,7.25,0.00, 0.00
8.32,7.25,0.00, 0.00
8.32,7.25,0.00, 0.00
8.32,7.25,0.00, 0.00
8.32,7.25,0.00, 0.00
8.34,7.15,0.99, 0.00
8.34,7.15,0.99, 0.00
8.34,7.15,0.99, 0.00
8.32,7.14,0.00, 0.00
8.32,7.14,0.00, 0.00
8.32,7.14,0.00, 0.00
8.32,7.14,0.00, 0.00
8.32,7.14,0.00, 0.00
8.32,7.14,0.00, 0.00
8.32,7.14,0.00, 0.00
8.32,7.14,0.00, 0.00
8.32,7.14,0.00, 0.00
8.32,7.14,0.00, 0.00
8.32,7.14,0.00, 0.00
8.32,7.14,0.00, 0.00
8.32,7.14,0.00, 0.00
8.32,7.14,0.00, 0.00
8.32,7.14,0.00, 0.00
8.32,7.14,0.00, 0.00
8.32,7.14,0.00, 0.00
8.32,7.14,0.00, 0.00
8.32,7.14,0.00, 0.00
8.32,7.14,0.00, 0.00
8.32,7.14,0.00, 0.00
8.32,7.14,0.00, 0.00
8.32,7.14,0.00, 0.00
8.32,6.95,0.00, 0.00
4.44,6.18,0.00, 0.00
4.44,6.18,0.00, 0.00
4.44,6.18,0.00, 0.00
4.44,6.18,0.00, 0.00
4.44,6.18,0.00, 0.00
4.44,6.18,0.00, 0.00
4.15,5.97,0.00, 0.00
4.15,5.97,0.00, 0.00
4.15,5.97,0.00, 0.00
4.15,5.97,0.00, 0.00
4.15,5.97,0.00, 0.00
4.15,5.97,0.00, 0.00
4.15,5.97,0.00, 0.00
2.44,0.72,0.00, 0.00
2.22,0.56,0.00, 0.00
1.66,0.21,0.00, 0.00
1.66,0.21,0.00, 0.00
1.66,0.21,0.00, 0.00
1.66,0.21,0.00, 0.00
1.66,0.21,0.00, 0.00
1.66,0.21,0.00, 0.00
1.66,0.21,0.00, 0.00
1.66,0.21,0.00, 0.00
0.00,0.05,0.00, 0.00
0.00,0.05,0.00, 0.00
0.00,0.05,0.00, 0.00
0.00,0.05,0.00, 0.00
0.00,0.05,0.00, 0.00
0.00,0.04,0.00, 0.00
0.40,0.06,19.71, 1.25
0.22,0.06,0.00, 0.00
0.09,0.06,0.00, 0.00
0.00,0.05,0.00, 0.00
0.00,0.05,0.00, 0.00
0.00,0.05,0.00, 0.00
0.00,0.05,0.00, 0.00
0.00,0.05,0.00, 0.00
0.00,0.05,0.00, 0.00
0.00,0.05,0.00, 0.00
0.00,0.05,0.00, 0.00
0.00,0.05,0.00, 0.00
0.00,0.05,0.00, 0.00
0.00,0.05,0.00, 0.00
0.00,0.05,0.00, 0.00
0.00,0.05,0.00, 0.00
0.00,0.05,0.00, 0.00
0.00,0.05,0.00, 0.00
0.00,0.05,0.00, 0.00
0.00,0.05,0.00, 0.00
0.00,0.05,0.00, 0.00
0.00,0.05,0.00, 0.00
0.00,0.05,0.00, 0.00
0.22,0.05,10.84, 0.50
0.00,0.05,0.00, 0.00
0.00,0.05,0.00, 0.00
0.00,0.05,0.00, 0.00
0.00,0.05,0.00, 0.00
0.00,0.05,0.00, 0.00
0.00,0.05,0.00, 0.00
0.00,0.05,0.00, 0.00
0.00,0.05,0.00, 0.00
0.00,0.05,0.00, 0.00
0.00,0.05,0.00, 0.00
0.00,0.05,0.00, 0.00
0.00,0.05,0.00, 0.00
0.00,0.05,0.00, 0.00
0.00,0.05,0.00, 0.00
0.00,0.05,0.00, 0.00
0.00,0.05,0.00, 0.00
0.00,0.05,0.00, 0.00
0.00,0.05,0.00, 0.00
0.00,0.05,0.00, 0.00
0.06,0.05,2.96, 0.50
0.06,0.05,2.96, 0.50
0.06,0.05,2.96, 0.50
0.00,0.09,0.00, 1.75
0.00,0.09,0.00, 1.75
0.00,0.13,0.00, 2.00
0.00,0.13,0.00, 2.00
0.00,0.13,0.00, 2.00
0.00,0.13,0.00, 2.00
0.00,0.13,0.00, 2.00
0.00,0.13,0.00, 2.00
0.00,0.13,0.00, 2.00
0.00,0.13,0.00, 2.00
0.00,0.13,0.00, 2.00
0.00,0.13,0.00, 2.00
0.00,0.13,0.00, 2.00
0.00,0.13,0.00, 2.00
0.00,0.13,0.00, 2.00
0.00,0.13,0.00, 2.00
0.00,0.16,0.00, 1.25
0.00,0.16,0.00, 1.25
0.00,0.16,0.00, 1.25
0.00,0.16,0.00, 1.25
0.00,0.16,0.00, 1.25
0.00,0.16,0.00, 1.25
0.00,0.16,0.00, 1.25
0.00,0.16,0.00, 1.25
0.00,0.16,0.00, 1.25
0.00,0.16,0.00, 1.25
0.00,0.16,0.00, 1.25
0.00,0.16,0.00, 1.25
0.00,0.16,0.00, 1.25
0.00,0.16,0.00, 1.25
0.00,0.16,0.00, 1.25
0.00,0.16,0.00, 1.25
0.00,0.16,0.00, 1.25
0.00,0.16,0.00, 1.25
0.00,0.16,0.00, 1.25
0.00,0.16,0.00, 1.25
0.00,0.16,0.00, 1.25
0.00,0.77,0.00, 30.89
0.00,1.07,0.00, 14.81
0.00,1.07,0.00, 14.81
1.37,5.15,67.49, 203.56
8.38,9.77,346.34, 230.65
8.38,9.81,5.09, 2.84
8.38,9.81,0.07, 0.01
8.38,9.81,0.07, 0.01
8.38,9.81,0.07, 0.01
8.38,9.81,0.07, 0.01
8.36,9.81,0.00, 0.00
8.38,9.81,0.99, 0.00
8.38,9.81,0.01, 0.00
8.38,9.81,0.01, 0.00
8.38,9.81,0.01, 0.00
8.38,9.81,0.01, 0.00
8.38,9.81,0.01, 0.00
8.38,9.81,0.01, 0.00
8.38,9.81,0.01, 0.00
8.38,9.81,0.00, 0.00
8.36,9.81,0.00, 0.00
8.36,9.81,0.00, 0.00
8.36,9.81,0.00, 0.00
8.34,9.81,0.00, 0.00
8.36,9.81,0.99, 0.00
8.36,9.81,0.01, 0.00
8.36,9.81,0.00, 0.00
8.34,9.81,0.00, 0.00
8.34,9.81,0.00, 0.00
8.34,9.81,0.00, 0.00
8.34,9.81,0.00, 0.00
8.34,9.81,0.00, 0.00
8.34,9.81,0.00, 0.00
8.34,9.81,0.00, 0.00
8.34,9.81,0.00, 0.00
8.36,9.81,0.99, 0.00
8.36,9.81,0.01, 0.00
8.34,9.81,0.00, 0.00
8.36,9.81,0.99, 0.00
8.34,9.81,0.00, 0.00
8.34,9.81,0.00, 0.00
8.34,9.81,0.00, 0.00
8.34,9.81,0.00, 0.00
8.34,9.81,0.00, 0.00
8.34,9.81,0.00, 0.00