0.02,0.05,0.99, 2.74
0.00,0.05,0.00, 0.00
0.00,0.05,0.00, 0.00
0.00,0.05,0.00, 0.00
0.00,0.05,0.00, 0.00
0.00,0.05,0.00, 0.00
0.00,0.05,0.00, 0.00
0.06,0.05,2.96, 0.50
0.00,0.05,0.00, 0.00
0.02,0.06,0.99, 0.25
0.11,0.05,4.45, 0.00
0.00,0.05,0.00, 0.50
0.47,0.05,23.15, 0.00
0.00,0.07,0.00, 1.25
0.02,0.05,0.99, 0.00
0.13,0.05,5.43, 0.50
0.00,0.05,0.00, 0.00
0.02,0.05,0.99, 0.00
0.04,0.05,1.00, 0.00
0.02,0.05,0.00, 0.50
0.00,0.05,0.00, 0.00
0.11,0.05,5.42, 0.00
0.00,0.05,0.00, 0.50
0.04,0.06,1.97, 0.25
0.00,0.06,0.00, 0.00
0.00,0.05,0.00, 0.00
0.00,0.05,0.00, 0.00
0.00,0.05,0.00, 0.50
0.06,0.05,2.96, 0.00
0.00,0.05,0.00, 0.00
0.04,0.05,1.97, 0.50
0.06,0.05,1.01, 0.00
0.00,0.05,0.00, 0.00
0.00,0.05,0.00, 0.00
0.00,0.05,0.00, 0.00
0.02,0.05,0.99, 0.00
0.02,0.05,0.01, 0.50
0.04,0.06,0.99, 0.25
0.04,0.07,0.01, 0.50
0.00,0.05,0.00, 0.00
0.00,0.05,0.00, 0.50
0.00,0.05,0.00, 0.00
0.00,0.05,0.00, 0.00
0.00,0.05,0.00, 0.50
0.00,0.05,0.00, 0.00
0.02,0.05,0.99, 0.00
0.00,0.09,0.00, 1.74
0.06,0.29,2.96, 9.97
0.24,0.78,8.91, 24.45
0.29,0.86,2.59, 4.07
0.31,0.95,1.02, 4.75
0.36,1.07,2.48, 5.50
0.42,1.19,2.99, 6.25
0.47,1.35,2.51, 7.74
0.38,1.52,0.00, 8.75
0.31,1.69,0.00, 8.50
0.36,2.26,2.46, 28.43
0.38,2.48,1.02, 11.06
0.40,2.71,1.00, 11.50
0.42,2.98,1.00, 13.49
0.45,3.23,1.49, 12.50
0.58,3.49,6.43, 13.25
0.63,3.77,2.56, 13.75
0.72,4.07,4.47, 14.75
0.83,4.37,5.48, 15.25
1.01,5.06,8.95, 34.68
1.10,5.39,4.57, 16.32
1.28,5.66,8.93, 13.76
1.46,5.93,9.00, 13.25
2.60,6.93,56.29, 49.62
3.02,7.28,21.52, 18.12
3.29,7.46,13.62, 8.78
3.32,7.64,1.68, 8.75
3.34,7.78,1.01, 7.50
3.34,7.95,0.01, 8.50
3.34,8.12,0.00, 8.25
3.32,8.26,0.00, 7.25
3.34,8.40,0.99, 6.50
3.34,8.51,0.01, 5.50
3.34,8.61,0.00, 5.50
3.34,8.70,0.00, 4.50
3.36,8.81,0.99, 5.00
3.34,8.86,0.00, 3.01
3.36,8.90,0.99, 1.51
3.34,8.89,0.00, 0.00
3.36,8.85,0.99, 0.00
3.36,8.82,0.01, 0.00
3.34,8.76,0.00, 0.00
3.34,8.70,0.00, 0.00
3.36,8.65,0.99, 0.00
3.36,8.57,0.01, 0.00
3.34,8.45,0.00, 0.00
3.36,8.30,0.99, 0.00
3.36,8.17,0.01, 0.00
3.34,8.07,0.00, 0.00
3.36,7.96,0.99, 0.00
3.36,7.89,0.01, 0.00
3.34,7.85,0.00, 0.00
3.36,7.80,0.99, 0.00
3.36,7.80,0.01, 0.00
3.34,7.82,0.00, 1.25
3.34,7.86,0.00, 2.25
3.36,7.92,0.99, 2.75
3.36,7.97,0.01, 2.50
3.36,8.02,0.00, 2.50
3.36,8.05,0.00, 1.25
3.34,8.09,0.00, 2.50
3.36,8.16,0.99, 3.25
3.36,8.23,0.01, 3.50
3.34,8.29,0.00, 3.00
3.36,8.38,0.99, 4.25
3.36,8.43,0.01, 3.00
3.36,8.52,0.00, 4.25
3.36,8.59,0.00, 3.50
3.36,8.68,0.00, 4.75
3.36,8.78,0.00, 4.75
3.36,8.85,0.00, 3.75
3.36,8.90,0.00, 2.50
3.34,8.92,0.00, 0.76
3.34,8.93,0.00, 0.50
3.36,8.93,0.99, 0.00
3.34,8.91,0.00, 0.00
3.34,8.90,0.00, 0.00
3.36,8.91,0.99, 0.50
3.36,8.91,0.01, 0.50
3.34,8.93,0.00, 0.50
3.36,8.97,0.99, 1.99
3.36,8.98,0.01, 0.51
3.34,8.99,0.00, 0.50
3.34,9.00,0.00, 0.75
3.36,9.03,0.99, 1.75
3.36,9.06,0.01, 1.00
3.36,9.08,0.00, 1.50
3.36,9.07,0.00, 0.00
3.36,9.04,0.00, 0.00
3.36,9.01,0.00, 0.00
3.36,8.95,0.00, 0.00
3.36,8.91,0.00, 0.00
3.36,8.83,0.00, 0.00
3.36,8.76,0.00, 0.00
3.34,8.66,0.00, 0.00
3.36,8.57,0.99, 0.00
3.36,8.48,0.01, 0.00
3.34,8.38,0.00, 0.00
3.34,8.27,0.00, 0.00
3.36,8.17,0.99, 0.00
3.34,8.08,0.00, 0.00
3.36,7.99,0.99, 0.00
3.36,7.91,0.01, 0.00
3.36,7.84,0.00, 0.00
3.36,7.84,0.00, 0.00
3.36,7.84,0.00, 0.00
3.36,7.84,0.00, 0.00
3.36,7.77,0.00, 0.00
3.36,7.66,0.00, 0.00
3.36,7.56,0.00, 0.00
3.36,7.05,0.00, 0.00
3.34,6.94,0.00, 0.00
3.36,6.83,0.99, 0.00
3.36,6.72,0.01, 0.00
3.36,6.61,0.00, 0.00
3.36,6.50,0.00, 0.00
3.34,6.40,0.00, 0.00
3.36,6.30,0.99, 0.00
3.34,6.20,0.00, 0.00
3.34,6.11,0.00, 0.00
3.36,5.99,0.99, 0.00
3.36,5.87,0.01, 0.00
3.36,5.73,0.00, 0.00
3.36,5.58,0.00, 0.00
3.34,5.44,0.00, 0.00
3.36,5.26,0.99, 0.00
3.34,5.14,0.00, 0.00
3.36,5.01,0.99, 0.00
3.36,5.01,0.99, 0.00
3.36,4.90,0.01, 0.00
3.34,4.83,0.00, 0.00
3.36,4.74,0.99, 0.00
3.36,4.65,0.01, 0.00
3.36,4.59,0.00, 0.00
3.36,4.51,0.00, 0.00
3.36,4.46,0.00, 0.00
3.34,4.38,0.00, 0.00
3.36,4.30,0.99, 0.00
3.34,4.24,0.00, 0.00
3.34,4.16,0.00, 0.00
3.34,4.11,0.00, 0.00
3.34,4.11,0.00, 0.00
3.34,4.03,0.00, 0.00
3.36,3.95,0.99, 0.00
3.34,3.85,0.00, 0.00
3.34,3.73,0.00, 0.00
3.34,3.62,0.00, 0.00
3.34,3.53,0.00, 0.00
3.34,3.53,0.00, 0.00
3.05,3.43,0.00, 0.00
2.04,3.34,0.00, 0.00
3.09,3.24,51.73, 0.00
3.09,3.24,51.73, 0.00
3.34,3.13,13.08, 0.00
2.91,3.05,0.00, 0.00
2.62,2.99,0.00, 0.00
2.96,2.90,16.75, 0.00
2.96,2.90,16.75, 0.00
2.76,2.82,0.00, 0.00
2.55,2.72,0.00, 0.00
2.53,2.59,0.00, 0.00
2.42,2.47,0.00, 0.00
2.17,2.31,0.00, 0.00
2.06,2.12,0.00, 0.00
1.93,1.96,0.00, 0.00
1.77,1.76,0.00, 0.00
1.61,1.59,0.00, 0.00
1.50,1.42,0.00, 0.00
1.37,1.25,0.00, 0.00
1.23,1.02,0.00, 0.00
1.21,0.90,0.00, 0.00
0.94,0.74,0.00, 0.00
0.83,0.57,0.00, 0.00
0.69,0.45,0.00, 0.00
0.58,0.32,0.00, 0.00
0.45,0.21,0.00, 0.00
0.31,0.12,0.00, 0.00
0.31,0.07,0.00, 0.00
0.00,0.06,0.00, 0.00
0.00,0.06,0.00, 0.00
0.00,0.06,0.00, 0.00
0.00,0.06,0.00, 0.00
0.00,0.06,0.00, 0.00
0.00,0.06,0.00, 0.00
0.00,0.06,0.00, 0.00
0.00,0.05,0.00, 0.00
0.00,0.05,0.00, 0.50
0.29,0.05,14.29, 0.00
0.42,0.05,6.61, 0.00
0.54,0.05,6.01, 0.50
0.63,0.06,4.52, 0.25
0.69,0.06,3.02, 0.00
0.74,0.06,2.51, 0.00
0.72,0.05,0.00, 0.00
0.72,0.05,0.00, 0.50
0.65,0.06,0.00, 0.25
0.58,0.06,0.00, 0.00
0.49,0.05,0.00, 0.00
0.42,0.05,0.00, 0.00
0.33,0.05,0.00, 0.00
0.27,0.05,0.00, 0.50
0.24,0.05,0.00, 0.00
0.24,0.05,0.00, 0.00
0.02,0.05,0.00, 0.00
0.02,0.05,0.00, 0.00
0.00,0.07,0.00, 1.25
0.00,0.08,0.00, 0.50
0.11,0.09,5.42, 0.50
0.22,0.30,5.50, 10.46
0.22,0.30,5.50, 10.46
0.22,0.30,5.50, 10.46
0.22,0.30,5.50, 10.46
0.22,0.30,5.50, 10.46
0.22,0.30,5.50, 10.46
0.22,0.30,5.50, 10.46
0.22,0.30,5.50, 10.46
0.29,0.41,3.53, 5.27
0.36,0.54,3.50, 6.99
0.33,0.66,0.00, 6.00
1.99,2.08,81.78, 70.51
2.33,2.24,17.95, 8.23
2.76,2.38,21.45, 7.25
3.14,2.56,19.04, 8.74
3.41,2.70,13.58, 7.26
3.38,2.86,0.00, 7.75
3.36,3.01,0.00, 7.25
3.34,3.14,0.00, 6.75
3.34,3.24,0.00, 4.76
3.36,3.34,0.99, 5.25
3.36,3.39,0.01, 2.51
3.34,3.45,0.00, 3.00
3.36,3.53,0.99, 3.75
3.36,3.57,0.01, 2.50
3.36,3.61,0.00, 1.75
3.34,3.60,0.00, 0.00
3.34,3.61,0.00, 0.25
3.36,3.61,0.99, 0.25
3.36,3.60,0.01, 0.00
3.34,3.55,0.00, 0.00
3.34,3.51,0.00, 0.00
3.34,3.48,0.00, 0.00
3.36,3.45,0.99, 0.00
3.34,3.43,0.00, 0.00
3.36,3.42,0.99, 0.00
3.36,3.39,0.01, 0.00
3.34,3.39,0.00, 0.00
3.34,3.40,0.00, 0.50
3.34,3.37,0.00, 0.00
3.36,3.38,0.99, 0.50
3.36,3.37,0.01, 0.00
3.34,3.38,0.00, 0.50
3.34,3.37,0.00, 0.00
3.36,3.38,0.99, 0.50
3.36,3.40,0.01, 1.25
3.34,3.41,0.00, 0.50
3.34,3.42,0.00, 0.50
3.34,3.46,0.00, 1.99
3.34,3.48,0.00, 0.75
3.36,3.48,0.99, 0.00
3.34,3.50,0.00, 1.00
3.36,3.53,0.99, 1.75
3.36,3.53,0.99, 1.75
3.36,3.59,0.01, 2.50
3.36,3.63,0.00, 2.50
3.36,3.68,0.00, 2.25
3.34,3.75,0.00, 3.50
3.34,3.80,0.00, 2.50
3.34,3.85,0.00, 2.25
3.36,3.88,0.99, 1.50
3.34,3.90,0.00, 1.50
3.34,3.90,0.00, 1.50
3.36,3.91,0.99, 0.25
3.36,3.91,0.99, 0.25
3.36,3.97,0.01, 2.74
3.36,4.00,0.00, 1.75
3.36,4.04,0.00, 2.00
3.36,4.10,0.00, 2.75
3.34,4.16,0.00, 3.25
3.36,4.19,0.99, 1.76
3.36,4.22,0.01, 1.25
3.36,4.24,0.00, 1.00
3.34,4.22,0.00, 0.00
3.36,4.26,0.99, 2.24
3.34,4.27,0.00, 0.26
3.36,4.29,0.99, 1.00
3.36,4.31,0.01, 0.75
3.36,4.31,0.01, 0.75
3.36,4.29,0.00, 0.00
3.36,4.32,0.00, 1.25
3.36,4.32,0.00, 0.00
3.36,4.35,0.00, 1.74
3.36,4.38,0.00, 1.50
3.36,4.39,0.00, 0.50
3.34,4.42,0.00, 1.50
3.34,4.39,0.00, 0.00
3.36,4.39,0.99, 0.00
3.36,4.35,0.01, 0.00
3.34,4.35,0.00, 0.00
3.36,4.32,0.99, 0.00
3.36,4.32,0.99, 0.00
3.34,4.31,0.00, 0.00
3.36,4.27,0.99, 0.00
3.36,4.24,0.01, 0.00
3.36,4.22,0.00, 0.00
3.34,4.18,0.00, 0.00
3.34,4.18,0.00, 0.00
3.34,4.18,0.00, 0.00
3.34,4.18,0.00, 0.00
3.34,4.18,0.00, 0.00
3.34,4.16,0.00, 0.00
3.36,4.14,0.99, 0.00
3.36,4.10,0.01, 0.00
3.36,4.05,0.00, 0.00
3.36,3.99,0.00, 0.00
3.36,3.85,0.00, 0.00
3.34,3.77,0.00, 0.00
3.34,3.77,0.00, 0.00
3.34,3.77,0.00, 0.00
3.36,3.70,0.99, 0.00
3.36,3.70,0.99, 0.00
3.36,3.70,0.99, 0.00
3.36,3.70,0.99, 0.00
3.34,3.62,0.00, 0.00
3.36,3.55,0.99, 0.00
3.34,3.49,0.00, 0.00
1.01,3.14,0.00, 0.00
3.45,3.01,120.21, 0.00
3.43,2.89,0.78, 0.00
3.09,2.79,0.00, 0.00
2.04,2.68,0.00, 0.00
1.72,2.57,0.00, 0.00
2.02,2.41,14.78, 0.00
2.02,2.41,14.78, 0.00
1.88,2.26,0.00, 0.00
1.28,2.11,0.00, 0.00
0.96,1.93,0.00, 0.00
1.05,1.76,4.43, 0.00
0.87,1.62,0.00, 0.00
0.60,1.48,0.00, 0.00
0.47,1.34,0.00, 0.00
0.47,1.20,0.00, 0.00
0.40,1.08,0.00, 0.00
0.24,0.98,0.00, 0.00
0.18,0.87,0.00, 0.00
0.20,0.77,0.99, 0.00
0.11,0.66,0.00, 0.00
0.02,0.57,0.00, 0.00
0.02,0.49,0.00, 0.00
0.02,0.40,0.00, 0.00
0.00,0.34,0.00, 0.00
0.00,0.34,0.00, 0.00
0.00,0.28,0.00, 0.00
0.00,0.22,0.00, 0.00
0.04,0.17,1.97, 0.00
0.15,0.13,5.45, 0.00
0.18,0.09,1.56, 0.00
0.22,0.07,1.99, 0.00
0.36,0.06,6.93, 0.00
0.42,0.05,3.06, 0.00
0.58,0.05,7.93, 0.00
0.58,0.05,7.93, 0.00
0.58,0.05,7.93, 0.00
0.74,0.06,8.00, 0.25
0.83,0.06,4.55, 0.00
0.87,0.06,2.04, 0.00
0.87,0.06,0.03, 0.00
0.83,0.06,0.00, 0.00
0.72,0.06,0.00, 0.00
0.63,0.05,0.00, 0.00
0.51,0.05,0.00, 0.50
0.56,0.05,2.46, 0.00
0.58,0.05,1.02, 0.00
0.60,0.05,1.00, 0.00
0.60,0.05,1.00, 0.00
0.67,0.05,3.46, 0.00
0.67,0.05,0.05, 0.00
0.69,0.05,0.99, 0.00
0.74,0.05,2.48, 0.50
0.76,0.06,1.02, 0.25
0.83,0.06,3.46, 0.00
0.83,0.06,3.46, 0.00
0.80,0.06,0.00, 0.00
0.78,0.06,0.00, 0.00
0.74,0.06,0.00, 0.00
0.74,0.06,0.00, 0.00
0.69,0.06,0.00, 0.00
0.67,0.05,0.00, 0.00
0.67,0.05,0.00, 0.00
0.56,0.08,0.00, 1.74
0.63,0.08,3.45, 0.01
0.54,0.07,0.00, 0.00
0.63,0.07,4.43, 0.00
0.60,0.08,0.00, 0.50
0.67,0.08,3.45, 0.00
0.67,0.12,0.05, 2.24
0.63,0.25,0.00, 6.24
0.65,0.31,0.99, 3.26
0.40,0.41,0.00, 4.74
0.27,0.49,0.00, 3.75
0.24,0.56,0.00, 4.00
0.33,0.66,4.43, 4.75
0.33,0.79,0.07, 6.49
0.40,0.92,3.45, 6.50
0.54,1.07,6.95, 7.50
0.69,1.24,7.49, 8.50
0.83,1.41,7.01, 8.75
0.94,1.58,5.52, 8.25
0.94,1.58,5.52, 8.25
0.94,1.58,5.52, 8.25
0.94,1.58,5.52, 8.25
0.94,1.58,5.52, 8.25
1.10,1.73,7.96, 7.50
1.23,1.90,6.52, 8.75
1.46,2.10,11.43, 9.50
1.61,2.49,7.56, 19.46
1.93,2.66,15.88, 9.04
2.24,2.84,15.51, 8.50
2.49,3.00,12.54, 8.25
2.78,3.15,14.47, 7.50
3.16,3.24,18.93, 4.76
3.16,3.24,18.93, 4.76
3.16,3.24,18.93, 4.76
3.16,3.24,18.93, 4.76
3.16,3.24,18.93, 4.76
3.16,3.24,18.93, 4.76
3.43,3.38,13.58, 6.49
3.38,3.45,0.00, 3.76
3.38,3.53,0.00, 4.00
3.38,3.78,0.00, 12.72
3.36,3.84,0.00, 2.54
3.38,3.88,0.99, 2.50
3.38,3.89,0.01, 0.51
3.36,3.93,0.00, 1.75
3.38,3.97,0.99, 1.75
3.36,3.98,0.00, 0.75
3.36,4.01,0.00, 1.25
3.36,4.01,0.00, 0.50
3.38,3.99,0.99, 0.00
3.38,4.01,0.01, 1.49
3.38,4.03,0.00, 0.50
3.36,4.03,0.00, 0.50
3.36,4.04,0.00, 0.25
3.36,4.04,0.00, 0.25
3.38,4.05,0.99, 0.50
3.38,4.05,0.99, 0.50
3.38,4.05,0.01, 0.00
3.36,4.06,0.00, 0.50
3.36,4.07,0.00, 0.75
3.36,4.11,0.00, 1.75
3.36,4.12,0.00, 0.75
3.36,4.10,0.00, 0.00
3.36,4.12,0.00, 1.00
3.36,4.09,0.00, 0.00
3.36,4.10,0.00, 0.50
3.36,4.10,0.00, 0.00
3.36,4.11,0.00, 0.50
3.36,4.11,0.00, 0.00
3.36,4.11,0.00, 0.00
3.36,4.11,0.00, 0.00
3.29,4.11,0.00, 0.00
3.36,4.10,3.45, 0.00
3.36,4.09,0.05, 0.00
3.36,4.08,0.00, 0.00
3.36,4.09,0.00, 0.25
3.38,4.09,0.99, 0.00
3.36,4.07,0.00, 0.00
3.36,4.07,0.00, 0.00
3.36,4.09,0.00, 1.00
3.36,4.11,0.00, 1.25
3.36,4.11,0.00, 0.00
3.36,4.11,0.00, 0.00
3.36,4.13,0.00, 1.00
3.36,4.14,0.00, 0.25
3.36,4.11,0.00, 0.00
3.36,4.07,0.00, 0.00
3.36,4.04,0.00, 0.00
3.36,4.02,0.00, 0.00
3.36,4.02,0.00, 0.00
3.36,3.99,0.00, 0.00
3.36,3.98,0.00, 0.00
3.36,3.92,0.00, 0.00
3.36,3.87,0.00, 0.00
3.36,3.83,0.00, 0.00
3.36,3.78,0.00, 0.00
3.36,3.78,0.00, 0.00
3.38,3.73,0.99, 0.00
3.36,3.64,0.00, 0.00
3.36,3.59,0.00, 0.00
3.36,3.51,0.00, 0.00
3.36,3.46,0.00, 0.00
3.36,3.42,0.00, 0.00
3.36,3.42,0.00, 0.00
3.36,3.40,0.00, 0.00
3.36,3.38,0.00, 0.00
3.34,3.36,0.00, 0.00
3.36,3.34,0.99, 0.00
3.36,3.33,0.01, 0.00
3.36,3.33,0.01, 0.00
3.36,3.33,0.01, 0.00
3.36,3.31,0.00, 0.00
3.36,3.28,0.00, 0.00
3.36,3.26,0.00, 0.00
3.36,3.19,0.00, 0.00
3.34,3.13,0.00, 0.00
3.36,3.10,0.99, 0.00
3.36,3.08,0.01, 0.00
3.36,3.08,0.00, 0.00
3.36,3.09,0.00, 0.50
3.36,3.11,0.00, 1.25
3.36,3.11,0.00, 0.00
3.36,3.12,0.00, 0.50
3.36,3.12,0.00, 0.50
3.36,3.11,0.00, 0.00
3.36,3.11,0.00, 0.00
3.36,3.11,0.00, 0.00
3.36,3.11,0.00, 0.00
3.34,3.09,0.00, 0.00
3.36,3.03,0.99, 0.00
3.36,2.99,0.01, 0.00
3.36,2.93,0.00, 0.00
3.36,2.89,0.00, 0.00
3.36,2.83,0.00, 0.00
3.36,2.78,0.00, 0.00
3.36,2.76,0.00, 0.00
3.36,2.73,0.00, 0.00
3.36,2.70,0.00, 0.00
3.36,2.68,0.00, 0.00
3.36,2.66,0.00, 0.00
3.36,2.66,0.00, 0.00
3.34,2.61,0.00, 0.00
0.92,2.62,0.00, 0.25
1.30,2.59,18.72, 0.00
3.34,2.52,100.77, 0.00
3.54,2.40,11.34, 0.00
3.47,2.34,0.00, 0.00
3.47,2.34,0.00, 0.00
3.43,2.32,0.00, 0.00
3.09,2.29,0.00, 0.00
2.20,2.20,0.00, 0.00
1.99,2.12,0.00, 0.00
2.17,2.02,8.87, 0.00
2.15,1.89,0.00, 0.00
1.72,1.78,0.00, 0.00
1.34,1.66,0.00, 0.00
1.37,1.54,1.48, 0.00
1.43,1.40,2.98, 0.00
1.43,1.40,2.98, 0.00
1.25,1.25,0.00, 0.00
1.12,1.14,0.00, 0.00
1.14,1.01,0.99, 0.00
1.25,0.91,5.43, 0.00
1.19,0.80,0.00, 0.00
1.25,0.70,2.96, 0.00
1.25,0.60,0.04, 0.00
1.19,0.50,0.00, 0.00
1.12,0.43,0.00, 0.00
1.12,0.43,0.00, 0.00
1.03,0.36,0.00, 0.00
1.03,0.36,0.00, 0.00
0.94,0.28,0.00, 0.00
0.85,0.22,0.00, 0.00
0.76,0.17,0.00, 0.00
0.69,0.13,0.00, 0.00
0.63,0.09,0.00, 0.00
0.56,0.06,0.00, 0.00
0.56,0.06,0.00, 0.00
0.47,0.05,0.00, 0.00
0.42,0.05,0.00, 0.00
0.36,0.05,0.00, 0.00
0.36,0.05,0.00, 0.00
0.09,0.05,0.00, 0.00
0.00,0.05,0.00, 0.50
0.00,0.06,0.00, 0.25
0.00,0.06,0.00, 0.00
0.00,0.06,0.00, 0.00
0.31,0.05,15.27, 0.00
0.42,0.05,5.64, 0.00
0.42,0.05,5.64, 0.00
0.40,0.05,0.00, 0.00
0.45,0.05,2.46, 0.00
0.47,0.05,1.02, 0.00
0.51,0.05,1.99, 0.00
0.51,0.05,0.03, 0.50
0.56,0.06,2.46, 0.25
0.56,0.06,2.46, 0.25
0.56,0.06,0.04, 0.00
0.54,0.05,0.00, 0.00
0.54,0.05,0.00, 0.00
0.54,0.05,0.00, 0.00
0.54,0.07,0.00, 1.25
0.47,0.06,0.00, 0.00
0.24,0.05,0.00, 0.00
0.00,0.06,0.00, 0.75
0.00,0.05,0.00, 0.00
0.00,0.05,0.00, 0.50
0.18,0.05,8.87, 0.00
0.29,0.09,5.55, 2.24
0.40,0.07,5.50, 0.00
0.40,0.07,5.50, 0.00
0.47,0.07,3.53, 0.00
0.47,0.07,3.53, 0.00
0.33,0.08,0.00, 0.50
0.33,0.08,0.00, 0.50
0.27,0.10,0.00, 1.00
0.13,0.19,0.00, 4.74
0.22,0.25,4.43, 2.51
0.15,0.31,0.00, 3.50
0.15,0.38,0.00, 3.50
0.06,0.47,0.00, 4.25
0.04,0.55,0.00, 4.00
0.00,0.63,0.00, 4.00
0.02,0.75,0.99, 5.99
0.09,0.85,3.46, 4.75
0.15,0.99,3.01, 7.24
0.20,1.12,2.51, 6.50
0.29,1.30,4.47, 8.74
0.42,1.44,6.47, 7.26
0.58,1.61,7.98, 8.25
0.58,1.61,7.98, 8.25
0.80,1.74,10.96, 6.76
1.07,1.89,13.46, 7.75
1.32,2.03,12.51, 6.50
1.59,2.16,13.49, 6.75
1.88,2.30,14.49, 7.00
2.17,2.45,14.50, 7.25
2.44,2.56,13.51, 5.51
2.44,2.56,13.51, 5.51
2.44,2.56,13.51, 5.51
2.44,2.56,13.51, 5.51
2.80,2.67,17.93, 5.75
3.23,2.77,21.45, 5.00
3.38,2.84,7.71, 3.51
3.36,2.90,0.00, 3.00
3.36,2.90,0.00, 3.00
3.36,2.90,0.00, 3.00
3.36,2.90,0.00, 3.00
3.36,2.97,0.00, 3.50
3.36,2.97,0.00, 3.50
3.36,3.03,0.00, 2.75
3.38,3.07,0.99, 2.25
3.38,3.17,0.01, 5.24
3.36,3.17,0.00, 0.00
3.36,3.14,0.00, 0.00
3.36,3.14,0.00, 0.00
3.36,3.09,0.00, 0.00
3.36,3.08,0.00, 0.00
3.36,3.07,0.00, 0.00
3.36,2.96,0.00, 0.00
3.36,2.89,0.00, 0.00
3.34,2.84,0.00, 0.00
3.36,2.81,0.99, 0.00
3.36,2.81,0.01, 0.00
3.36,2.80,0.00, 0.00
3.36,2.82,0.00, 1.00
3.36,2.84,0.00, 1.00
3.36,2.89,0.00, 2.49
3.36,2.94,0.00, 2.50
3.36,2.99,0.00, 2.75
3.36,3.03,0.00, 1.75
3.36,3.09,0.00, 3.00
3.36,3.09,0.00, 3.00
3.36,3.11,0.00, 0.76
3.36,3.13,0.00, 1.25
3.36,3.16,0.00, 1.75
3.34,3.20,0.00, 1.75
3.36,3.22,0.99, 1.25
3.36,3.22,0.99, 1.25
3.36,3.22,0.99, 1.25
3.36,3.27,0.01, 2.25
3.36,3.32,0.00, 2.50
3.36,3.32,0.00, 0.01
3.36,3.32,0.00, 0.01
3.36,3.32,0.00, 0.01
3.36,3.32,0.00, 0.01
3.36,3.32,0.00, 0.01
3.36,3.35,0.00, 1.25
3.36,3.36,0.00, 0.75
3.36,3.36,0.00, 0.00
3.36,3.26,0.00, 0.00
3.36,3.20,0.00, 0.00
3.36,3.16,0.00, 0.00
3.36,3.11,0.00, 0.00
3.34,3.10,0.00, 0.00
3.36,3.06,0.99, 0.00
3.36,3.05,0.01, 0.00
3.36,3.05,0.00, 0.00
3.36,3.04,0.00, 0.00
3.36,3.02,0.00, 0.00
3.36,2.99,0.00, 0.00
3.36,2.99,0.00, 0.00
3.36,2.99,0.00, 0.00
3.36,2.99,0.00, 0.00
3.36,2.99,0.00, 0.00
3.36,2.99,0.00, 0.00
3.36,2.99,0.00, 0.00
3.36,2.99,0.00, 0.00
3.36,2.98,0.00, 0.00
3.36,2.94,0.00, 0.00
3.36,2.94,0.00, 0.00
3.36,3.29,0.00, 17.19
3.36,3.39,0.00, 5.29
3.34,3.49,0.00, 5.00
3.36,3.59,0.99, 4.75
3.36,3.67,0.01, 4.25
3.36,3.70,0.00, 1.26
3.36,3.71,0.00, 0.75
3.36,3.71,0.00, 0.75
3.36,3.71,0.00, 0.75
3.36,3.71,0.00, 0.75
3.36,3.71,0.00, 0.75
3.36,3.71,0.00, 0.75
3.36,3.71,0.00, 0.75
3.36,3.71,0.00, 0.75
3.36,3.71,0.00, 0.75
3.36,3.71,0.00, 0.75
3.36,3.71,0.00, 0.75
3.34,3.74,0.00, 1.25
3.34,3.74,0.00, 1.25
3.34,3.74,0.00, 1.25
3.36,3.74,0.99, 0.00
3.36,3.70,0.01, 0.00
3.36,3.47,0.00, 0.00
3.36,3.47,0.00, 0.00
3.36,3.47,0.00, 0.00
3.36,3.47,0.00, 0.00
3.36,3.47,0.00, 0.00
3.36,3.47,0.00, 0.00
3.36,3.47,0.00, 0.00
3.36,3.47,0.00, 0.00
3.36,3.47,0.00, 0.00
3.36,3.41,0.00, 0.00
3.34,3.37,0.00, 0.00
3.36,3.32,0.99, 0.00
3.34,3.05,0.00, 0.00
3.34,3.05,0.00, 0.00
3.34,3.05,0.00, 0.00
3.34,3.05,0.00, 0.00
3.36,3.05,0.99, 0.00
3.36,3.05,0.99, 0.00
3.36,3.05,0.99, 0.00
3.36,2.99,0.01, 0.00
3.36,2.97,0.00, 0.00
2.82,2.82,0.00, 0.00
2.13,2.77,0.00, 0.00
1.70,2.72,0.00, 0.00
1.72,2.66,0.99, 0.00
2.06,2.61,16.76, 0.00
2.35,2.57,14.53, 0.00
2.28,2.55,0.00, 0.00
2.15,2.55,0.00, 0.00
1.93,2.56,0.00, 0.50
2.15,2.49,10.84, 0.00
2.11,2.47,0.00, 0.00
1.88,2.39,0.00, 0.00
1.84,2.30,0.00, 0.00
1.84,2.30,0.00, 0.00
1.72,2.21,0.00, 0.00
1.63,2.13,0.00, 0.00
1.57,2.03,0.00, 0.00
1.57,2.03,0.00, 0.00
1.57,2.03,0.00, 0.00
1.57,2.03,0.00, 0.00
1.57,2.03,0.00, 0.00
1.50,1.95,0.00, 0.00
1.39,1.87,0.00, 0.00
1.30,1.75,0.00, 0.00
0.92,1.36,0.00, 0.00
0.78,1.18,0.00, 0.00
0.67,1.03,0.00, 0.00
0.60,0.86,0.00, 0.00
0.56,0.67,0.00, 0.00
0.51,0.53,0.00, 0.00
0.51,0.40,0.00, 0.00
0.49,0.27,0.00, 0.00
0.49,0.27,0.00, 0.00
0.49,0.19,0.00, 0.00
0.51,0.10,0.99, 0.00
0.45,0.07,0.00, 0.00
0.27,0.06,0.00, 0.00
0.27,0.06,0.00, 0.00
0.27,0.06,0.00, 0.00
0.27,0.06,0.00, 0.00
0.29,0.06,0.99, 0.00
0.02,0.06,0.00, 0.00
0.00,0.06,0.00, 0.00
0.00,0.06,0.00, 0.00
0.15,0.06,7.39, 0.00
0.29,0.05,7.01, 0.00
0.29,0.05,7.01, 0.00
0.33,0.05,2.07, 0.00
0.36,0.05,1.51, 0.00
0.38,0.05,1.01, 0.00
0.38,0.05,0.01, 0.00
0.45,0.05,3.45, 0.00
0.47,0.05,1.04, 0.00
0.49,0.05,1.00, 0.50
0.49,0.06,0.01, 0.25
0.47,0.06,0.00, 0.00
0.47,0.05,0.00, 0.00
0.42,0.05,0.00, 0.50
0.38,0.05,0.00, 0.00
0.38,0.05,0.00, 0.00
0.33,0.05,0.00, 0.00
0.33,0.05,0.00, 0.00
0.33,0.05,0.00, 0.00
0.29,0.05,0.00, 0.00
0.11,0.05,0.00, 0.00
0.02,0.05,0.00, 0.00
0.11,0.05,4.43, 0.00
0.27,0.05,7.95, 0.50
0.38,0.05,5.54, 0.00
0.42,0.05,2.05, 0.00
0.45,0.05,1.51, 0.00
0.45,0.05,0.02, 0.50
0.45,0.05,0.00, 0.00
0.42,0.05,0.00, 0.50
0.40,0.05,0.00, 0.00
0.38,0.06,0.00, 0.50
0.27,0.14,0.00, 3.99
0.09,0.21,0.00, 3.25
0.18,0.32,4.43, 5.49
0.00,0.42,0.00, 5.00
0.02,0.53,0.99, 5.50
0.09,0.63,3.46, 5.00
0.06,0.81,0.00, 8.74
0.06,0.81,0.00, 8.74
0.13,0.96,3.45, 8.00
0.13,0.96,3.45, 8.00
0.29,1.14,7.93, 8.75
0.49,1.34,9.97, 10.00
0.69,1.53,10.00, 9.50
0.98,1.73,14.43, 9.75
1.30,1.90,15.98, 8.75
1.66,2.10,17.97, 9.75
2.04,2.29,18.98, 9.50
2.44,2.45,19.99, 8.25
2.76,2.62,16.06, 8.50
3.11,2.80,17.48, 9.00
3.43,2.95,16.02, 7.26
3.43,2.95,16.02, 7.26
3.43,2.95,16.02, 7.26
3.43,2.95,16.02, 7.26
3.43,2.95,16.02, 7.26
3.43,2.95,16.02, 7.26
3.38,3.11,0.00, 8.25
3.38,3.11,0.00, 8.25
3.36,3.28,0.00, 8.25
3.36,3.45,0.00, 9.00
3.36,3.90,0.00, 22.45
3.36,3.98,0.00, 3.57
3.36,3.98,0.00, 3.57
3.36,4.03,0.00, 3.00
3.36,4.10,0.00, 3.00
3.36,4.14,0.00, 2.50
3.36,4.14,0.00, 0.00
3.36,4.12,0.00, 0.00
3.34,4.09,0.00, 0.00
3.36,4.04,0.99, 0.00
3.36,3.97,0.01, 0.00
3.34,3.92,0.00, 0.00
3.34,3.84,0.00, 0.00
3.36,3.84,0.99, 0.00
3.36,3.81,0.01, 0.00
3.36,3.83,0.00, 1.00
3.36,3.86,0.00, 1.50
3.34,3.89,0.00, 1.75
3.34,3.91,0.00, 1.00
3.34,3.92,0.00, 0.25
3.34,3.94,0.00, 1.00
3.34,3.95,0.00, 0.75
3.34,3.95,0.00, 0.00
3.34,3.95,0.00, 0.00
3.34,3.95,0.00, 0.00
3.36,3.98,0.99, 1.49
3.36,3.93,0.01, 0.00
3.36,4.09,0.00, 7.97
3.34,4.12,0.00, 1.77
3.34,4.12,0.00, 1.77
3.34,4.12,0.00, 1.77
3.34,4.14,0.00, 0.75
3.36,4.12,0.99, 0.00
3.34,4.09,0.00, 0.00
3.34,4.09,0.00, 0.00
3.34,4.09,0.00, 0.00
3.34,4.09,0.00, 0.00
3.34,4.09,0.00, 0.00
3.34,4.07,0.00, 0.00
3.34,4.05,0.00, 0.00
3.34,4.04,0.00, 0.00
3.36,3.90,0.99, 0.00
3.34,3.88,0.00, 0.00
3.34,3.83,0.00, 0.00
3.34,3.77,0.00, 0.00
3.34,3.69,0.00, 0.00
3.34,3.58,0.00, 0.00
3.36,3.55,0.99, 0.00
3.36,3.40,0.01, 0.00
3.36,3.34,0.00, 0.00
3.36,3.29,0.00, 0.00
3.36,3.29,0.00, 0.00
3.34,3.27,0.00, 0.00
3.34,3.24,0.00, 0.00
3.34,3.22,0.00, 0.00
3.36,3.22,0.99, 0.00
3.36,3.20,0.01, 0.00
3.34,3.18,0.00, 0.00
3.34,3.18,0.00, 0.00
3.36,3.15,0.99, 0.00
3.34,3.13,0.00, 0.00
3.34,3.09,0.00, 0.00
3.34,3.03,0.00, 0.00
3.34,2.97,0.00, 0.00
3.34,2.97,0.00, 0.00
3.34,2.97,0.00, 0.00
3.34,2.97,0.00, 0.00
3.34,2.97,0.00, 0.00
3.34,2.97,0.00, 0.00
3.34,2.97,0.00, 0.00
3.36,2.91,0.99, 0.00
3.36,2.91,0.99, 0.00
3.36,2.91,0.99, 0.00
3.34,2.89,0.00, 0.00
3.34,2.89,0.00, 0.00
3.34,2.87,0.00, 0.00
3.34,2.79,0.00, 0.00
3.34,2.76,0.00, 0.00
3.36,2.69,0.99, 0.00
3.34,2.64,0.00, 0.00
3.34,2.64,0.00, 0.00
3.34,2.64,0.00, 0.00
3.36,2.59,0.99, 0.00
3.36,2.59,0.99, 0.00
3.36,2.59,0.99, 0.00
3.36,2.59,0.99, 0.00
3.36,2.59,0.99, 0.00
3.34,2.55,0.00, 0.00
3.34,2.51,0.00, 0.00
3.34,2.43,0.00, 0.00
3.34,2.30,0.00, 0.00
3.36,2.27,0.99, 0.00
3.34,2.22,0.00, 0.00
3.34,2.16,0.00, 0.00
3.34,2.16,0.00, 0.00
3.34,2.16,0.00, 0.00
3.34,2.16,0.00, 0.00
3.34,2.16,0.00, 0.00
3.34,2.09,0.00, 0.00
3.34,2.04,0.00, 0.00
3.34,2.04,0.00, 0.00
3.34,1.97,0.00, 0.00
1.90,1.73,0.00, 0.00
2.24,1.68,16.75, 0.00
3.20,1.64,47.54, 0.00
3.38,1.58,9.57, 0.00
3.27,1.52,0.00, 0.00
2.96,1.46,0.00, 0.00
2.78,1.42,0.00, 0.00
2.35,1.37,0.00, 0.00
2.82,1.26,23.15, 0.00
3.02,1.16,10.19, 0.00
2.60,1.06,0.00, 0.00
2.60,1.06,0.00, 0.00
2.60,1.06,0.00, 0.00
2.28,0.95,0.00, 0.00
2.49,0.84,10.35, 0.00
2.20,0.73,0.00, 0.00
1.99,0.62,0.00, 0.00
1.95,0.53,0.00, 0.00
1.81,0.44,0.00, 0.00
1.59,0.34,0.00, 0.00
1.54,0.26,0.00, 0.00
1.59,0.19,2.46, 0.00
1.63,0.14,2.01, 0.00
1.54,0.09,0.00, 0.00
1.43,0.07,0.00, 0.00
1.39,0.06,0.00, 0.00
0.96,0.06,0.00, 0.00
0.80,0.05,0.00, 0.00
0.58,0.05,0.00, 0.50
0.31,0.05,0.00, 0.00
0.11,0.07,0.00, 0.75
0.00,0.04,0.00, 0.00
0.00,0.05,0.00, 0.50
0.00,0.05,0.00, 0.00
0.00,0.05,0.00, 0.00
0.00,0.05,0.00, 0.00
0.00,0.05,0.00, 0.00
0.00,0.05,0.00, 0.50
0.00,0.06,0.00, 0.25
0.00,0.06,0.00, 0.25
0.24,0.07,11.82, 0.50
0.54,0.06,14.95, 0.00
0.54,0.06,14.95, 0.00
0.74,0.06,10.07, 0.00
0.67,0.06,0.00, 0.00
0.58,0.06,0.00, 0.00
0.49,0.05,0.00, 0.00
0.45,0.05,0.00, 0.00
0.42,0.05,0.00, 0.00
0.42,0.05,0.00, 0.50
0.40,0.05,0.00, 0.00
0.36,0.05,0.00, 0.00
0.40,0.05,1.97, 0.00
0.45,0.05,2.49, 0.50
0.51,0.05,2.99, 0.00
0.54,0.05,1.52, 0.50
0.54,0.05,1.52, 0.50
0.29,0.06,0.00, 0.25
0.02,0.06,0.00, 0.00
0.00,0.06,0.00, 0.00
0.00,0.05,0.00, 0.00
0.00,0.08,0.00, 1.74
0.00,0.10,0.00, 1.25
0.00,0.10,0.00, 1.25
0.18,0.16,8.87, 2.74
0.00,0.25,0.00, 4.74
0.00,0.31,0.00, 3.01
0.11,0.34,5.42, 1.26
0.22,0.41,5.50, 3.49
0.36,0.47,6.98, 3.00
0.36,0.47,6.98, 3.00
0.42,0.54,3.06, 3.50
0.51,0.62,4.48, 4.00
0.58,0.71,3.51, 4.50
0.69,0.79,5.47, 4.00
0.80,0.88,5.50, 4.75
0.96,0.97,7.96, 4.25
0.96,0.97,7.96, 4.25
0.96,0.97,7.96, 4.25
0.96,0.97,7.96, 4.25
0.96,0.97,7.96, 4.25
0.96,0.97,7.96, 4.25
1.03,1.05,3.57, 4.00
1.39,1.14,17.79, 4.75
1.61,1.24,11.10, 4.50
2.73,1.68,55.34, 22.19
3.05,1.82,16.58, 6.81
3.36,1.94,15.52, 6.50
3.36,2.04,0.23, 4.76
3.36,2.12,0.00, 3.75
3.36,2.18,0.00, 3.50
3.36,2.22,0.00, 2.01
3.34,2.24,0.00, 0.51
3.34,2.22,0.00, 0.00
3.34,2.22,0.00, 0.00
3.34,2.22,0.00, 0.00
3.34,2.22,0.00, 0.00
3.34,2.22,0.00, 0.00
3.34,2.22,0.00, 0.00
3.34,2.22,0.00, 0.00
3.36,2.24,0.99, 0.75
3.34,2.22,0.00, 0.00
3.36,2.20,0.99, 0.00
3.34,2.18,0.00, 0.00
3.34,2.18,0.00, 0.00
3.34,2.16,0.00, 0.00
3.34,2.17,0.00, 0.50
3.34,2.17,0.00, 0.00
3.34,2.20,0.00, 1.49
3.36,2.22,0.99, 1.25
3.36,2.25,0.01, 1.25
3.34,2.28,0.00, 1.25
3.36,2.30,0.99, 1.00
3.36,2.30,0.01, 0.25
3.34,2.30,0.00, 0.00
3.36,2.30,0.99, 0.00
3.34,2.29,0.00, 0.00
3.36,2.26,0.99, 0.00
3.34,2.24,0.00, 0.00
3.34,2.24,0.00, 0.00
3.34,2.22,0.00, 0.00
3.36,2.20,0.99, 0.00
3.34,2.20,0.00, 0.00
3.36,2.21,0.99, 0.50
3.34,2.24,0.00, 1.75
3.34,2.22,0.00, 0.00
3.36,2.22,0.99, 0.25
3.34,2.22,0.00, 0.00
3.34,2.27,0.00, 2.24
3.34,2.30,0.00, 1.25
3.34,2.37,0.00, 3.74
3.34,2.36,0.00, 0.00
3.34,2.37,0.00, 0.25
3.34,2.34,0.00, 0.00
3.36,2.33,0.99, 0.00
3.34,2.33,0.00, 0.00
3.34,2.33,0.00, 0.00
3.34,2.31,0.00, 0.00
3.34,2.30,0.00, 0.00
3.34,2.29,0.00, 0.00
3.34,2.29,0.00, 0.00
3.36,2.26,0.99, 0.00
3.36,2.26,0.01, 0.00
3.36,2.26,0.01, 0.00
3.34,2.25,0.00, 0.00
3.34,2.25,0.00, 0.00
3.34,2.22,0.00, 0.00
3.34,2.16,0.00, 0.00
3.34,2.11,0.00, 0.00
3.34,2.06,0.00, 0.00
3.34,2.06,0.00, 0.00
3.34,2.06,0.00, 0.00
3.34,2.11,0.00, 2.24
3.34,2.12,0.00, 1.00
3.34,2.16,0.00, 2.00
3.34,2.24,0.00, 3.49
3.36,2.28,0.99, 2.25
3.36,2.28,0.99, 2.25
3.34,2.31,0.00, 1.50
3.34,2.36,0.00, 2.25
3.34,2.36,0.00, 0.01
3.34,2.34,0.00, 0.00
3.34,2.34,0.00, 0.00
3.34,2.29,0.00, 0.00
3.34,2.29,0.00, 0.00
3.34,2.32,0.00, 1.49
3.34,2.26,0.00, 0.00
3.34,2.23,0.00, 0.00
3.34,2.19,0.00, 0.00
3.34,2.18,0.00, 0.00
3.34,2.13,0.00, 0.00
3.34,2.13,0.00, 0.00
3.34,2.10,0.00, 0.00
3.34,2.09,0.00, 0.00
3.36,2.04,0.99, 0.00
3.34,2.05,0.00, 0.50
3.34,2.00,0.00, 0.00
3.34,1.99,0.00, 0.00
3.34,1.99,0.00, 0.00
3.34,1.98,0.00, 0.00
3.36,1.96,0.99, 0.00
3.36,1.96,0.01, 0.00
3.34,1.94,0.00, 0.00
3.34,1.93,0.00, 0.00
3.36,1.92,0.99, 0.00
3.36,1.92,0.99, 0.00
3.34,1.88,0.00, 0.00
3.36,1.86,0.99, 0.00
3.34,1.84,0.00, 0.00
3.34,1.80,0.00, 0.00
3.34,1.80,0.00, 0.00
3.34,1.75,0.00, 0.00
3.34,1.72,0.00, 0.00
3.34,1.67,0.00, 0.00
3.34,1.63,0.00, 0.00
3.34,1.59,0.00, 0.00
3.34,1.52,0.00, 0.00
3.34,1.48,0.00, 0.00
0.74,1.49,0.00, 0.50
0.74,1.49,0.00, 0.50
1.79,1.38,51.73, 0.00
3.47,1.34,83.53, 0.00
3.45,1.30,0.24, 0.00
3.20,1.19,0.00, 0.00
2.37,1.28,0.00, 4.23
2.37,1.28,0.00, 4.23
2.37,1.28,0.00, 4.23
2.04,1.26,0.00, 0.00
2.94,1.23,44.34, 0.00
2.49,1.19,0.00, 0.00
2.26,1.13,0.00, 0.00
2.49,1.11,11.33, 0.00
2.28,1.03,0.00, 0.00
2.28,1.03,0.00, 0.00
2.02,0.97,0.00, 0.00
2.02,0.97,0.00, 0.00
2.08,0.90,2.96, 0.00
2.02,0.79,0.00, 0.00
1.90,0.59,0.00, 0.00
1.81,0.50,0.00, 0.00
1.81,0.38,0.00, 0.00
1.81,0.38,0.00, 0.00
1.81,0.38,0.00, 0.00
1.81,0.31,0.00, 0.00
1.77,0.23,0.00, 0.00
1.79,0.18,0.99, 0.00
1.79,0.12,0.01, 0.00
1.75,0.08,0.00, 0.00
1.77,0.07,0.99, 0.00
1.57,0.07,0.00, 0.00
1.34,0.06,0.00, 0.00
1.23,0.06,0.00, 0.00
0.94,0.06,0.00, 0.00
0.94,0.06,0.00, 0.00
0.94,0.06,0.00, 0.00
0.65,0.05,0.00, 0.00
0.24,0.04,0.00, 0.00
0.00,0.05,0.00, 1.00
0.00,0.05,0.00, 0.00
0.00,0.05,0.00, 0.00
0.00,0.05,0.00, 0.00
0.00,0.05,0.00, 0.00
0.00,0.05,0.00, 0.00
0.00,0.05,0.00, 0.00
0.00,0.05,0.00, 0.00
0.00,0.05,0.00, 0.00
0.00,0.05,0.00, 0.00
0.00,0.05,0.00, 0.00
0.00,0.05,0.00, 0.00
0.00,0.05,0.00, 0.00
0.00,0.05,0.00, 0.00
0.00,0.05,0.00, 0.00
0.00,0.05,0.00, 0.00
0.00,0.05,0.00, 0.00
0.00,0.05,0.00, 0.00
0.00,0.05,0.00, 0.00
0.60,0.06,29.56, 0.75
0.20,0.05,0.00, 0.00
0.00,0.05,0.00, 0.50
0.00,0.05,0.00, 0.00
0.00,0.05,0.00, 0.50
0.00,0.05,0.00, 0.00
0.00,0.05,0.00, 0.00
0.00,0.07,0.00, 0.75
0.00,0.07,0.00, 0.00
0.00,0.08,0.00, 0.50
0.15,0.09,7.39, 0.75
0.15,0.10,0.11, 0.50
0.09,0.12,0.00, 0.75
0.00,0.19,0.00, 3.24
0.00,0.26,0.00, 3.75
0.00,0.36,0.00, 5.00
0.00,0.46,0.00, 5.00
0.00,0.58,0.00, 5.75
0.13,0.71,6.40, 6.50
0.13,0.71,6.40, 6.50
0.13,0.71,6.40, 6.50
0.24,0.84,5.51, 6.50
0.40,1.01,7.96, 8.74
0.56,1.21,8.00, 10.24
0.56,1.21,8.00, 10.24
0.72,1.41,8.00, 10.00
0.89,1.60,8.49, 9.00
1.25,1.75,17.86, 7.75
1.63,1.89,18.98, 7.25
2.02,2.01,19.49, 6.00
2.37,2.17,17.53, 7.74
2.37,2.17,17.53, 7.74
2.37,2.17,17.53, 7.74
2.37,2.17,17.53, 7.74
2.37,2.17,17.53, 7.74
2.37,2.17,17.53, 7.74
2.37,2.17,17.53, 7.74
2.80,2.24,21.44, 3.27
3.27,2.32,23.47, 4.50
3.34,2.45,3.79, 6.24
3.36,2.88,1.04, 21.20
3.36,2.93,0.02, 3.07
3.34,2.99,0.00, 2.50
3.36,3.05,0.99, 3.00
3.36,3.09,0.01, 2.00
3.34,3.11,0.00, 1.00
3.36,3.13,0.99, 1.25
3.34,3.15,0.00, 1.25
3.34,3.16,0.00, 0.25
3.34,3.12,0.00, 0.00
3.34,3.10,0.00, 0.00
3.36,3.06,0.99, 0.00
3.34,3.03,0.00, 0.00
3.34,2.98,0.00, 0.00
3.34,2.99,0.00, 0.50
3.34,2.99,0.00, 0.50
3.36,2.90,0.99, 0.00
3.34,2.85,0.00, 0.00
3.34,2.82,0.00, 0.00
3.36,2.82,0.99, 0.25
3.34,2.84,0.00, 0.75
3.36,2.87,0.99, 1.50
3.36,2.87,0.99, 1.50
3.34,2.92,0.00, 2.99
3.34,2.95,0.00, 1.26
3.34,2.96,0.00, 0.75
3.36,2.98,0.99, 0.75
3.36,2.98,0.99, 0.75
3.34,2.97,0.00, 0.00
3.34,2.97,0.00, 0.00
3.34,2.99,0.00, 1.00
3.34,3.00,0.00, 0.50
3.34,3.00,0.00, 0.00
3.36,3.03,0.99, 1.74
3.36,3.03,0.99, 1.74
3.36,3.07,0.01, 1.75
3.36,3.08,0.00, 0.26
3.34,3.09,0.00, 0.50
3.34,3.06,0.00, 0.00
3.34,3.05,0.00, 0.00
3.34,3.05,0.00, 0.00
3.34,3.05,0.00, 0.00
3.34,3.06,0.00, 0.50
3.34,3.06,0.00, 0.00
3.34,3.07,0.00, 0.50
3.36,3.07,0.99, 0.00
3.32,3.06,0.00, 0.00
3.34,3.05,0.99, 0.00
3.34,3.05,0.99, 0.00
3.34,3.03,0.01, 0.00
3.34,3.06,0.00, 1.25
3.34,2.99,0.00, 0.00
3.36,2.99,0.99, 0.25
3.34,3.00,0.00, 0.50
3.36,3.03,0.99, 1.25
3.34,3.05,0.00, 1.00
3.34,3.05,0.00, 0.25
3.34,3.05,0.00, 0.25
3.34,3.06,0.00, 0.50
3.34,3.03,0.00, 0.00
3.34,2.99,0.00, 0.00
3.34,2.94,0.00, 0.00
3.34,2.94,0.00, 0.00
3.34,2.87,0.00, 0.00
3.34,2.87,0.00, 0.00
3.36,2.79,0.99, 0.00
3.36,2.79,0.99, 0.00
3.36,2.79,0.99, 0.00
3.36,2.79,0.99, 0.00
3.36,2.79,0.99, 0.00
3.36,2.79,0.99, 0.00
3.36,2.79,0.99, 0.00
3.34,2.72,0.00, 0.00
3.34,2.72,0.00, 0.00
3.34,2.63,0.00, 0.00
3.34,2.58,0.00, 0.00
3.34,2.58,0.00, 0.00
3.34,2.45,0.00, 0.00
3.34,2.42,0.00, 0.00
3.34,2.35,0.00, 0.00
3.34,2.31,0.00, 0.00
3.34,2.24,0.00, 0.00
3.34,2.17,0.00, 0.00
3.34,2.10,0.00, 0.00
3.34,2.05,0.00, 0.00
3.34,2.03,0.00, 0.00
3.34,2.01,0.00, 0.00
3.34,2.00,0.00, 0.00
3.34,1.98,0.00, 0.00
3.34,1.96,0.00, 0.00
3.34,1.96,0.00, 0.00
3.34,1.96,0.00, 0.00
3.34,1.96,0.00, 0.00
3.36,1.94,0.99, 0.00
3.36,1.91,0.01, 0.00
3.34,1.89,0.00, 0.00
3.36,1.88,0.99, 0.00
3.34,1.83,0.00, 0.00
3.34,1.78,0.00, 0.00
3.34,1.74,0.00, 0.00
3.34,1.70,0.00, 0.00
3.34,1.70,0.00, 0.00
3.34,1.65,0.00, 0.00
3.34,1.60,0.00, 0.00
2.87,1.55,0.00, 0.00
0.00,1.50,0.00, 0.00
2.02,1.38,99.51, 0.00
3.47,1.32,72.90, 0.00
3.47,1.25,1.07, 0.00
3.47,1.25,1.07, 0.00
3.47,1.25,1.07, 0.00
2.78,1.18,0.00, 0.00
1.28,1.12,0.00, 0.00
1.28,1.12,0.00, 0.00
1.28,1.12,0.00, 0.00
1.28,1.12,0.00, 0.00
1.28,1.12,0.00, 0.00
1.28,1.12,0.00, 0.00
1.28,1.12,0.00, 0.00
1.28,1.12,0.00, 0.00
1.28,1.12,0.00, 0.00
1.81,1.06,26.11, 0.00
1.81,1.06,26.11, 0.00
1.93,0.97,6.30, 0.00
1.52,0.89,0.00, 0.00
1.52,0.89,0.00, 0.00
1.52,0.33,0.00, 0.00
1.46,0.28,0.00, 0.00
1.39,0.23,0.00, 0.00
1.39,0.23,0.00, 0.00
1.16,0.19,0.00, 0.00
1.12,0.14,0.00, 0.00
1.12,0.14,0.00, 0.00
1.12,0.14,0.00, 0.00
1.12,0.14,0.00, 0.00
1.12,0.14,0.00, 0.00
1.12,0.14,0.00, 0.00
1.01,0.09,0.00, 0.00
1.01,0.09,0.00, 0.00
1.01,0.09,0.00, 0.00
0.87,0.09,0.00, 0.00
0.76,0.09,0.00, 0.00
0.00,0.05,0.00, 0.00
0.00,0.05,0.00, 0.00
0.13,0.05,6.40, 0.50
0.36,0.05,11.43, 0.00
0.49,0.06,6.57, 0.25
0.58,0.06,4.53, 0.00
0.60,0.06,1.05, 0.00
0.65,0.06,2.48, 0.00
0.58,0.05,0.00, 0.00
0.51,0.05,0.00, 0.50
0.42,0.05,0.00, 0.00
0.36,0.05,0.00, 0.50
0.36,0.05,0.00, 0.50
0.36,0.05,0.00, 0.50
0.29,0.05,0.00, 0.00
0.29,0.05,0.00, 0.00
0.29,0.05,0.00, 0.00
0.29,0.05,0.00, 0.00
0.29,0.05,0.00, 0.00
0.29,0.05,0.00, 0.00
0.29,0.05,0.00, 0.00
0.29,0.05,0.00, 0.00
0.31,0.05,0.99, 0.00
0.40,0.05,4.45, 0.50
0.36,0.06,0.00, 0.25
0.22,0.06,0.00, 0.00
0.15,0.05,0.00, 0.00
0.06,0.05,0.00, 0.00
0.09,0.05,1.48, 0.00
0.09,0.05,1.48, 0.00
0.13,0.09,1.99, 2.24
0.00,0.06,0.00, 0.00
0.00,0.06,0.00, 0.00
0.27,0.10,13.30, 1.99
0.00,0.14,0.00, 2.00
0.00,0.21,0.00, 3.49
0.00,0.31,0.00, 4.99
0.00,0.40,0.00, 4.50
0.00,0.48,0.00, 4.00
0.09,0.60,4.43, 5.99
0.15,0.72,3.02, 6.00
0.15,0.85,0.04, 6.25
0.18,0.98,1.48, 6.50
0.29,1.10,5.44, 6.00
0.51,1.23,10.92, 6.75
0.78,1.34,13.46, 5.26
0.78,1.34,13.46, 5.26
1.16,1.47,18.92, 6.50
1.72,1.59,27.87, 6.00
2.24,1.70,26.03, 6.00
2.24,1.70,26.03, 6.00
2.24,1.70,26.03, 6.00
2.24,1.70,26.03, 6.00
2.24,1.70,26.03, 6.00
2.24,1.70,26.03, 6.00
2.24,1.70,26.03, 6.00
2.71,1.87,23.54, 8.24
3.23,2.03,25.96, 8.25
3.32,2.19,4.82, 7.75
3.34,2.50,1.06, 15.47
3.34,2.53,0.02, 1.80
3.34,2.55,0.00, 0.50
3.34,2.56,0.00, 0.75
3.34,2.58,0.00, 1.00
3.34,2.57,0.00, 0.00
3.34,2.58,0.00, 0.50
3.34,2.59,0.00, 0.25
3.34,2.54,0.00, 0.00
3.34,2.53,0.00, 0.00
3.34,2.53,0.00, 0.00
3.34,2.48,0.00, 0.00
3.34,2.43,0.00, 0.00
3.34,2.40,0.00, 0.00
3.34,2.35,0.00, 0.00
3.34,2.31,0.00, 0.00
3.34,2.29,0.00, 0.00
3.34,2.28,0.00, 0.00
3.34,2.26,0.00, 0.00
3.34,2.25,0.00, 0.00
3.34,2.25,0.00, 0.00
3.34,2.27,0.00, 1.00
3.34,2.27,0.00, 1.00
3.34,2.28,0.00, 0.50
3.36,2.32,0.99, 1.99
3.34,2.37,0.00, 2.25
3.34,2.40,0.00, 1.75
3.34,2.47,0.00, 3.49
3.34,2.43,0.00, 0.00
3.34,2.44,0.00, 0.50
3.34,2.47,0.00, 1.75
3.34,2.47,0.00, 1.75
3.34,2.48,0.00, 0.26
3.34,2.50,0.00, 1.00
3.34,2.51,0.00, 0.50
3.36,2.51,0.99, 0.00
3.36,2.51,0.99, 0.00
3.34,2.51,0.00, 0.00
3.34,2.52,0.00, 0.50
3.34,2.49,0.00, 0.00
3.34,2.48,0.00, 0.00
3.34,2.44,0.00, 0.00
3.34,2.42,0.00, 0.00
3.34,2.42,0.00, 0.00
3.34,2.40,0.00, 0.00
3.34,2.36,0.00, 0.00
3.34,2.38,0.00, 1.00
3.34,2.39,0.00, 0.75
3.34,2.43,0.00, 2.00
3.34,2.43,0.00, 2.00
3.34,2.43,0.00, 2.00
3.34,2.49,0.00, 2.50
3.36,2.53,0.99, 2.50
3.36,2.53,0.99, 2.50
3.36,2.53,0.99, 2.50
3.36,2.53,0.99, 2.50
3.36,2.53,0.99, 2.50
3.36,2.53,0.99, 2.50
3.34,2.55,0.00, 0.51
3.34,2.53,0.00, 0.00
3.34,2.53,0.00, 0.50
3.36,2.42,0.99, 0.00
3.36,2.38,0.01, 0.00
3.34,2.35,0.00, 0.00
3.34,2.35,0.00, 0.00
3.34,2.35,0.00, 0.00
3.34,2.34,0.00, 0.00
3.34,2.33,0.00, 0.00
3.34,2.29,0.00, 0.00
3.34,2.28,0.00, 0.00
3.34,2.25,0.00, 0.00
3.34,2.25,0.00, 0.00
3.34,2.23,0.00, 0.00
3.34,2.23,0.00, 0.00
3.34,2.19,0.00, 0.00
3.34,2.19,0.00, 0.00
3.34,2.16,0.00, 0.00
3.32,2.11,0.00, 0.00
3.32,2.11,0.00, 0.00
3.34,2.07,0.99, 0.00
3.34,1.98,0.01, 0.00
3.34,1.94,0.00, 0.00
3.34,1.88,0.00, 0.00
3.34,1.87,0.00, 0.00
3.34,1.82,0.00, 0.00
3.34,1.79,0.00, 0.00
3.34,1.75,0.00, 0.00
3.34,1.75,0.00, 0.00
3.34,1.69,0.00, 0.00
3.34,1.65,0.00, 0.00
3.32,1.62,0.00, 0.00
2.69,1.56,0.00, 0.00
1.95,1.51,0.00, 0.00
2.51,1.45,27.59, 0.00
3.23,1.36,35.88, 0.00
3.23,1.36,35.88, 0.00
3.23,1.36,35.88, 0.00
3.23,1.36,35.88, 0.00
3.23,1.36,35.88, 0.00
3.23,1.36,35.88, 0.00
3.29,1.27,3.48, 0.00
3.29,1.27,3.48, 0.00
3.29,1.27,3.48, 0.00
3.29,1.27,3.48, 0.00
3.09,1.18,0.00, 0.00
2.64,1.10,0.00, 0.00
2.64,1.10,0.00, 0.00
2.64,1.10,0.00, 0.00
2.64,1.10,0.00, 0.00
2.64,1.10,0.00, 0.00
2.64,1.10,0.00, 0.00
2.64,1.10,0.00, 0.00
2.64,1.10,0.00, 0.00
2.64,1.10,0.00, 0.00
2.64,1.10,0.00, 0.00
2.64,1.10,0.00, 0.00
2.64,1.10,0.00, 0.00
2.64,1.10,0.00, 0.00
2.15,0.60,0.00, 0.00
2.15,0.60,0.00, 0.00
2.15,0.60,0.00, 0.00
1.68,0.28,0.00, 0.00
1.61,0.19,0.00, 0.00
0.00,0.05,0.00, 0.00
0.00,0.05,0.00, 0.00
0.00,0.05,0.00, 0.00
0.00,0.05,0.00, 0.00
0.00,0.05,0.00, 0.00
0.56,0.05,27.59, 0.00
0.56,0.05,27.59, 0.00
0.56,0.05,27.59, 0.00
0.56,0.05,27.59, 0.00
0.56,0.05,27.59, 0.00
0.56,0.05,27.59, 0.00
0.56,0.05,27.59, 0.00
0.51,0.05,0.00, 0.50
0.72,0.06,10.35, 0.25
0.74,0.05,1.14, 0.00
0.27,0.05,0.00, 0.00
0.00,0.05,0.00, 0.50
0.00,0.05,0.00, 0.50
0.00,0.05,0.00, 0.50
0.00,0.05,0.00, 0.50
0.00,0.05,0.00, 0.50
0.00,0.05,0.00, 0.00
0.00,0.05,0.00, 0.00
0.00,0.06,0.00, 0.25
0.00,0.06,0.00, 0.25
0.00,0.06,0.00, 0.00
0.51,0.06,25.12, 0.00
0.51,0.05,0.37, 0.00
0.40,0.06,0.00, 0.75
0.20,0.06,0.00, 0.00
0.20,0.06,0.00, 0.00
0.20,0.06,0.00, 0.00
0.00,0.07,0.00, 0.50
0.00,0.08,0.00, 0.50
0.00,0.08,0.00, 0.00
0.00,0.09,0.00, 0.75
0.00,0.10,0.00, 0.50
0.00,0.19,0.00, 4.49
0.00,0.19,0.00, 4.49
0.00,0.19,0.00, 4.49
0.00,0.19,0.00, 4.49
0.00,0.19,0.00, 4.49
0.00,0.19,0.00, 4.49
0.00,0.19,0.00, 4.49
0.00,0.29,0.00, 4.75
0.00,0.38,0.00, 4.75
0.00,0.38,0.00, 4.75
0.00,0.38,0.00, 4.75
0.00,0.38,0.00, 4.75
0.00,0.47,0.00, 4.25
0.00,0.90,0.00, 21.44
0.00,1.00,0.00, 5.31
0.65,1.29,32.02, 14.47
0.65,1.29,32.02, 14.47
0.65,1.29,32.02, 14.47
0.65,1.29,32.02, 14.47
0.65,1.29,32.02, 14.47
0.65,1.29,32.02, 14.47
0.65,1.29,32.02, 14.47
0.65,1.29,32.02, 14.47
0.65,1.29,32.02, 14.47
0.65,1.29,32.02, 14.47
0.65,1.29,32.02, 14.47
0.94,1.41,14.76, 5.78
1.28,1.50,16.97, 4.26
1.61,1.60,16.51, 5.25
3.34,2.45,85.47, 42.36
3.34,2.49,1.26, 1.90
3.34,2.53,0.02, 2.50
3.32,2.56,0.00, 1.25
3.32,2.56,0.00, 0.00
3.34,2.60,0.99, 1.74
3.34,2.60,0.01, 0.01
3.34,2.60,0.00, 0.00
3.34,2.60,0.00, 0.00
3.34,2.61,0.00, 0.50
3.34,2.58,0.00, 0.00
3.34,2.59,0.00, 0.50
3.32,2.57,0.00, 0.00
3.34,2.55,0.99, 0.00
3.34,2.55,0.01, 0.00
3.34,2.57,0.00, 1.00
3.34,2.60,0.00, 1.25
3.34,2.60,0.00, 1.25
3.34,2.65,0.00, 2.74
3.34,2.74,0.00, 4.74
3.32,2.81,0.00, 3.01
3.34,2.88,0.99, 3.50
3.34,2.93,0.01, 3.00
3.34,3.03,0.00, 4.74
3.34,3.03,0.00, 4.74
3.34,3.13,0.00, 5.00
3.34,3.21,0.00, 4.00
3.34,3.28,0.00, 3.50
3.34,3.38,0.00, 4.75
3.34,3.46,0.00, 4.25
3.34,3.55,0.00, 4.25
3.34,3.55,0.00, 4.25
3.32,3.60,0.00, 2.51
3.34,3.66,0.99, 3.25
3.34,3.71,0.01, 2.50
3.32,3.79,0.00, 3.75
3.34,3.86,0.99, 3.50
3.34,3.93,0.01, 3.50
3.34,3.93,0.01, 3.50
3.32,4.00,0.00, 3.75
3.34,4.05,0.99, 2.50
3.32,4.10,0.00, 2.50
3.34,4.10,0.99, 0.01
3.32,4.13,0.00, 1.49
3.32,4.15,0.00, 1.25
3.32,4.15,0.00, 1.25
3.32,4.18,0.00, 1.25
3.34,4.22,0.99, 1.75
3.32,4.22,0.00, 0.01
3.34,4.24,0.99, 1.25
3.34,4.24,0.01, 0.25
3.32,4.26,0.00, 0.50
3.32,4.26,0.00, 0.50
3.34,4.22,0.99, 0.00
3.34,4.19,0.01, 0.00
3.34,4.15,0.00, 0.00
3.34,4.08,0.00, 0.00
3.34,4.00,0.00, 0.00
3.34,3.92,0.00, 0.00
3.34,3.92,0.00, 0.00
3.34,3.83,0.00, 0.00
3.32,3.74,0.00, 0.00
3.32,3.67,0.00, 0.00
3.34,3.62,0.99, 0.00
3.34,3.56,0.01, 0.00
3.32,3.54,0.00, 0.00
3.32,3.54,0.00, 0.00
3.32,3.48,0.00, 0.00
3.34,3.44,0.99, 0.00
3.32,3.38,0.00, 0.00
3.34,3.33,0.99, 0.00
3.34,3.23,0.01, 0.00
3.34,3.13,0.00, 0.00
3.34,3.13,0.00, 0.00
3.34,3.00,0.00, 0.00
3.34,2.88,0.00, 0.00
3.34,2.75,0.00, 0.00
3.34,2.75,0.00, 0.00
3.34,2.65,0.00, 0.00
3.32,2.56,0.00, 0.00
3.32,2.56,0.00, 0.00
3.34,2.51,0.99, 0.00
3.34,2.46,0.01, 0.00
3.34,2.43,0.00, 0.00
3.34,2.42,0.00, 0.00
3.34,2.39,0.00, 0.00
3.34,2.38,0.00, 0.00
3.34,2.38,0.00, 0.00
3.34,2.37,0.00, 0.00
3.32,2.37,0.00, 0.00
3.32,2.34,0.00, 0.00
3.34,2.30,0.99, 0.00
3.34,2.28,0.01, 0.00
3.32,2.26,0.00, 0.00
3.34,2.24,0.99, 0.00
3.32,2.20,0.00, 0.00
3.34,2.17,0.99, 0.00
3.34,2.13,0.01, 0.00
3.32,2.11,0.00, 0.00
3.29,2.06,0.00, 0.00
3.29,2.06,0.00, 0.00
3.29,2.06,0.00, 0.00
3.29,2.06,0.00, 0.00
3.29,2.06,0.00, 0.00
3.29,2.06,0.00, 0.00
3.29,2.06,0.00, 0.00
1.90,2.06,0.00, 0.00
3.18,2.00,63.06, 0.00
3.18,2.00,63.06, 0.00
3.18,2.00,63.06, 0.00
3.18,2.00,63.06, 0.00
3.36,1.99,9.80, 0.00
3.05,1.80,0.00, 0.00
3.00,1.72,0.00, 0.00
2.60,1.34,0.00, 0.00
2.37,1.22,0.00, 0.00
2.26,1.11,0.00, 0.00
2.26,1.11,0.00, 0.00
2.17,0.97,0.00, 0.00
2.15,0.82,0.00, 0.00
2.04,0.72,0.00, 0.00
2.04,0.72,0.00, 0.00
2.04,0.72,0.00, 0.00
2.04,0.72,0.00, 0.00
2.04,0.72,0.00, 0.00
2.04,0.72,0.00, 0.00
2.04,0.72,0.00, 0.00
2.04,0.72,0.00, 0.00
2.04,0.72,0.00, 0.00
2.04,0.72,0.00, 0.00
2.04,0.72,0.00, 0.00
2.04,0.72,0.00, 0.00
1.81,0.59,0.00, 0.00
1.81,0.59,0.00, 0.00
1.63,0.46,0.00, 0.00
1.50,0.35,0.00, 0.00
0.00,0.04,0.00, 0.00
0.00,0.05,0.00, 1.00
0.00,0.05,0.00, 1.00
0.00,0.05,0.00, 0.00
0.00,0.05,0.00, 0.00
0.00,0.05,0.00, 0.00
0.00,0.05,0.00, 0.00
0.00,0.05,0.00, 0.00
0.04,0.05,1.97, 0.00
0.04,0.05,1.97, 0.00
0.04,0.05,1.97, 0.00
0.04,0.05,1.97, 0.00
0.49,0.05,22.20, 0.50
0.74,0.06,12.64, 0.25
0.78,0.06,2.16, 0.00
0.74,0.06,0.00, 0.00
0.65,0.06,0.00, 0.00
0.56,0.06,0.00, 0.00
0.49,0.05,0.00, 0.00
0.45,0.05,0.00, 0.00
0.29,0.05,0.00, 0.00
0.29,0.05,0.00, 0.00
0.29,0.05,0.00, 0.00
0.29,0.05,0.00, 0.00
0.29,0.05,0.00, 0.00
0.29,0.05,0.00, 0.00
0.27,0.05,0.00, 0.00
0.27,0.05,0.00, 0.00
0.27,0.05,0.00, 0.00
0.27,0.05,0.00, 0.00
0.27,0.05,0.00, 0.00
0.27,0.05,0.00, 0.00
0.27,0.05,0.00, 0.00
0.27,0.05,0.00, 0.00
0.27,0.05,0.00