0.00,0.06,0.00, 2.99
0.00,0.05,0.00, 0.00
0.00,0.05,0.00, 0.00
0.00,0.05,0.00, 0.50
0.00,0.05,0.00, 0.00
0.00,0.05,0.00, 0.50
0.00,0.06,0.00, 0.25
0.00,0.05,0.00, 0.00
0.00,0.05,0.00, 0.50
0.00,0.06,0.00, 0.25
0.00,0.05,0.00, 0.00
0.00,0.05,0.00, 0.50
0.00,0.05,0.00, 0.00
0.00,0.05,0.00, 0.00
0.00,0.05,0.00, 0.00
0.00,0.05,0.00, 0.50
0.00,0.06,0.00, 0.25
0.00,0.06,0.00, 0.00
0.00,0.05,0.00, 0.00
0.00,0.05,0.00, 0.50
0.00,0.05,0.00, 0.00
0.00,0.05,0.00, 0.50
0.00,0.06,0.00, 0.25
0.00,0.06,0.00, 0.00
0.00,0.06,0.00, 0.00
0.00,0.06,0.00, 0.00
0.00,0.06,0.00, 0.00
0.00,0.05,0.00, 0.00
0.00,0.05,0.00, 0.50
0.00,0.06,0.00, 0.25
0.00,0.06,0.00, 0.00
0.00,0.05,0.00, 0.00
0.00,0.06,0.00, 0.25
0.00,0.05,0.00, 0.00
0.00,0.05,0.00, 0.50
0.00,0.05,0.00, 0.00
0.00,0.05,0.00, 0.00
0.00,0.05,0.00, 0.50
0.00,0.06,0.00, 0.25
0.00,0.06,0.00, 0.00
0.00,0.06,0.00, 0.00
0.00,0.05,0.00, 0.00
0.00,0.05,0.00, 0.00
0.00,0.05,0.00, 0.00
0.00,0.05,0.00, 0.50
0.00,0.04,0.00, 0.00
0.00,0.05,0.00, 1.00
0.00,0.05,0.00, 0.00
0.00,0.05,0.00, 0.00
0.00,0.05,0.00, 0.50
0.00,0.06,0.00, 0.25
0.00,0.07,0.00, 0.50
0.00,0.06,0.00, 0.00
0.00,0.06,0.00, 0.00
0.00,0.05,0.00, 0.00
0.00,0.05,0.00, 0.50
0.00,0.06,0.00, 0.25
0.00,0.06,0.00, 0.00
0.00,0.05,0.00, 0.00
0.00,0.05,0.00, 0.50
0.00,0.06,0.00, 0.25
0.00,0.06,0.00, 0.00
0.00,0.06,0.00, 0.00
0.00,0.06,0.00, 0.00
0.00,0.05,0.00, 0.00
0.00,0.05,0.00, 0.50
0.00,0.06,0.00, 0.25
0.00,0.05,0.00, 0.00
0.00,0.06,0.00, 0.75
0.00,0.06,0.00, 0.00
0.00,0.06,0.00, 0.00
0.00,0.07,0.00, 0.50
0.00,0.05,0.00, 0.00
0.00,0.05,0.00, 0.50
0.00,0.06,0.00, 0.25
0.00,0.06,0.00, 0.00
0.00,0.06,0.00, 0.00
0.00,0.05,0.00, 0.00
0.00,0.05,0.00, 0.50
0.00,0.05,0.00, 0.00
0.00,0.05,0.00, 0.00
0.00,0.05,0.00, 0.50
0.00,0.05,0.00, 0.00
0.00,0.05,0.00, 0.50
0.00,0.06,0.00, 0.25
0.00,0.06,0.00, 0.00
0.00,0.06,0.00, 0.00
0.00,0.06,0.00, 0.00
0.00,0.05,0.00, 0.00
0.00,0.05,0.00, 0.50
0.00,0.05,0.00, 0.00
0.00,0.05,0.00, 0.50
0.00,0.06,0.00, 0.25
0.00,0.05,0.00, 0.00
0.00,0.05,0.00, 0.50
0.00,0.06,0.00, 0.25
0.00,0.06,0.00, 0.00
0.00,0.06,0.00, 0.00
0.00,0.06,0.00, 0.00
0.00,0.05,0.00, 0.00
0.00,0.05,0.00, 0.50
0.00,0.05,0.00, 0.00
0.00,0.05,0.00, 0.50
0.00,0.06,0.00, 0.25
0.00,0.05,0.00, 0.00
0.00,0.05,0.00, 0.50
0.00,0.05,0.00, 0.00
0.00,0.05,0.00, 0.50
0.00,0.06,0.00, 0.25
0.00,0.06,0.00, 0.00
0.00,0.06,0.00, 0.00
0.00,0.05,0.00, 0.00
0.00,0.05,0.00, 0.00
0.00,0.05,0.00, 0.50
0.00,0.06,0.00, 0.25
0.00,0.06,0.00, 0.00
0.00,0.07,0.00, 0.50
0.00,0.06,0.00, 0.00
0.00,0.06,0.00, 0.00
0.00,0.05,0.00, 0.00
0.00,0.05,0.00, 0.00
0.00,0.05,0.00, 0.00
0.00,0.05,0.00, 0.00
0.00,0.05,0.00, 0.00
0.00,0.05,0.00, 0.00
0.00,0.05,0.00, 0.00
0.00,0.06,0.00, 1.00
0.00,0.06,0.00, 0.00
0.00,0.05,0.00, 0.00
0.00,0.05,0.00, 0.00
0.00,0.05,0.00, 0.00
0.00,0.05,0.00, 0.50
0.00,0.05,0.00, 0.00
0.00,0.05,0.00, 0.50
0.02,0.05,0.99, 0.00
0.09,0.09,3.46, 1.49
0.11,0.09,1.04, 0.01
0.16,0.06,2.48, 0.00
0.16,0.08,0.04, 1.00
0.14,0.09,0.00, 0.25
0.14,0.09,0.00, 0.50
0.09,0.11,0.00, 0.50
0.09,0.11,0.00, 0.00
0.07,0.11,0.00, 0.00
0.09,0.11,0.99, 0.50
0.09,0.12,0.01, 0.00
0.07,0.13,0.00, 1.00
0.02,0.16,0.00, 1.00
0.00,0.16,0.00, 0.00
0.00,0.19,0.00, 1.74
0.00,0.21,0.00, 1.00
0.00,0.31,0.00, 4.99
0.00,0.37,0.00, 3.01
0.00,0.51,0.00, 6.99
0.00,0.62,0.00, 5.51
0.00,1.55,0.00, 46.10
0.00,1.69,0.00, 7.39
0.00,1.87,0.00, 8.75
0.00,2.21,0.00, 17.47
0.00,2.39,0.00, 8.78
0.00,2.62,0.00, 11.24
0.00,2.85,0.00, 11.75
0.05,3.08,2.46, 11.50
0.25,3.35,9.89, 13.49
0.45,3.64,10.00, 14.75
0.67,3.97,10.99, 16.49
1.03,4.30,17.90, 16.25
1.46,4.60,21.45, 15.25
1.82,4.91,18.05, 15.25
2.02,5.23,10.12, 16.00
2.24,5.56,10.99, 16.25
2.65,5.84,20.36, 14.51
3.03,6.74,19.02, 44.89
3.03,6.94,0.28, 9.63
3.03,7.11,0.00, 9.00
3.03,7.31,0.00, 9.50
3.03,7.49,0.00, 9.00
3.03,7.62,0.00, 6.76
3.03,7.74,0.00, 6.00
3.03,7.82,0.00, 4.26
3.03,7.88,0.00, 2.51
3.03,7.91,0.00, 2.00
3.03,7.94,0.00, 1.50
3.03,7.99,0.00, 2.50
3.03,8.00,0.00, 0.26
3.03,8.00,0.00, 0.00
3.03,7.99,0.00, 0.00
3.03,7.98,0.00, 0.00
3.03,7.95,0.00, 0.00
3.03,7.95,0.00, 0.00
3.03,7.95,0.00, 0.00
3.03,7.95,0.00, 0.00
3.03,7.97,0.00, 0.75
3.03,7.99,0.00, 1.00
3.05,8.03,0.99, 2.25
3.03,8.09,0.00, 3.00
3.05,8.15,0.99, 3.00
3.03,8.22,0.00, 3.50
3.03,8.28,0.00, 3.00
3.03,8.33,0.00, 2.50
3.03,8.36,0.00, 1.75
3.03,8.43,0.00, 3.00
3.03,8.48,0.00, 2.50
3.05,8.49,0.99, 1.01
3.03,8.52,0.00, 1.25
3.03,8.53,0.00, 0.75
3.03,8.58,0.00, 2.24
3.03,8.61,0.00, 1.75
3.03,8.65,0.00, 1.75
3.05,8.69,0.99, 2.00
3.03,8.70,0.00, 0.51
3.03,8.69,0.00, 0.00
3.03,8.65,0.00, 0.00
3.03,8.56,0.00, 0.00
3.03,8.51,0.00, 0.00
3.03,8.43,0.00, 0.00
3.05,8.40,0.99, 0.00
3.03,8.36,0.00, 0.00
3.05,8.34,0.99, 0.00
3.03,8.31,0.00, 0.00
3.05,8.26,0.99, 0.00
3.05,8.25,0.01, 0.00
3.05,8.19,0.00, 0.00
3.05,8.12,0.00, 0.00
3.05,8.06,0.00, 0.00
3.03,7.97,0.00, 0.00
3.03,7.88,0.00, 0.00
3.03,7.85,0.00, 0.00
3.05,7.81,0.99, 0.00
3.03,7.80,0.00, 0.00
3.05,7.75,0.99, 0.00
3.03,7.68,0.00, 0.00
3.05,7.60,0.99, 0.00
3.03,7.51,0.00, 0.00
3.03,7.40,0.00, 0.00
3.05,7.31,0.99, 0.00
3.03,7.20,0.00, 0.00
3.03,7.14,0.00, 0.00
3.03,7.04,0.00, 0.00
3.03,6.97,0.00, 0.00
3.03,6.89,0.00, 0.00
3.03,6.82,0.00, 0.00
3.03,6.74,0.00, 0.00
3.03,6.66,0.00, 0.00
3.03,6.55,0.00, 0.00
3.05,6.43,0.99, 0.00
3.03,6.28,0.00, 0.00
3.05,6.09,0.99, 0.00
3.05,5.90,0.01, 0.00
3.05,5.74,0.00, 0.00
3.03,5.59,0.00, 0.00
3.03,5.45,0.00, 0.00
3.03,5.32,0.00, 0.00
3.05,5.25,0.99, 0.00
3.03,5.18,0.00, 0.00
3.05,5.15,0.99, 0.00
3.05,5.12,0.01, 0.00
3.05,5.10,0.00, 0.00
3.03,5.10,0.00, 0.25
3.05,5.06,0.99, 0.00
3.05,5.06,0.01, 0.00
3.05,5.06,0.00, 0.00
3.03,5.06,0.00, 0.00
3.03,5.06,0.00, 0.00
3.03,5.04,0.00, 0.00
3.03,5.04,0.00, 0.00
3.05,5.03,0.99, 0.00
3.05,5.02,0.01, 0.00
3.05,4.97,0.00, 0.00
3.05,4.94,0.00, 0.00
3.03,4.93,0.00, 0.00
3.05,4.81,0.99, 0.00
3.03,4.76,0.00, 0.00
3.05,4.68,0.99, 0.00
3.05,4.60,0.01, 0.00
3.03,4.53,0.00, 0.00
3.05,4.45,0.99, 0.00
3.03,4.28,0.00, 0.00
3.03,4.11,0.00, 0.00
3.03,3.97,0.00, 0.00
3.03,3.82,0.00, 0.00
1.32,3.74,0.00, 0.00
0.00,3.67,0.00, 0.00
3.12,3.49,153.71, 0.00
3.10,3.39,1.28, 0.00
1.30,3.33,0.00, 0.00
1.24,3.24,0.00, 0.00
2.92,3.18,82.76, 0.00
2.15,3.11,0.00, 0.00
1.71,3.03,0.00, 0.00
1.71,3.03,0.00, 0.00
2.33,2.94,30.54, 0.00
1.75,2.12,0.00, 0.00
1.57,1.67,0.00, 0.00
1.57,1.67,0.00, 0.00
1.55,1.46,0.00, 0.00
1.41,1.26,0.00, 0.00
1.35,1.08,0.00, 0.00
1.03,0.76,0.00, 0.00
0.92,0.65,0.00, 0.00
0.92,0.65,0.00, 0.00
0.92,0.65,0.00, 0.00
0.92,0.65,0.00, 0.00
0.92,0.65,0.00, 0.00
0.92,0.65,0.00, 0.00
0.92,0.65,0.00, 0.00
0.92,0.65,0.00, 0.00
0.92,0.65,0.00, 0.00
0.92,0.65,0.00, 0.00
0.92,0.65,0.00, 0.00
0.92,0.65,0.00, 0.00
0.79,0.53,0.00, 0.00
0.79,0.53,0.00, 0.00
0.61,0.44,0.00, 0.00
0.47,0.34,0.00, 0.00
0.16,0.06,0.00, 0.00
0.23,0.05,3.45, 0.00
0.20,0.05,0.00, 0.00
0.20,0.05,0.00, 0.00
0.20,0.05,0.00, 0.00
0.20,0.05,0.00, 0.00
0.20,0.05,0.00, 0.00
0.20,0.05,0.00, 0.00
0.20,0.05,0.00, 0.00
0.20,0.06,0.00, 1.00
0.23,0.05,1.48, 0.00
0.23,0.05,1.48, 0.00
0.23,0.05,0.02, 0.00
0.00,0.06,0.00, 0.75
0.00,0.06,0.00, 0.00
0.00,0.06,0.00, 0.00
0.05,0.05,2.46, 0.00
0.16,0.05,5.46, 0.00
0.20,0.04,2.05, 0.00
0.20,0.04,2.05, 0.00
0.20,0.04,2.05, 0.00
0.20,0.04,2.05, 0.00
0.20,0.04,2.05, 0.00
0.20,0.05,0.03, 0.50
0.20,0.05,0.03, 0.50
0.20,0.05,0.00, 0.00
0.14,0.05,0.00, 0.00
0.00,0.09,0.00, 2.49
0.00,0.10,0.00, 0.51
0.00,0.13,0.00, 1.25
0.00,0.31,0.00, 8.72
0.00,0.45,0.00, 7.26
0.00,0.59,0.00, 6.75
0.00,0.59,0.00, 6.75
0.00,0.81,0.00, 10.98
0.00,1.07,0.00, 12.99
0.00,1.41,0.00, 17.48
0.00,1.41,0.00, 17.48
0.00,1.41,0.00, 17.48
0.00,1.41,0.00, 17.48
0.02,1.83,0.99, 20.74
0.02,1.83,0.99, 20.74
0.00,2.24,0.00, 20.75
0.00,2.24,0.00, 20.75
0.00,2.68,0.00, 21.50
2.42,4.80,119.22, 105.69
2.42,4.80,119.22, 105.69
3.03,5.57,31.81, 39.24
3.01,5.88,0.00, 15.34
3.01,6.14,0.00, 13.01
3.01,6.36,0.00, 11.01
3.03,6.52,0.99, 8.01
3.03,6.64,0.01, 6.01
3.03,6.77,0.00, 6.50
3.03,6.89,0.00, 6.25
3.01,7.02,0.00, 6.00
3.03,7.12,0.99, 5.25
3.03,7.22,0.01, 4.75
3.03,7.30,0.00, 4.25
3.03,7.34,0.00, 2.01
3.03,7.38,0.00, 1.75
3.03,7.39,0.00, 0.50
3.03,7.44,0.00, 2.49
3.03,7.29,0.00, 0.00
3.03,7.19,0.00, 0.00
3.03,7.10,0.00, 0.00
3.03,7.03,0.00, 0.00
3.03,6.95,0.00, 0.00
3.03,6.89,0.00, 0.00
3.03,6.85,0.00, 0.00
3.03,6.80,0.00, 0.00
3.05,6.80,0.99, 0.00
3.03,6.77,0.00, 0.00
3.03,6.74,0.00, 0.00
3.03,6.69,0.00, 0.00
3.03,6.69,0.00, 0.00
3.03,6.66,0.00, 0.00
3.03,6.66,0.00, 0.00
3.03,6.61,0.00, 0.00
3.03,6.59,0.00, 0.00
3.03,6.57,0.00, 0.00
3.03,6.51,0.00, 0.00
3.03,6.41,0.00, 0.00
3.05,6.31,0.99, 0.00
3.03,6.23,0.00, 0.00
3.05,6.14,0.99, 0.00
3.03,6.10,0.00, 0.00
3.03,6.05,0.00, 0.00
3.03,5.99,0.00, 0.00
3.03,5.97,0.00, 0.00
3.03,5.94,0.00, 0.00
3.03,5.94,0.00, 0.00
3.05,5.93,0.99, 0.00
3.05,5.91,0.01, 0.00
3.03,5.87,0.00, 0.00
3.05,5.82,0.99, 0.00
3.03,5.74,0.00, 0.00
3.03,5.65,0.00, 0.00
3.03,5.58,0.00, 0.00
3.05,5.49,0.99, 0.00
3.05,5.49,0.99, 0.00
3.03,5.45,0.00, 0.00
3.03,5.41,0.00, 0.00
3.03,5.41,0.00, 0.00
3.05,5.42,0.99, 0.50
3.05,5.41,0.01, 0.00
3.03,5.42,0.00, 0.50
3.03,5.42,0.00, 0.50
3.03,5.41,0.00, 0.00
3.03,5.36,0.00, 0.00
3.03,5.32,0.00, 0.00
3.05,5.26,0.99, 0.00
3.03,5.20,0.00, 0.00
3.05,5.20,0.99, 0.00
3.05,5.20,0.01, 0.00
3.03,5.21,0.00, 0.50
3.03,5.21,0.00, 0.50
3.03,5.23,0.00, 1.00
3.03,5.22,0.00, 0.00
3.05,5.21,0.99, 0.00
3.03,5.18,0.00, 0.00
3.05,5.14,0.99, 0.00
3.05,5.08,0.01, 0.00
3.05,5.08,0.01, 0.00
3.03,5.03,0.00, 0.00
3.03,4.96,0.00, 0.00
3.03,4.96,0.00, 0.00
3.03,4.91,0.00, 0.00
3.05,4.92,0.99, 0.25
3.03,4.92,0.00, 0.00
3.03,4.90,0.00, 0.00
3.03,4.90,0.00, 0.00
3.03,4.90,0.00, 0.00
3.03,4.88,0.00, 0.00
3.03,4.86,0.00, 0.00
3.05,4.86,0.99, 0.00
3.05,4.86,0.99, 0.00
3.03,4.84,0.00, 0.00
3.05,4.80,0.99, 0.00
3.05,4.76,0.01, 0.00
3.03,4.70,0.00, 0.00
3.03,4.64,0.00, 0.00
3.05,4.58,0.99, 0.00
3.05,4.51,0.01, 0.00
3.03,4.44,0.00, 0.00
3.03,4.37,0.00, 0.00
3.03,4.37,0.00, 0.00
3.03,4.37,0.00, 0.00
3.03,4.37,0.00, 0.00
3.03,4.37,0.00, 0.00
3.03,4.26,0.00, 0.00
3.03,4.16,0.00, 0.00
3.03,4.16,0.00, 0.00
3.03,4.16,0.00, 0.00
3.03,4.16,0.00, 0.00
3.03,4.16,0.00, 0.00
3.03,4.16,0.00, 0.00
3.03,4.16,0.00, 0.00
3.03,4.16,0.00, 0.00
3.03,4.03,0.00, 0.00
3.03,3.36,0.00, 0.00
2.27,3.21,0.00, 0.00
0.74,2.46,0.00, 0.00
0.92,2.29,8.87, 0.00
1.06,2.13,7.03, 0.00
0.76,1.95,0.00, 0.00
0.74,1.78,0.00, 0.00
0.88,1.59,6.90, 0.00
0.70,1.41,0.00, 0.00
0.61,1.23,0.00, 0.00
0.50,1.04,0.00, 0.00
0.41,0.87,0.00, 0.00
0.29,0.73,0.00, 0.00
0.27,0.56,0.00, 0.00
0.14,0.44,0.00, 0.00
0.09,0.31,0.00, 0.00
0.00,0.20,0.00, 0.00
0.00,0.10,0.00, 0.00
0.00,0.10,0.00, 0.00
0.00,0.10,0.00, 0.00
0.00,0.10,0.00, 0.00
0.00,0.10,0.00, 0.00
0.00,0.10,0.00, 0.00
0.00,0.10,0.00, 0.00
0.00,0.06,0.00, 0.00
0.00,0.05,0.00, 0.00
0.00,0.05,0.00, 0.00
0.02,0.05,0.99, 0.00
0.02,0.05,0.99, 0.00
0.14,0.05,5.93, 0.50
0.16,0.06,1.07, 0.25
0.16,0.06,0.02, 0.00
0.11,0.05,0.00, 0.00
0.05,0.05,0.00, 0.00
0.00,0.05,0.00, 0.50
0.00,0.05,0.00, 0.00
0.00,0.05,0.00, 0.00
0.00,0.05,0.00, 0.00
0.00,0.05,0.00, 0.50
0.00,0.06,0.00, 0.25
0.00,0.06,0.00, 0.00
0.00,0.06,0.00, 0.00
0.02,0.06,0.99, 0.00
0.07,0.06,2.48, 0.00
0.00,0.14,0.00, 3.74
0.00,0.14,0.00, 0.51
0.00,0.16,0.00, 0.50
0.00,0.16,0.00, 0.00
0.00,0.42,0.00, 13.20
0.00,0.60,0.00, 8.77
0.00,0.60,0.00, 8.77
0.00,0.60,0.00, 8.77
0.00,0.60,0.00, 8.77
0.00,0.60,0.00, 8.77
0.00,0.60,0.00, 8.77
0.00,0.60,0.00, 8.77
0.00,0.87,0.00, 13.73
0.00,1.15,0.00, 14.00
0.00,1.48,0.00, 16.49
0.00,3.47,0.00, 99.45
0.18,3.93,8.87, 22.78
0.63,4.34,22.30, 20.51
1.17,4.73,26.93, 19.75
1.68,5.10,25.52, 18.50
2.06,5.45,19.10, 17.50
2.51,5.74,22.45, 14.51
3.05,6.01,26.93, 13.50
3.05,6.24,0.40, 11.51
3.03,6.44,0.00, 9.76
3.05,6.59,0.99, 7.76
3.03,6.71,0.00, 6.01
3.03,6.81,0.00, 5.00
3.03,6.88,0.00, 3.51
3.05,6.93,0.99, 2.50
3.05,6.97,0.01, 2.00
3.05,6.97,0.00, 0.01
3.05,6.97,0.00, 0.01
3.05,6.97,0.00, 0.01
3.05,6.97,0.00, 0.01
3.05,6.97,0.00, 0.01
3.05,6.97,0.00, 0.01
3.05,6.97,0.00, 0.01
3.05,6.97,0.00, 0.01
3.05,6.96,0.00, 0.00
3.05,6.95,0.00, 0.00
3.03,6.93,0.00, 0.00
3.05,6.48,0.99, 0.00
3.05,6.34,0.01, 0.00
3.03,6.20,0.00, 0.00
3.05,6.11,0.99, 0.00
3.03,6.05,0.00, 0.00
3.05,6.00,0.99, 0.00
3.05,5.98,0.01, 0.00
3.05,5.99,0.00, 0.50
3.03,6.02,0.00, 1.50
3.03,6.06,0.00, 2.50
3.03,6.14,0.00, 3.99
3.05,6.23,0.99, 4.25
3.05,6.34,0.01, 5.25
3.05,6.34,0.01, 5.25
3.05,6.45,0.00, 6.00
3.05,6.56,0.00, 5.25
3.05,6.56,0.00, 5.25
3.05,6.56,0.00, 5.25
3.05,6.56,0.00, 5.25
3.05,6.56,0.00, 5.25
3.05,6.56,0.00, 5.25
3.05,6.56,0.00, 5.25
3.05,6.56,0.00, 5.25
3.05,6.56,0.00, 5.25
3.05,6.68,0.00, 5.75
3.05,6.77,0.00, 5.00
3.05,6.89,0.00, 6.00
3.05,7.14,0.00, 12.23
3.03,7.14,0.00, 0.04
3.03,7.15,0.00, 0.50
3.05,7.15,0.99, 0.00
3.03,7.15,0.00, 0.00
3.05,7.16,0.99, 0.50
3.03,7.16,0.00, 0.25
3.05,7.15,0.99, 0.00
3.05,7.16,0.01, 0.50
3.03,7.22,0.00, 2.99
3.03,7.15,0.00, 0.00
3.05,7.14,0.99, 0.00
3.05,7.11,0.01, 0.00
3.05,7.10,0.00, 0.00
3.03,7.07,0.00, 0.00
3.05,7.03,0.99, 0.00
3.03,7.01,0.00, 0.00
3.05,6.97,0.99, 0.00
3.03,6.95,0.00, 0.00
3.05,6.93,0.99, 0.00
3.05,6.90,0.01, 0.00
3.03,6.88,0.00, 0.00
3.03,6.84,0.00, 0.00
3.03,6.83,0.00, 0.00
3.03,6.82,0.00, 0.00
3.05,6.81,0.99, 0.00
3.03,6.76,0.00, 0.00
3.03,6.73,0.00, 0.00
3.03,6.73,0.00, 0.00
3.03,6.73,0.00, 0.00
3.03,6.73,0.00, 0.00
3.03,6.73,0.00, 0.00
3.05,6.69,0.99, 0.00
3.05,6.69,0.99, 0.00
3.05,6.64,0.01, 0.00
3.05,6.59,0.00, 0.00
3.03,6.39,0.00, 0.00
3.05,6.31,0.99, 0.00
3.05,6.26,0.01, 0.00
3.05,6.22,0.00, 0.00
3.03,6.15,0.00, 0.00
3.05,6.11,0.99, 0.00
3.03,6.06,0.00, 0.00
3.05,6.02,0.99, 0.00
3.03,5.98,0.00, 0.00
3.03,5.89,0.00, 0.00
3.03,5.83,0.00, 0.00
3.03,5.78,0.00, 0.00
3.05,5.70,0.99, 0.00
3.03,5.63,0.00, 0.00
3.03,5.53,0.00, 0.00
3.03,5.41,0.00, 0.00
3.03,5.29,0.00, 0.00
2.63,5.18,0.00, 0.00
2.63,5.18,0.00, 0.00
2.42,5.06,0.00, 0.00
2.85,4.97,21.18, 0.00
3.03,4.85,9.18, 0.00
2.89,4.75,0.00, 0.00
2.63,4.66,0.00, 0.00
2.51,4.60,0.00, 0.00
2.51,4.60,0.00, 0.00
2.51,4.60,0.00, 0.00
2.51,4.60,0.00, 0.00
2.51,4.60,0.00, 0.00
2.51,4.60,0.00, 0.00
2.51,4.60,0.00, 0.00
2.51,4.60,0.00, 0.00
2.49,4.52,0.00, 0.00
2.58,4.43,4.43, 0.00
2.58,4.43,4.43, 0.00
2.51,4.32,0.00, 0.00
1.62,3.32,0.00, 0.00
1.39,3.05,0.00, 0.00
1.15,2.80,0.00, 0.00
0.92,2.53,0.00, 0.00
0.92,2.53,0.00, 0.00
0.92,2.53,0.00, 0.00
0.92,2.53,0.00, 0.00
0.92,2.53,0.00, 0.00
0.65,2.25,0.00, 0.00
0.65,2.25,0.00, 0.00
0.65,2.25,0.00, 0.00
0.65,2.25,0.00, 0.00
0.47,1.95,0.00, 0.00
0.52,1.70,2.46, 0.00
0.47,0.81,0.00, 0.00
0.41,0.62,0.00, 0.00
0.32,0.44,0.00, 0.00
0.27,0.30,0.00, 0.00
0.29,0.19,0.99, 0.00
0.02,0.11,0.00, 0.00
0.00,0.06,0.00, 0.00
0.00,0.07,0.00, 0.50
0.00,0.06,0.00, 0.00
0.00,0.06,0.00, 0.00
0.00,0.05,0.00, 0.00
0.00,0.05,0.00, 0.00
0.00,0.05,0.00, 0.00
0.00,0.05,0.00, 0.50
0.00,0.05,0.00, 0.00
0.00,0.05,0.00, 0.00
0.00,0.05,0.00, 0.00
0.00,0.05,0.00, 0.00
0.00,0.05,0.00, 0.00
0.16,0.05,7.88, 0.00
0.16,0.05,7.88, 0.00
0.09,0.05,0.00, 0.50
0.00,0.06,0.00, 0.25
0.00,0.05,0.00, 0.00
0.00,0.05,0.00, 0.00
0.00,0.05,0.00, 0.00
0.00,0.05,0.00, 0.00
0.00,0.05,0.00, 0.00
0.00,0.05,0.00, 0.00
0.00,0.05,0.00, 0.00
0.00,0.05,0.00, 0.00
0.00,0.05,0.00, 0.00
0.00,0.05,0.00, 0.00
0.00,0.05,0.00, 0.00
0.00,0.05,0.00, 0.00
0.00,0.06,0.00, 0.75
0.00,0.08,0.00, 1.00
0.00,0.12,0.00, 2.25
0.00,0.12,0.00, 2.25
0.00,0.12,0.00, 2.25
0.00,0.12,0.00, 2.25
0.00,0.12,0.00, 2.25
0.00,0.15,0.00, 1.25
0.00,0.16,0.00, 0.25
0.00,0.17,0.00, 0.50
0.00,0.69,0.00, 26.16
0.00,0.82,0.00, 6.57
0.00,0.96,0.00, 6.75
0.00,1.15,0.00, 9.99
0.00,1.15,0.00, 9.99
0.00,1.15,0.00, 9.99
0.00,1.15,0.00, 9.99
0.00,1.15,0.00, 9.99
0.00,1.30,0.00, 7.26
0.00,1.30,0.00, 7.26
0.00,1.51,0.00, 10.49
0.00,1.74,0.00, 11.25
0.00,2.72,0.00, 49.11
1.03,3.29,50.74, 28.58
1.73,3.62,35.23, 16.30
2.13,3.92,20.22, 15.25
2.60,4.22,23.45, 15.25
3.10,4.51,24.98, 14.00
3.05,4.78,0.00, 14.00
3.03,5.05,0.00, 13.25
3.03,5.29,0.00, 12.00
3.03,5.47,0.00, 9.01
3.03,5.64,0.00, 8.75
3.05,5.78,0.99, 7.01
3.03,5.93,0.00, 7.00
3.05,6.12,0.99, 9.99
3.05,6.12,0.99, 9.99
3.05,6.12,0.99, 9.99
3.05,6.12,0.99, 9.99
3.05,6.12,0.99, 9.99
3.05,6.12,0.99, 9.99
3.03,6.29,0.00, 8.26
3.03,6.47,0.00, 9.25
3.03,6.61,0.00, 6.51
3.05,7.03,0.99, 21.20
3.05,7.10,0.01, 3.56
3.03,7.15,0.00, 2.50
3.05,7.21,0.99, 3.00
3.05,7.22,0.01, 0.76
3.05,7.23,0.00, 0.50
3.03,7.23,0.00, 0.00
3.03,7.22,0.00, 0.00
3.03,7.22,0.00, 0.00
3.05,7.20,0.99, 0.00
3.05,7.18,0.01, 0.00
3.05,7.18,0.00, 0.00
3.05,7.18,0.00, 0.00
3.03,7.18,0.00, 0.00
3.03,7.18,0.00, 0.00
3.03,7.20,0.00, 1.00
3.03,7.22,0.00, 1.25
3.05,7.21,0.99, 0.00
3.03,7.23,0.00, 1.25
3.03,7.23,0.00, 1.25
3.05,7.24,0.99, 0.50
3.05,7.26,0.01, 0.75
3.03,7.25,0.00, 0.00
3.05,7.22,0.99, 0.00
3.03,7.18,0.00, 0.00
3.03,7.10,0.00, 0.00
3.03,7.01,0.00, 0.00
3.03,6.94,0.00, 0.00
3.03,6.87,0.00, 0.00
3.03,6.80,0.00, 0.00
3.03,6.80,0.00, 0.00
3.05,6.73,0.99, 0.00
3.03,6.67,0.00, 0.00
3.05,6.59,0.99, 0.00
3.03,6.47,0.00, 0.00
3.05,6.36,0.99, 0.00
3.05,6.19,0.01, 0.00
3.05,6.19,0.01, 0.00
3.03,5.98,0.00, 0.00
3.03,5.78,0.00, 0.00
3.03,5.60,0.00, 0.00
3.03,5.51,0.00, 0.00
3.03,5.46,0.00, 0.00
3.03,5.46,0.00, 0.00
3.03,5.46,0.00, 0.00
3.05,5.49,0.99, 1.49
3.05,5.55,0.01, 2.99
3.03,5.60,0.00, 2.50
3.03,5.60,0.00, 2.50
3.03,5.60,0.00, 2.50
3.03,5.60,0.00, 2.50
3.03,5.60,0.00, 2.50
3.03,5.61,0.00, 0.76
3.03,5.61,0.00, 0.76
3.03,5.62,0.00, 0.50
3.03,5.59,0.00, 0.00
3.03,5.48,0.00, 0.00
3.03,5.46,0.00, 0.00
3.03,5.46,0.00, 0.00
3.03,5.46,0.00, 0.00
3.03,5.46,0.00, 0.00
3.03,5.49,0.00, 1.49
3.03,5.49,0.00, 1.49
3.05,5.51,0.99, 0.75
3.03,5.53,0.00, 1.25
3.03,5.51,0.00, 0.00
3.03,5.45,0.00, 0.00
3.03,5.45,0.00, 0.00
3.05,5.41,0.99, 0.00
3.03,5.31,0.00, 0.00
3.03,5.26,0.00, 0.00
3.03,5.26,0.00, 0.00
3.03,5.26,0.00, 0.00
3.03,5.26,0.00, 0.00
3.03,5.26,0.00, 0.00
3.03,5.26,0.00, 0.00
3.03,5.26,0.00, 0.00
3.03,5.17,0.00, 0.00
3.03,5.08,0.00, 0.00
3.03,5.08,0.00, 0.00
3.03,5.08,0.00, 0.00
3.03,5.08,0.00, 0.00
3.03,5.08,0.00, 0.00
3.03,5.08,0.00, 0.00
3.03,5.08,0.00, 0.00
3.03,5.08,0.00, 0.00
3.03,5.08,0.00, 0.00
3.03,5.08,0.00, 0.00
3.03,5.08,0.00, 0.00
3.03,5.08,0.00, 0.00
3.03,5.08,0.00, 0.00
3.03,5.08,0.00, 0.00
3.03,5.08,0.00, 0.00
3.03,5.01,0.00, 0.00
3.03,4.84,0.00, 0.00
3.03,4.80,0.00, 0.00
2.45,3.57,0.00, 0.00
2.33,3.41,0.00, 0.00
2.33,3.41,0.00, 0.00
2.33,3.41,0.00, 0.00
2.22,3.26,0.00, 0.00
2.20,3.07,0.00, 0.00
2.11,2.88,0.00, 0.00
1.75,2.20,0.00, 0.00
1.59,1.96,0.00, 0.00
1.59,1.96,0.00, 0.00
1.59,1.96,0.00, 0.00
1.44,1.73,0.00, 0.00
1.24,1.55,0.00, 0.00
1.10,1.35,0.00, 0.00
0.88,1.15,0.00, 0.00
0.70,0.99,0.00, 0.00
0.54,0.83,0.00, 0.00
0.41,0.68,0.00, 0.00
0.32,0.56,0.00, 0.00
0.25,0.43,0.00, 0.00
0.20,0.31,0.00, 0.00
0.14,0.22,0.00, 0.00
0.14,0.22,0.00, 0.00
0.00,0.16,0.00, 0.00
0.00,0.16,0.00, 0.00
0.00,0.09,0.00, 0.00
0.00,0.07,0.00, 0.00
0.00,0.05,0.00, 0.00
0.00,0.05,0.00, 0.00
0.00,0.05,0.00, 0.00
0.00,0.05,0.00, 0.50
0.00,0.05,0.00, 0.50
0.00,0.05,0.00, 0.00
0.05,0.05,2.46, 0.00
0.09,0.05,2.01, 0.50
0.11,0.06,1.01, 0.25
0.11,0.06,0.01, 0.00
0.09,0.06,0.00, 0.00
0.05,0.06,0.00, 0.00
0.00,0.05,0.00, 0.00
0.00,0.05,0.00, 0.50
0.00,0.05,0.00, 0.00
0.00,0.05,0.00, 0.50
0.00,0.06,0.00, 0.25
0.00,0.05,0.00, 0.00
0.00,0.05,0.00, 0.00
0.00,0.05,0.00, 0.00
0.00,0.05,0.00, 0.50
0.05,0.06,2.46, 0.25
0.07,0.06,1.02, 0.00
0.07,0.06,0.02, 0.00
0.02,0.05,0.00, 0.00
0.02,0.05,0.00, 0.00
0.00,0.05,0.00, 0.50
0.00,0.05,0.00, 0.00
0.00,0.05,0.00, 0.00
0.00,0.05,0.00, 0.00
0.00,0.05,0.00, 0.00
0.00,0.05,0.00, 0.50
0.00,0.05,0.00, 0.50
0.00,0.08,0.00, 1.25
0.00,0.11,0.00, 1.75
0.00,0.14,0.00, 1.25
0.00,0.16,0.00, 1.25
0.00,0.16,0.00, 0.00
0.00,0.15,0.00, 0.00
0.00,0.29,0.00, 6.73
0.00,0.33,0.00, 2.27
0.00,0.45,0.00, 6.24
0.00,0.45,0.00, 6.24
0.00,0.45,0.00, 6.24
0.00,0.59,0.00, 6.50
0.00,0.59,0.00, 6.50
0.00,0.71,0.00, 6.25
0.00,0.86,0.00, 7.50
0.00,1.19,0.00, 16.47
0.00,1.38,0.00, 9.77
0.00,1.63,0.00, 12.49
0.34,2.19,16.75, 27.94
0.67,2.51,16.50, 16.04
0.94,2.85,13.54, 16.75
1.26,3.17,15.96, 16.00
1.68,3.55,20.93, 18.74
2.09,3.88,20.51, 16.51
2.47,4.18,19.02, 15.50
2.98,4.48,25.40, 14.50
3.03,4.74,2.84, 13.25
3.05,4.97,1.03, 11.26
3.05,5.20,0.02, 12.00
3.05,5.41,0.00, 10.26
3.05,5.58,0.00, 8.51
3.05,5.70,0.00, 6.01
3.05,5.70,0.00, 6.01
3.05,5.82,0.00, 6.00
3.05,5.91,0.00, 4.75
3.05,5.99,0.00, 4.00
3.05,6.10,0.00, 5.00
3.05,6.19,0.00, 5.00
3.05,6.24,0.00, 2.51
3.05,6.30,0.00, 2.75
3.05,6.30,0.00, 0.26
3.05,6.30,0.00, 0.26
3.05,6.29,0.00, 0.00
3.03,6.22,0.00, 0.00
3.05,6.16,0.99, 0.00
3.05,6.02,0.01, 0.00
3.05,5.88,0.00, 0.00
3.05,5.69,0.00, 0.00
3.05,5.69,0.00, 0.00
3.05,5.52,0.00, 0.00
3.03,5.34,0.00, 0.00
3.03,5.19,0.00, 0.00
3.03,5.06,0.00, 0.00
3.03,4.99,0.00, 0.00
3.05,4.97,0.99, 0.00
3.05,4.97,0.99, 0.00
3.05,5.01,0.01, 1.74
3.03,5.05,0.00, 2.25
3.05,5.11,0.99, 3.00
3.05,5.18,0.01, 3.50
3.03,5.23,0.00, 2.50
3.05,5.31,0.99, 3.99
3.05,5.31,0.99, 3.99
3.03,5.38,0.00, 3.50
3.03,5.47,0.00, 4.25
3.03,5.54,0.00, 3.75
3.03,5.54,0.00, 3.75
3.03,5.60,0.00, 3.00
3.05,5.64,0.99, 2.25
3.05,5.66,0.01, 0.76
3.03,5.69,0.00, 1.25
3.03,5.72,0.00, 1.75
3.03,5.76,0.00, 1.75
3.03,5.76,0.00, 0.50
3.03,5.78,0.00, 0.75
3.05,5.78,0.99, 0.00
3.05,5.78,0.99, 0.00
3.03,5.77,0.00, 0.00
3.03,5.76,0.00, 0.00
3.03,5.70,0.00, 0.00
3.03,5.61,0.00, 0.00
3.03,5.49,0.00, 0.00
3.03,5.35,0.00, 0.00
3.03,5.18,0.00, 0.00
3.03,5.11,0.00, 0.00
3.03,5.11,0.00, 0.00
3.03,5.11,0.00, 0.50
3.03,5.11,0.00, 0.50
3.03,5.14,0.00, 1.00
3.03,5.17,0.00, 1.75
3.05,5.21,0.99, 2.00
3.03,5.23,0.00, 1.00
3.03,5.24,0.00, 0.75
3.03,5.24,0.00, 0.75
3.03,5.24,0.00, 0.75
3.03,5.24,0.00, 0.75
3.03,5.24,0.00, 0.75
3.03,5.23,0.00, 0.00
3.03,5.23,0.00, 0.00
3.03,5.23,0.00, 0.00
3.03,5.20,0.00, 0.00
3.03,5.12,0.00, 0.00
3.03,4.93,0.00, 0.00
3.03,4.93,0.00, 0.00
3.03,4.90,0.00, 0.00
3.03,4.89,0.00, 0.00
3.03,4.85,0.00, 0.00
3.03,4.83,0.00, 0.00
3.03,4.77,0.00, 0.00
3.03,4.77,0.00, 0.00
3.03,4.77,0.00, 0.00
3.03,4.77,0.00, 0.00
3.03,4.77,0.00, 0.00
3.03,4.77,0.00, 0.00
3.03,4.72,0.00, 0.00
3.03,4.66,0.00, 0.00
3.05,4.62,0.99, 0.00
3.03,4.49,0.00, 0.00
3.03,4.44,0.00, 0.00
3.03,4.39,0.00, 0.00
3.03,4.32,0.00, 0.00
3.03,4.27,0.00, 0.00
3.03,4.21,0.00, 0.00
3.03,4.14,0.00, 0.00
3.03,4.11,0.00, 0.00
3.03,4.07,0.00, 0.00
3.03,4.03,0.00, 0.00
3.03,4.01,0.00, 0.00
3.05,3.98,0.99, 0.00
3.05,3.98,0.99, 0.00
3.05,3.95,0.01, 0.00
3.03,3.92,0.00, 0.00
3.03,3.89,0.00, 0.00
3.03,3.84,0.00, 0.00
1.68,3.76,0.00, 0.00
1.35,3.71,0.00, 0.00
2.60,3.67,61.58, 0.00
3.21,3.62,30.96, 0.00
3.14,3.57,0.00, 0.00
3.12,3.53,0.00, 0.00
2.85,3.49,0.00, 0.00
2.33,3.39,0.00, 0.00
2.13,3.30,0.00, 0.00
2.22,3.18,4.43, 0.00
2.22,3.18,4.43, 0.00
2.22,3.18,4.43, 0.00
2.31,3.03,4.50, 0.00
2.20,2.89,0.00, 0.00
2.00,2.75,0.00, 0.00
1.82,2.59,0.00, 0.00
1.82,2.59,0.00, 0.00
1.82,2.59,0.00, 0.00
1.82,2.59,0.00, 0.00
1.82,2.59,0.00, 0.00
1.82,2.59,0.00, 0.00
1.37,2.43,0.00, 0.00
1.37,2.43,0.00, 0.00
1.37,2.43,0.00, 0.00
1.37,2.28,0.00, 0.00
1.64,2.12,13.30, 0.00
1.17,1.29,0.00, 0.00
1.12,1.15,0.00, 0.00
1.48,0.99,17.74, 0.00
1.50,0.84,1.25, 0.00
1.50,0.71,0.02, 0.00
1.50,0.57,0.00, 0.00
1.35,0.46,0.00, 0.00
1.21,0.32,0.00, 0.00
1.10,0.22,0.00, 0.00
0.94,0.16,0.00, 0.00
0.72,0.09,0.00, 0.00
0.54,0.06,0.00, 0.00
0.32,0.05,0.00, 0.00
0.07,0.05,0.00, 0.00
0.00,0.04,0.00, 0.00
0.00,0.05,0.00, 0.50
0.00,0.05,0.00, 0.50
0.00,0.05,0.00, 0.50
0.00,0.05,0.00, 0.50
0.00,0.05,0.00, 0.00
0.00,0.05,0.00, 0.50
0.00,0.06,0.00, 0.25
0.00,0.06,0.00, 0.00
0.00,0.05,0.00, 0.00
0.23,0.05,11.33, 0.00
0.27,0.05,2.14, 0.50
0.36,0.06,4.47, 0.25
0.36,0.06,4.47, 0.25
0.38,0.06,1.05, 0.00
0.38,0.06,0.02, 0.00
0.34,0.05,0.00, 0.00
0.32,0.05,0.00, 0.00
0.20,0.05,0.00, 0.50
0.09,0.05,0.00, 0.00
0.00,0.05,0.00, 0.00
0.00,0.05,0.00, 0.00
0.00,0.05,0.00, 0.00
0.00,0.05,0.00, 0.50
0.00,0.05,0.00, 0.50
0.00,0.05,0.00, 0.00
0.00,0.05,0.00, 0.00
0.00,0.06,0.00, 0.25
0.00,0.06,0.00, 0.00
0.00,0.06,0.00, 0.00
0.00,0.06,0.00, 0.00
0.02,0.06,0.99, 0.00
0.07,0.05,2.48, 0.00
0.02,0.08,0.00, 1.49
0.00,0.11,0.00, 2.00
0.00,0.11,0.00, 2.00
0.00,0.11,0.00, 2.00
0.00,0.11,0.00, 2.00
0.00,0.26,0.00, 7.48
0.00,0.26,0.00, 7.48
0.00,0.26,0.00, 7.48
0.00,0.35,0.00, 4.26
0.00,0.47,0.00, 6.24
0.05,1.25,2.46, 38.38
0.14,1.54,4.47, 14.84
0.20,1.80,3.02, 13.01
0.20,1.80,3.02, 13.01
0.20,1.80,3.02, 13.01
0.20,1.80,3.02, 13.01
0.20,1.80,3.02, 13.01
0.20,1.80,3.02, 13.01
0.20,1.80,3.02, 13.01
0.20,1.80,3.02, 13.01
0.20,1.80,3.02, 13.01
0.00,2.10,0.00, 14.99
0.00,2.39,0.00, 14.50
0.11,2.67,5.42, 14.25
2.74,5.23,129.65, 127.09
3.14,5.43,21.61, 10.68
3.14,5.43,21.61, 10.68
3.14,5.43,21.61, 10.68
3.14,5.43,21.61, 10.68
3.14,5.43,21.61, 10.68
3.07,5.58,0.00, 7.51
3.05,5.73,0.00, 7.25
3.05,5.73,0.00, 7.25
3.05,5.88,0.00, 7.75
3.03,6.19,0.00, 15.72
3.05,6.22,0.99, 1.30
3.05,6.23,0.01, 0.50
3.05,6.24,0.00, 0.75
3.05,6.22,0.00, 0.00
3.05,6.20,0.00, 0.00
3.05,6.18,0.00, 0.00
3.05,6.11,0.00, 0.00
3.05,6.02,0.00, 0.00
3.05,5.91,0.00, 0.00
3.03,5.73,0.00, 0.00
3.05,5.54,0.99, 0.00
3.05,5.43,0.01, 0.00
3.05,5.40,0.00, 0.00
3.05,5.40,0.00, 0.00
3.03,5.44,0.00, 1.99
3.05,5.50,0.99, 3.00
3.05,5.57,0.01, 3.50
3.05,5.62,0.00, 2.50
3.05,5.62,0.00, 2.50
3.05,5.70,0.00, 3.99
3.05,5.76,0.00, 3.00
3.07,5.82,0.99, 3.00
3.03,5.87,0.00, 2.50
3.05,5.93,0.99, 2.75
3.03,6.00,0.00, 3.75
3.05,6.10,0.99, 5.00
3.05,6.22,0.01, 5.75
3.05,6.22,0.01, 5.75
3.03,6.31,0.00, 4.50
3.05,6.40,0.99, 5.00
3.05,6.51,0.01, 5.25
3.03,6.60,0.00, 4.25
3.05,6.68,0.99, 4.25
3.05,6.72,0.01, 1.76
3.03,6.73,0.00, 1.00
3.05,6.69,0.99, 0.00
3.05,6.69,0.99, 0.00
3.05,6.69,0.99, 0.00
3.05,6.69,0.99, 0.00
3.05,6.69,0.99, 0.00
3.05,6.69,0.99, 0.00
3.05,6.69,0.99, 0.00
3.05,6.64,0.01, 0.00
3.05,6.58,0.00, 0.00
3.03,6.52,0.00, 0.00
3.05,6.43,0.99, 0.00
3.05,6.41,0.01, 0.00
3.05,6.41,0.01, 0.00
3.05,6.41,0.01, 0.00
3.05,6.41,0.01, 0.00
3.05,6.41,0.01, 0.00
3.05,6.41,0.01, 0.00
3.05,6.41,0.01, 0.00
3.05,6.36,0.00, 0.00
3.05,6.32,0.00, 0.00
3.05,6.25,0.00, 0.00
3.05,5.88,0.00, 0.00
3.05,5.88,0.00, 0.00
3.05,5.88,0.00, 0.00
3.05,5.86,0.00, 0.00
3.03,5.85,0.00, 0.00
3.05,5.81,0.99, 0.00
3.03,5.75,0.00, 0.00
3.05,5.67,0.99, 0.00
3.03,5.59,0.00, 0.00
3.03,5.48,0.00, 0.00
3.03,5.39,0.00, 0.00
3.05,5.35,0.99, 0.00
3.03,5.30,0.00, 0.00
3.03,5.30,0.00, 0.00
3.03,5.30,0.00, 0.00
3.03,5.30,0.00, 0.00
3.03,5.30,0.00, 0.00
3.03,5.30,0.00, 0.00
3.03,5.30,0.00, 0.00
3.03,5.30,0.00, 0.00
3.05,5.31,0.99, 0.50
3.05,5.30,0.01, 0.00
3.05,5.30,0.01, 0.00
3.05,5.30,0.01, 0.00
3.05,5.30,0.01, 0.00
3.05,5.30,0.01, 0.00
3.05,5.30,0.01, 0.00
3.05,5.28,0.00, 0.00
3.05,5.28,0.00, 0.00
3.05,5.28,0.00, 0.00
3.05,5.28,0.00, 0.00
3.05,5.28,0.00, 0.00
3.05,5.28,0.00, 0.00
3.05,5.28,0.00, 0.00
3.05,5.28,0.00, 0.00
3.05,5.28,0.00, 0.00
3.05,5.28,0.00, 0.00
3.05,5.28,0.00, 0.00
3.05,5.28,0.00, 0.00
3.05,5.28,0.00, 0.00
3.05,5.28,0.00, 0.00
3.03,5.13,0.00, 0.00
3.03,5.13,0.00, 0.00
3.03,5.13,0.00, 0.00
3.03,5.06,0.00, 0.00
3.03,5.06,0.00, 0.00
3.03,5.03,0.00, 0.00
2.56,4.72,0.00, 0.00
2.56,4.72,0.00, 0.00
2.56,4.72,0.00, 0.00
2.56,4.72,0.00, 0.00
2.22,4.59,0.00, 0.00
3.07,4.43,41.87, 0.00
3.03,4.32,0.00, 0.00
2.13,4.07,0.00, 0.00
2.45,3.97,15.76, 0.00
2.60,3.86,7.62, 0.00
2.47,3.73,0.00, 0.00
2.51,3.61,1.97, 0.00
2.42,3.44,0.00, 0.00
2.40,3.28,0.00, 0.00
2.40,3.28,0.00, 0.00
2.29,3.11,0.00, 0.00
2.20,2.90,0.00, 0.00
2.09,2.67,0.00, 0.00
2.02,2.43,0.00, 0.00
2.02,2.43,0.00, 0.00
1.89,2.18,0.00, 0.00
1.82,1.90,0.00, 0.00
1.64,1.40,0.00, 0.00
1.53,1.18,0.00, 0.00
1.35,0.98,0.00, 0.00
1.21,0.80,0.00, 0.00
1.06,0.63,0.00, 0.00
1.01,0.47,0.00, 0.00
0.88,0.35,0.00, 0.00
0.67,0.20,0.00, 0.00
0.67,0.20,0.00, 0.00
0.67,0.20,0.00, 0.00
0.67,0.20,0.00, 0.00
0.67,0.20,0.00, 0.00
0.67,0.20,0.00, 0.00
0.67,0.20,0.00, 0.00
0.65,0.12,0.00, 0.00
0.65,0.12,0.00, 0.00
0.41,0.06,0.00, 0.00
0.20,0.06,0.00, 0.00
0.00,0.05,0.00, 0.00
0.00,0.05,0.00, 0.50
0.00,0.06,0.00, 0.25
0.00,0.06,0.00, 0.00
0.07,0.06,3.45, 0.00
0.23,0.06,7.93, 0.00
0.34,0.06,5.54, 0.00
0.25,0.06,0.00, 0.00
0.14,0.06,0.00, 0.00
0.07,0.05,0.00, 0.00
0.02,0.05,0.00, 0.50
0.02,0.05,0.00, 0.50
0.02,0.05,0.00, 0.00
0.05,0.05,1.48, 0.00
0.09,0.05,1.99, 0.00
0.09,0.05,1.99, 0.00
0.09,0.05,1.99, 0.00
0.09,0.05,0.03, 0.00
0.18,0.05,4.43, 0.50
0.25,0.06,3.51, 0.25
0.25,0.06,0.05, 0.00
0.29,0.06,1.97, 0.00
0.25,0.06,0.00, 0.00
0.18,0.06,0.00, 0.00
0.18,0.06,0.00, 0.00
0.18,0.06,0.00, 0.00
0.18,0.06,0.00, 0.00
0.18,0.06,0.00, 0.00
0.18,0.06,0.00, 0.00
0.07,0.06,0.00, 0.00
0.00,0.05,0.00, 0.00
0.00,0.04,0.00, 0.00
0.00,0.06,0.00, 1.25
0.00,0.09,0.00, 1.50
0.00,0.11,0.00, 1.25
0.09,0.13,4.43, 0.75
0.00,0.17,0.00, 2.24
0.00,0.35,0.00, 8.98
0.00,0.55,0.00, 9.50
0.00,0.75,0.00, 10.25
0.00,1.03,0.00, 13.99
0.00,1.27,0.00, 12.01
0.00,1.27,0.00, 12.01
0.00,1.57,0.00, 14.74
0.00,1.84,0.00, 13.75
0.07,2.12,3.45, 14.25
0.32,2.40,12.37, 13.75
0.61,2.66,14.47, 13.25
1.03,2.93,20.90, 13.25
1.03,2.93,20.90, 13.25
1.46,3.16,21.49, 11.76
1.84,3.39,19.04, 11.25
2.06,3.63,11.12, 12.00
2.06,3.63,11.12, 12.00
2.06,3.63,11.12, 12.00
2.06,3.63,11.12, 12.00
2.06,3.63,11.12, 12.00
2.06,3.63,11.12, 12.00
2.06,3.63,11.12, 12.00
2.42,3.83,17.90, 9.76
2.80,4.02,18.98, 9.50
3.12,4.21,16.04, 9.75
3.03,5.01,0.00, 39.89
3.03,5.16,0.00, 7.87
3.03,5.28,0.00, 6.01
3.05,5.38,0.99, 4.75
3.03,5.47,0.00, 4.75
3.03,5.56,0.00, 4.25
3.05,5.64,0.99, 4.25
3.05,5.73,0.01, 4.25
3.03,5.81,0.00, 4.00
3.03,5.86,0.00, 2.51
3.03,5.89,0.00, 1.75
3.03,5.94,0.00, 2.50
3.03,5.97,0.00, 1.25
3.03,5.99,0.00, 1.25
3.03,5.99,0.00, 0.00
3.03,5.98,0.00, 0.00
3.03,5.98,0.00, 0.00
3.03,5.96,0.00, 0.00
3.03,5.94,0.00, 0.00
3.03,5.94,0.00, 0.00
3.03,5.93,0.00, 0.00
3.03,5.90,0.00, 0.00
3.03,5.90,0.00, 0.00
3.03,5.90,0.00, 0.00
3.03,5.92,0.00, 1.00
3.03,5.93,0.00, 0.50
3.03,5.96,0.00, 1.50
3.03,5.96,0.00, 0.01
3.03,5.96,0.00, 0.00
3.03,5.91,0.00, 0.00
3.05,5.89,0.99, 0.00
3.03,5.89,0.00, 0.00
3.03,5.89,0.00, 0.00
3.03,5.88,0.00, 0.00
3.03,5.89,0.00, 1.00
3.03,5.89,0.00, 0.00
3.03,5.91,0.00, 0.75
3.03,5.89,0.00, 0.00
3.03,5.89,0.00, 0.25
3.03,5.86,0.00, 0.00
3.03,5.81,0.00, 0.00
3.03,5.74,0.00, 0.00
3.03,5.63,0.00, 0.00
3.03,5.55,0.00, 0.00
3.03,5.47,0.00, 0.00
3.03,5.37,0.00, 0.00
3.03,5.28,0.00, 0.00
3.03,5.18,0.00, 0.00
3.03,5.18,0.00, 0.00
3.03,5.07,0.00, 0.00
3.03,4.98,0.00, 0.00
3.03,4.87,0.00, 0.00
3.03,4.74,0.00, 0.00
3.03,4.64,0.00, 0.00
3.03,4.64,0.00, 0.00
3.03,4.64,0.00, 0.00
3.03,4.64,0.00, 0.00
3.03,4.64,0.00, 0.00
3.03,4.64,0.00, 0.00
3.03,4.64,0.00, 0.00
3.03,4.57,0.00, 0.00
3.03,4.54,0.00, 0.00
3.05,4.54,0.99, 0.00
3.05,4.70,0.01, 7.72
3.03,4.70,0.00, 0.53
3.03,4.75,0.00, 2.24
3.03,4.73,0.00, 0.00
3.03,4.70,0.00, 0.00
3.03,4.64,0.00, 0.00
3.03,4.57,0.00, 0.00
3.03,4.52,0.00, 0.00
3.03,4.47,0.00, 0.00
3.03,4.47,0.00, 0.00
3.05,4.51,0.99, 1.74
3.03,4.53,0.00, 1.00
3.03,4.53,0.00, 1.00
3.03,4.53,0.00, 1.00
3.03,4.53,0.00, 1.00
3.03,4.53,0.00, 1.00
3.03,4.55,0.00, 1.50
3.03,4.55,0.00, 1.50
3.03,4.56,0.00, 0.50
3.03,4.55,0.00, 0.00
3.03,4.38,0.00, 0.00
3.05,4.34,0.99, 0.00
3.03,4.30,0.00, 0.00
3.03,4.24,0.00, 0.00
3.03,4.21,0.00, 0.00
3.03,4.18,0.00, 0.00
3.03,4.14,0.00, 0.00
3.03,4.14,0.00, 0.00
3.03,4.14,0.00, 0.00
3.03,4.14,0.00, 0.00
3.03,4.14,0.00, 0.00
3.03,4.14,0.00, 0.00
3.03,4.11,0.00, 0.00
3.03,4.09,0.00, 0.00
3.03,4.06,0.00, 0.00
3.03,3.89,0.00, 0.00
3.03,3.83,0.00, 0.00
3.03,3.76,0.00, 0.00
3.03,3.69,0.00, 0.00
3.03,3.62,0.00, 0.00
3.03,3.57,0.00, 0.00
3.03,3.48,0.00, 0.00
2.85,3.42,0.00, 0.00
2.85,3.42,0.00, 0.00
2.54,3.32,0.00, 0.00
2.67,3.25,6.40, 0.00
2.85,3.18,8.96, 0.00
2.80,3.11,0.00, 0.00
2.83,3.02,1.48, 0.00
2.83,3.02,1.48, 0.00
2.83,3.02,1.48, 0.00
2.83,3.02,1.48, 0.00
2.83,3.02,1.48, 0.00
2.83,3.02,1.48, 0.00
2.83,3.02,1.48, 0.00
2.83,3.02,1.48, 0.00
2.83,3.02,1.48, 0.00
2.83,3.02,1.48, 0.00
2.83,3.02,1.48, 0.00
2.83,3.02,1.48, 0.00
2.78,2.92,0.00, 0.00
2.78,2.92,0.00, 0.00
2.78,2.92,0.00, 0.00
2.74,2.85,0.00, 0.00
2.58,2.76,0.00, 0.00
1.53,1.41,0.00, 0.00
1.53,1.41,0.00, 0.00
1.53,1.41,0.00, 0.00
1.53,1.41,0.00, 0.00
1.53,1.41,0.00, 0.00
1.53,1.26,0.00, 0.00
1.44,1.13,0.00, 0.00
1.44,1.00,0.00, 0.00
1.62,0.47,8.87, 0.00
1.62,0.47,8.87, 0.00
1.62,0.36,0.13, 0.00
1.59,0.25,0.00, 0.00
1.44,0.15,0.00, 0.00
1.21,0.09,0.00, 0.00
1.08,0.06,0.00, 0.00
0.83,0.05,0.00, 0.00
0.65,0.05,0.00, 0.50
0.32,0.06,0.00, 0.25
0.05,0.05,0.00, 0.00
0.00,0.05,0.00, 0.00
0.00,0.05,0.00, 0.00
0.00,0.05,0.00, 0.00
0.00,0.05,0.00, 0.50
0.00,0.05,0.00, 0.50
0.00,0.05,0.00, 0.00
0.00,0.05,0.00, 0.00
0.00,0.05,0.00, 0.00
0.14,0.05,6.90, 0.50
0.18,0.05,2.07, 0.00
0.29,0.05,5.45, 0.50
0.36,0.06,3.53, 0.25
0.38,0.06,1.04, 0.00
0.29,0.06,0.00, 0.00
0.18,0.06,0.00, 0.00
0.07,0.06,0.00, 0.00
0.00,0.05,0.00, 0.00
0.00,0.05,0.00, 0.00
0.00,0.05,0.00, 0.00
0.00,0.05,0.00, 0.00
0.00,0.05,0.00, 0.00
0.00,0.05,0.00, 0.00
0.00,0.05,0.00, 0.00
0.00,0.05,0.00, 0.50
0.00,0.05,0.00, 0.50
0.00,0.06,0.00, 0.25
0.00,0.06,0.00, 0.00
0.00,0.06,0.00, 0.00
0.14,0.08,6.90, 1.00
0.11,0.12,0.00, 2.25
0.00,0.21,0.00, 3.99
0.00,0.28,0.00, 3.75
0.00,0.39,0.00, 5.74
0.00,0.47,0.00, 3.76
0.00,0.56,0.00, 4.50
0.00,0.65,0.00, 4.50
0.00,0.74,0.00, 4.50
0.00,0.85,0.00, 5.50
0.00,0.85,0.00, 5.50
0.00,0.96,0.00, 5.25
0.00,1.11,0.00, 7.74
0.00,1.29,0.00, 8.75
0.00,1.50,0.00, 10.74
0.00,1.50,0.00, 10.74
0.00,1.50,0.00, 10.74
0.00,1.50,0.00, 10.74
0.00,1.50,0.00, 10.74
0.00,1.50,0.00, 10.74
0.00,1.50,0.00, 10.74
0.00,1.74,0.00, 11.75
0.00,1.74,0.00, 11.75
0.00,2.00,0.00, 13.00
0.00,2.26,0.00, 13.00
0.00,2.26,0.00, 13.00
0.00,2.26,0.00, 13.00
0.00,2.26,0.00, 13.00
0.00,2.26,0.00, 13.00
0.00,2.26,0.00, 13.00
0.00,2.26,0.00, 13.00
0.00,2.26,0.00, 13.00
0.00,2.26,0.00, 13.00
0.00,2.26,0.00, 13.00
0.00,2.26,0.00, 13.00
1.59,3.71,78.33, 72.53
1.59,3.71,78.33, 72.53
1.91,3.95,16.92, 12.22
2.27,4.20,17.98, 12.50
3.05,5.72,38.69, 75.52
3.05,5.86,0.57, 7.50
3.03,5.91,0.00, 2.52
3.03,5.97,0.00, 2.75
3.05,6.01,0.99, 2.00
3.03,5.99,0.00, 0.00
3.05,5.96,0.99, 0.00
3.03,5.90,0.00, 0.00
3.03,5.78,0.00, 0.00
3.03,5.78,0.00, 0.00
3.03,5.61,0.00, 0.00
3.03,5.41,0.00, 0.00
3.05,5.26,0.99, 0.00
3.03,5.17,0.00, 0.00
3.03,5.13,0.00, 0.00
3.03,5.11,0.00, 0.00
3.03,5.11,0.00, 0.00
3.03,5.16,0.00, 2.24
3.03,5.17,0.00, 0.51
3.03,5.22,0.00, 2.49
3.05,5.23,0.99, 0.51
3.03,5.26,0.00, 1.25
3.03,5.24,0.00, 0.00
3.03,5.24,0.00, 0.00
3.03,5.22,0.00, 0.00
3.03,5.22,0.00, 0.00
3.03,5.18,0.00, 0.00
3.05,5.18,0.99, 0.00
3.03,5.22,0.00, 1.74
3.03,5.27,0.00, 2.75
3.03,5.32,0.00, 2.50
3.03,5.37,0.00, 2.25
3.03,5.37,0.00, 2.25
3.03,5.39,0.00, 1.25
3.03,5.39,0.00, 1.25
3.05,5.42,0.99, 1.25
3.03,5.41,0.00, 0.00
3.03,5.39,0.00, 0.00
3.03,5.39,0.00, 0.00
3.03,5.39,0.00, 0.00
3.05,5.39,0.99, 0.00
3.03,5.39,0.00, 0.00
3.03,5.40,0.00, 0.50
3.05,5.41,0.99, 0.50
3.03,5.41,0.00, 0.00
3.03,5.38,0.00, 0.00
3.03,5.38,0.00, 0.00
3.03,5.36,0.00, 0.00
3.03,5.31,0.00, 0.00
3.03,5.26,0.00, 0.00
3.03,5.20,0.00, 0.00
3.03,5.12,0.00, 0.00
3.03,5.06,0.00, 0.00
3.03,5.00,0.00, 0.00
3.03,4.98,0.00, 0.00
3.03,4.99,0.00, 0.50
3.03,5.04,0.00, 2.24
3.03,5.07,0.00, 1.25
3.03,5.11,0.00, 2.25
3.03,5.11,0.00, 2.25
3.03,5.11,0.00, 2.25
3.03,5.11,0.00, 0.01
3.03,5.14,0.00, 1.49
3.03,5.11,0.00, 0.00
3.03,5.11,0.00, 0.00
3.03,5.05,0.00, 0.00
3.03,4.94,0.00, 0.00
3.03,4.81,0.00, 0.00
3.03,4.66,0.00, 0.00
3.03,4.58,0.00, 0.00
3.03,4.58,0.00, 0.00
3.03,4.58,0.00, 0.00
3.03,4.58,0.00, 0.00
3.03,4.58,0.00, 0.00
3.03,4.58,0.00, 0.00
3.05,4.55,0.99, 0.00
3.05,4.55,0.99, 0.00
3.03,4.56,0.00, 0.50
3.03,4.57,0.00, 0.50
3.03,4.60,0.00, 1.75
3.03,4.57,0.00, 0.00
3.03,4.52,0.00, 0.00
3.03,4.47,0.00, 0.00
3.03,4.40,0.00, 0.00
3.03,4.36,0.00, 0.00
3.03,4.35,0.00, 0.00
3.03,4.35,0.00, 0.00
3.03,4.35,0.00, 0.00
3.03,4.35,0.00, 0.00
3.03,4.35,0.00, 0.00
3.03,4.35,0.00, 0.00
3.03,4.35,0.00, 0.00
3.03,4.35,0.00, 0.00
3.03,4.32,0.00, 0.00
3.03,4.36,0.00, 1.74
3.03,4.36,0.00, 0.26
3.03,4.34,0.00, 0.00
3.03,4.31,0.00, 0.00
3.03,4.26,0.00, 0.00
3.03,4.20,0.00, 0.00
3.03,4.15,0.00, 0.00
3.03,4.14,0.00, 0.00
3.03,4.14,0.00, 0.00
3.03,4.11,0.00, 0.00
3.03,4.11,0.00, 0.00
3.03,4.08,0.00, 0.00
2.38,4.06,0.00, 0.00
1.64,4.00,0.00, 0.00
2.22,3.92,28.57, 0.00
2.92,3.86,34.91, 0.00
3.07,3.76,7.90, 0.00
2.87,3.65,0.00, 0.00
2.49,3.57,0.00, 0.00
2.29,3.47,0.00, 0.00
2.04,3.31,0.00, 0.00
2.20,3.13,7.88, 0.00
2.31,2.95,5.54, 0.00
2.31,2.95,5.54, 0.00
2.31,2.95,5.54, 0.00
2.31,2.95,5.54, 0.00
2.31,2.95,5.54, 0.00
1.95,2.74,0.00, 0.00
1.95,2.53,0.00, 0.00
1.84,2.32,0.00, 0.00
1.35,1.62,0.00, 0.00
1.35,1.62,0.00, 0.00
1.26,1.38,0.00, 0.00
1.17,1.17,0.00, 0.00
1.15,0.97,0.00, 0.00
1.03,0.76,0.00, 0.00
1.03,0.61,0.00, 0.00
0.94,0.45,0.00, 0.00
0.94,0.31,0.00, 0.00
0.99,0.19,2.46, 0.00
0.92,0.10,0.00, 0.00
0.81,0.06,0.00, 0.00
0.63,0.06,0.00, 0.00
0.43,0.06,0.00, 0.00
0.43,0.06,0.00, 0.00
0.43,0.06,0.00, 0.00
0.43,0.06,0.00, 0.00
0.43,0.06,0.00, 0.00
0.25,0.06,0.00, 0.00
0.25,0.06,0.00, 0.00
0.25,0.06,0.00, 0.00
0.02,0.06,0.00, 0.00
0.00,0.05,0.00, 0.00
0.00,0.05,0.00, 0.50
0.00,0.06,0.00, 0.25
0.00,0.05,0.00, 0.00
0.14,0.05,6.90, 0.00
0.18,0.05,2.07, 0.50
0.36,0.05,8.90, 0.00
0.41,0.05,2.59, 0.50
0.50,0.06,4.47, 0.25
0.45,0.06,0.00, 0.00
0.50,0.06,2.46, 0.00
0.43,0.05,0.00, 0.00
0.36,0.05,0.00, 0.00
0.23,0.05,0.00, 0.00
0.07,0.05,0.00, 0.50
0.00,0.05,0.00, 0.00
0.00,0.05,0.00, 0.00
0.00,0.05,0.00, 0.00
0.00,0.04,0.00, 0.00
0.00,0.04,0.00, 0.00
0.00,0.05,0.00, 1.00
0.00,0.06,0.00, 0.25
0.00,0.06,0.00, 0.00
0.00,0.06,0.00, 0.00
0.00,0.06,0.00, 0.00
0.14,0.06,6.90, 0.00
0.14,0.06,6.90, 0.00
0.14,0.06,6.90, 0.00
0.14,0.06,6.90, 0.00
0.18,0.06,2.07, 0.00
0.16,0.05,0.00, 0.00
0.16,0.05,0.00, 0.00
0.14,0.05,0.00, 0.00
0.11,0.05,0.00, 0.00
0.11,0.05,0.00, 0.00
0.07,0.06,0.00, 1.00
0.07,0.07,0.00, 0.25
0.05,0.06,0.00, 0.00
0.09,0.11,1.97, 2.74
0.05,0.19,0.00, 4.00
0.00,0.25,0.00, 3.00
0.00,0.31,0.00, 3.00
0.00,0.38,0.00, 3.00
0.00,0.44,0.00, 3.50
0.00,0.53,0.00, 4.25
0.00,0.62,0.00, 4.50
0.00,0.76,0.00, 6.99
0.00,0.90,0.00, 7.25
0.00,0.90,0.00, 7.25
0.00,0.90,0.00, 7.25
0.00,1.11,0.00, 9.99
0.00,1.34,0.00, 11.74
0.00,1.62,0.00, 14.24
0.00,1.95,0.00, 16.49
0.00,2.29,0.00, 16.75
0.00,2.67,0.00, 18.99
0.00,3.04,0.00, 18.50
0.38,3.40,18.72, 18.25
0.94,3.78,27.86, 18.75
1.50,4.14,28.00, 18.25
1.89,4.46,19.63, 15.76
1.89,4.46,19.63, 15.76
2.27,4.72,19.01, 13.26
2.72,4.94,22.45, 10.76
3.14,5.10,21.02, 8.01
3.05,5.24,0.00, 7.25
3.03,5.36,0.00, 6.00
3.05,5.47,0.99, 5.00
3.05,5.56,0.01, 4.75
3.05,5.62,0.00, 3.01
3.05,5.62,0.00, 3.01
3.05,5.67,0.00, 2.50
3.05,5.74,0.00, 3.50
3.05,5.78,0.00, 2.01
3.05,5.79,0.00, 0.51
3.03,5.80,0.00, 0.50
3.05,5.78,0.99, 0.00
3.05,5.78,0.99, 0.00
3.03,5.72,0.00, 0.00
3.03,5.68,0.00, 0.00
3.03,5.62,0.00, 0.00
3.05,5.53,0.99, 0.00
3.03,5.42,0.00, 0.00
3.03,5.29,0.00, 0.00
3.03,5.15,0.00, 0.00
3.03,4.99,0.00, 0.00
3.03,4.99,0.00, 0.00
3.03,4.83,0.00, 0.00
3.05,4.68,0.99, 0.00
3.05,4.56,0.01, 0.00
3.03,4.47,0.00, 0.00
3.03,4.43,0.00, 0.00
3.03,4.43,0.00, 0.25
3.03,4.43,0.00, 0.25
3.03,4.45,0.00, 0.75
3.03,4.49,0.00, 2.24
3.05,4.50,0.99, 0.51
3.05,4.52,0.01, 1.25
3.05,4.57,0.00, 2.25
3.05,4.63,0.00, 3.00
3.03,4.72,0.00, 4.49
3.05,4.81,0.99, 4.25
3.05,4.81,0.99, 4.25
3.03,4.90,0.00, 5.00
3.05,5.01,0.99, 5.00
3.03,5.11,0.00, 5.00
3.05,5.21,0.99, 5.25
3.05,5.21,0.99, 5.25
3.03,5.31,0.00, 4.75
3.03,5.38,0.00, 3.75
3.03,5.44,0.00, 3.00
3.03,5.51,0.00, 3.50
3.03,5.56,0.00, 2.50
3.03,5.59,0.00, 1.25
3.03,5.62,0.00, 2.00
3.03,5.62,0.00, 2.00
3.03,5.62,0.00, 2.00
3.03,5.64,0.00, 1.00
3.03,5.67,0.00, 1.25
3.03,5.70,0.00, 1.25
3.03,5.71,0.00, 0.75
3.03,5.74,0.00, 1.50
3.03,5.77,0.00, 1.25
3.03,5.77,0.00, 0.25
3.03,5.78,0.00, 0.50
3.03,5.76,0.00, 0.00
3.01,5.70,0.00, 0.00
3.03,5.64,0.99, 0.00
3.03,5.60,0.01, 0.00
3.03,5.58,0.00, 0.00
3.03,5.58,0.00, 0.00
3.05,5.53,0.99, 0.00
3.03,5.51,0.00, 0.00
3.03,5.49,0.00, 0.00
3.03,5.49,0.00, 0.00
3.03,5.51,0.00, 0.50
3.03,5.51,0.00, 0.00
3.03,5.51,0.00, 0.00
3.03,5.48,0.00, 0.00
3.05,5.44,0.99, 0.00
3.03,5.40,0.00, 0.00
3.03,5.36,0.00, 0.00
3.03,5.36,0.00, 0.00
3.03,5.38,0.00, 0.50
3.03,5.38,0.00, 0.50
3.03,5.36,0.00, 0.00
3.03,5.36,0.00, 0.00
3.03,5.36,0.00, 0.00
3.03,5.33,0.00, 0.00
3.03,5.33,0.00, 0.00
3.03,5.30,0.00, 0.00
3.03,5.27,0.00, 0.00
3.03,5.24,0.00, 0.00
3.03,5.16,0.00, 0.00
3.03,5.09,0.00, 0.00
3.03,5.05,0.00, 0.00
3.03,5.05,0.00, 0.00
3.03,5.02,0.00, 0.00
3.03,5.02,0.00, 0.00
3.03,5.02,0.00, 0.00
3.03,5.02,0.00, 0.00
3.03,5.02,0.00, 0.00
3.03,4.99,0.00, 0.00
3.05,4.97,0.99, 0.00
3.03,4.94,0.00, 0.00
3.05,4.90,0.99, 0.00
3.03,4.86,0.00, 0.00
3.03,4.82,0.00, 0.00
3.03,4.77,0.00, 0.00
3.03,4.77,0.00, 0.00
3.03,4.77,0.00, 0.00
2.87,4.72,0.00, 0.00
2.18,4.68,0.00, 0.00
2.76,4.59,28.57, 0.00
3.05,4.61,14.71, 1.25
3.10,4.57,2.68, 0.00
3.07,4.55,0.00, 0.00
3.07,4.52,0.00, 0.00
3.07,4.52,0.00, 0.00
3.07,4.52,0.00, 0.00
3.01,4.51,0.00, 0.00
2.94,4.48,0.00, 0.00
2.92,4.41,0.00, 0.00
2.92,4.41,0.00, 0.00
2.92,4.41,0.00, 0.00
2.92,4.41,0.00, 0.00
2.92,4.41,0.00, 0.00
2.94,4.35,0.99, 0.00
2.94,4.35,0.99, 0.00
2.94,4.27,0.01, 0.00
2.89,4.14,0.00, 0.00
2.24,3.18,0.00, 0.00
2.04,2.96,0.00, 0.00
2.00,2.72,0.00, 0.00
1.84,2.49,0.00, 0.00
1.62,2.26,0.00, 0.00
1.48,2.04,0.00, 0.00
1.37,1.84,0.00, 0.00
1.21,1.63,0.00, 0.00
1.10,1.43,0.00, 0.00
1.10,1.43,0.00, 0.00
1.06,1.28,0.00, 0.00
1.01,1.10,0.00, 0.00
0.97,0.93,0.00, 0.00
0.99,0.76,0.99, 0.00
0.92,0.62,0.00, 0.00
0.92,0.47,0.00, 0.00
0.94,0.34,0.99, 0.00
0.94,0.34,0.99, 0.00
0.94,0.34,0.99, 0.00
0.83,0.22,0.00, 0.00
0.70,0.11,0.00, 0.00
0.58,0.06,0.00, 0.00
0.36,0.05,0.00, 0.00
0.23,0.05,0.00, 0.50
0.02,0.05,0.00, 0.00
0.00,0.05,0.00, 0.00
0.00,0.05,0.00, 0.00
0.00,0.05,0.00, 0.50
0.00,0.05,0.00, 0.00
0.00,0.05,0.00, 0.00
0.00,0.05,0.00, 0.00
0.00,0.05,0.00, 0.00
0.00,0.05,0.00, 0.00
0.00,0.05,0.00, 0.50
0.00,0.05,0.00, 0.00
0.00,0.05,0.00, 0.00
0.07,0.05,3.45, 0.50
0.07,0.05,3.45, 0.50
0.23,0.05,7.93, 0.00
0.32,0.05,4.55, 0.50
0.34,0.06,1.05, 0.25
0.36,0.05,1.00, 0.00
0.27,0.05,0.00, 0.00
0.18,0.05,0.00, 0.00
0.18,0.05,0.00, 0.00
0.09,0.05,0.00, 0.00
0.00,0.05,0.00, 0.00
0.00,0.05,0.00, 0.00
0.00,0.05,0.00, 0.00
0.00,0.05,0.00, 0.00
0.00,0.05,0.00, 0.50
0.00,0.06,0.00, 0.25
0.00,0.06,0.00, 0.00
0.00,0.06,0.00, 0.00
0.00,0.06,0.00, 0.00
0.07,0.05,3.45, 0.00
0.09,0.05,1.04, 0.00
0.11,0.05,1.00, 0.50
0.11,0.05,1.00, 0.50
0.11,0.05,0.01, 0.00
0.11,0.05,0.00, 0.00
0.09,0.05,0.00, 0.50
0.05,0.05,0.00, 0.00
0.05,0.05,0.00, 0.00
0.02,0.05,0.00, 0.00
0.02,0.05,0.00, 0.00
0.02,0.05,0.00, 0.00
0.02,0.05,0.00, 0.00
0.02,0.05,0.00, 0.00
0.02,0.05,0.00, 0.00
0.00,0.05,0.00, 0.00
0.00,0.05,0.00, 0.00
0.00,0.05,0.00, 0.00
0.00,0.05,0.00, 0.00
0.00,0.05,0.00, 0.00
0.00,0.25,0.00, 9.96
0.00,0.34,0.00, 4.77
0.00,0.44,0.00, 5.00
0.00,0.56,0.00, 6.00
0.00,0.69,0.00, 6.50
0.00,0.86,0.00, 8.49
0.00,1.06,0.00, 9.75
0.00,1.25,0.00, 9.75
0.00,1.45,0.00, 10.00
0.00,1.67,0.00, 11.25
0.00,1.90,0.00, 11.25
0.00,2.15,0.00, 12.50
0.00,2.41,0.00, 13.00
0.00,2.70,0.00, 14.25
0.23,2.96,11.33, 13.25
0.58,3.24,17.41, 13.75
0.99,3.51,20.45, 13.75
1.39,3.78,20.01, 13.75
1.39,3.78,20.01, 13.75
1.77,4.07,19.01, 14.00
2.13,4.31,18.01, 12.26
2.63,4.56,24.90, 12.50
3.12,4.74,24.51, 9.01
3.05,4.91,0.00, 8.50
3.03,5.05,0.00, 6.76
3.03,5.14,0.00, 4.76
3.03,5.14,0.00, 4.76
3.03,5.14,0.00, 4.76
3.05,5.26,0.99, 6.00
3.03,5.41,0.00, 7.49
3.03,5.41,0.00, 7.49
3.03,5.41,0.00, 7.49
3.03,5.41,0.00, 7.49
3.03,5.41,0.00, 7.49
3.03,5.41,0.00, 7.49
3.03,5.55,0.00, 7.25
3.03,5.71,0.00, 7.75
3.05,5.83,0.99, 6.01
3.05,6.22,0.01, 19.45
3.05,6.27,0.00, 2.31
3.05,6.27,0.00, 2.31
3.05,6.27,0.00, 2.31
3.05,6.27,0.00, 2.31
3.05,6.27,0.00, 2.31
3.05,6.31,0.00, 2.50
3.03,6.35,0.00, 1.75
3.05,6.38,0.99, 1.25
3.05,6.51,0.01, 6.98
3.03,6.56,0.00, 2.02
3.03,6.59,0.00, 1.50
3.05,6.64,0.99, 2.50
3.03,6.68,0.00, 2.50
3.03,6.72,0.00, 1.50
3.03,6.72,0.00, 1.50
3.03,6.77,0.00, 2.50
3.03,6.82,0.00, 3.00
3.03,6.89,0.00, 3.00
3.03,6.95,0.00, 3.00
3.05,7.01,0.99, 3.00
3.03,7.04,0.00, 1.75
3.03,7.04,0.00, 1.75
3.03,7.09,0.00, 2.50
3.05,7.11,0.99, 1.25
3.05,7.11,0.01, 0.00
3.03,7.10,0.00, 0.00
3.03,7.07,0.00, 0.00
3.03,7.00,0.00, 0.00
3.03,6.91,0.00, 0.00
3.03,6.84,0.00, 0.00
3.03,6.84,0.00, 0.00
3.03,6.74,0.00, 0.00
3.03,6.65,0.00, 0.00
3.03,6.65,0.00, 0.00
3.03,6.65,0.00, 0.00
3.03,6.59,0.00, 0.00
3.03,6.49,0.00, 0.00
3.03,6.49,0.00, 0.00
3.03,6.40,0.00, 0.00
3.05,6.10,0.99, 0.00
3.03,5.99,0.00, 0.00
3.03,5.84,0.00, 0.00
3.03,5.66,0.00, 0.00
3.03,5.54,0.00, 0.00
3.05,5.43,0.99, 0.00
3.03,5.37,0.00, 0.00
3.03,5.32,0.00, 0.00
3.03,5.28,0.00, 0.00
3.03,5.27,0.00, 0.00
3.03,5.27,0.00, 0.00
3.03,5.28,0.00, 0.50
3.03,5.28,0.00, 0.50
3.03,5.30,0.00, 1.00
3.03,5.34,0.00, 2.00
3.03,5.35,0.00, 0.51
3.03,5.35,0.00, 0.00
3.03,5.34,0.00, 0.00
3.03,5.38,0.00, 1.74
3.03,5.38,0.00, 1.74
3.03,5.40,0.00, 1.25
3.03,5.45,0.00, 2.74
3.03,5.51,0.00, 2.50
3.03,5.56,0.00, 2.75
3.03,5.56,0.00, 2.75
3.03,5.62,0.00, 3.25
3.03,5.67,0.00, 2.25
3.03,5.66,0.00, 0.00
3.03,5.66,0.00, 0.00
3.03,5.64,0.00, 0.00
3.03,5.61,0.00, 0.00
3.03,5.56,0.00, 0.00
3.03,5.53,0.00, 0.00
3.03,5.53,0.00, 0.00
3.03,5.49,0.00, 0.00
3.03,5.47,0.00, 0.00
3.03,5.41,0.00, 0.00
3.03,5.37,0.00, 0.00
3.03,5.32,0.00, 0.00
3.03,5.26,0.00, 0.00
3.03,5.26,0.00, 0.00
3.03,5.22,0.00, 0.00
3.03,5.14,0.00, 0.00
3.03,5.06,0.00, 0.00
3.03,4.97,0.00, 0.00
3.03,4.97,0.00, 0.00
3.05,4.90,0.99, 0.00
3.03,4.81,0.00, 0.00
3.03,4.73,0.00, 0.00
3.03,4.63,0.00, 0.00
3.03,4.63,0.00, 0.00
3.03,4.63,0.00, 0.00
3.03,4.63,0.00, 0.00
3.03,4.63,0.00, 0.00
3.03,4.63,0.00, 0.00
3.03,4.63,0.00, 0.00
3.03,4.63,0.00, 0.00
3.03,4.56,0.00, 0.00
3.03,4.48,0.00, 0.00
3.03,4.41,0.00, 0.00
3.10,3.83,3.45, 0.00
3.10,3.83,3.45, 0.00
3.10,3.83,3.45, 0.00
3.10,3.83,3.45, 0.00
2.98,3.72,0.00, 0.00
2.51,3.61,0.00, 0.00
2.51,3.48,0.00, 0.00
2.31,2.95,0.00, 0.00
2.29,2.78,0.00, 0.00
2.31,2.59,0.99, 0.00
2.31,2.59,0.99, 0.00
2.06,2.38,0.00, 0.00
2.04,2.15,0.00, 0.00
1.93,1.95,0.00, 0.00
1.82,1.68,0.00, 0.00
1.73,1.48,0.00, 0.00
1.66,1.25,0.00, 0.00
1.50,1.08,0.00, 0.00
1.37,0.88,0.00, 0.00
1.35,0.69,0.00, 0.00
1.32,0.53,0.00, 0.00
1.35,0.41,1.48, 0.00
1.35,0.41,1.48, 0.00
1.08,0.29,0.00, 0.00
1.08,0.16,0.00, 0.00
1.21,0.09,6.40, 0.00
0.99,0.06,0.00, 0.00
1.06,0.06,3.45, 0.00
1.06,0.06,3.45, 0.00
1.06,0.06,3.45, 0.00
0.79,0.05,0.00, 0.00
0.52,0.05,0.00, 0.50
0.18,0.05,0.00, 0.00
0.00,0.05,0.00, 0.00
0.00,0.05,0.00, 0.00
0.00,0.05,0.00, 0.00
0.00,0.05,0.00, 0.00
0.00,0.05,0.00, 0.50
0.00,0.05,0.00, 0.50
0.00,0.06,0.00, 0.25
0.00,0.06,0.00, 0.00
0.00,0.06,0.00, 0.00
0.27,0.05,13.30, 0.00
0.27,0.05,13.30, 0.00
0.38,0.05,5.61, 0.50
0.41,0.06,1.56, 0.25
0.38,0.06,0.00, 0.00
0.43,0.05,2.46, 0.00
0.47,0.04,2.01, 0.00
0.50,0.05,1.51, 0.50
0.43,0.05,0.00, 0.50
0.36,0.05,0.00, 0.00
0.18,0.05,0.00, 0.00
0.02,0.05,0.00, 0.00
0.02,0.05,0.00, 0.00
0.02,0.05,0.00, 0.00
0.02,0.05,0.00, 0.00
0.02,0.05,0.00, 0.00
0.02,0.05,0.00, 0.00
0.00,0.05,0.00, 0.50
0.00,0.06,0.00, 0.25
0.00,0.06,0.00, 0.00
0.00,0.06,0.00, 0.00
0.00,0.07,0.00, 0.50
0.00,0.07,0.00, 0.00
0.09,0.08,4.43, 0.50
0.09,0.08,4.43, 0.50
0.32,0.09,11.40, 0.50
0.32,0.09,11.40, 0.50
0.32,0.09,11.40, 0.50
0.32,0.09,11.40, 0.50
0.32,0.09,11.40, 0.50
0.32,0.09,11.40, 0.50
0.32,0.09,11.40, 0.50
0.32,0.09,11.40, 0.50
0.32,0.09,11.40, 0.50
0.18,0.09,0.00, 0.25
0.25,0.09,3.45, 0.00
0.00,0.07,0.00, 0.00
0.00,0.05,0.00, 0.00
0.00,0.05,0.00, 0.00
0.00,0.05,0.00, 0.00
0.00,0.05,0.00, 0.50
0.00,0.05,0.00, 0.00
0.05,0.05,2.46, 0.50
0.23,0.06,8.90, 0.25
0.27,0.06,2.10, 0.00
0.27,0.06,0.03, 0.00
0.16,0.06,0.00, 0.00
0.00,0.06,0.00, 0.00
0.00,0.06,0.00, 0.00
0.00,0.06,0.00, 0.00
0.00,0.06,0.00, 0.00
0.00,0.06,0.00, 0.00
0.00,0.05,0.00, 0.00
0.00,0.05,0.00, 0.00
0.00,0.05,0.00, 0.00
0.00,0.05,0.00, 0.00
0.00,0.05,0.00, 0.00
0.00,0.05,0.00, 0.00
0.02,0.05,0.99, 0.00
0.09,0.05,3.4