5.14,0.00,0.00, 0.00
0.03,0.05,0.00, 2.24
0.03,0.04,0.00, 0.00
0.00,0.05,0.00, 1.00
0.00,0.05,0.00, 0.00
0.00,0.05,0.00, 0.50
0.00,0.05,0.00, 0.00
0.00,0.05,0.00, 0.00
0.00,0.05,0.00, 0.00
0.00,0.05,0.00, 0.00
0.00,0.05,0.00, 0.00
0.00,0.05,0.00, 0.00
0.00,0.05,0.00, 0.00
0.00,0.05,0.00, 0.00
0.00,0.05,0.00, 0.00
0.00,0.05,0.00, 0.00
0.00,0.05,0.00, 0.00
0.00,0.05,0.00, 0.00
0.00,0.05,0.00, 0.00
0.00,0.05,0.00, 0.00
0.00,0.05,0.00, 0.00
0.00,0.05,0.00, 0.00
0.00,0.05,0.00, 0.00
0.00,0.05,0.00, 0.00
0.00,0.05,0.00, 0.00
0.00,0.05,0.00, 0.00
0.00,0.05,0.00, 0.00
0.00,0.05,0.00, 0.00
0.00,0.05,0.00, 0.00
0.00,0.05,0.00, 0.00
0.00,0.05,0.00, 0.00
0.00,0.05,0.00, 0.00
0.00,0.05,0.00, 0.00
0.00,0.05,0.00, 0.00
0.00,0.05,0.00, 0.00
0.00,0.05,0.00, 0.00
0.00,0.05,0.00, 0.00
0.00,0.05,0.00, 0.00
0.00,0.05,0.00, 0.00
0.00,0.05,0.00, 0.00
0.00,0.05,0.00, 0.00
0.00,0.05,0.00, 0.00
0.00,0.05,0.00, 0.00
0.00,0.05,0.00, 0.00
0.00,0.05,0.00, 0.00
0.00,0.05,0.00, 0.00
0.00,0.05,0.00, 0.00
0.00,0.05,0.00, 0.00
0.00,0.05,0.00, 0.00
0.00,0.05,0.00, 0.00
0.00,0.05,0.00, 0.00
0.00,0.05,0.00, 0.00
0.00,0.05,0.00, 0.00
0.00,0.05,0.00, 0.00
0.00,0.05,0.00, 0.00
0.00,0.05,0.00, 0.00
0.00,0.05,0.00, 0.00
0.00,0.05,0.00, 0.00
0.00,0.05,0.00, 0.00
0.00,0.05,0.00, 0.00
0.00,0.05,0.00, 0.00
0.00,0.05,0.00, 0.00
0.00,0.05,0.00, 0.00
0.00,0.05,0.00, 0.00
0.00,0.05,0.00, 0.00
0.00,0.05,0.00, 0.00
0.00,0.05,0.00, 0.00
0.00,0.05,0.00, 0.00
0.00,0.05,0.00, 0.00
0.00,0.05,0.00, 0.00
0.00,0.05,0.00, 0.00
0.00,0.05,0.00, 0.00
0.00,0.05,0.00, 0.00
0.00,0.05,0.00, 0.00
0.00,0.05,0.00, 0.00
0.00,0.05,0.00, 0.00
0.00,0.05,0.00, 0.00
0.00,0.05,0.00, 0.00
0.00,0.05,0.00, 0.00
0.00,0.05,0.00, 0.00
0.00,0.05,0.00, 0.00
0.00,0.05,0.00, 0.00
0.00,0.05,0.00, 0.00
0.00,0.05,0.00, 0.00
0.00,0.08,0.00, 1.74
0.00,0.08,0.00, 1.74
0.00,0.17,0.00, 4.74
1.24,2.02,61.09, 91.93
4.94,5.47,183.18, 172.21
4.94,5.47,183.18, 172.21
4.94,5.47,183.18, 172.21
4.94,5.47,183.18, 172.21
4.94,5.47,183.18, 172.21
4.94,5.47,183.18, 172.21
4.94,5.47,183.18, 172.21
4.94,5.47,183.18, 172.21
4.94,5.47,183.18, 172.21
4.94,5.47,183.18, 172.21
4.94,5.47,183.18, 172.21
4.94,5.47,183.18, 172.21
4.94,5.47,183.18, 172.21
4.94,5.47,183.18, 172.21
4.94,5.47,183.18, 172.21
4.94,5.47,183.18, 172.21
4.94,5.47,183.18, 172.21
4.94,5.47,183.18, 172.21
4.94,5.47,183.18, 172.21
4.94,5.47,183.18, 172.21
4.94,5.47,183.18, 172.21
4.94,5.47,183.18, 172.21
4.94,5.62,2.69, 8.10
4.94,5.62,2.69, 8.10
4.94,5.76,0.04, 7.00
4.94,5.76,0.04, 7.00
4.94,5.76,0.04, 7.00
4.94,5.76,0.04, 7.00
4.94,5.76,0.04, 7.00
4.94,5.76,0.04, 7.00
4.94,5.76,0.04, 7.00
4.94,5.76,0.04, 7.00
4.94,5.76,0.04, 7.00
4.94,5.76,0.04, 7.00
4.94,5.76,0.04, 7.00
4.94,5.76,0.04, 7.00
4.94,5.76,0.04, 7.00
4.92,5.91,0.00, 7.25
4.92,5.91,0.00, 7.25
4.92,5.91,0.00, 7.25
4.92,5.91,0.00, 7.25
4.94,6.06,0.99, 7.75
4.94,6.06,0.99, 7.75
4.94,6.06,0.99, 7.75
4.94,6.06,0.99, 7.75
4.94,6.06,0.99, 7.75
4.94,6.06,0.99, 7.75
4.94,6.06,0.99, 7.75
4.94,6.06,0.99, 7.75
4.94,6.06,0.99, 7.75
4.94,6.06,0.99, 7.75
4.94,6.06,0.99, 7.75
4.94,6.06,0.99, 7.75
4.94,6.06,0.99, 7.75
4.94,6.00,0.01, 0.00
4.89,5.80,0.00, 0.00
4.89,5.80,0.00, 0.00
4.89,5.80,0.00, 0.00
4.89,5.80,0.00, 0.00
4.89,5.80,0.00, 0.00
4.92,5.65,1.48, 0.00
4.92,3.93,0.02, 0.00
4.92,3.74,0.00, 0.00
4.89,2.64,0.00, 0.00
4.89,2.64,0.00, 0.00
2.61,2.28,0.00, 0.00
2.61,2.28,0.00, 0.00
2.61,2.28,0.00, 0.00
2.61,2.28,0.00, 0.00
2.61,2.28,0.00, 0.00
2.61,2.28,0.00, 0.00
0.00,2.02,0.00, 0.00
0.00,2.02,0.00, 0.00
0.00,1.74,0.00, 0.00
0.00,1.74,0.00, 0.00
0.00,1.74,0.00, 0.00
0.00,1.74,0.00, 0.00
0.00,1.74,0.00, 0.00
0.00,1.74,0.00, 0.00
0.00,1.74,0.00, 0.00
0.34,1.31,16.75, 0.00
0.34,1.31,16.75, 0.00
0.48,0.20,7.14, 0.00
1.22,0.08,36.56, 0.00
0.16,0.06,0.00, 0.00
0.00,0.05,0.00, 0.00
0.14,0.05,6.90, 0.50
0.03,0.06,0.00, 0.25
0.03,0.06,0.00, 0.25
0.03,0.06,0.00, 0.25
0.03,0.06,0.00, 0.25
0.03,0.06,0.00, 0.25
0.03,0.06,0.00, 0.25
0.00,0.05,0.00, 0.00
0.00,0.05,0.00, 0.00
0.00,0.05,0.00, 0.00
0.05,0.05,2.46, 0.25
0.00,0.05,0.00, 0.00
0.03,0.06,1.48, 0.75
0.00,0.05,0.00, 0.00
0.00,0.05,0.00, 0.50
0.03,0.07,1.48, 0.75
0.03,0.05,0.02, 0.00
0.05,0.05,0.99, 0.25
0.05,0.05,0.01, 0.00
0.00,0.05,0.00, 0.00
0.03,0.05,1.48, 0.50
0.00,0.05,0.00, 0.00
0.00,0.05,0.00, 0.50
0.05,0.06,2.46, 0.25
0.07,0.06,1.02, 0.00
0.00,0.06,0.00, 0.00
0.03,0.05,1.48, 0.00
0.03,0.04,0.02, 0.00
0.00,0.05,0.00, 0.50
0.00,0.05,0.00, 0.00
0.03,0.05,1.48, 0.50
0.03,0.05,1.48, 0.50
0.03,0.05,0.02, 0.00
0.05,0.05,0.99, 0.00
0.05,0.05,0.01, 0.00
0.05,0.05,0.00, 0.50
0.03,0.06,0.00, 0.25
0.05,0.06,0.99, 0.00
0.00,0.09,0.00, 1.74
0.00,0.09,0.00, 1.74
0.00,0.09,0.00, 1.74
0.00,0.09,0.00, 1.74
0.00,0.09,0.00, 1.74
0.00,0.09,0.00, 1.74
0.00,0.09,0.00, 1.74
0.00,0.09,0.00, 1.74
0.00,0.09,0.00, 1.74
0.00,0.09,0.00, 1.74
0.00,0.09,0.00, 1.74
0.00,0.09,0.00, 1.74
0.00,0.09,0.00, 1.74
0.00,0.09,0.00, 1.74
0.00,0.09,0.00, 1.74
0.00,0.09,0.00, 1.74
0.00,0.09,0.00, 1.74
0.00,0.09,0.00, 1.74
0.00,0.09,0.00, 1.74
0.00,0.09,0.00, 1.74
0.00,0.13,0.00, 1.75
0.00,0.13,0.00, 1.75
0.00,0.13,0.00, 1.75
0.00,0.13,0.00, 1.75
0.00,0.13,0.00, 1.75
0.00,0.13,0.00, 1.75
0.00,0.13,0.00, 1.75
0.00,0.13,0.00, 1.75
0.00,0.13,0.00, 1.75
0.00,0.13,0.00, 1.75
0.00,0.13,0.00, 1.75
0.00,0.13,0.00, 1.75
0.00,0.13,0.00, 1.75
0.00,0.14,0.00, 0.50
0.00,0.14,0.00, 0.00
4.42,3.67,217.75, 175.85
4.94,5.48,28.82, 90.81
4.94,5.50,0.42, 1.33
4.94,5.56,0.01, 2.99
4.94,5.57,0.00, 0.76
4.94,5.57,0.00, 0.76
4.94,5.57,0.00, 0.76
4.94,5.57,0.00, 0.76
4.94,5.57,0.00, 0.76
4.94,5.57,0.00, 0.76
4.94,5.57,0.00, 0.76
4.94,5.57,0.00, 0.76
4.94,5.57,0.00, 0.76
4.94,5.57,0.00, 0.76
4.94,5.57,0.00, 0.76
4.94,5.57,0.00, 0.76
4.94,5.57,0.00, 0.76
4.94,5.57,0.00, 0.76
4.94,5.57,0.00, 0.76
4.94,5.57,0.00, 0.76
4.94,5.57,0.00, 0.76
4.94,5.57,0.00, 0.76
4.94,5.57,0.00, 0.76
4.94,5.57,0.00, 0.76
4.94,5.56,0.00, 0.00
4.94,5.53,0.00, 0.00
4.94,5.53,0.00, 0.00
4.94,5.53,0.00, 0.00
4.94,5.53,0.00, 0.00
4.94,5.53,0.00, 0.00
4.94,5.53,0.00, 0.00
4.94,5.53,0.00, 0.00
4.94,5.53,0.00, 0.00
4.94,5.53,0.00, 0.00
4.94,5.53,0.00, 0.00
4.94,5.53,0.00, 0.00
4.94,5.53,0.00, 0.00
4.94,5.53,0.00, 0.00
4.94,5.53,0.00, 0.00
4.94,5.51,0.00, 0.00
4.94,5.51,0.00, 0.00
4.94,5.51,0.00, 0.00
4.94,5.51,0.00, 0.00
4.94,5.64,0.00, 6.97
4.94,5.64,0.00, 6.97
4.94,5.64,0.00, 6.97
4.94,5.64,0.00, 6.97
4.94,5.64,0.00, 6.97
4.94,5.64,0.00, 6.97
4.94,5.64,0.00, 6.97
4.94,5.70,0.00, 3.01
4.94,5.74,0.00, 1.75
4.94,5.74,0.00, 1.75
4.94,5.74,0.00, 1.75
4.94,5.74,0.00, 1.75
4.94,5.74,0.00, 1.75
4.94,5.74,0.00, 1.75
4.94,5.59,0.00, 0.00
4.94,4.88,0.00, 0.00
4.94,4.70,0.00, 0.00
4.92,3.05,0.00, 0.00
4.92,2.76,0.00, 0.00
4.89,2.47,0.00, 0.00
4.89,2.47,0.00, 0.00
0.00,2.04,0.00, 0.00
0.00,1.76,0.00, 0.00
5.09,1.83,250.76, 3.24
5.05,1.51,1.72, 0.00
0.00,1.07,0.00, 0.00
0.00,0.72,0.00, 0.00
4.15,0.56,204.45, 0.00
2.61,0.42,0.00, 0.00
0.00,0.26,0.00, 0.00
0.00,0.15,0.00, 0.00
0.00,0.15,0.00, 0.00
1.87,0.06,92.12, 0.00
0.00,0.05,0.00, 0.00
0.00,0.07,0.00, 1.25
0.72,0.07,35.47, 0.00
0.45,0.06,0.00, 0.00
0.00,0.08,0.00, 1.00
0.16,0.06,7.88, 0.00
0.57,0.05,20.31, 0.00
0.57,0.05,20.31, 0.00
0.00,0.05,0.00, 0.50
0.00,0.05,0.00, 0.00
0.45,0.06,22.17, 0.25
0.00,0.05,0.00, 0.00
0.00,0.06,0.00, 0.50
0.16,0.06,7.88, 0.00
0.00,0.05,0.00, 0.00
0.00,0.05,0.00, 0.00
0.00,0.05,0.00, 0.50
0.12,0.06,5.91, 0.25
0.21,0.06,4.52, 0.00
0.00,0.06,0.00, 0.00
0.09,0.06,4.43, 0.00
0.09,0.05,0.07, 0.00
0.00,0.05,0.00, 0.50
0.00,0.05,0.00, 0.00
0.00,0.05,0.00, 0.00
0.07,0.05,3.45, 0.50
0.03,0.05,0.00, 0.00
0.05,0.05,0.99, 0.00
0.07,0.05,1.00, 0.50
0.00,0.05,0.00, 0.00
0.00,0.05,0.00, 0.00
0.03,0.05,1.48, 0.00
0.09,0.05,2.98, 0.50
0.03,0.06,0.00, 0.25
0.05,0.05,0.99, 0.00
0.05,0.05,0.99, 0.00
0.05,0.05,0.99, 0.00
0.05,0.05,0.99, 0.00
0.05,0.05,0.99, 0.00
0.05,0.05,0.99, 0.00
0.05,0.05,0.99, 0.00
0.05,0.05,0.99, 0.00
0.05,0.05,0.99, 0.00
0.05,0.05,0.99, 0.00
0.05,0.05,0.99, 0.00
0.09,0.05,1.99, 0.50
0.00,0.05,0.00, 0.00
0.05,0.05,2.46, 0.00
0.05,0.05,2.46, 0.00
0.05,0.05,2.46, 0.00
0.05,0.05,2.46, 0.00
0.05,0.05,2.46, 0.00
0.00,0.05,0.00, 0.00
0.00,0.05,0.00, 0.00
0.07,0.05,3.45, 0.50
0.05,0.06,0.00, 0.25
0.03,0.16,0.00, 4.98
0.12,0.28,4.43, 6.25
0.18,0.50,3.02, 10.48
0.27,0.69,4.48, 9.75
0.27,0.69,4.48, 9.75
0.39,0.88,5.98, 9.50
0.54,1.12,7.48, 11.74
0.68,1.41,7.01, 14.74
0.79,1.69,5.52, 14.25
1.24,1.96,22.25, 13.25
1.80,2.22,27.92, 13.25
2.20,2.51,20.12, 14.25
2.58,2.80,19.02, 14.75
2.58,2.80,19.02, 14.75
3.05,3.12,23.43, 15.50
3.64,3.46,29.41, 17.24
4.38,3.80,36.89, 16.75
4.92,4.14,27.15, 17.00
5.03,4.43,5.82, 14.51
4.94,4.74,0.00, 15.50
4.98,4.99,1.97, 12.76
4.96,5.26,0.00, 13.25
4.96,5.26,0.00, 13.25
4.89,5.43,0.00, 9.02
4.94,5.61,2.46, 8.50
4.92,5.73,0.00, 6.51
4.94,5.85,0.99, 5.50
4.94,5.95,0.01, 5.25
4.92,6.03,0.00, 4.25
4.92,6.03,0.00, 4.25
4.94,6.13,0.99, 4.75
4.94,6.22,0.01, 4.25
4.94,6.31,0.00, 4.50
4.94,6.38,0.00, 3.75
4.94,6.39,0.00, 0.76
4.94,6.40,0.00, 0.50
4.94,6.40,0.00, 0.50
4.94,6.40,0.00, 0.00
4.94,6.39,0.00, 0.00
4.94,6.36,0.00, 0.00
4.94,6.31,0.00, 0.00
4.94,6.26,0.00, 0.00
4.94,6.16,0.00, 0.00
4.94,6.10,0.00, 0.00
4.94,6.03,0.00, 0.00
4.94,5.95,0.00, 0.00
4.94,5.91,0.00, 0.00
4.94,5.91,0.00, 0.00
4.94,5.91,0.00, 0.00
4.94,5.91,0.00, 0.00
4.94,5.89,0.00, 0.00
4.94,5.89,0.00, 0.00
4.94,5.88,0.00, 0.00
4.94,5.93,0.00, 2.49
4.94,5.95,0.00, 1.25
4.94,5.99,0.00, 2.00
4.94,5.99,0.00, 0.01
4.94,6.01,0.00, 0.50
4.94,6.05,0.00, 2.24
4.94,6.11,0.00, 3.00
4.94,6.14,0.00, 1.26
4.94,6.20,0.00, 3.24
4.94,6.24,0.00, 2.00
4.94,6.31,0.00, 3.49
4.94,6.36,0.00, 2.50
4.94,6.40,0.00, 2.00
4.94,6.40,0.00, 2.00
4.94,6.40,0.00, 2.00
4.94,6.40,0.00, 2.00
4.94,6.40,0.00, 2.00
4.94,6.41,0.00, 0.51
4.94,6.43,0.00, 1.25
4.94,6.45,0.00, 1.00
4.94,6.39,0.00, 0.00
4.94,6.39,0.00, 0.00
4.94,6.39,0.00, 0.00
4.94,6.39,0.00, 0.00
4.94,6.39,0.00, 0.00
4.94,6.39,0.00, 0.00
4.94,6.39,0.00, 0.00
4.94,6.39,0.00, 0.00
4.94,6.38,0.00, 0.00
4.94,6.33,0.00, 0.00
4.94,6.28,0.00, 0.00
4.94,6.05,0.00, 0.00
4.94,5.94,0.00, 0.00
4.94,5.85,0.00, 0.00
4.94,5.70,0.00, 0.00
4.94,5.55,0.00, 0.00
4.92,5.41,0.00, 0.00
4.92,5.22,0.00, 0.00
4.94,5.03,0.99, 0.00
4.92,4.82,0.00, 0.00
4.92,4.57,0.00, 0.00
4.92,4.28,0.00, 0.00
4.89,3.94,0.00, 0.00
4.92,3.56,1.48, 0.00
4.92,3.13,0.02, 0.00
4.92,2.70,0.00, 0.00
4.87,2.31,0.00, 0.00
4.87,1.92,0.00, 0.00
0.00,1.46,0.00, 0.00
5.14,1.15,253.22, 0.00
5.14,1.02,3.73, 0.00
5.09,0.72,0.00, 0.00
4.76,0.46,0.00, 0.00
4.96,0.23,9.85, 0.00
0.00,0.12,0.00, 0.00
0.00,0.04,0.00, 0.00
5.14,0.05,253.22, 0.25
4.51,0.05,0.00, 0.50
0.00,0.06,0.00, 0.25
0.00,0.06,0.00, 0.25
3.28,0.06,161.59, 0.00
2.87,0.05,0.00, 0.00
0.00,0.05,0.00, 0.00
0.00,0.07,0.00, 1.25
2.31,0.05,113.80, 0.00
0.34,0.05,0.00, 0.00
0.34,0.05,0.00, 0.00
0.00,0.05,0.00, 0.50
0.00,0.05,0.00, 0.50
0.68,0.04,33.50, 0.00
1.19,0.07,25.62, 1.74
0.00,0.06,0.00, 0.00
0.00,0.06,0.00, 0.00
0.00,0.06,0.00, 0.00
0.00,0.06,0.00, 0.00
0.00,0.06,0.00, 0.00
0.00,0.07,0.00, 0.50
0.00,0.07,0.00, 0.50
1.26,0.06,62.07, 0.00
1.26,0.06,62.07, 0.00
0.00,0.06,0.00, 0.00
0.00,0.06,0.00, 0.00
0.00,0.06,0.00, 0.00
0.00,0.04,0.00, 0.00
0.25,0.05,12.32, 1.00
0.21,0.07,0.00, 0.75
0.00,0.06,0.00, 0.00
0.00,0.06,0.00, 0.00
0.00,0.06,0.00, 0.00
0.00,0.06,0.00, 0.00
0.00,0.06,0.00, 0.00
0.00,0.06,0.00, 0.00
0.18,0.06,8.87, 0.00
0.18,0.06,8.87, 0.00
0.18,0.06,8.87, 0.00
0.18,0.06,8.87, 0.00
0.18,0.06,8.87, 0.00
0.18,0.06,8.87, 0.00
0.18,0.06,8.87, 0.00
0.18,0.06,8.87, 0.00
0.18,0.06,8.87, 0.00
0.00,0.06,0.00, 0.00
0.00,0.06,0.00, 0.00
0.00,0.06,0.00, 0.00
0.00,0.06,0.00, 0.00
0.00,0.06,0.00, 0.00
0.00,0.06,0.00, 0.00
0.00,0.06,0.00, 0.00
0.00,0.05,0.00, 0.00
0.05,0.06,2.46, 0.75
0.03,0.09,0.00, 1.50
0.03,0.33,0.00, 12.21
0.07,0.50,1.97, 8.02
0.52,0.75,22.20, 12.48
0.59,0.94,3.78, 9.76
0.00,1.13,0.00, 9.75
0.16,1.36,7.88, 11.00
0.95,1.58,39.03, 11.25
1.06,1.77,5.99, 9.76
0.70,1.98,0.00, 10.25
1.33,2.17,31.04, 9.50
1.33,2.17,31.04, 9.50
1.73,2.41,20.16, 12.24
1.98,2.67,12.61, 12.75
2.31,2.96,16.44, 14.49
2.31,2.96,16.44, 14.49
3.08,3.24,38.18, 13.75
3.08,3.24,38.18, 13.75
3.66,3.55,29.13, 15.49
4.11,3.82,22.60, 13.51
4.65,4.11,26.94, 14.50
5.03,4.62,19.12, 25.71
4.94,4.82,0.00, 9.81
5.05,4.99,5.42, 9.00
4.94,5.11,0.00, 6.01
4.87,5.22,0.00, 5.50
4.94,5.30,3.45, 3.76
4.92,5.38,0.00, 4.00
4.94,5.44,0.99, 2.75
4.92,5.48,0.00, 2.25
4.92,5.48,0.00, 2.25
4.92,5.48,0.00, 2.25
4.92,5.48,0.00, 2.25
4.92,5.48,0.00, 2.25
4.94,5.51,0.99, 1.50
4.94,5.51,0.99, 1.50
4.96,5.57,1.00, 2.99
4.94,5.60,0.00, 1.51
4.94,5.60,0.00, 1.51
4.96,5.62,0.99, 1.00
4.94,5.63,0.00, 0.50
4.96,5.60,0.99, 0.00
4.94,5.57,0.00, 0.00
4.94,5.56,0.00, 0.00
4.94,5.55,0.00, 0.00
4.94,5.54,0.00, 0.00
4.94,5.54,0.00, 0.00
4.94,5.54,0.00, 0.00
4.94,5.54,0.00, 0.00
4.94,5.54,0.00, 0.00
4.94,5.54,0.00, 0.00
4.94,5.54,0.00, 0.00
4.94,5.54,0.00, 0.00
4.94,5.53,0.00, 0.00
4.94,5.54,0.00, 0.50
4.94,5.54,0.00, 0.50
4.94,5.54,0.00, 0.50
4.94,5.54,0.00, 0.50
4.94,5.54,0.00, 0.50
4.94,5.54,0.00, 0.50
4.94,5.54,0.00, 0.50
4.94,5.54,0.00, 0.50
4.94,5.54,0.00, 0.50
4.94,5.54,0.00, 0.50
4.94,5.57,0.00, 1.25
4.94,5.57,0.00, 1.25
4.94,5.62,0.00, 2.99
4.94,5.65,0.00, 1.26
4.94,5.65,0.00, 1.26
4.94,5.55,0.00, 0.00
4.94,5.55,0.00, 0.00
4.94,5.55,0.00, 0.00
4.94,5.55,0.00, 0.00
4.94,5.55,0.00, 0.00
4.94,5.55,0.00, 0.00
4.94,5.55,0.00, 0.00
4.94,5.51,0.00, 0.00
4.94,5.49,0.00, 0.00
4.94,5.43,0.00, 0.00
4.94,5.39,0.00, 0.00
4.94,5.34,0.00, 0.00
4.94,5.31,0.00, 0.00
4.94,5.27,0.00, 0.00
4.94,5.23,0.00, 0.00
4.94,5.19,0.00, 0.00
4.94,5.15,0.00, 0.00
4.94,5.09,0.00, 0.00
4.94,5.02,0.00, 0.00
4.94,4.97,0.00, 0.00
4.94,4.91,0.00, 0.00
4.94,4.84,0.00, 0.00
4.94,4.77,0.00, 0.00
4.94,4.71,0.00, 0.00
4.94,4.63,0.00, 0.00
4.94,4.55,0.00, 0.00
4.94,4.45,0.00, 0.00
4.94,4.36,0.00, 0.00
4.94,4.26,0.00, 0.00
4.94,4.15,0.00, 0.00
4.94,4.03,0.00, 0.00
4.94,3.91,0.00, 0.00
4.94,3.78,0.00, 0.00
4.94,3.78,0.00, 0.00
4.92,3.66,0.00, 0.00
4.92,3.51,0.00, 0.00
4.92,3.36,0.00, 0.00
4.92,3.17,0.00, 0.00
4.92,2.95,0.00, 0.00
4.92,2.73,0.00, 0.00
4.92,2.49,0.00, 0.00
4.89,2.24,0.00, 0.00
4.87,2.00,0.00, 0.00
4.87,2.00,0.00, 0.00
4.87,2.00,0.00, 0.00
4.87,2.00,0.00, 0.00
4.87,2.00,0.00, 0.00
4.87,2.00,0.00, 0.00
4.87,2.00,0.00, 0.00
4.87,2.00,0.00, 0.00
4.87,2.00,0.00, 0.00
4.87,2.00,0.00, 0.00
4.87,2.00,0.00, 0.00
4.87,2.00,0.00, 0.00
4.87,2.00,0.00, 0.00
0.00,1.84,0.00, 0.00
4.27,1.55,210.36, 0.00
5.07,1.41,42.51, 0.00
0.32,0.06,0.00, 0.00
0.00,0.06,0.00, 0.00
0.03,0.06,1.48, 0.00
0.79,0.05,37.46, 0.00
0.00,0.05,0.00, 0.50
0.30,0.06,14.78, 0.25
0.45,0.06,7.61, 0.00
0.00,0.04,0.00, 0.00
0.03,0.05,1.48, 0.50
0.00,0.06,0.00, 0.75
0.00,0.05,0.00, 0.00
0.00,0.05,0.00, 0.00
0.03,0.05,1.48, 0.50
0.18,0.05,7.41, 0.00
0.07,0.05,0.00, 0.50
0.16,0.06,4.43, 0.25
0.16,0.06,4.43, 0.25
0.05,0.06,0.00, 0.00
0.00,0.06,0.00, 0.00
0.00,0.06,0.00, 0.00
0.00,0.06,0.00, 0.00
0.00,0.05,0.00, 0.00
0.05,0.05,2.46, 0.50
0.07,0.05,1.02, 0.00
0.05,0.04,0.00, 0.00
0.03,0.05,0.00, 1.00
0.05,0.05,0.99, 0.00
0.00,0.05,0.00, 0.00
0.00,0.05,0.00, 0.00
0.05,0.07,2.46, 1.25
0.07,0.06,1.02, 0.00
0.12,0.05,2.48, 0.00
0.12,0.05,2.48, 0.00
0.12,0.05,2.48, 0.00
0.12,0.05,0.04, 0.50
0.05,0.05,0.00, 0.00
0.03,0.05,0.00, 0.00
0.00,0.05,0.00, 0.50
0.00,0.05,0.00, 0.50
0.00,0.05,0.00, 0.50
0.00,0.05,0.00, 0.50
0.00,0.05,0.00, 0.00
0.00,0.05,0.00, 0.00
0.03,0.05,1.48, 0.00
0.03,0.05,0.02, 0.00
0.03,0.05,0.00, 0.00
0.05,0.05,0.99, 0.50
0.03,0.05,0.00, 0.00
0.05,0.05,0.99, 0.50
0.05,0.06,0.01, 0.25
0.05,0.05,0.00, 0.00
0.05,0.05,0.00, 0.00
0.00,0.14,0.00, 4.48
0.00,0.16,0.00, 1.01
0.07,0.19,3.45, 1.75
0.00,0.39,0.00, 9.97
0.16,0.63,7.88, 12.24
0.34,0.75,8.98, 6.02
0.05,0.88,0.00, 6.00
0.00,1.03,0.00, 7.99
0.14,1.25,6.90, 10.49
0.41,1.46,13.40, 11.00
0.70,1.68,14.48, 11.00
0.79,1.86,4.65, 8.51
0.79,1.86,4.65, 8.51
0.79,1.86,4.65, 8.51
0.90,2.08,5.49, 11.24
1.10,2.28,9.93, 9.76
1.46,2.47,17.88, 10.00
1.78,2.72,16.03, 11.99
2.05,2.94,13.54, 11.25
2.52,3.14,23.35, 10.00
3.08,3.34,27.93, 10.25
3.66,3.53,28.98, 9.25
4.38,3.73,35.90, 10.00
4.87,3.96,24.67, 11.25
4.92,4.15,2.83, 9.76
4.78,4.33,0.00, 9.00
4.98,4.49,9.85, 7.75
4.98,4.49,9.85, 7.75
4.98,4.61,0.14, 6.50
4.89,4.74,0.00, 6.50
4.94,4.85,2.46, 5.01
4.92,4.92,0.00, 3.75
4.94,4.99,0.99, 3.50
4.92,5.06,0.00, 3.50
4.92,5.06,0.00, 3.50
4.92,5.07,0.00, 0.76
4.94,5.12,0.99, 2.24
4.94,5.15,0.01, 1.75
4.94,5.23,0.00, 3.99
4.94,5.30,0.00, 3.00
4.94,5.42,0.00, 6.24
4.94,5.48,0.00, 2.76
4.94,5.55,0.00, 3.50
4.94,5.55,0.00, 3.50
4.94,5.62,0.00, 3.75
4.94,5.70,0.00, 4.25
4.94,5.78,0.00, 4.00
4.94,5.78,0.00, 4.00
4.94,5.85,0.00, 3.00
4.94,5.91,0.00, 3.50
4.94,5.95,0.00, 2.01
4.94,5.95,0.00, 2.01
4.94,5.95,0.00, 2.01
4.94,5.95,0.00, 2.01
4.94,5.95,0.00, 2.01
4.94,6.02,0.00, 3.49
4.94,6.06,0.00, 1.76
4.94,6.09,0.00, 1.50
4.94,6.16,0.00, 3.49
4.94,6.18,0.00, 1.01
4.94,6.21,0.00, 1.50
4.94,6.20,0.00, 0.00
4.94,6.18,0.00, 0.00
4.94,6.19,0.00, 0.50
4.94,6.19,0.00, 0.50
4.94,6.19,0.00, 0.00
4.94,6.19,0.00, 0.00
4.94,6.18,0.00, 0.00
4.94,6.17,0.00, 0.00
4.94,6.15,0.00, 0.00
4.94,6.15,0.00, 0.00
4.94,6.15,0.00, 0.00
4.94,6.11,0.00, 0.00
4.94,6.14,0.00, 1.49
4.94,6.09,0.00, 0.00
4.94,6.06,0.00, 0.00
4.94,6.01,0.00, 0.00
4.94,6.01,0.00, 0.00
4.94,6.01,0.00, 0.00
4.94,5.93,0.00, 0.00
4.94,5.85,0.00, 0.00
4.94,5.76,0.00, 0.00
4.94,5.67,0.00, 0.00
4.94,5.56,0.00, 0.00
4.94,5.49,0.00, 0.00
4.94,5.41,0.00, 0.00
4.94,5.36,0.00, 0.00
4.94,5.30,0.00, 0.00
4.94,5.26,0.00, 0.00
4.94,5.26,0.00, 0.00
4.92,5.19,0.00, 0.00
4.92,5.14,0.00, 0.00
4.94,5.09,0.99, 0.00
4.92,5.02,0.00, 0.00
4.94,4.97,0.99, 0.00
4.94,4.89,0.01, 0.00
4.94,4.80,0.00, 0.00
4.94,4.73,0.00, 0.00
4.94,4.65,0.00, 0.00
4.92,4.56,0.00, 0.00
4.92,4.48,0.00, 0.00
4.92,4.48,0.00, 0.00
4.92,4.35,0.00, 0.00
4.92,4.35,0.00, 0.00
4.94,4.18,0.99, 0.00
4.92,3.99,0.00, 0.00
4.92,3.74,0.00, 0.00
4.92,3.48,0.00, 0.00
4.92,3.18,0.00, 0.00
4.92,2.87,0.00, 0.00
4.92,2.57,0.00, 0.00
4.92,2.25,0.00, 0.00
0.00,1.92,0.00, 0.00
3.23,1.43,159.12, 0.00
5.03,1.45,91.02, 1.00
3.05,1.27,0.00, 0.00
0.00,1.03,0.00, 0.00
0.00,1.03,0.00, 0.00
0.00,1.03,0.00, 0.00
0.00,1.03,0.00, 0.00
0.00,0.80,0.00, 0.00
0.00,0.80,0.00, 0.00
2.58,0.57,127.10, 0.00
0.61,0.39,0.00, 0.00
0.21,0.05,0.00, 0.00
0.00,0.05,0.00, 0.00
0.00,0.05,0.00, 0.00
0.12,0.05,5.91, 0.50
0.14,0.06,1.07, 0.25
0.00,0.06,0.00, 0.00
0.00,0.06,0.00, 0.00
0.00,0.06,0.00, 0.00
0.12,0.06,5.91, 0.00
0.34,0.06,10.93, 0.00
0.00,0.06,0.00, 0.00
0.41,0.04,20.20, 0.00
0.05,0.05,0.00, 1.00
0.05,0.05,0.00, 1.00
0.00,0.04,0.00, 0.00
0.07,0.05,3.45, 1.00
0.00,0.05,0.00, 0.00
0.00,0.05,0.00, 0.00
0.00,0.05,0.00, 0.50
0.16,0.05,7.88, 0.00
0.14,0.05,0.00, 0.00
0.05,0.05,0.00, 0.50
0.12,0.06,3.45, 0.25
0.00,0.07,0.00, 0.50
0.00,0.06,0.00, 0.00
0.00,0.05,0.00, 0.00
0.07,0.05,3.45, 0.00
0.09,0.04,1.04, 0.00
0.00,0.06,0.00, 1.49
0.05,0.05,2.46, 0.00
0.05,0.05,2.46, 0.00
0.03,0.05,0.00, 0.50
0.03,0.05,0.00, 0.50
0.00,0.05,0.00, 0.00
0.00,0.05,0.00, 0.00
0.00,0.05,0.00, 0.00
0.03,0.05,1.48, 0.50
0.07,0.06,1.99, 0.25
0.07,0.06,0.03, 0.00
0.12,0.06,2.46, 0.00
0.07,0.06,0.00, 0.00
0.00,0.05,0.00, 0.00
0.00,0.05,0.00, 0.00
0.00,0.05,0.00, 0.00
0.00,0.05,0.00, 0.00
0.03,0.04,1.48, 0.00
0.03,0.05,0.02, 0.50
0.05,0.05,0.99, 0.00
0.05,0.05,0.01, 0.00
0.03,0.05,0.00, 0.00
0.03,0.05,0.00, 0.00
0.03,0.05,0.00, 0.00
0.05,0.05,0.99, 0.00
0.05,0.05,0.01, 0.00
0.03,0.05,0.00, 0.00
0.05,0.05,0.99, 0.50
0.00,0.16,0.00, 4.98
0.00,0.21,0.00, 2.76
0.12,0.31,5.91, 5.24
0.00,0.38,0.00, 3.51
0.00,0.38,0.00, 3.51
0.00,0.38,0.00, 3.51
0.07,0.48,3.45, 4.75
0.23,0.57,7.93, 4.75
0.32,0.78,4.55, 10.23
0.32,0.78,4.55, 10.23
0.32,0.78,4.55, 10.23
0.32,0.78,4.55, 10.23
0.32,0.78,4.55, 10.23
0.32,0.78,4.55, 10.23
0.52,0.92,9.92, 7.01
0.77,1.10,12.46, 8.99
0.97,1.30,10.04, 9.75
3.48,2.95,123.80, 82.48
3.95,3.22,24.98, 13.75
4.27,3.47,16.13, 12.26
4.71,3.72,21.91, 12.50
4.96,3.89,12.64, 9.01
4.87,4.16,0.00, 13.48
4.87,4.16,0.00, 13.48
4.78,4.37,0.00, 10.26
4.80,4.57,0.99, 10.00
4.98,4.72,8.88, 7.51
4.89,4.86,0.00, 7.00
4.94,5.03,2.46, 8.49
4.94,5.03,2.46, 8.49
4.92,5.18,0.00, 7.75
4.94,5.31,0.99, 6.50
4.94,5.43,0.01, 5.50
4.92,5.53,0.00, 5.50
4.94,5.61,0.99, 4.01
4.94,5.72,0.01, 5.25
4.94,5.76,0.00, 2.01
4.94,5.83,0.00, 3.49
4.94,5.88,0.00, 2.50
4.94,5.88,0.00, 2.50
4.94,5.90,0.00, 1.25
4.94,5.93,0.00, 1.25
4.94,5.92,0.00, 0.00
4.94,5.94,0.00, 0.75
4.94,5.95,0.00, 0.50
4.94,5.95,0.00, 0.00
4.94,5.95,0.00, 0.00
4.94,5.96,0.00, 0.75
4.94,5.98,0.00, 1.00
4.94,5.96,0.00, 0.00
4.94,5.95,0.00, 0.00
4.94,5.94,0.00, 0.00
4.94,5.90,0.00, 0.00
4.94,5.90,0.00, 0.00
4.94,5.86,0.00, 0.00
4.92,5.85,0.00, 0.00
4.94,5.82,0.99, 0.00
4.92,5.80,0.00, 0.00
4.94,5.79,0.99, 0.00
4.94,5.79,0.01, 0.00
4.94,5.79,0.01, 0.00
4.94,5.77,0.00, 0.00
4.94,5.76,0.00, 0.00
4.94,5.73,0.00, 0.00
4.92,5.74,0.00, 0.50
4.94,5.72,0.99, 0.00
4.94,5.68,0.01, 0.00
4.94,5.66,0.00, 0.00
4.94,5.65,0.00, 0.00
4.94,5.65,0.00, 0.00
4.94,5.64,0.00, 0.00
4.94,5.61,0.00, 0.00
4.94,5.61,0.00, 0.00
4.94,5.60,0.00, 0.00
4.92,5.61,0.00, 0.50
4.92,5.61,0.00, 0.50
4.92,5.61,0.00, 0.50
4.94,5.57,0.99, 0.00
4.92,5.57,0.00, 0.00
4.94,5.56,0.99, 0.00
4.92,5.52,0.00, 0.00
4.94,5.48,0.99, 0.00
4.92,5.47,0.00, 0.00
4.92,5.43,0.00, 0.00
4.92,5.43,0.00, 0.00
4.92,5.43,0.00, 0.00
4.94,5.42,0.99, 0.00
4.92,5.39,0.00, 0.00
4.94,5.34,0.99, 0.00
4.92,5.31,0.00, 0.00
4.92,5.28,0.00, 0.00
4.94,5.26,0.99, 0.00
4.92,5.20,0.00, 0.00
4.94,5.16,0.99, 0.00
4.94,5.08,0.01, 0.00
4.94,5.02,0.00, 0.00
4.94,5.02,0.00, 0.00
4.92,4.95,0.00, 0.00
4.92,4.88,0.00, 0.00
4.92,4.78,0.00, 0.00
4.92,4.65,0.00, 0.00
4.92,4.49,0.00, 0.00
4.89,4.28,0.00, 0.00
0.00,3.96,0.00, 0.00
2.76,3.70,135.97, 0.00
3.17,3.35,22.20, 0.00
0.32,2.85,0.00, 0.00
0.00,2.44,0.00, 0.00
1.01,2.11,49.76, 0.00
3.03,1.84,100.25, 0.00
3.03,1.84,100.25, 0.00
0.18,1.63,0.00, 0.00
0.18,1.63,0.00, 0.00
0.00,1.40,0.00, 0.00
0.68,1.11,33.50, 0.00
0.41,0.81,0.00, 0.00
0.00,0.54,0.00, 0.00
0.00,0.28,0.00, 0.00
0.14,0.12,6.90, 0.00
0.00,0.08,0.00, 0.00
0.00,0.06,0.00, 0.00
0.65,0.06,32.02, 0.00
0.65,0.06,32.02, 0.00
0.65,0.06,32.02, 0.00
0.65,0.06,32.02, 0.00
0.34,0.05,0.00, 0.00
0.34,0.05,0.00, 0.00
0.00,0.05,0.00, 0.00
0.34,0.05,16.75, 0.00
0.00,0.05,0.00, 0.00
0.12,0.05,5.91, 0.00
0.00,0.05,0.00, 0.50
0.16,0.04,7.88, 0.00
0.25,0.05,4.55, 0.50
0.00,0.05,0.00, 0.00
0.00,0.05,0.00, 0.00
0.05,0.05,2.46, 0.00
0.05,0.05,2.46, 0.00
0.05,0.05,2.46, 0.00
0.05,0.05,2.46, 0.00
0.05,0.05,2.46, 0.00
0.05,0.05,2.46, 0.00
0.05,0.05,2.46, 0.00
0.00,0.05,0.00, 0.00
0.00,0.05,0.00, 0.00
0.12,0.05,5.91, 0.00
0.03,0.05,0.00, 0.00
0.00,0.05,0.00, 0.00
0.00,0.05,0.00, 0.00
0.00,0.05,0.00, 0.00
0.00,0.05,0.00, 0.00
0.07,0.05,3.45, 0.00
0.09,0.05,1.04, 0.00
0.09,0.05,0.02, 0.00
0.09,0.05,0.02, 0.00
0.07,0.05,0.00, 0.00
0.03,0.05,0.00, 0.00
0.00,0.04,0.00, 0.00
0.00,0.05,0.00, 0.50
0.00,0.05,0.00, 0.00
0.03,0.04,1.48, 0.00
0.03,0.04,1.48, 0.00
0.05,0.05,1.01, 0.50
0.07,0.05,1.00, 0.00
0.05,0.05,0.00, 0.00
0.07,0.05,0.99, 0.00
0.03,0.05,0.00, 0.00
0.03,0.05,0.00, 0.00
0.03,0.05,0.00, 0.00
0.00,0.05,0.00, 0.50
0.03,0.05,1.48, 0.00
0.05,0.05,1.01, 0.00
0.05,0.05,0.01, 0.00
0.05,0.05,0.00, 0.00
0.03,0.05,0.00, 0.00
0.03,0.05,0.00, 0.00
0.03,0.05,0.00, 0.00
0.03,0.05,0.00, 0.00
0.03,0.05,0.00, 0.00
0.03,0.05,0.00, 0.00
0.05,0.05,0.99, 0.50
0.05,0.05,0.01, 0.00
0.05,0.04,0.00, 0.00
0.05,0.04,0.00, 0.00
0.00,0.14,0.00, 4.98
0.00,0.22,0.00, 4.00
0.07,0.31,3.45, 4.50
0.00,0.61,0.00, 15.21
0.23,0.86,11.33, 12.26
0.72,1.11,24.31, 12.50
0.72,1.11,24.31, 12.50
0.03,1.33,0.00, 11.25
0.00,1.61,0.00, 13.74
0.34,1.86,16.75, 12.75
0.65,2.11,15.52, 12.50
0.57,2.34,0.00, 11.25
0.83,2.55,12.81, 10.75
1.19,2.76,17.92, 10.75
1.53,2.99,17.01, 11.25
1.93,3.20,19.96, 10.75
1.93,3.20,19.96, 10.75
2.54,3.43,30.34, 11.25
3.05,3.64,25.57, 10.75
3.48,3.86,21.56, 10.75
3.48,3.86,21.56, 10.75
3.79,4.07,15.59, 10.25
4.24,4.28,22.40, 10.75
4.71,4.53,23.48, 12.24
4.87,4.76,8.23, 11.50
4.94,4.95,3.57, 10.01
4.89,5.11,0.00, 7.51
4.96,5.24,3.45, 6.50
4.89,5.31,0.00, 3.76
4.89,5.31,0.00, 3.76
4.94,5.35,2.46, 2.01
4.92,5.41,0.00, 3.00
4.92,5.49,0.00, 3.75
4.94,5.55,0.99, 3.25
4.94,5.55,0.99, 3.25
4.92,5.63,0.00, 4.00
4.94,5.71,0.99, 4.00
4.94,5.77,0.01, 3.00
4.94,5.78,0.00, 0.76
4.94,5.84,0.00, 2.49
4.94,5.88,0.00, 2.25
4.94,5.89,0.00, 0.76
4.94,5.93,0.00, 1.75
4.94,5.94,0.00, 0.50
4.94,5.94,0.00, 0.00
4.94,5.94,0.00, 0.00
4.94,5.95,0.00, 0.75
4.94,5.95,0.00, 0.00
4.94,5.91,0.00, 0.00
4.94,5.86,0.00, 0.00
4.94,5.80,0.00, 0.00
4.94,5.71,0.00, 0.00
4.94,5.66,0.00, 0.00
4.94,5.61,0.00, 0.00
4.94,5.59,0.00, 0.00
4.94,5.58,0.00, 0.00
4.94,5.53,0.00, 0.00
4.94,5.53,0.00, 0.00
4.94,5.53,0.00, 0.00
4.94,5.51,0.00, 0.00
4.94,5.49,0.00, 0.00
4.94,5.45,0.00, 0.00
4.94,5.43,0.00, 0.00
4.94,5.39,0.00, 0.00
4.94,5.39,0.00, 0.00
4.94,5.39,0.00, 0.00
4.94,5.39,0.00, 0.00
4.94,5.39,0.00, 0.00
4.94,5.39,0.00, 0.00
4.94,5.36,0.00, 0.00
4.94,5.36,0.00, 0.25
4.94,5.35,0.00, 0.00
4.94,5.35,0.00, 0.00
4.94,5.34,0.00, 0.00
4.94,5.35,0.00, 0.50
4.94,5.36,0.00, 0.50
4.94,5.36,0.00, 0.00
4.94,5.35,0.00, 0.00
4.94,5.32,0.00, 0.00
4.94,5.26,0.00, 0.00
4.94,5.21,0.00, 0.00
4.94,5.13,0.00, 0.00
4.94,5.02,0.00, 0.00
4.94,4.91,0.00, 0.00
4.94,4.76,0.00, 0.00
4.94,4.57,0.00, 0.00
4.92,4.40,0.00, 0.00
4.92,4.40,0.00, 0.00
4.92,4.40,0.00, 0.00
4.92,4.40,0.00, 0.00
4.92,4.40,0.00, 0.00
4.92,4.40,0.00, 0.00
4.92,4.40,0.00, 0.00
4.92,4.40,0.00, 0.00
4.89,4.16,0.00, 0.00
4.94,3.92,2.46, 0.00
4.94,3.72,0.04, 0.00
0.00,2.61,0.00, 0.00
5.14,2.59,253.22, 0.00
4.67,2.25,0.00, 0.00
2.27,1.95,0.00, 0.00
0.00,1.68,0.00, 0.00
1.73,1.55,85.23, 0.00
0.00,1.40,0.00, 0.00
0.00,1.09,0.00, 0.00
1.69,0.75,83.26, 0.00
0.68,0.45,0.00, 0.00
0.23,0.23,0.00, 0.00
0.72,0.11,24.14, 0.00
0.74,0.08,1.34, 0.00
0.09,0.06,0.00, 0.00
0.00,0.05,0.00, 0.00
0.41,0.05,20.20, 0.50
0.50,0.05,4.73, 0.00
0.00,0.05,0.00, 0.50
0.23,0.05,11.33, 0.00
0.07,0.05,0.00, 0.50
0.00,0.05,0.00, 0.00
0.00,0.05,0.00, 0.50
0.12,0.05,5.91, 0.00
0.03,0.05,0.00, 0.00
0.00,0.05,0.00, 0.00
0.16,0.05,7.88, 0.50
0.03,0.06,0.00, 0.25
0.00,0.06,0.00, 0.00
0.09,0.06,4.43, 0.00
0.00,0.06,0.00, 0.00
0.03,0.05,1.48, 0.00
0.07,0.05,1.99, 0.50
0.07,0.05,1.99, 0.50
0.07,0.05,1.99, 0.50
0.05,0.05,0.00, 0.00
0.00,0.05,0.00, 0.00
0.03,0.04,1.48, 0.00
0.03,0.05,0.02, 0.50
0.00,0.05,0.00, 0.00
0.03,0.05,1.48, 0.00
0.03,0.05,0.02, 0.00
0.03,0.05,0.00, 0.50
0.05,0.05,0.99, 0.00
0.05,0.05,0.01, 0.00
0.05,0.05,0.00, 0.00
0.05,0.05,0.00, 0.00
0.05,0.05,0.00, 0.00
0.05,0.05,0.00, 0.00
0.03,0.05,0.00, 0.00
0.03,0.05,0.00, 0.00
0.00,0.05,0.00, 0.00
0.03,0.05,1.48, 0.00
0.03,0.05,0.02, 0.00
0.03,0.05,0.00, 0.50
0.03,0.05,0.00, 0.00
0.03,0.05,0.00, 0.00
0.03,0.05,0.00, 0.00
0.03,0.05,0.00, 0.50
0.03,0.05,0.00, 0.50
0.03,0.05,0.00, 0.00
0.05,0.05,0.99, 0.00
0.05,0.05,0.99, 0.00
0.03,0.05,0.00, 0.00
0.03,0.05,0.00, 0.00
0.05,0.05,0.99, 0.00
0.03,0.05,0.00, 0.00
0.00,0.05,0.00, 0.50
0.03,0.05,1.48, 0.00
0.00,0.12,0.00, 2.99
0.00,0.14,0.00, 1.51
0.00,0.14,0.00, 1.51
0.05,0.20,2.46, 2.75
0.00,0.42,0.00, 10.72
0.03,0.66,1.48, 12.24
0.03,0.89,0.02, 11.50
0.12,1.07,4.43, 8.76
0.00,1.27,0.00, 10.00
0.00,1.27,0.00, 10.00
0.00,1.43,0.00, 8.51
0.14,1.63,6.90, 9.99
0.54,1.80,19.81, 8.26
0.83,1.99,14.58, 9.50
1.13,2.18,14.99, 9.50
1.62,2.39,24.36, 10.75
2.34,2.62,35.83, 11.25
2.96,2.84,31.07, 10.75
3.50,3.08,27.06, 12.00
3.82,3.30,16.16, 11.25
4.09,3.51,13.54, 10.75
4.58,3.78,24.34, 13.24
5.03,4.00,22.53, 11.01
5.03,4.00,22.53, 11.01
4.94,4.27,0.00, 13.49
4.94,4.47,0.00, 10.01
4.76,4.68,0.00, 10.50
5.09,4.84,16.26, 8.26
4.71,4.99,0.00, 7.50
4.80,5.10,4.43, 5.51
4.94,5.13,6.96, 1.27
4.94,5.13,6.96, 1.27
4.94,5.13,6.96, 1.27
4.94,5.13,6.96, 1.27
4.94,5.13,6.96, 1.27
4.94,5.13,6.96, 1.27
4.94,5.13,6.96, 1.27
4.96,5.19,1.09, 2.99
4.92,5.23,0.00, 2.00
4.94,5.25,0.99, 1.00
4.94,5.35,0.01, 4.74
4.94,5.35,0.00, 0.02
4.94,5.37,0.00, 1.25
4.94,5.35,0.00, 0.00
4.94,5.32,0.00, 0.00
4.94,5.29,0.00, 0.00
4.94,5.23,0.00, 0.00
4.94,5.23,0.00, 0.00
4.94,5.28,0.00, 2.74
4.94,5.31,0.00, 1.26
4.94,5.31,0.00, 0.25
4.94,5.31,0.00, 0.00
4.94,5.31,0.00, 0.00
4.94,5.33,0.00, 0.75
4.94,5.35,0.00, 1.00
4.94,5.38,0.00, 1.25
4.94,5.42,0.00, 2.25
4.94,5.45,0.00, 1.75
4.94,5.51,0.00, 2.50
4.94,5.57,0.00, 3.00
4.94,5.61,0.00, 2.25
4.94,5.64,0.00, 1.25
4.94,5.67,0.00, 1.75
4.94,5.70,0.00, 1.25
4.94,5.72,0.00, 1.25
4.94,5.73,0.00, 0.50
4.94,5.73,0.00, 0.00
4.94,5.73,0.00, 0.00
4.94,5.74,0.00, 0.75
4.94,5.74,0.00, 0.75
4.94,5.74,0.00, 0.00
4.94,5.73,0.00, 0.00
4.94,5.72,0.00, 0.00
4.94,5.71,0.00, 0.00
4.94,5.69,0.00, 0.00
4.94,5.69,0.00, 0.00
4.94,5.69,0.00, 0.00
4.94,5.69,0.00, 0.00
4.94,5.69,0.00, 0.00
4.94,5.69,0.00, 0.00
4.94,5.69,0.00, 0.00
4.94,5.63,0.00, 0.00
4.94,5.57,0.00, 0.00
4.94,5.57,0.00, 0.00
4.94,5.55,0.00, 0.00
4.94,5.31,0.00, 0.00
4.94,5.22,0.00, 0.00
4.92,5.15,0.00, 0.00
4.94,5.06,0.99, 0.00
4.92,4.97,0.00, 0.00
4.94,4.86,0.99, 0.00
4.94,4.86,0.99, 0.00
4.94,4.86,0.99, 0.00
4.94,4.72,0.01, 0.00
4.94,4.57,0.00, 0.00
4.94,4.57,0.00, 0.00
4.94,4.57,0.00, 0.00
4.94,4.23,0.00, 0.00
4.92,4.02,0.00, 0.00
4.94,3.76,0.99, 0.00
4.92,2.80,0.00, 0.00
4.92,2.49,0.00, 0.00
4.92,2.17,0.00, 0.00
4.92,1.86,0.00, 0.00
0.00,1.59,0.00, 0.00
0.00,0.88,0.00, 0.00
0.00,0.88,0.00, 0.00
5.07,1.20,249.77, 15.94
5.01,0.92,0.72, 0.00
3.82,0.65,0.00, 0.00
0.00,0.41,0.00, 0.00
0.00,0.22,0.00, 0.00
1.98,0.16,97.54, 0.00
1.48,0.09,0.00, 0.00
0.00,0.07,0.00, 0.00
0.00,0.05,0.00, 0.00
1.01,0.05,49.76, 0.00
1.06,0.06,3.20, 0.75
0.00,0.05,0.00, 0.00
0.00,0.05,0.00, 0.00
0.00,0.05,0.00, 0.00
0.00,0.05,0.00, 0.00
0.00,0.05,0.00, 0.00
0.14,0.05,6.90, 0.00
0.00,0.07,0.00, 1.25
0.57,0.09,28.08, 1.25
0.41,0.09,0.00, 0.00
0.27,0.05,0.00, 0.00
0.00,0.05,0.00, 0.25
0.00,0.05,0.00, 0.00
0.41,0.05,20.20, 0.00
0.00,0.05,0.00, 0.00
0.00,0.05,0.00, 0.00
0.21,0.05,10.35, 0.00
0.00,0.05,0.00, 0.50
0.00,0.05,0.00, 0.00
0.05,0.05,2.46, 0.00
0.03,0.05,0.00, 0.00
0.03,0.05,0.00, 0.00
0.00,0.05,0.00, 0.50
0.12,0.05,5.91, 0.00
0.12,0.05,0.09, 0.00
0.00,0.05,0.00, 0.50
0.03,0.06,1.48, 0.25
0.05,0.05,1.01, 0.00
0.00,0.05,0.00, 0.00
0.03,0.05,1.48, 0.50
0.03,0.04,0.02, 0.00
0.00,0.05,0.00, 0.50
0.00,0.05,0.00, 0.50
0.03,0.05,1.48, 0.00
0.03,0.05,0.02, 0.00
0.05,0.05,0.99, 0.50
0.07,0.06,1.00, 0.25
0.07,0.06,0.01, 0.00
0.05,0.06,0.00, 0.00
0.05,0.05,0.00, 0.00
0.05,0.05,0.00, 0.00
0.00,0.05,0.00, 0.00
0.00,0.05,0.00, 0.50
0.03,0.05,1.48, 0.00
0.03,0.05,0.02, 0.00
0.03,0.05,0.00, 0.50
0.00,0.05,0.00, 0.00
0.05,0.05,2.46, 0.00
0.05,0.05,2.46, 0.00
0.05,0.05,2.46, 0.00
0.03,0.05,0.00, 0.00
0.03,0.05,0.00, 0.00
0.05,0.05,0.99, 0.00
0.07,0.05,1.00, 0.50
0.00,0.08,0.00, 1.25
0.00,0.10,0.00, 1.00
0.00,0.10,0.00, 1.00
0.00,0.10,0.00, 1.00
0.00,0.10,0.00, 1.00
0.00,0.15,0.00, 2.25
0.00,0.16,0.00, 0.76
0.00,0.16,0.00, 0.00
0.00,0.21,0.00, 2.24
0.14,0.29,6.90, 4.24
0.27,0.43,6.51, 6.99
0.18,0.62,0.00, 9.24
0.25,0.81,3.45, 10.00
0.70,1.04,22.22, 11.25
1.26,1.30,27.91, 12.99
1.37,1.59,5.83, 14.25
1.82,1.89,22.25, 15.50
2.49,2.24,33.33, 16.99
3.30,2.57,40.39, 17.00
4.13,2.86,41.48, 14.26
4.71,3.15,29.18, 14.50
4.87,3.38,8.31, 11.51
4.80,3.61,0.00, 11.25
4.92,3.79,5.91, 9.26
4.94,3.99,1.07, 10.00
4.76,4.14,0.00, 7.26
4.76,4.14,0.00, 7.26
4.76,4.14,0.00, 7.26
4.94,4.24,8.87, 5.01
4.94,4.24,8.87, 5.01
4.94,4.24,8.87, 5.01
4.92,4.35,0.00, 5.75
4.92,4.35,0.00, 5.75
4.94,4.44,0.99, 4.50
4.96,4.68,1.00, 11.97
4.92,4.75,0.00, 3.53
4.92,4.75,0.00, 3.53
4.92,4.75,0.00, 3.53
4.92,4.75,0.00, 3.53
4.92,4.75,0.00, 3.53
4.92,4.75,0.00, 3.53
4.92,4.75,0.00, 3.53
4.94,4.85,0.99, 4.75
4.94,4.85,0.99, 4.75
4.94,4.85,0.99, 4.75
4.94,4.85,0.99, 4.75
4.94,4.85,0.99, 4.75
4.94,4.85,0.99, 4.75
4.94,4.85,0.99, 4.75
4.94,4.85,0.99, 4.75
4.94,4.85,0.99, 4.75
4.94,4.85,0.99, 4.75
4.94,4.85,0.99, 4.75
4.94,4.85,0.99, 4.75
4.94,4.85,0.99, 4.75
4.94,4.85,0.99, 4.75
4.94,4.85,0.99, 4.75
4.94,4.85,0.99, 4.75
4.94,4.85,0.99, 4.75
4.94,4.85,0.99, 4.75
4.94,4.85,0.99, 4.75
4.94,4.87,0.01, 1.26
4.94,4.87,0.01, 1.26
4.94,4.87,0.01, 1.26
4.94,4.87,0.01, 1.26
4.94,4.87,0.01, 1.26
4.94,4.87,0.01, 1.26
4.94,4.87,0.01, 1.26
4.94,4.87,0.01, 1.26
4.94,4.87,0.01, 1.26
4.94,4.87,0.01, 1.26
4.94,4.87,0.01, 1.26
4.94,4.87,0.01, 1.26
4.94,4.87,0.01, 1.26
4.94,4.87,0.01, 1.26
4.94,4.87,0.01, 1.26
4.94,4.87,0.01, 1.26
4.94,4.92,0.00, 2.50
4.94,4.92,0.00, 2.50
4.94,4.92,0.00, 2.50
4.94,5.09,0.00, 8.23
4.94,5.09,0.00, 8.23
4.94,5.38,0.00, 14.48
4.94,5.12,0.00, 0.00
4.94,5.12,0.00, 0.00
4.94,5.12,0.00, 0.00
4.94,5.12,0.00, 0.00
4.94,5.12,0.00, 0.00
4.94,5.12,0.00, 0.00
4.94,5.12,0.00, 0.00
4.94,5.12,0.00, 0.00
4.94,5.09,0.00, 0.00
4.94,5.09,0.00, 0.00
4.94,5.09,0.00, 0.00
4.94,5.09,0.00, 0.00
4.94,5.09,0.00, 0.00
4.94,5.09,0.00, 0.00
4.94,5.09,0.00, 0.00
4.94,5.06,0.00, 0.00
4.94,5.01,0.00, 0.00
4.94,5.01,0.00, 0.00
4.94,4.45,0.00, 0.00
4.92,3.96,0.00, 0.00
4.92,3.82,0.00, 0.00
4.92,3.82,0.00, 0.00
4.92,3.65,0.00, 0.00
4.92,3.46,0.00, 0.00
4.92,3.22,0.00, 0.00
4.92,2.95,0.00, 0.00
4.92,2.63,0.00, 0.00
4.92,2.30,0.00, 0.00
4.92,1.95,0.00, 0.00
4.89,1.62,0.00, 0.00
0.00,1.30,0.00, 0.00
4.11,0.86,202.48, 0.00
4.47,0.88,20.71, 1.00
0.32,0.71,0.00, 0.00
0.00,0.46,0.00, 0.00
0.00,0.46,0.00, 0.00
1.35,0.29,66.51, 0.00
3.57,0.16,110.35, 0.00
0.00,0.09,0.00, 0.00
0.00,0.05,0.00, 0.00
1.55,0.06,76.36, 0.25
0.00,0.06,0.00, 0.00
0.00,0.06,0.00, 0.00
0.00,0.06,0.00, 0.00
0.00,0.06,0.00, 0.00
0.00,0.06,0.00, 0.00
0.30,0.06,14.78, 0.00
0.36,0.05,3.17, 0.00
0.00,0.05,0.00, 0.50
0.00,0.05,0.00, 0.00
0.48,0.05,23.65, 0.00
0.00,0.05,0.00, 0.00
0.00,0.05,0.00, 0.00
0.25,0.05,12.32, 0.00
0.00,0.05,0.00, 0.50
0.00,0.05,0.00, 0.00
0.09,0.05,4.43, 0.00
0.09,0.05,0.07, 0.00
0.00,0.05,0.00, 0.00
0.05,0.05,2.46, 0.00
0.12,0.05,3.48, 0.50
0.00,0.06,0.00, 0.25
0.00,0.05,0.00, 0.00
0.07,0.05,3.45, 0.00
0.00,0.05,0.00, 0.00
0.03,0.04,1.48, 0.00
0.03,0.04,1.48, 0.00
0.09,0.05,2.98, 0.50
0.05,0.05,0.00, 0.00
0.03,0.05,0.00, 0.50
0.05,0.05,0.99, 0.00
0.03,0.05,0.00, 0.00
0.00,0.05,0.00, 0.00
0.03,0.05,1.48, 0.00
0.03,0.05,0.02, 0.00
0.05,0.05,0.99, 0.00
0.03,0.05,0.00, 0.50
0.03,0.05,0.00, 0.50
0.03,0.06,0.00, 0.25
0.03,0.05,0.00, 0.00
0.03,0.05,0.00, 0.00
0.03,0.05,0.00, 0.00
0.03,0.05,0.00, 0.00
0.05,0.05,0.99, 0.00
0.05,0.05,0.01, 0.00
0.05,0.05,0.00, 0.00
0.05,0.05,0.00, 0.00
0.05,0.05,0.00, 0.00
0.03,0.05,0.00, 0.00
0.03,0.05,0.00, 0.00
0.03,0.05,0.00, 0.00
0.05,0.05,0.99, 0.00
0.03,0.05,0.00, 0.00
0.03,0.05,0.00, 0.00
0.03,0.05,0.00, 0.00
0.03,0.05,0.00, 0.00
0.05,0.05,0.99, 0.00
0.00,0.05,0.00, 0.50
0.05,0.05,2.46, 0.00
0.03,0.05,0.00, 0.00
0.03,0.05,0.00, 0.00
0.00,0.11,0.00, 3.49
0.09,0.19,4.43, 3.75
0.18,0.36,4.50, 8.48
0.00,0.73,0.00, 18.21
0.16,1.05,7.88, 16.26
0.63,1.30,23.27, 12.26
0.48,1.62,0.00, 16.24
0.48,1.62,0.00, 16.24
0.48,1.62,0.00, 16.24
0.48,1.62,0.00, 16.24
0.48,1.62,0.00, 16.24
0.48,1.62,0.00, 16.24
0.21,2.00,0.00, 18.99
0.79,2.43,28.57, 21.74
1.78,2.90,49.19, 23.24
2.40,3.36,31.27, 22.75
2.67,3.81,13.76, 22.75
3.23,4.23,27.79, 21.26
3.84,4.68,30.46, 22.25
4.24,5.07,20.15, 19.76
4.62,5.38,19.02, 15.27
4.92,5.63,15.06, 12.51
4.83,5.78,0.00, 7.52
4.62,5.86,0.00, 3.76
4.94,5.97,15.76, 5.49
4.96,6.11,1.22, 6.99
4.89,6.27,0.00, 8.25
4.92,6.42,1.48, 7.50
4.92,6.56,0.02, 6.75
4.94,6.65,0.99, 5.01
4.92,6.75,0.00, 4.75
4.92,6.84,0.00, 4.25
4.94,6.91,0.99, 3.75
4.94,6.94,0.01, 1.76
4.94,6.97,0.00, 1.25
4.94,6.93,0.00, 0.00
4.96,6.89,0.99, 0.00
4.96,6.89,0.99, 0.00
4.96,6.81,0.01, 0.00
4.96,6.81,0.01, 0.00
4.96,6.75,0.00, 0.00
4.96,6.69,0.00, 0.00
4.96,6.63,0.00, 0.00
4.96,6.60,0.00, 0.00
4.96,6.59,0.00, 0.00
4.94,6.58,0.00, 0.00
4.96,6.57,0.99, 0.00
4.96,6.55,0.01, 0.00
4.96,6.55,0.00, 0.00
4.96,6.53,0.00, 0.00
4.96,6.55,0.00, 0.75
4.94,6.55,0.00, 0.50
4.94,6.55,0.00, 0.00
4.94,6.55,0.00, 0.00
4.94,6.57,0.00, 1.00
4.94,6.60,0.00, 1.25
4.94,6.62,0.00, 1.25
4.94,6.66,0.00, 1.75
4.94,6.66,0.00, 1.75
4.94,6.65,0.00, 0.00
4.94,6.61,0.00, 0.00
4.94,6.55,0.00, 0.00
4.94,6.55,0.00, 0.00
4.94,6.55,0.00, 0.00
4.94,6.55,0.00, 0.00
4.94,6.55,0.00, 0.00
4.94,6.55,0.00, 0.00
4.94,6.55,0.00, 0.00
4.94,6.49,0.00, 0.00
4.94,6.43,0.00, 0.00
4.94,6.41,0.00, 0.00
4.94,6.34,0.00, 0.00
4.94,6.32,0.00, 0.00
4.94,6.28,0.00, 0.00
4.94,6.24,0.00, 0.00
4.94,6.18,0.00, 0.00
4.94,6.11,0.00, 0.00
4.94,6.05,0.00, 0.00
4.94,5.98,0.00, 0.00
4.94,5.91,0.00, 0.00
4.94,5.83,0.00, 0.00
4.94,5.83,0.00, 0.00
4.94,5.77,0.00, 0.00
4.94,5.71,0.00, 0.00
4.94,5.65,0.00, 0.00
4.94,5.60,0.00, 0.00
4.94,5.57,0.00, 0.00
4.94,5.57,0.00, 0.00
4.94,5.57,0.00, 0.00
4.94,5.52,0.00, 0.00
4.94,5.47,0.00, 0.00
4.94,5.41,0.00, 0.00
4.94,5.34,0.00, 0.00
4.94,5.27,0.00, 0.00
4.94,5.15,0.00, 0.00
4.89,5.02,0.00, 0.00
4.92,4.84,1.48, 0.00
4.92,4.60,0.02, 0.00
4.92,4.34,0.00, 0.00
4.92,4.03,0.00, 0.00
4.92,4.03,0.00, 0.00
4.92,3.68,0.00, 0.00
4.92,3.30,0.00, 0.00
0.00,2.97,0.00, 0.00
0.00,2.50,0.00, 0.00
4.94,2.18,243.37, 0.00
1.62,1.85,0.00, 0.00
1.62,1.85,0.00, 0.00
0.00,1.43,0.00, 0.00
0.00,0.98,0.00, 0.00
0.41,0.59,20.20, 0.00
0.48,0.26,3.75, 0.00
0.48,0.26,3.75, 0.00
0.48,0.26,3.75, 0.00
0.48,0.26,3.75, 0.00
0.00,0.09,0.00, 0.00
0.61,0.06,30.05, 0.00
0.00,0.05,0.00, 0.00
0.45,0.06,22.17, 0.25
0.00,0.05,0.00, 0.00
0.16,0.05,7.88, 0.00
0.00,0.05,0.00, 0.50
0.09,0.07,4.43, 0.75
0.50,0.07,20.26, 0.00
0.25,0.08,0.00, 0.50
0.03,0.07,0.00, 0.00
0.00,0.05,0.00, 0.00
0.00,0.05,0.00, 0.25
0.36,0.05,17.74, 0.00
0.00,0.05,0.00, 0.50
0.00,0.05,0.00, 0.50
0.00,0.05,0.00, 0.00
0.25,0.06,12.32, 0.75
0.00,0.06,0.00, 0.00
0.00,0.06,0.00, 0.00
0.14,0.05,6.90, 0.00
0.00,0.05,0.00, 0.00
0.00,0.05,0.00, 0.00
0.00,0.05,0.00, 0.50
0.12,0.05,5.91, 0.00
0.18,0.05,3.04, 0.50
0.18,0.05,3.04, 0.50
0.09,0.07,0.00, 0.75
0.05,0.06,0.00, 0.00
0.14,0.06,4.43, 0.00
0.07,0.06,0.00, 0.00
0.00,0.05,0.00, 0.00
0.00,0.05,0.00, 0.50
0.00,0.05,0.00, 0.50
0.03,0.05,1.48, 0.00
0.03,0.05,0.02, 0.00
0.07,0.05,1.97, 0.50
0.05,0.05,0.00, 0.00
0.00,0.04,0.00, 0.00
0.00,0.05,0.00, 0.50
0.00,0.05,0.00, 0.00
0.03,0.05,1.48, 0.50
0.07,0.06,1.99, 0.25
0.12,0.06,2.49, 0.00
0.12,0.06,2.49, 0.00
0.12,0.06,2.49, 0.00
0.07,0.06,0.00, 0.00
0.07,0.06,0.00, 0.00
0.09,0.06,0.99, 0.00
0.00,0.05,0.00, 0.00
0.00,0.05,0.00, 0.00
0.00,0.05,0.00, 0.00
0.00,0.07,0.00, 1.25
0.03,0.05,1.48, 0.00
0.03,0.05,0.02, 0.00
0.03,0.05,0.02, 0.00
0.03,0.05,0.02, 0.00
0.03,0.05,0.02, 0.00
0.03,0.05,0.02, 0.00
0.03,0.05,0.02, 0.00
0.03,0.05,0.02, 0.00
0.03,0.05,0.02, 0.00
0.03,0.05,0.02, 0.00
0.03,0.05,0.02, 0.00
0.03,0.05,0.02, 0.00
0.03,0.05,0.00, 0.50
0.00,0.04,0.00, 0.00
0.00,0.04,0.00, 0.00
0.00,0.04,0.00, 0.00
0.00,0.04,0.00, 0.00
0.05,0.05,2.46, 1.00
0.07,0.05,1.02, 0.00
0.00,0.05,0.00, 0.00
0.03,0.05,1.48, 0.00
0.03,0.05,1.48, 0.00
0.03,0.05,1.48, 0.00
0.03,0.05,0.02, 0.00
0.03,0.05,0.00, 0.50
0.07,0.06,1.97, 0.25
0.05,0.06,0.00, 0.00
0.05,0.06,0.00, 0.00
0.00,0.05,0.00, 0.00
0.00,0.05,0.00, 0.00
0.03,0.05,1.48, 0.50
0.03,0.05,1.48, 0.50
0.03,0.04,0.02, 0.00
0.00,0.05,0.00, 1.00
0.03,0.05,1.48, 0.00
0.07,0.05,1.99, 0.00
0.00,0.05,0.00, 0.00
0.00,0.05,0.00, 0.50
0.05,0.06,2.46, 0.25
0.09,0.06,2.01, 0.00
0.09,0.06,2.01, 0.00
0.09,0.06,2.01, 0.00
0.00,0.05,0.00, 0.00
0.09,0.05,4.43, 0.50
0.03,0.06,0.00, 0.25
0.12,0.05,4.43, 0.00
0.00,0.05,0.00, 0.00
0.00,0.05,0.00, 0.00
0.00,0.05,0.00, 0.00
0.03,0.05,1.48, 0.50
0.00,0.05,0.00, 0.00
0.05,0.05,2.46, 0.00
0.05,0.05,0.04, 0.00
0.05,0.05,0.04, 0.00
0.03,0.05,0.00, 0.50
0.12,0.05,4.43, 0.00
0.07,0.05,0.00, 0.50
0.00,0.06,0.00, 0.25
0.05,0.05,2.46, 0.00
0.00,0.05,0.00, 0.00
0.00,0.05,0.00, 0.00
0.03,0.05,1.48, 0.00
0.05,0.05,1.01, 0.50
0.03,0.05,0.00, 0.00
0.00,0.05,0.00, 0.00
0.03,0.05,1.48, 0.00
0.03,0.05,1.48, 0.00
0.03,0.05,1.48, 0.00
0.00,0.05,0.00, 0.00
0.03,0.05,1.48, 0.50
0.07,0.06,1.9