2.20,0.00,0.00, 0.00
0.00,0.05,0.00, 0.53
0.00,0.04,0.00, 0.33
0.00,0.04,0.00, 0.28
0.00,0.04,0.00, 0.23
0.00,0.04,0.00, 0.19
0.00,0.05,0.00, 0.24
0.00,0.04,0.00, 0.12
0.00,0.04,0.00, 0.10
0.00,0.04,0.00, 0.08
0.00,0.04,0.00, 0.07
0.00,0.05,0.00, 0.14
0.00,0.04,0.00, 0.04
0.00,0.05,0.00, 0.11
0.00,0.05,0.00, 0.09
0.00,0.05,0.00, 0.08
0.00,0.04,0.00, 0.00
0.00,0.04,0.00, 0.00
0.00,0.04,0.00, 0.00
0.00,0.05,0.00, 0.08
0.00,0.05,0.00, 0.15
0.00,0.04,0.00, 0.00
0.00,0.04,0.00, 0.00
0.00,0.05,0.00, 0.08
0.00,0.05,0.00, 0.07
0.00,0.05,0.00, 0.06
0.00,0.05,0.00, 0.05
0.00,0.04,0.00, 0.00
0.00,0.04,0.00, 0.00
0.00,0.05,0.00, 0.08
0.00,0.05,0.00, 0.15
0.00,0.04,0.00, 0.00
0.00,0.04,0.00, 0.00
0.00,0.04,0.00, 0.00
0.00,0.05,0.00, 0.08
0.00,0.04,0.00, 0.00
0.00,0.05,0.00, 0.08
0.00,0.04,0.00, 0.00
0.00,0.04,0.00, 0.00
0.00,0.04,0.00, 0.00
0.00,0.05,0.00, 0.08
0.00,0.05,0.00, 0.07
0.00,0.04,0.00, 0.00
0.00,0.05,0.00, 0.08
0.00,0.05,0.00, 0.07
0.00,0.05,0.00, 0.06
0.00,0.05,0.00, 0.05
0.00,0.04,0.00, 0.00
0.00,0.05,0.00, 0.08
0.00,0.05,0.00, 0.07
0.00,0.05,0.00, 0.06
0.00,0.04,0.00, 0.00
0.00,0.05,0.00, 0.08
0.00,0.04,0.00, 0.00
0.00,0.04,0.00, 0.00
0.00,0.05,0.00, 0.08
0.00,0.05,0.00, 0.07
0.00,0.03,0.00, 0.00
0.00,0.05,0.00, 0.16
0.00,0.05,0.00, 0.14
0.00,0.05,0.00, 0.11
0.00,0.05,0.00, 0.10
0.00,0.04,0.00, 0.00
0.00,0.04,0.00, 0.00
0.00,0.05,0.00, 0.08
0.00,0.05,0.00, 0.07
0.00,0.05,0.00, 0.06
0.00,0.05,0.00, 0.05
0.00,0.04,0.00, 0.00
0.00,0.04,0.00, 0.00
0.00,0.05,0.00, 0.08
0.00,0.05,0.00, 0.07
0.00,0.05,0.00, 0.06
0.00,0.05,0.00, 0.13
0.00,0.04,0.00, 0.00
0.00,0.04,0.00, 0.00
0.00,0.05,0.00, 0.08
0.00,0.05,0.00, 0.07
0.00,0.05,0.00, 0.06
0.00,0.04,0.00, 0.00
0.00,0.04,0.00, 0.00
0.00,0.04,0.00, 0.00
0.00,0.05,0.00, 0.08
0.00,0.05,0.00, 0.07
0.00,0.05,0.00, 0.06
0.00,0.04,0.00, 0.00
0.00,0.04,0.00, 0.00
0.00,0.04,0.00, 0.00
0.00,0.04,0.00, 0.00
0.00,0.05,0.00, 0.08
0.00,0.04,0.00, 0.00
0.00,0.04,0.00, 0.00
0.00,0.04,0.00, 0.00
0.00,0.05,0.00, 0.08
0.00,0.05,0.00, 0.07
0.00,0.04,0.00, 0.00
0.00,0.04,0.00, 0.00
0.00,0.05,0.00, 0.08
0.00,0.04,0.00, 0.00
0.00,0.04,0.00, 0.00
0.00,0.05,0.00, 0.08
0.00,0.04,0.00, 0.00
0.00,0.04,0.00, 0.00
0.00,0.04,0.00, 0.00
0.00,0.05,0.00, 0.08
0.00,0.04,0.00, 0.00
0.00,0.05,0.00, 0.08
0.00,0.05,0.00, 0.07
0.00,0.04,0.00, 0.00
0.00,0.04,0.00, 0.00
0.00,0.04,0.00, 0.00
0.00,0.04,0.00, 0.00
0.00,0.05,0.00, 0.08
0.00,0.05,0.00, 0.07
0.00,0.04,0.00, 0.00
0.00,0.05,0.00, 0.08
0.00,0.05,0.00, 0.07
0.00,0.05,0.00, 0.14
0.00,0.05,0.00, 0.03
0.00,0.05,0.00, 0.03
0.00,0.04,0.00, 0.00
0.00,0.05,0.00, 0.16
0.00,0.05,0.00, 0.06
0.00,0.05,0.00, 0.05
0.00,0.05,0.00, 0.04
0.00,0.05,0.00, 0.03
0.00,0.04,0.00, 0.00
0.00,0.04,0.00, 0.00
0.00,0.04,0.00, 0.00
0.00,0.05,0.00, 0.08
0.00,0.04,0.00, 0.00
0.00,0.04,0.00, 0.00
0.00,0.04,0.00, 0.00
0.00,0.04,0.00, 0.00
0.00,0.04,0.00, 0.00
0.00,0.05,0.00, 0.08
0.00,0.04,0.00, 0.00
0.00,0.05,0.00, 0.08
0.00,0.05,0.00, 0.07
0.00,0.05,0.00, 0.06
0.00,0.05,0.00, 0.05
0.00,0.05,0.00, 0.04
0.00,0.03,0.00, 0.00
0.00,0.04,0.00, 0.08
0.00,0.04,0.00, 0.07
0.00,0.05,0.00, 0.14
0.00,0.05,0.00, 0.12
0.00,0.05,0.00, 0.10
0.00,0.04,0.00, 0.00
0.00,0.05,0.00, 0.08
0.00,0.04,0.00, 0.00
0.00,0.05,0.00, 0.08
0.00,0.04,0.00, 0.00
0.00,0.04,0.00, 0.00
0.00,0.04,0.00, 0.00
0.00,0.04,0.00, 0.00
0.00,0.04,0.00, 0.00
0.00,0.05,0.00, 0.08
0.00,0.04,0.00, 0.00
0.00,0.04,0.00, 0.00
0.00,0.04,0.00, 0.00
0.00,0.04,0.00, 0.00
0.00,0.04,0.00, 0.00
0.00,0.04,0.00, 0.00
0.00,0.04,0.00, 0.00
0.00,0.05,0.00, 0.08
0.00,0.05,0.00, 0.07
0.00,0.04,0.00, 0.00
0.00,0.04,0.00, 0.00
0.00,0.05,0.00, 0.08
0.00,0.05,0.00, 0.07
0.00,0.05,0.00, 0.06
0.00,0.05,0.00, 0.05
0.00,0.04,0.00, 0.00
0.00,0.04,0.00, 0.00
0.00,0.04,0.00, 0.00
0.00,0.04,0.00, 0.00
0.00,0.04,0.00, 0.00
0.00,0.04,0.00, 0.00
0.00,0.05,0.00, 0.08
0.00,0.04,0.00, 0.00
0.00,0.04,0.00, 0.00
0.00,0.05,0.00, 0.08
0.00,0.05,0.00, 0.07
0.00,0.05,0.00, 0.06
0.00,0.05,0.00, 0.05
0.00,0.04,0.00, 0.00
0.00,0.05,0.00, 0.08
0.00,0.04,0.00, 0.00
0.00,0.05,0.00, 0.08
0.00,0.04,0.00, 0.00
0.00,0.05,0.00, 0.08
0.00,0.05,0.00, 0.07
0.00,0.05,0.00, 0.14
0.00,0.05,0.00, 0.03
0.00,0.05,0.00, 0.03
0.00,0.06,0.00, 0.15
0.00,0.06,0.00, 0.12
0.00,0.06,0.00, 0.10
0.00,0.07,0.00, 0.17
0.00,0.07,0.00, 0.14
0.00,0.05,0.00, 0.00
0.00,0.05,0.00, 0.04
0.00,0.05,0.00, 0.03
0.00,0.05,0.00, 0.00
0.00,0.04,0.00, 0.00
0.00,0.04,0.00, 0.00
0.00,0.05,0.00, 0.08
0.00,0.05,0.00, 0.07
0.00,0.05,0.00, 0.06
0.00,0.04,0.00, 0.00
0.00,0.05,0.00, 0.08
0.00,0.00,0.00, 0.00
0.00,0.03,0.00, 0.25
0.00,0.05,0.00, 0.41
0.00,0.06,0.00, 0.43
0.00,0.09,0.00, 0.60
0.00,0.10,0.00, 0.59
0.00,0.13,0.00, 0.70
0.00,0.19,0.00, 1.03
0.00,0.26,0.00, 1.48
0.00,0.32,0.00, 1.73
0.00,0.40,0.00, 2.10
0.07,0.47,1.01, 2.33
0.14,0.55,1.73, 2.61
0.23,0.65,2.53, 3.00
0.32,0.73,3.10, 3.17
0.38,0.81,3.07, 3.30
0.43,0.92,2.90, 3.66
0.50,1.01,3.08, 3.84
0.72,1.12,5.36, 4.12
0.76,1.28,4.39, 4.67
0.81,1.39,3.85, 4.89
0.99,1.55,5.33, 5.32
1.06,1.71,4.80, 5.80
1.17,1.86,5.00, 6.08
1.21,1.99,4.14, 6.15
1.28,2.12,3.95, 6.25
1.33,2.24,3.53, 6.17
1.37,2.38,3.09, 6.30
1.48,2.57,3.79, 6.83
1.53,2.79,3.42, 7.47
1.68,3.08,4.59, 8.63
1.93,3.35,6.87, 9.47
2.04,3.61,6.48, 10.01
2.11,3.87,5.62, 10.50
2.11,4.10,4.00, 10.67
2.09,4.28,2.56, 10.48
2.09,4.49,1.82, 10.44
2.09,4.69,1.29, 10.41
2.09,4.87,0.92, 10.13
2.09,5.07,0.66, 10.15
2.09,5.26,0.47, 9.96
2.09,5.42,0.33, 9.68
2.09,5.59,0.24, 9.49
2.09,5.80,0.17, 9.61
2.09,5.94,0.12, 9.27
2.09,6.10,0.09, 8.97
2.09,6.18,0.06, 8.20
2.09,6.23,0.04, 7.30
2.09,6.26,0.03, 6.26
2.09,6.27,0.02, 5.36
2.09,6.26,0.02, 4.39
2.09,6.26,0.01, 3.67
2.09,6.23,0.01, 2.82
2.09,6.20,0.01, 2.11
2.09,6.15,0.00, 1.39
2.09,6.11,0.00, 0.83
2.09,6.11,0.00, 0.70
2.09,6.09,0.00, 0.34
2.09,6.06,0.00, 0.07
2.09,6.03,0.00, 0.00
2.09,6.01,0.00, 0.00
2.09,6.02,0.00, 0.08
2.09,6.00,0.00, 0.00
2.09,5.99,0.00, 0.00
2.09,5.97,0.00, 0.00
2.09,5.95,0.00, 0.00
2.09,5.92,0.00, 0.00
2.09,5.91,0.00, 0.00
2.09,5.91,0.00, 0.04
2.09,5.91,0.00, 0.03
2.09,5.94,0.00, 0.28
2.09,5.93,0.00, 0.11
2.09,5.93,0.00, 0.09
2.09,5.96,0.00, 0.32
2.09,5.96,0.00, 0.27
2.09,6.03,0.00, 0.80
2.09,6.11,0.00, 1.33
2.09,6.19,0.00, 1.77
2.07,6.29,0.00, 2.30
2.09,6.33,0.29, 2.25
2.09,6.33,0.21, 1.88
2.09,6.30,0.15, 1.32
2.09,6.27,0.10, 0.86
2.09,6.24,0.07, 0.43
2.09,6.20,0.05, 0.07
2.09,6.15,0.04, 0.00
2.09,6.11,0.03, 0.00
2.09,6.05,0.02, 0.00
2.09,5.97,0.01, 0.00
2.09,5.88,0.01, 0.00
2.09,5.79,0.01, 0.00
2.09,5.67,0.00, 0.00
2.09,5.54,0.00, 0.00
2.09,5.40,0.00, 0.00
2.09,5.27,0.00, 0.00
2.09,5.14,0.00, 0.00
2.09,5.01,0.00, 0.00
2.09,4.88,0.00, 0.00
2.09,4.74,0.00, 0.00
2.09,4.64,0.00, 0.00
2.09,4.53,0.00, 0.00
2.09,4.47,0.00, 0.00
2.09,4.41,0.00, 0.00
2.09,4.35,0.00, 0.00
2.09,4.28,0.00, 0.00
2.09,4.22,0.00, 0.00
2.09,4.15,0.00, 0.00
2.09,4.10,0.00, 0.00
2.09,4.02,0.00, 0.00
2.09,3.96,0.00, 0.00
2.09,3.89,0.00, 0.00
2.09,3.82,0.00, 0.00
2.09,3.76,0.00, 0.00
2.09,3.72,0.00, 0.00
2.09,3.63,0.00, 0.00
2.09,3.57,0.00, 0.00
2.09,3.52,0.00, 0.00
2.09,3.46,0.00, 0.00
2.09,3.39,0.00, 0.00
2.09,3.30,0.00, 0.00
2.09,3.27,0.00, 0.00
2.09,3.20,0.00, 0.00
2.09,3.16,0.00, 0.00
2.09,3.11,0.00, 0.00
2.09,3.03,0.00, 0.00
2.09,3.01,0.00, 0.00
2.09,2.98,0.00, 0.00
2.09,2.92,0.00, 0.00
2.09,2.90,0.00, 0.00
2.09,2.87,0.00, 0.00
2.09,2.84,0.00, 0.00
2.09,2.82,0.00, 0.00
2.09,2.79,0.00, 0.00
2.09,2.78,0.00, 0.00
2.09,2.76,0.00, 0.00
2.09,2.74,0.00, 0.00
2.09,2.74,0.00, 0.00
2.09,2.72,0.00, 0.00
2.09,2.72,0.00, 0.00
2.07,2.70,0.00, 0.00
1.24,2.66,0.00, 0.00
1.82,2.61,8.36, 0.00
1.86,2.58,6.53, 0.00
1.55,2.57,0.18, 0.00
1.89,2.55,5.03, 0.00
1.73,2.56,1.27, 0.08
1.86,2.56,2.78, 0.07
1.82,2.57,1.40, 0.14
1.89,2.56,2.01, 0.03
1.89,2.55,1.43, 0.00
1.86,2.53,0.58, 0.00
1.84,2.48,0.13, 0.00
1.77,2.47,0.00, 0.00
1.71,2.41,0.00, 0.00
1.59,2.34,0.00, 0.00
1.44,2.27,0.00, 0.00
1.28,2.18,0.00, 0.00
1.24,2.09,0.00, 0.00
1.10,1.99,0.00, 0.00
0.97,1.86,0.00, 0.00
0.92,1.74,0.00, 0.00
0.76,1.60,0.00, 0.00
0.74,1.45,0.00, 0.00
0.65,1.32,0.00, 0.00
0.61,1.17,0.00, 0.00
0.56,1.06,0.00, 0.00
0.54,0.96,0.00, 0.00
0.50,0.84,0.00, 0.00
0.50,0.73,0.00, 0.00
0.43,0.63,0.00, 0.00
0.41,0.50,0.00, 0.00
0.34,0.38,0.00, 0.00
0.32,0.32,0.00, 0.00
0.29,0.24,0.00, 0.00
0.27,0.16,0.00, 0.00
0.23,0.12,0.00, 0.00
0.27,0.09,0.58, 0.00
0.16,0.09,0.00, 0.00
0.00,0.07,0.00, 0.00
0.00,0.05,0.00, 0.00
0.05,0.05,0.72, 0.00
0.00,0.04,0.00, 0.00
0.07,0.04,1.01, 0.00
0.00,0.05,0.00, 0.08
0.07,0.05,1.01, 0.07
0.00,0.05,0.00, 0.06
0.05,0.05,0.72, 0.05
0.00,0.04,0.00, 0.00
0.02,0.05,0.29, 0.08
0.00,0.04,0.00, 0.00
0.02,0.04,0.29, 0.00
0.00,0.04,0.00, 0.00
0.00,0.04,0.00, 0.00
0.00,0.05,0.00, 0.08
0.00,0.05,0.00, 0.07
0.00,0.05,0.00, 0.06
0.00,0.05,0.00, 0.05
0.00,0.05,0.00, 0.04
0.00,0.04,0.00, 0.00
0.00,0.05,0.00, 0.08
0.00,0.04,0.00, 0.00
0.00,0.05,0.00, 0.08
0.00,0.05,0.00, 0.07
0.00,0.04,0.00, 0.00
0.00,0.04,0.00, 0.00
0.00,0.04,0.00, 0.00
0.00,0.04,0.00, 0.00
0.00,0.05,0.00, 0.08
0.00,0.04,0.00, 0.00
0.00,0.04,0.00, 0.00
0.00,0.04,0.00, 0.00
0.00,0.05,0.00, 0.08
0.00,0.04,0.00, 0.00
0.00,0.05,0.00, 0.08
0.00,0.04,0.00, 0.00
0.00,0.04,0.00, 0.00
0.00,0.05,0.00, 0.08
0.00,0.05,0.00, 0.07
0.00,0.04,0.00, 0.00
0.00,0.05,0.00, 0.08
0.00,0.04,0.00, 0.00
0.00,0.04,0.00, 0.00
0.00,0.05,0.00, 0.08
0.00,0.04,0.00, 0.00
0.00,0.05,0.00, 0.08
0.00,0.04,0.00, 0.00
0.00,0.05,0.00, 0.08
0.00,0.04,0.00, 0.00
0.00,0.05,0.00, 0.08
0.00,0.04,0.00, 0.00
0.00,0.04,0.00, 0.00
0.00,0.04,0.00, 0.00
0.00,0.05,0.00, 0.08
0.00,0.05,0.00, 0.07
0.00,0.04,0.00, 0.00
0.00,0.04,0.00, 0.00
0.00,0.05,0.00, 0.08
0.00,0.05,0.00, 0.07
0.00,0.04,0.00, 0.00
0.00,0.04,0.00, 0.00
0.00,0.04,0.00, 0.00
0.00,0.04,0.00, 0.00
0.00,0.05,0.00, 0.08
0.00,0.05,0.00, 0.07
0.00,0.05,0.00, 0.14
0.00,0.04,0.00, 0.00
0.00,0.04,0.00, 0.00
0.00,0.04,0.00, 0.00
0.00,0.05,0.00, 0.08
0.00,0.05,0.00, 0.07
0.00,0.05,0.00, 0.06
0.00,0.05,0.00, 0.05
0.00,0.04,0.00, 0.00
0.00,0.04,0.00, 0.00
0.00,0.04,0.00, 0.00
0.00,0.04,0.00, 0.00
0.00,0.04,0.00, 0.00
0.00,0.05,0.00, 0.08
0.00,0.04,0.00, 0.00
0.00,0.04,0.00, 0.00
0.00,0.05,0.00, 0.08
0.00,0.05,0.00, 0.07
0.00,0.05,0.00, 0.06
0.00,0.04,0.00, 0.00
0.00,0.04,0.00, 0.00
0.00,0.04,0.00, 0.00
0.00,0.04,0.00, 0.00
0.00,0.04,0.00, 0.00
0.00,0.05,0.00, 0.08
0.00,0.05,0.00, 0.07
0.00,0.05,0.00, 0.06
0.00,0.05,0.00, 0.05
0.00,0.05,0.00, 0.12
0.00,0.08,0.00, 0.31
0.00,0.09,0.00, 0.30
0.00,0.09,0.00, 0.33
0.00,0.12,0.00, 0.44
0.00,0.14,0.00, 0.57
0.00,0.16,0.00, 0.64
0.00,0.20,0.00, 0.87
0.00,0.22,0.00, 0.89
0.00,0.23,0.00, 0.87
0.00,0.28,0.00, 1.09
0.00,0.32,0.00, 1.24
0.00,0.36,0.00, 1.33
0.00,0.40,0.00, 1.48
0.00,0.45,0.00, 1.65
0.00,0.54,0.00, 2.12
0.00,0.62,0.00, 2.43
0.00,0.73,0.00, 2.89
0.02,0.84,0.29, 3.36
0.07,0.98,0.93, 3.96
0.11,1.12,1.24, 4.46
0.16,1.25,1.60, 4.84
0.25,1.43,2.44, 5.48
0.34,1.61,3.03, 6.02
0.41,1.79,3.17, 6.51
0.52,1.97,3.84, 7.00
0.59,2.17,3.74, 7.49
0.72,2.38,4.54, 7.95
0.90,2.59,5.82, 8.37
1.03,2.86,6.02, 9.17
1.19,3.17,6.59, 10.25
1.41,3.49,7.86, 11.24
1.59,3.82,8.19, 12.02
1.75,4.11,8.14, 12.51
1.84,4.39,7.09, 12.72
1.95,4.64,6.63, 12.72
2.02,4.91,5.73, 12.85
2.04,5.18,4.36, 12.92
2.09,5.42,3.83, 12.77
2.11,5.75,3.01, 13.38
2.11,6.11,2.14, 14.18
2.11,6.53,1.52, 15.22
2.09,6.90,0.80, 15.80
2.09,7.23,0.57, 15.88
2.09,7.48,0.40, 15.36
2.09,7.65,0.29, 14.27
2.09,7.80,0.20, 13.08
2.09,7.86,0.15, 11.42
2.09,7.90,0.10, 9.91
2.09,7.91,0.07, 8.40
2.09,7.94,0.05, 7.23
2.09,7.92,0.04, 5.87
2.09,7.86,0.03, 4.41
2.09,7.78,0.02, 3.03
2.09,7.69,0.01, 1.79
2.09,7.56,0.01, 0.43
2.09,7.42,0.01, 0.00
2.09,7.26,0.00, 0.00
2.09,7.07,0.00, 0.00
2.09,6.90,0.00, 0.00
2.09,6.73,0.00, 0.00
2.09,6.59,0.00, 0.00
2.09,6.49,0.00, 0.00
2.09,6.45,0.00, 0.00
2.09,6.47,0.00, 0.16
2.09,6.47,0.00, 0.14
2.09,6.48,0.00, 0.20
2.09,6.50,0.00, 0.29
2.09,6.50,0.00, 0.24
2.09,6.51,0.00, 0.28
2.09,6.52,0.00, 0.32
2.09,6.52,0.00, 0.27
2.09,6.51,0.00, 0.14
2.09,6.48,0.00, 0.00
2.09,6.44,0.00, 0.00
2.09,6.39,0.00, 0.00
2.09,6.32,0.00, 0.00
2.09,6.24,0.00, 0.00
2.09,6.19,0.00, 0.00
2.09,6.11,0.00, 0.00
2.07,6.07,0.00, 0.00
2.09,6.03,0.29, 0.00
2.09,5.98,0.21, 0.00
2.09,5.95,0.15, 0.00
2.09,5.93,0.10, 0.00
2.09,5.86,0.07, 0.00
2.09,5.79,0.05, 0.00
2.09,5.72,0.04, 0.00
2.09,5.62,0.03, 0.00
2.09,5.53,0.02, 0.00
2.09,5.45,0.01, 0.00
2.09,5.35,0.01, 0.00
2.09,5.24,0.01, 0.00
2.09,5.13,0.00, 0.00
2.09,5.03,0.00, 0.00
2.09,4.91,0.00, 0.00
2.09,4.80,0.00, 0.00
2.09,4.68,0.00, 0.00
2.09,4.59,0.00, 0.00
2.09,4.47,0.00, 0.00
2.09,4.37,0.00, 0.00
2.09,4.26,0.00, 0.00
2.09,4.17,0.00, 0.00
2.09,4.07,0.00, 0.00
2.09,3.99,0.00, 0.00
2.09,3.91,0.00, 0.00
2.09,3.81,0.00, 0.00
2.09,3.75,0.00, 0.00
2.09,3.66,0.00, 0.00
2.09,3.59,0.00, 0.00
2.09,3.53,0.00, 0.00
2.09,3.47,0.00, 0.00
2.09,3.41,0.00, 0.00
2.09,3.37,0.00, 0.00
2.09,3.28,0.00, 0.00
2.09,3.24,0.00, 0.00
2.09,3.20,0.00, 0.00
2.09,3.12,0.00, 0.00
2.07,3.07,0.00, 0.00
1.26,2.99,0.00, 0.00
2.04,2.90,11.25, 0.00
2.09,2.88,8.72, 0.00
2.07,2.83,5.92, 0.00
1.84,2.77,0.90, 0.00
1.93,2.73,1.94, 0.00
1.86,2.66,0.37, 0.00
1.89,2.58,0.69, 0.00
1.82,2.47,0.00, 0.00
1.75,2.37,0.00, 0.00
1.73,2.26,0.00, 0.00
1.59,2.14,0.00, 0.00
1.50,2.07,0.00, 0.00
1.41,1.88,0.00, 0.00
1.19,1.72,0.00, 0.00
1.24,1.60,0.72, 0.00
1.19,1.46,0.00, 0.00
1.01,1.33,0.00, 0.00
1.03,1.19,0.29, 0.00
0.92,1.10,0.00, 0.00
0.83,0.97,0.00, 0.00
0.72,0.84,0.00, 0.00
0.65,0.73,0.00, 0.00
0.61,0.62,0.00, 0.00
0.56,0.50,0.00, 0.00
0.50,0.39,0.00, 0.00
0.45,0.30,0.00, 0.00
0.43,0.23,0.00, 0.00
0.38,0.16,0.00, 0.00
0.09,0.10,0.00, 0.00
0.02,0.07,0.00, 0.00
0.00,0.05,0.00, 0.00
0.00,0.04,0.00, 0.00
0.00,0.05,0.00, 0.08
0.00,0.00,0.00, 0.00
0.00,0.04,0.00, 0.33
0.00,0.04,0.00, 0.23
0.00,0.04,0.00, 0.20
0.00,0.04,0.00, 0.16
0.00,0.05,0.00, 0.22
0.00,0.05,0.00, 0.18
0.00,0.05,0.00, 0.15
0.00,0.05,0.00, 0.21
0.00,0.04,0.00, 0.01
0.00,0.04,0.00, 0.01
0.00,0.04,0.00, 0.01
0.00,0.04,0.00, 0.01
0.00,0.04,0.00, 0.01
0.00,0.04,0.00, 0.00
0.00,0.04,0.00, 0.00
0.00,0.04,0.00, 0.00
0.00,0.04,0.00, 0.00
0.00,0.04,0.00, 0.00
0.00,0.04,0.00, 0.00
0.00,0.05,0.00, 0.08
0.00,0.05,0.00, 0.07
0.00,0.04,0.00, 0.00
0.00,0.04,0.00, 0.00
0.00,0.05,0.00, 0.08
0.00,0.05,0.00, 0.07
0.00,0.04,0.00, 0.00
0.00,0.04,0.00, 0.00
0.00,0.05,0.00, 0.08
0.00,0.04,0.00, 0.00
0.00,0.04,0.00, 0.00
0.00,0.05,0.00, 0.08
0.00,0.05,0.00, 0.07
0.00,0.04,0.00, 0.00
0.00,0.05,0.00, 0.08
0.00,0.04,0.00, 0.00
0.00,0.04,0.00, 0.00
0.00,0.04,0.00, 0.00
0.00,0.04,0.00, 0.00
0.00,0.04,0.00, 0.00
0.00,0.04,0.00, 0.00
0.00,0.05,0.00, 0.08
0.00,0.04,0.00, 0.00
0.00,0.04,0.00, 0.00
0.00,0.04,0.00, 0.00
0.00,0.04,0.00, 0.00
0.00,0.05,0.00, 0.08
0.00,0.05,0.00, 0.07
0.00,0.05,0.00, 0.06
0.00,0.05,0.00, 0.05
0.00,0.05,0.00, 0.04
0.00,0.04,0.00, 0.00
0.00,0.04,0.00, 0.00
0.00,0.05,0.00, 0.08
0.00,0.04,0.00, 0.00
0.00,0.04,0.00, 0.00
0.00,0.04,0.00, 0.00
0.00,0.04,0.00, 0.00
0.00,0.04,0.00, 0.00
0.00,0.05,0.00, 0.08
0.00,0.04,0.00, 0.00
0.00,0.05,0.00, 0.08
0.00,0.04,0.00, 0.00
0.00,0.04,0.00, 0.00
0.00,0.04,0.00, 0.00
0.00,0.05,0.00, 0.08
0.00,0.04,0.00, 0.00
0.00,0.05,0.00, 0.08
0.00,0.04,0.00, 0.00
0.00,0.05,0.00, 0.08
0.00,0.04,0.00, 0.00
0.00,0.04,0.00, 0.00
0.00,0.05,0.00, 0.08
0.00,0.04,0.00, 0.00
0.00,0.04,0.00, 0.00
0.00,0.05,0.00, 0.16
0.00,0.04,0.00, 0.00
0.00,0.04,0.00, 0.00
0.00,0.04,0.00, 0.00
0.00,0.05,0.00, 0.08
0.00,0.04,0.00, 0.00
0.00,0.04,0.00, 0.00
0.00,0.05,0.00, 0.08
0.00,0.04,0.00, 0.00
0.00,0.05,0.00, 0.08
0.00,0.04,0.00, 0.00
0.00,0.04,0.00, 0.00
0.00,0.04,0.00, 0.00
0.00,0.04,0.00, 0.00
0.00,0.05,0.00, 0.08
0.00,0.04,0.00, 0.00
0.00,0.05,0.00, 0.08
0.00,0.05,0.00, 0.07
0.00,0.04,0.00, 0.00
0.00,0.04,0.00, 0.00
0.00,0.05,0.00, 0.08
0.00,0.05,0.00, 0.07
0.00,0.05,0.00, 0.06
0.00,0.05,0.00, 0.05
0.00,0.05,0.00, 0.04
0.00,0.05,0.00, 0.03
0.00,0.05,0.00, 0.03
0.00,0.04,0.00, 0.00
0.00,0.04,0.00, 0.00
0.00,0.04,0.00, 0.00
0.00,0.04,0.00, 0.00
0.00,0.05,0.00, 0.08
0.00,0.04,0.00, 0.00
0.00,0.04,0.00, 0.00
0.00,0.04,0.00, 0.00
0.00,0.05,0.00, 0.08
0.00,0.04,0.00, 0.00
0.00,0.04,0.00, 0.00
0.00,0.04,0.00, 0.00
0.00,0.05,0.00, 0.08
0.00,0.04,0.00, 0.00
0.00,0.04,0.00, 0.00
0.00,0.04,0.00, 0.00
0.00,0.05,0.00, 0.08
0.00,0.04,0.00, 0.00
0.00,0.04,0.00, 0.00
0.00,0.05,0.00, 0.08
0.00,0.04,0.00, 0.00
0.00,0.05,0.00, 0.08
0.00,0.04,0.00, 0.00
0.00,0.05,0.00, 0.08
0.00,0.05,0.00, 0.15
0.00,0.05,0.00, 0.04
0.00,0.04,0.00, 0.00
0.00,0.04,0.00, 0.00
0.00,0.04,0.00, 0.00
0.00,0.04,0.00, 0.00
0.00,0.05,0.00, 0.08
0.00,0.05,0.00, 0.07
0.00,0.05,0.00, 0.06
0.00,0.05,0.00, 0.13
0.00,0.05,0.00, 0.03
0.00,0.05,0.00, 0.02
0.00,0.05,0.00, 0.10
0.00,0.05,0.00, 0.08
0.00,0.06,0.00, 0.11
0.00,0.07,0.00, 0.18
0.00,0.08,0.00, 0.23
0.00,0.09,0.00, 0.27
0.00,0.11,0.00, 0.35
0.00,0.12,0.00, 0.42
0.00,0.13,0.00, 0.43
0.00,0.15,0.00, 0.52
0.00,0.15,0.00, 0.44
0.00,0.17,0.00, 0.57
0.00,0.22,0.00, 0.85
0.00,0.25,0.00, 1.00
0.00,0.31,0.00, 1.24
0.00,0.35,0.00, 1.45
0.00,0.38,0.00, 1.46
0.00,0.44,0.00, 1.63
0.00,0.50,0.00, 1.94
0.00,0.56,0.00, 2.11
0.00,0.68,0.00, 2.71
0.00,0.79,0.00, 3.17
0.00,0.90,0.00, 3.59
0.00,1.03,0.00, 4.07
0.00,1.16,0.00, 4.47
0.00,1.30,0.00, 4.85
0.00,1.42,0.00, 5.04
0.00,1.58,0.00, 5.48
0.00,1.72,0.00, 5.81
0.05,1.92,0.72, 6.50
0.16,2.12,2.10, 7.04
0.25,2.37,2.79, 7.90
0.41,2.63,4.29, 8.78
0.52,2.95,4.64, 9.92
0.67,3.24,5.47, 10.72
0.72,3.55,4.61, 11.55
0.81,3.87,4.58, 12.20
0.94,4.20,5.13, 12.99
1.12,4.63,6.25, 14.35
1.48,5.10,9.64, 15.81
1.75,5.53,10.75, 16.83
1.91,5.97,9.96, 17.60
2.00,6.38,8.38, 18.08
2.00,6.78,5.97, 18.39
1.93,7.18,3.24, 18.74
2.07,7.57,4.32, 18.82
2.07,7.94,3.08, 18.77
2.09,8.27,2.48, 18.44
2.09,8.56,1.76, 17.71
2.09,8.81,1.25, 16.85
2.09,8.99,0.89, 15.60
2.09,9.15,0.64, 14.31
2.09,9.28,0.45, 13.06
2.09,9.38,0.32, 11.74
2.09,9.45,0.23, 10.38
2.09,9.52,0.16, 9.25
2.09,9.59,0.12, 8.26
2.09,9.60,0.08, 7.07
2.09,9.65,0.06, 6.23
2.09,9.65,0.04, 5.29
2.09,9.68,0.03, 4.63
2.09,9.68,0.02, 3.86
2.09,9.64,0.02, 2.90
2.09,9.61,0.01, 2.18
2.09,9.56,0.01, 1.37
2.09,9.49,0.01, 0.56
2.09,9.44,0.00, 0.14
2.09,9.40,0.00, 0.00
2.09,9.39,0.00, 0.00
2.09,9.36,0.00, 0.00
2.09,9.32,0.00, 0.00
2.09,9.28,0.00, 0.00
2.09,9.20,0.00, 0.00
2.09,9.14,0.00, 0.00
2.09,9.05,0.00, 0.00
2.09,8.95,0.00, 0.00
2.09,8.84,0.00, 0.00
2.09,8.75,0.00, 0.00
2.09,8.64,0.00, 0.00
2.09,8.55,0.00, 0.00
2.09,8.45,0.00, 0.00
2.09,8.39,0.00, 0.00
2.09,8.29,0.00, 0.00
2.09,8.20,0.00, 0.00
2.09,8.09,0.00, 0.00
2.09,7.96,0.00, 0.00
2.09,7.85,0.00, 0.00
2.09,7.72,0.00, 0.00
2.09,7.55,0.00, 0.00
2.09,7.40,0.00, 0.00
2.09,7.24,0.00, 0.00
2.09,7.11,0.00, 0.00
2.09,6.94,0.00, 0.00
2.09,6.79,0.00, 0.00
2.09,6.62,0.00, 0.00
2.09,6.47,0.00, 0.00
2.09,6.31,0.00, 0.00
2.09,6.14,0.00, 0.00
2.09,5.99,0.00, 0.00
2.09,5.85,0.00, 0.00
2.09,5.71,0.00, 0.00
2.09,5.58,0.00, 0.00
2.09,5.45,0.00, 0.00
2.09,5.36,0.00, 0.00
2.09,5.27,0.00, 0.00
2.09,5.16,0.00, 0.00
2.09,5.06,0.00, 0.00
2.09,4.95,0.00, 0.00
2.09,4.86,0.00, 0.00
2.09,4.78,0.00, 0.00
2.09,4.73,0.00, 0.00
2.09,4.69,0.00, 0.00
2.09,4.66,0.00, 0.00
2.09,4.61,0.00, 0.00
2.09,4.55,0.00, 0.00
2.09,4.49,0.00, 0.00
2.09,4.41,0.00, 0.00
2.09,4.35,0.00, 0.00
2.09,4.26,0.00, 0.00
2.09,4.19,0.00, 0.00
2.09,4.12,0.00, 0.00
2.09,4.05,0.00, 0.00
2.09,3.94,0.00, 0.00
2.09,3.87,0.00, 0.00
2.09,3.78,0.00, 0.00
2.09,3.70,0.00, 0.00
2.09,3.63,0.00, 0.00
2.09,3.58,0.00, 0.00
2.09,3.47,0.00, 0.00
2.09,3.41,0.00, 0.00
2.09,3.32,0.00, 0.00
2.07,3.22,0.00, 0.00
0.88,3.13,0.00, 0.00
1.86,3.00,14.13, 0.00
1.93,2.90,11.07, 0.00
1.95,2.78,8.16, 0.00
1.66,2.66,1.63, 0.00
1.46,2.55,0.00, 0.00
1.77,2.45,4.47, 0.00
1.50,2.34,0.00, 0.00
0.85,2.18,0.00, 0.00
1.48,2.05,9.08, 0.00
0.74,1.88,0.00, 0.00
0.97,1.75,3.32, 0.00
0.70,1.62,0.00, 0.00
0.83,1.45,1.87, 0.00
0.72,1.31,0.00, 0.00
0.74,1.15,0.29, 0.00
0.72,1.03,0.00, 0.00
0.74,0.93,0.29, 0.00
0.65,0.82,0.00, 0.00
0.63,0.73,0.00, 0.00
0.67,0.63,0.58, 0.00
0.56,0.54,0.00, 0.00
0.52,0.44,0.00, 0.00
0.38,0.35,0.00, 0.00
0.34,0.29,0.00, 0.00
0.20,0.23,0.00, 0.00
0.16,0.17,0.00, 0.00
0.09,0.11,0.00, 0.00
0.05,0.09,0.00, 0.00
0.02,0.07,0.00, 0.00
0.05,0.06,0.43, 0.00
0.00,0.05,0.00, 0.00
0.00,0.05,0.00, 0.00
0.00,0.04,0.00, 0.00
0.00,0.04,0.00, 0.00
0.00,0.05,0.00, 0.08
0.00,0.04,0.00, 0.00
0.07,0.03,1.01, 0.00
0.00,0.05,0.00, 0.12
0.02,0.05,0.29, 0.10
0.00,0.04,0.00, 0.00
0.09,0.05,1.30, 0.09
0.00,0.04,0.00, 0.00
0.05,0.05,0.72, 0.16
0.00,0.05,0.00, 0.06
0.02,0.05,0.29, 0.05
0.00,0.05,0.00, 0.04
0.00,0.05,0.00, 0.03
0.00,0.04,0.00, 0.00
0.00,0.04,0.00, 0.00
0.00,0.05,0.00, 0.16
0.00,0.04,0.00, 0.00
0.00,0.05,0.00, 0.08
0.00,0.04,0.00, 0.00
0.00,0.05,0.00, 0.08
0.00,0.02,0.00, 0.00
0.00,0.04,0.00, 0.12
0.00,0.04,0.00, 0.10
0.00,0.04,0.00, 0.09
0.00,0.05,0.00, 0.15
0.00,0.04,0.00, 0.05
0.00,0.04,0.00, 0.04
0.00,0.05,0.00, 0.11
0.00,0.05,0.00, 0.10
0.00,0.05,0.00, 0.16
0.00,0.04,0.00, 0.00
0.00,0.04,0.00, 0.00
0.00,0.04,0.00, 0.00
0.00,0.05,0.00, 0.08
0.00,0.04,0.00, 0.00
0.00,0.04,0.00, 0.00
0.00,0.04,0.00, 0.00
0.00,0.05,0.00, 0.08
0.00,0.04,0.00, 0.00
0.00,0.04,0.00, 0.00
0.00,0.05,0.00, 0.08
0.00,0.04,0.00, 0.00
0.00,0.05,0.00, 0.08
0.00,0.05,0.00, 0.07
0.00,0.04,0.00, 0.00
0.00,0.05,0.00, 0.08
0.00,0.05,0.00, 0.07
0.00,0.05,0.00, 0.06
0.00,0.05,0.00, 0.05
0.00,0.04,0.00, 0.00
0.00,0.04,0.00, 0.00
0.00,0.04,0.00, 0.00
0.00,0.04,0.00, 0.00
0.00,0.04,0.00, 0.00
0.00,0.04,0.00, 0.00
0.00,0.04,0.00, 0.00
0.00,0.05,0.00, 0.08
0.00,0.04,0.00, 0.00
0.00,0.04,0.00, 0.00
0.00,0.04,0.00, 0.00
0.00,0.05,0.00, 0.08
0.00,0.05,0.00, 0.07
0.00,0.04,0.00, 0.00
0.00,0.04,0.00, 0.00
0.00,0.05,0.00, 0.08
0.00,0.04,0.00, 0.00
0.00,0.04,0.00, 0.00
0.00,0.04,0.00, 0.00
0.00,0.04,0.00, 0.00
0.00,0.04,0.00, 0.00
0.00,0.05,0.00, 0.08
0.00,0.04,0.00, 0.00
0.00,0.05,0.00, 0.08
0.00,0.04,0.00, 0.00
0.00,0.05,0.00, 0.08
0.00,0.04,0.00, 0.00
0.00,0.04,0.00, 0.00
0.00,0.04,0.00, 0.00
0.00,0.05,0.00, 0.16
0.00,0.05,0.00, 0.06
0.00,0.04,0.00, 0.00
0.00,0.04,0.00, 0.00
0.00,0.04,0.00, 0.00
0.00,0.05,0.00, 0.08
0.00,0.04,0.00, 0.00
0.00,0.05,0.00, 0.16
0.00,0.05,0.00, 0.06
0.00,0.05,0.00, 0.05
0.00,0.04,0.00, 0.00
0.00,0.04,0.00, 0.00
0.00,0.04,0.00, 0.00
0.00,0.04,0.00, 0.00
0.00,0.04,0.00, 0.00
0.00,0.02,0.00, 0.00
0.00,0.04,0.00, 0.12
0.00,0.04,0.00, 0.10
0.00,0.05,0.00, 0.25
0.00,0.05,0.00, 0.13
0.00,0.04,0.00, 0.02
0.00,0.05,0.00, 0.10
0.00,0.04,0.00, 0.00
0.00,0.04,0.00, 0.00
0.00,0.04,0.00, 0.00
0.00,0.05,0.00, 0.08
0.00,0.05,0.00, 0.07
0.00,0.05,0.00, 0.06
0.00,0.04,0.00, 0.00
0.00,0.05,0.00, 0.16
0.00,0.05,0.00, 0.06
0.00,0.05,0.00, 0.05
0.00,0.04,0.00, 0.00
0.00,0.05,0.00, 0.08
0.00,0.05,0.00, 0.07
0.00,0.05,0.00, 0.06
0.00,0.05,0.00, 0.05
0.00,0.05,0.00, 0.04
0.00,0.06,0.00, 0.20
0.00,0.07,0.00, 0.21
0.00,0.08,0.00, 0.25
0.00,0.09,0.00, 0.34
0.00,0.11,0.00, 0.45
0.00,0.15,0.00, 0.66
0.00,0.19,0.00, 0.84
0.00,0.20,0.00, 0.82
0.00,0.25,0.00, 1.14
0.00,0.30,0.00, 1.28
0.00,0.34,0.00, 1.44
0.00,0.38,0.00, 1.57
0.00,0.44,0.00, 1.81
0.00,0.50,0.00, 1.92
0.00,0.58,0.00, 2.26
0.00,0.67,0.00, 2.67
0.00,0.79,0.00, 3.18
0.00,0.91,0.00, 3.73
0.00,1.06,0.00, 4.31
0.00,1.24,0.00, 5.04
0.00,1.41,0.00, 5.65
0.00,1.62,0.00, 6.41
0.00,1.86,0.00, 7.37
0.00,2.09,0.00, 8.05
0.18,2.33,2.60, 8.70
0.25,2.60,2.86, 9.49
0.43,2.88,4.63, 10.27
0.54,3.26,4.88, 11.67
0.72,3.67,6.07, 13.16
0.92,4.14,7.20, 14.78
1.08,4.62,7.43, 16.38
1.21,5.11,7.16, 17.63
1.39,5.61,7.69, 18.93
1.64,6.14,9.08, 20.09
1.80,6.64,8.77, 20.94
1.91,7.12,7.83, 21.44
1.98,7.60,6.58, 21.86
2.07,8.10,5.98, 22.42
2.11,8.68,4.83, 23.42
2.09,9.26,3.15, 24.38
2.09,9.78,2.24, 24.65
2.09,9.81,1.59, 20.84
2.09,9.81,1.13, 17.41
2.09,9.81,0.81, 14.55
2.09,9.81,0.57, 12.15
2.09,9.81,0.41, 10.15
2.09,9.81,0.29, 8.48
2.09,9.81,0.21, 7.09
2.09,9.81,0.15, 5.92
2.09,9.81,0.10, 4.95
2.09,9.81,0.07, 4.13
2.09,9.81,0.05, 3.45
2.09,9.81,0.04, 2.88
2.09,9.81,0.03, 2.41
2.09,9.81,0.02, 2.01
2.09,9.81,0.01, 1.68
2.09,9.81,0.01, 1.41
2.09,9.81,0.01, 1.17
2.07,9.81,0.00, 0.98
2.09,9.81,0.29, 0.82
2.09,9.81,0.21, 0.68
2.09,9.81,0.15, 0.57
2.09,9.81,0.10, 0.48
2.09,9.81,0.07, 0.40
2.09,9.81,0.05, 0.33
2.09,9.69,0.04, 0.00
2.09,9.43,0.03, 0.00
2.09,9.16,0.02, 0.00
2.09,8.91,0.01, 0.00
2.09,8.67,0.01, 0.00
2.09,8.43,0.01, 0.00
2.09,8.18,0.00, 0.00
2.09,7.93,0.00, 0.00
2.09,7.66,0.00, 0.00
2.09,7.43,0.00, 0.00
2.09,7.23,0.00, 0.00
2.09,7.03,0.00, 0.00
2.09,6.87,0.00, 0.00
2.09,6.68,0.00, 0.00
2.09,6.51,0.00, 0.00
2.09,6.31,0.00, 0.00
2.09,6.14,0.00, 0.00
2.09,5.95,0.00, 0.00
2.09,5.80,0.00, 0.00
2.09,5.61,0.00, 0.00
2.09,5.43,0.00, 0.00
2.09,5.24,0.00, 0.00
2.09,5.10,0.00, 0.00
2.09,4.94,0.00, 0.00
2.09,4.81,0.00, 0.00
2.09,4.73,0.00, 0.00
2.09,4.61,0.00, 0.00
2.09,4.51,0.00, 0.00
2.09,4.43,0.00, 0.00
2.09,4.36,0.00, 0.00
2.09,4.28,0.00, 0.00
2.09,4.21,0.00, 0.00
2.09,4.11,0.00, 0.00
2.09,4.03,0.00, 0.00
2.09,3.94,0.00, 0.00
2.09,3.90,0.00, 0.00
2.09,3.82,0.00, 0.00
2.09,3.76,0.00, 0.00
2.09,3.71,0.00, 0.00
2.09,3.66,0.00, 0.00
2.09,3.58,0.00, 0.00
2.09,3.50,0.00, 0.00
2.09,3.41,0.00, 0.00
2.09,3.33,0.00, 0.00
2.09,3.29,0.00, 0.00
2.09,3.24,0.00, 0.00
2.09,3.18,0.00, 0.00
2.09,3.14,0.00, 0.00
2.09,3.08,0.00, 0.00
0.56,2.99,0.00, 0.00
1.28,2.91,10.38, 0.00
1.95,2.78,17.05, 0.00
1.89,2.61,11.27, 0.00
1.44,2.41,1.53, 0.00
1.46,2.25,1.38, 0.00
1.59,2.13,2.85, 0.00
1.39,2.00,0.00, 0.00
1.41,1.87,0.29, 0.00
1.21,1.74,0.00, 0.00
1.15,1.60,0.00, 0.00
0.90,1.42,0.00, 0.00
0.54,1.26,0.00, 0.00
0.79,1.11,3.61, 0.00
0.43,0.93,0.00, 0.00
0.43,0.77,0.00, 0.00
0.27,0.61,0.00, 0.00
0.29,0.45,0.29, 0.00
0.18,0.31,0.00, 0.00
0.18,0.20,0.00, 0.00
0.11,0.11,0.00, 0.00
0.11,0.05,0.00, 0.00
0.00,0.05,0.00, 0.00
0.05,0.04,0.72, 0.00
0.00,0.04,0.00, 0.00
0.05,0.05,0.72, 0.08
0.00,0.04,0.00, 0.00
0.02,0.05,0.29, 0.08
0.00,0.05,0.00, 0.07
0.00,0.04,0.00, 0.00
0.02,0.05,0.29, 0.08
0.02,0.05,0.21, 0.07
0.00,0.02,0.00, 0.00
0.00,0.04,0.00, 0.12
0.07,0.05,1.01, 0.19
0.00,0.05,0.00, 0.15
0.00,0.05,0.00, 0.13
0.00,0.05,0.00, 0.11
0.00,0.05,0.00, 0.09
0.00,0.04,0.00, 0.00
0.00,0.05,0.00, 0.08
0.00,0.04,0.00, 0.00
0.05,0.02,0.72, 0.00
0.00,0.05,0.00, 0.21
0.02,0.04,0.29, 0.09
0.00,0.05,0.00, 0.16
0.05,0.05,0.72, 0.13
0.00,0.04,0.00, 0.03
0.00,0.04,0.00, 0.02
0.00,0.05,0.00, 0.10
0.02,0.05,0.29, 0.08
0.00,0.05,0.00, 0.07
0.00,0.04,0.00, 0.00
0.00,0.02,0.00, 0.00
0.00,0.05,0.00, 0.21
0.00,0.05,0.00, 0.17
0.00,0.04,0.00, 0.06
0.00,0.04,0.00, 0.05
0.00,0.04,0.00, 0.04
0.00,0.04,0.00, 0.04
0.00,0.05,0.00, 0.11
0.00,0.04,0.00, 0.01
0.00,0.04,0.00, 0.01
0.02,0.05,0.29, 0.09
0.00,0.04,0.00, 0.00
0.02,0.04,0.29, 0.00
0.00,0.04,0.00, 0.00
0.00,0.05,0.00, 0.08
0.00,0.05,0.00, 0.07
0.00,0.04,0.00, 0.00
0.00,0.04,0.00, 0.00
0.00,0.04,0.00, 0.00
0.00,0.04,0.00, 0.00
0.02,0.05,0.29, 0.08
0.00,0.05,0.00, 0.07
0.00,0.04,0.00, 0.00
0.00,0.05,0.00, 0.08
0.00,0.04,0.00, 0.00
0.00,0.05,0.00, 0.08
0.00,0.04,0.00, 0.00
0.00,0.04,0.00, 0.00
0.00,0.05,0.00, 0.08
0.00,0.09,0.00, 0.44
0.00,0.11,0.00, 0.57
0.02,0.19,0.29, 1.14
0.05,0.24,0.64, 1.32
0.00,0.29,0.00, 1.51
0.00,0.35,0.00, 1.76
0.00,0.43,0.00, 2.13
0.00,0.50,0.00, 2.35
0.00,0.59,0.00, 2.67
0.00,0.66,0.00, 2.84
0.02,0.77,0.29, 3.32
0.07,0.89,0.93, 3.76
0.14,1.00,1.67, 4.01
0.20,1.15,2.05, 4.62
0.29,1.28,2.76, 4.85
0.36,1.44,2.97, 5.41
0.45,1.64,3.41, 6.16
0.63,1.83,5.02, 6.71
0.76,2.08,5.45, 7.62
0.88,2.33,5.61, 8.47
0.99,2.55,5.58, 8.93
1.12,2.77,5.84, 9.23
1.28,2.97,6.47, 9.39
1.46,3.20,7.20, 9.70
1.44,3.44,4.83, 10.08
1.59,3.76,5.60, 11.01
1.73,4.05,6.01, 11.59
1.82,4.32,5.57, 11.94
1.93,4.56,5.55, 11.95
2.00,4.81,4.96, 12.04
2.07,5.02,4.54, 11.79
2.07,5.18,3.23, 11.21
2.09,5.34,2.59, 10.64
2.11,5.51,2.13, 10.33
2.09,5.66,1.23, 9.82
2.09,5.81,0.87, 9.40
2.09,5.89,0.62, 8.59
2.09,6.01,0.44, 8.17
2.09,6.07,0.31, 7.32
2.09,6.11,0.22, 6.40
2.09,6.16,0.16, 5.76
2.09,6.19,0.11, 5.10
2.09,6.22,0.08, 4.47
2.09,6.24,0.06, 3.94
2.09,6.23,0.04, 3.21
2.09,6.21,0.03, 2.47
2.09,6.16,0.02, 1.65
2.09,6.09,0.01, 0.77
2.09,6.01,0.01, 0.02
2.09,5.91,0.01, 0.00
2.09,5.82,0.01, 0.00
2.09,5.76,0.00, 0.00
2.09,5.68,0.00, 0.00
2.09,5.64,0.00, 0.00
2.09,5.61,0.00, 0.00
2.09,5.64,0.00, 0.25
2.09,5.65,0.00, 0.29
2.09,5.69,0.00, 0.61
2.09,5.70,0.00, 0.55
2.09,5.70,0.00, 0.46
2.09,5.72,0.00, 0.55
2.09,5.73,0.00, 0.54
2.09,5.81,0.00, 1.11
2.09,5.94,0.00, 2.00
2.09,6.12,0.00, 3.19
2.09,6.28,0.00, 3.98
2.09,6.38,0.00, 4.11
2.09,6.49,0.00, 4.34
2.09,6.55,0.00, 4.16
2.09,6.58,0.00, 3.68
2.09,6.61,0.00, 3.28
2.09,6.62,0.00, 2.90
2.09,6.59,0.00, 2.10
2.09,6.56,0.00, 1.51
2.09,6.48,0.00, 0.64
2.09,6.39,0.00, 0.00
2.09,6.26,0.00, 0.00
2.09,6.14,0.00, 0.00
2.09,6.02,0.00, 0.00
2.09,5.86,0.00, 0.00
2.07,5.72,0.00, 0.00
2.09,5.57,0.29, 0.00
2.09,5.43,0.21, 0.00
2.07,5.27,0.00, 0.00
2.09,5.09,0.29, 0.00
2.09,4.91,0.21, 0.00
2.09,4.76,0.15, 0.00
2.09,4.61,0.10, 0.00
2.09,4.45,0.07, 0.00
2.09,4.28,0.05, 0.00
2.09,4.11,0.04, 0.00
2.09,3.93,0.03, 0.00
2.09,3.76,0.02, 0.00
2.09,3.62,0.01, 0.00
2.09,3.49,0.01, 0.00
2.09,3.36,0.01, 0.00
2.09,3.26,0.00, 0.00
2.09,3.16,0.00, 0.00
2.09,3.06,0.00, 0.00
2.07,2.94,0.00, 0.00
0.18,2.83,0.00, 0.00
1.33,2.76,16.58, 0.00
2.02,2.63,21.75, 0.00
1.77,2.47,11.87, 0.00
1.19,2.34,0.08, 0.00
1.95,2.21,11.02, 0.00
1.64,2.09,3.37, 0.00
1.50,1.96,0.38, 0.00
1.73,1.85,3.59, 0.00
1.21,1.69,0.00, 0.00
1.68,1.55,6.78, 0.00
1.33,1.38,0.00, 0.00
1.28,1.22,0.00, 0.00
1.26,1.08,0.00, 0.00
1.01,0.90,0.00, 0.00
1.06,0.76,0.72, 0.00
0.92,0.62,0.00, 0.00
0.90,0.49,0.00, 0.00
0.76,0.35,0.00, 0.00
0.65,0.26,0.00, 0.00
0.16,0.19,0.00, 0.00
0.00,0.11,0.00, 0.00
0.18,0.07,2.60, 0.00
0.00,0.06,0.00, 0.00
0.16,0.05,2.31, 0.00
0.00,0.05,0.00, 0.00
0.07,0.05,1.01, 0.00
0.00,0.05,0.00, 0.00
0.00,0.06,0.00, 0.16
0.14,0.06,2.02, 0.10
0.00,0.05,0.00, 0.00
0.00,0.04,0.00, 0.00
0.00,0.05,0.00, 0.08
0.02,0.05,0.29, 0.07
0.00,0.05,0.00, 0.06
0.02,0.04,0.29, 0.00
0.00,0.05,0.00, 0.08
0.05,0.05,0.72, 0.07
0.00,0.05,0.00, 0.06
0.00,0.04,0.00, 0.00
0.00,0.04,0.00, 0.00
0.00,0.04,0.00, 0.00
0.02,0.05,0.29, 0.16
0.00,0.05,0.00, 0.06
0.02,0.05,0.29, 0.13
0.00,0.05,0.00, 0.02
0.07,0.05,1.01, 0.02
0.00,0.05,0.00, 0.02
0.02,0.05,0.29, 0.01
0.00,0.05,0.00, 0.01
0.02,0.04,0.29, 0.00
0.00,0.04,0.00, 0.00
0.00,0.04,0.00, 0.00
0.00,0.05,0.00, 0.16
0.00,0.05,0.00, 0.06
0.00,0.05,0.00, 0.05
0.02,0.04,0.29, 0.00
0.00,0.05,0.00, 0.08
0.02,0.04,0.29, 0.00
0.00,0.05,0.00, 0.08
0.00,0.04,0.00, 0.00
0.00,0.05,0.00, 0.08
0.00,0.05,0.00, 0.15
0.00,0.05,0.00, 0.13
0.00,0.07,0.00, 0.23
0.00,0.07,0.00, 0.19
0.00,0.07,0.00, 0.16
0.00,0.09,0.00, 0.30
0.00,0.12,0.00, 0.45
0.00,0.12,0.00, 0.46
0.00,0.13,0.00, 0.47
0.00,0.14,0.00, 0.43
0.00,0.14,0.00, 0.36
0.00,0.13,0.00, 0.22
0.00,0.14,0.00, 0.27
0.00,0.15,0.00, 0.30
0.00,0.15,0.00, 0.25
0.00,0.16,0.00, 0.25
0.00,0.14,0.00, 0.13
0.00,0.16,0.00, 0.27
0.00,0.17,0.00, 0.31
0.00,0.19,0.00, 0.34
0.00,0.19,0.00, 0.29
0.00,0.20,0.00, 0.36
0.00,0.23,0.00, 0.59
0.00,0.28,0.00, 0.86
0.00,0.32,0.00, 1.09
0.00,0.38,0.00, 1.41
0.00,0.45,0.00, 1.75
0.00,0.54,0.00, 2.16
0.00,0.62,0.00, 2.51
0.00,0.72,0.00, 2.87
0.05,0.84,0.72, 3.35
0.16,0.95,2.10, 3.78
0.25,1.11,2.79, 4.40
0.38,1.25,3.86, 4.87
0.52,1.41,4.77, 5.42
0.70,1.61,5.99, 6.09
0.92,1.82,7.43, 6.86
1.08,2.08,7.60, 7.83
1.28,2.38,8.29, 9.05
1.37,2.70,7.20, 10.23
1.44,3.00,6.13, 10.98
1.53,3.32,5.66, 11.76
1.62,3.62,5.33, 12.30
1.80,3.92,6.39, 12.82
1.98,4.26,7.14, 13.51
2.13,4.59,7.24, 13.96
2.13,4.95,5.15, 14.67
2.11,5.30,3.38, 15.09
2.09,5.61,2.12, 15.12
2.09,5.89,1.51, 15.02
2.09,6.14,1.07, 14.60
2.09,6.41,0.76, 14.38
2.09,6.62,0.54, 13.78
2.09,6.84,0.39, 13.28
2.09,7.05,0.27, 12.78
2.09,7.20,0.20, 12.00
2.09,7.32,0.14, 11.01
2.09,7.41,0.10, 9.90
2.09,7.47,0.07, 8.76
2.09,7.49,0.05, 7.44
2.07,7.49,0.00, 6.22
2.09,7.47,0.29, 5.03
2.09,7.39,0.21, 3.59
2.09,7.32,0.15, 2.38
2.09,7.20,0.10, 1.00
2.09,7.05,0.07, 0.00
2.09,6.87,0.05, 0.00
2.09,6.73,0.04, 0.00
2.09,6.55,0.03, 0.00
2.09,6.39,0.02, 0.00
2.09,6.24,0.01, 0.00
2.09,6.08,0.01, 0.00
2.09,5.93,0.01, 0.00
2.07,5.78,0.00, 0.00
2.09,5.64,0.29, 0.00
2.09,5.49,0.21, 0.00
2.09,5.35,0.15, 0.00
2.09,5.21,0.10, 0.00
2.09,5.10,0.07, 0.00
2.09,5.05,0.05, 0.00
2.09,5.01,0.04, 0.00
2.09,4.97,0.03, 0.00
2.09,4.96,0.02, 0.00
2.09,4.93,0.01, 0.00
2.09,4.90,0.01, 0.00
2.09,4.89,0.01, 0.00
2.09,4.84,0.00, 0.00
2.09,4.86,0.00, 0.21
2.09,4.84,0.00, 0.00
2.09,4.83,0.00, 0.00
2.09,4.86,0.00, 0.25
2.09,4.87,0.00, 0.29
2.09,4.83,0.00, 0.00
2.09,4.82,0.00, 0.00
2.09,4.76,0.00, 0.00
2.09,4.72,0.00, 0.00
2.09,4.64,0.00, 0.00
2.09,4.57,0.00, 0.00
2.09,4.50,0.00, 0.00
2.09,4.41,0.00, 0.00
2.09,4.32,0.00, 0.00
2.09,4.22,0.00, 0.00
2.09,4.10,0.00, 0.00
2.09,3.99,0.00, 0.00
2.09,3.86,0.00, 0.00
2.09,3.74,0.00, 0.00
2.09,3.57,0.00, 0.00
2.09,3.38,0.00, 0.00
2.09,3.22,0.00, 0.00
2.09,3.04,0.00, 0.00
2.09,2.85,0.00, 0.00
2.09,2.63,0.00, 0.00
2.09,2.43,0.00, 0.00
2.09,2.26,0.00, 0.00
2.09,2.08,0.00, 0.00
2.09,1.90,0.00, 0.00
2.09,1.75,0.00, 0.00
2.07,1.60,0.00, 0.00
2.04,1.41,0.00, 0.00
0.00,1.31,0.00, 0.00
2.11,1.07,30.43, 0.00
2.04,0.91,20.64, 0.00
0.00,0.71,0.00, 0.00
1.48,0.49,21.34, 0.00
0.00,0.34,0.00, 0.00
0.99,0.24,14.28, 0.00
0.41,0.20,1.80, 0.00
0.09,0.12,0.00, 0.00
0.20,0.09,1.59, 0.00
0.00,0.09,0.00, 0.00
0.11,0.06,1.59, 0.00
0.00,0.05,0.00, 0.00
0.05,0.04,0.72, 0.00
0.00,0.05,0.00, 0.08
0.00,0.05,0.00, 0.07
0.02,0.04,0.29, 0.00
0.02,0.05,0.21, 0.08
0.00,0.05,0.00, 0.07
0.07,0.05,1.01, 0.06
0.00,0.05,0.00, 0.13
0.05,0.04,0.72, 0.00
0.00,0.02,0.00, 0.00
0.07,0.03,1.01, 0.08
0.00,0.04,0.00, 0.11
0.00,0.05,0.00, 0.17
0.07,0.05,1.01, 0.15
0.00,0.05,0.00, 0.12
0.00,0.05,0.00, 0.10
0.00,0.05,0.00, 0.08
0.02,0.04,0.29, 0.00
0.00,0.05,0.00, 0.08
0.00,0.05,0.00, 0.07
0.00,0.05,0.00, 0.06
0.09,0.03,1.30, 0.00
0.00,0.05,0.00, 0.12
0.02,0.05,0.29, 0.10
0.00,0.00,0.00, 0.00
0.07,0.05,1.01, 0.37
0.00,0.04,0.00, 0.23
0.05,0.05,0.72, 0.27
0.00,0.05,0.00, 0.23
0.02,0.05,0.29, 0.19
0.00,0.05,0.00, 0.16
0.00,0.05,0.00, 0.13
0.00,0.04,0.00, 0.03
0.02,0.05,0.29, 0.11
0.00,0.04,0.00, 0.01
0.00,0.04,0.00, 0.01
0.00,0.05,0.00, 0.09
0.02,0.05,0.29, 0.07
0.00,0.05,0.00, 0.14
0.00,0.05,0.00, 0.04
0.00,0.04,0.00, 0.00
0.00,0.04,0.00, 0.00
0.00,0.05,0.00, 0.08
0.05,0.05,0.72, 0.07
0.00,0.05,0.00, 0.06
0.00,0.04,0.00, 0.00
0.00,0.04,0.00, 0.00
0.00,0.05,0.00, 0.08
0.00,0.05,0.00, 0.07
0.00,0.04,0.00, 0.00
0.00,0.05,0.00, 0.08
0.00,0.05,0.00, 0.15
0.00,0.09,0.00, 0.41
0.00,0.12,0.00, 0.63
0.05,0.17,0.72, 0.94
0.05,0.23,0.51, 1.24
0.14,0.29,1.66, 1.53
0.11,0.35,0.75, 1.77
0.14,0.45,0.97, 2.30
0.16,0.53,0.98, 2.58
0.20,0.63,1.27, 2.98
0.29,0.75,2.20, 3.48
0.43,0.93,3.59, 4.39
0.65,1.16,5.72, 5.56
0.81,1.40,6.38, 6.62
0.94,1.65,6.42, 7.63
1.12,1.97,7.16, 9.00
1.30,2.33,7.69, 10.44
1.55,2.71,9.08, 11.85
1.71,3.10,8.77, 13.07
1.86,3.45,8.40, 13.88
1.98,3.81,7.71, 14.52
2.09,4.19,7.07, 15.25
2.13,4.65,5.61, 16.53
2.11,5.14,3.70, 17.88
2.09,5.64,2.35, 19.01
2.09,6.06,1.67, 19.34
2.09,6.43,1.19, 19.24
2.09,6.74,0.85, 18.58
2.09,7.03,0.60, 17.91
2.09,7.29,0.43, 17.10
2.09,7.50,0.30, 16.02
2.09,7.69,0.22, 14.95
2.09,7.85,0.15, 13.76
2.09,7.94,0.11, 12.32
2.09,8.00,0.08, 10.75
2.09,7.98,0.06, 8.81
2.09,7.93,0.04, 6.91
2.09,7.84,0.03, 5.07
2.09,7.76,0.02, 3.58
2.09,7.62,0.01, 1.88
2.09,7.47,0.01, 0.30
2.09,7.31,0.01, 0.00
2.09,7.10,0.01, 0.00
2.09,6.84,0.00, 0.00
2.09,6.56,0.00, 0.00
2.07,6.26,0.00, 0.00
2.09,5.98,0.29, 0.00
2.09,5.76,0.21, 0.00
2.09,5.57,0.15, 0.00
2.09,5.40,0.10, 0.00
2.09,5.28,0.07, 0.00
2.09,5.18,0.05, 0.00
2.09,5.11,0.04, 0.00
2.09,5.03,0.03, 0.00
2.09,4.95,0.02, 0.00
2.09,4.86,0.01, 0.00
2.07,4.77,0.00, 0.00
2.09,4.69,0.29, 0.00
2.09,4.62,0.21, 0.00
2.09,4.56,0.15, 0.00
2.09,4.55,0.10, 0.00
2.09,4.52,0.07, 0.00
2.07,4.53,0.00, 0.12
2.09,4.55,0.29, 0.27
2.09,4.57,0.21, 0.35
2.09,4.57,0.15, 0.33
2.09,4.61,0.10, 0.61
2.09,4.61,0.07, 0.55
2.09,4.62,0.05, 0.54
2.09,4.61,0.04, 0.37
2.09,4.59,0.03, 0.10
2.09,4.57,0.02, 0.00
2.07,4.52,0.00, 0.00
2.09,4.45,0.29, 0.00
2.09,4.39,0.21, 0.00
2.09,4.32,0.15, 0.00
2.09,4.24,0.10, 0.00
2.09,4.15,0.07, 0.00
2.09,4.07,0.05, 0.00
2.09,3.97,0.04, 0.00
2.09,3.84,0.03, 0.00
2.09,3.74,0.02, 0.00
2.07,3.63,0.00, 0.00
2.09,3.51,0.29, 0.00
2.09,3.42,0.21, 0.00
2.09,3.33,0.15, 0.00
2.09,3.24,0.10, 0.00
2.09,3.18,0.07, 0.00
2.09,3.09,0.05, 0.00
2.09,3.02,0.04, 0.00
2.09,2.96,0.03, 0.00
2.09,2.88,0.02, 0.00
2.09,2.82,0.01, 0.00
2.09,2.78,0.01, 0.00
2.07,2.70,0.00, 0.00
2.07,2.66,0.00, 0.00
2.09,2.60,0.29, 0.00
2.09,2.54,0.21, 0.00
2.09,2.48,0.15, 0.00
2.09,2.43,0.10, 0.00
2.09,2.38,0.07, 0.00
2.09,2.33,0.05, 0.00
2.09,2.26,0.04, 0.00
2.09,2.22,0.03, 0.00
2.09,2.17,0.02, 0.00
2.09,2.10,0.01, 0.00
2.09,2.03,0.01, 0.00
2.09,1.95,0.01, 0.00
2.07,1.87,0.00, 0.00
0.00,1.78,0.00, 0.00
1.84,1.71,26.53, 0.00
2.20,1.62,24.07, 0.00
1.93,1.45,13.24, 0.00
0.56,1.27,0.00, 0.00
0.99,1.10,6.20, 0.00
1.53,1.00,12.20, 0.00
0.76,0.89,0.00, 0.00
1.19,0.80,6.20, 0.00
0.67,0.69,0.00, 0.00
1.01,0.56,4.90, 0.00
0.61,0.49,0.00, 0.00
0.70,0.37,1.30, 0.00
0.47,0.25,0.00, 0.00
0.36,0.19,0.00, 0.00
0.05,0.16,0.00, 0.00
0.14,0.11,1.30, 0.00
0.00,0.07,0.00, 0.00
0.07,0.05,1.01, 0.00
0.00,0.05,0.00, 0.00
0.02,0.05,0.29, 0.00
0.00,0.05,0.00, 0.00
0.00,0.05,0.00, 0.00
0.00,0.05,0.00, 0.00
0.00,0.05,0.00, 0.00
0.05,0.07,0.72, 0.21
0.02,0.07,0.08, 0.17
0.00,0.08,0.00, 0.23
0.00,0.06,0.00, 0.02
0.00,0.07,0.00, 0.10
0.00,0.07,0.00, 0.09
0.00,0.07,0.00, 0.07
0.00,0.06,0.00, 0.00
0.00,0.06,0.00, 0.00
0.00,0.06,0.00, 0.00
0.00,0.06,0.00, 0.00
0.00,0.06,0.00, 0.00
0.00,0.06,0.00, 0.00
0.00,0.06,0.00, 0.00
0.00,0.06,0.00, 0.00
0.00,0.07,0.00, 0.08
0.00,0.05,0.00, 0.00
0.00,0.04,0.00, 0.00
0.00,0.05,0.00, 0.16
0.00,0.05,0.00, 0.06
0.00,0.04,0.00, 0.00
0.00,0.04,0.00, 0.00
0.00,0.04,0.00, 0.00
0.00,0.05,0.00, 0.08
0.00,0.05,0.00, 0.07
0.00,0.04,0.00, 0.00
0.00,0.04,0.00, 0.00
0.00,0.04,0.00, 0.00
0.00,0.05,0.00, 0.08
0.00,0.04,0.00, 0.00
0.00,0.02,0.00, 0.00
0.00,0.05,0.00, 0.21
0.00,0.05,0.00, 0.25
0.00,0.04,0.00, 0.05
0.00,0.05,0.00, 0.12
0.00,0.05,0.00, 0.10
0.00,0.05,0.00, 0.09
0.00,0.04,0.00, 0.00
0.00,0.05,0.00, 0.08
0.00,0.08,0.00, 0.36
0.00,0.17,0.00, 1.04
0.00,0.30,0.00, 1.94
0.00,0.39,0.00, 2.40
0.00,0.57,0.00, 3.49
0.14,0.87,2.02, 5.30
0.32,1.23,4.03, 7.43
0.61,1.74,7.05, 10.36
0.79,2.30,7.61, 13.26
1.12,2.94,10.18, 16.43
1.21,3.64,8.54, 19.48
1.59,4.39,11.56, 22.41
1.71,5.09,9.95, 24.48
1.57,5.80,5.06, 26.25
2.04,6.48,10.38, 27.61
2.07,7.14,7.82, 28.50
2.13,7.72,6.43, 28.58
2.11,8.22,4.29, 27.95
2.09,8.60,2.76, 26.52
2.09,8.87,1.97, 24.33
2.09,9.01,1.40, 21.52
2.09,9.09,1.00, 18.60
2.09,9.14,0.71, 15.95
2.09,9.11,0.50, 13.08
2.09,9.07,0.36, 10.56
2.09,8.94,0.26, 7.79
2.09,8.76,0.18, 5.07
2.09,8.52,0.13, 2.22
2.09,8.24,0.09, 0.00
2.09,7.93,0.07, 0.00
2.09,7.61,0.05, 0.00
2.09,7.25,0.03, 0.00
2.09,6.90,0.02, 0.00
2.09,6.58,0.02, 0.00
2.09,6.30,0.01, 0.00
2.09,5.98,0.01, 0.00
2.09,5.72,0.01, 0.00
2.09,5.44,0.00, 0.00
2.09,5.17,0.00, 0.00
2.09,4.96,0.00, 0.00
2.09,4.74,0.00, 0.00
2.09,4.55,0.00, 0.00
2.09,4.34,0.00, 0.00
2.09,4.19,0.00, 0.00
2.09,4.06,0.00, 0.00
2.09,3.93,0.00, 0.00
2.09,3.83,0.00, 0.00
2.09,3.73,0.00, 0.00
2.09,3.63,0.00, 0.00
2.09,3.58,0.00, 0.00
2.09,3.51,0.00, 0.00
2.09,3.43,0.00, 0.00
2.09,3.41,0.00, 0.00
2.09,3.42,0.00, 0.08
2.09,3.42,0.00, 0.07
2.09,3.43,0.00, 0.18
2.09,3.42,0.00, 0.03
2.09,3.40,0.00, 0.00
2.09,3.39,0.00, 0.00
2.09,3.36,0.00, 0.00
2.09,3.36,0.00, 0.00
2.09,3.34,0.00, 0.00
2.09,3.34,0.00, 0.00
2.09,3.36,0.00, 0.21
2.09,3.37,0.00, 0.25
2.07,3.38,0.00, 0.25
2.09,3.38,0.29, 0.29
2.09,3.37,0.21, 0.08
2.09,3.32,0.15, 0.00
2.09,3.32,0.10, 0.00
2.09,3.28,0.07, 0.00
2.09,3.21,0.05, 0.00
2.09,3.15,0.04, 0.00
2.09,3.09,0.03, 0.00
2.09,3.03,0.02, 0.00
2.09,2.97,0.01, 0.00
2.09,2.90,0.01, 0.00
2.09,2.86,0.01, 0.00
2.09,2.80,0.00, 0.00
2.09,2.76,0.00, 0.00
2.09,2.72,0.00, 0.00
2.09,2.68,0.00, 0.00
2.09,2.61,0.00, 0.00
2.07,2.55,0.00, 0.00
2.09,2.47,0.29, 0.00
2.09,2.39,0.21, 0.00
2.09,2.32,0.15, 0.00
2.09,2.24,0.10, 0.00
2.09,2.15,0.07, 0.00
2.09,2.08,0.05, 0.00
0.00,2.00,0.00, 0.00
0.81,1.98,11.68, 0.00
1.64,1.88,20.28, 0.00
1.91,1.75,18.32, 0.00
1.48,1.62,6.84, 0.00
1.21,1.51,0.97, 0.00
1.48,1.44,4.59, 0.00
1.57,1.38,4.56, 0.00
1.50,1.31,2.24, 0.00
1.39,1.22,0.01, 0.00
1.44,1.14,0.72, 0.00
1.12,1.06,0.00, 0.00
1.30,0.94,2.60, 0.00
1.01,0.81,0.00, 0.00
1.12,0.66,1.59, 0.00
0.85,0.54,0.00, 0.00
0.83,0.40,0.00, 0.00
0.63,0.27,0.00, 0.00
0.67,0.17,0.58, 0.00
0.14,0.09,0.00, 0.00
0.05,0.06,0.00, 0.00
0.00,0.05,0.00, 0.00
0.05,0.05,0.72, 0.00
0.00,0.04,0.00, 0.00
0.05,0.05,0.72, 0.08
0.00,0.04,0.00, 0.00
0.05,0.04,0.72, 0.00
0.00,0.03,0.00, 0.00
0.05,0.05,0.72, 0.12
0.00,0.05,0.00, 0.10
0.00,0.05,0.00, 0.09
0.05,0.05,0.72, 0.07
0.00,0.05,0.00, 0.14
0.02,0.05,0.29, 0.04
0.00,0.05,0.00, 0.03
0.02,0.05,0.29, 0.03
0.00,0.05,0.00, 0.02
0.02,0.05,0.29, 0.02
0.00,0.04,0.00, 0.00
0.05,0.05,0.72, 0.08
0.00,0.05,0.00, 0.07
0.02,0.02,0.29, 0.00
0.00,0.05,0.00, 0.21
0.02,0.05,0.29, 0.17
0.00,0.05,0.00, 0.23
0.05,0.05,0.72, 0.11
0.00,0.05,0.00, 0.09
0.02,0.05,0.29, 0.07
0.00,0.05,0.00, 0.06
0.00,0.05,0.00, 0.05
0.00,0.03,0.00, 0.00
0.00,0.02,0.00, 0.00
0.00,0.04,0.00, 0.12
0.00,0.05,0.00, 0.19
0.00,0.04,0.00, 0.07
0.00,0.05,0.00, 0.14
0.00,0.04,0.00, 0.04
0.00,0.05,0.00, 0.11
0.00,0.05,0.00, 0.09
0.00,0.05,0.00, 0.08
0.02,0.02,0.29, 0.00
0.00,0.05,0.00, 0.21
0.00,0.04,0.00, 0.09
0.00,0.05,0.00, 0.16
0.00,0.05,0.00, 0.13
0.00,0.05,0.00, 0.11
0.00,0.04,0.00, 0.01
0.00,0.05,0.00, 0.09
0.00,0.04,0.00, 0.00
0.00,0.04,0.00, 0.00
0.00,0.06,0.00, 0.25
0.00,0.12,0.00, 0.62
0.00,0.19,0.00, 1.09
0.00,0.29,0.00, 1.78
0.00,0.38,0.00, 2.22
0.00,0.54,0.00, 3.13
0.00,0.68,0.00, 3.81
0.05,0.85,0.72, 4.58
0.25,1.02,3.40, 5.23
0.41,1.20,4.72, 5.85
0.54,1.40,5.24, 6.53
0.74,1.61,6.61, 7.14
0.90,1.84,7.01, 7.90
1.10,2.14,7.87, 9.11
1.21,2.53,7.19, 10.82
1.48,3.01,9.01, 12.99
1.66,3.58,9.01, 15.50
1.84,4.18,9.00, 17.93
2.02,4.81,9.00, 20.12
2.11,5.38,7.70, 21.50
2.11,5.89,5.48, 22.16
2.11,6.32,3.90, 22.05
2.09,6.71,2.49, 21.63
2.09,7.03,1.77, 20.74
2.09,7.32,1.26, 19.68
2.09,7.55,0.90, 18.29
2.09,7.69,0.64, 16.47
2.09,7.84,0.45, 14.96
2.09,7.93,0.32, 13.24
2.09,7.99,0.23, 11.55
2.09,8.06,0.16, 10.27
2.09,8.12,0.12, 9.07
2.09,8.14,0.08, 7.74
2.09,8.14,0.06, 6.47
2.09,8.10,0.04, 5.08
2.09,8.05,0.03, 3.83
2.09,7.93,0.02, 2.17
2.09,7.78,0.02, 0.62
2.09,7.62,0.01, 0.00
2.09,7.44,0.01, 0.00
2.09,7.20,0.01, 0.00
2.09,6.98,0.00, 0.00
2.09,6.74,0.00, 0.00
2.09,6.49,0.00, 0.00
2.09,6.25,0.00, 0.00
2.09,6.02,0.00, 0.00
2.09,5.78,0.00, 0.00
2.09,5.55,0.00, 0.00
2.07,5.35,0.00, 0.00
2.09,5.13,0.29, 0.00
2.09,4.94,0.21, 0.00
2.09,4.80,0.15, 0.00
2.09,4.68,0.10, 0.00
2.09,4.62,0.07, 0.00
2.09,4.50,0.05, 0.00
2.09,4.43,0.04, 0.00
2.09,4.36,0.03, 0.00
2.09,4.32,0.02, 0.00
2.09,4.30,0.01, 0.00
2.09,4.32,0.01, 0.12
2.09,4.32,0.01, 0.10
2.09,4.27,0.00, 0.00
2.09,4.27,0.00, 0.00
2.09,4.22,0.00, 0.00
2.09,4.18,0.00, 0.00
2.09,4.14,0.00, 0.00
2.09,4.08,0.00, 0.00
2.09,4.03,0.00, 0.00
2.09,3.96,0.00, 0.00
2.09,3.89,0.00, 0.00
2.09,3.83,0.00, 0.00
2.09,3.76,0.00, 0.00
2.09,3.71,0.00, 0.00
2.09,3.63,0.00, 0.00
2.09,3.58,0.00, 0.00
2.09,3.52,0.00, 0.00
2.09,3.41,0.00, 0.00
2.09,3.36,0.00, 0.00
2.09,3.26,0.00, 0.00
2.09,3.18,0.00, 0.00
2.09,3.09,0.00, 0.00
2.09,3.00,0.00, 0.00
2.09,2.90,0.00, 0.00
2.09,2.80,0.00, 0.00
2.09,2.70,0.00, 0.00
2.09,2.61,0.00, 0.00
2.09,2.53,0.00, 0.00
2.09,2.47,0.00, 0.00
2.09,2.42,0.00, 0.00
2.09,2.36,0.00, 0.00
2.09,2.27,0.00, 0.00
2.09,2.22,0.00, 0.00
2.09,2.15,0.00, 0.00
2.09,2.11,0.00, 0.00
2.07,2.04,0.00, 0.00
0.00,2.05,0.00, 0.04
2.20,1.98,31.72, 0.00
2.13,1.92,21.57, 0.00
1.24,1.80,2.51, 0.00
1.53,1.69,5.97, 0.00
1.21,1.59,0.00, 0.00
1.80,1.55,8.51, 0.00
1.28,1.49,0.00, 0.00
1.30,1.45,0.29, 0.00
1.24,1.38,0.00, 0.00
1.19,1.30,0.00, 0.00
1.01,1.17,0.00, 0.00
0.92,1.06,0.00, 0.00
0.83,0.94,0.00, 0.00
0.74,0.82,0.00, 0.00
0.65,0.72,0.00, 0.00
0.59,0.62,0.00, 0.00
0.54,0.54,0.00, 0.00
0.56,0.44,0.29, 0.00
0.50,0.40,0.00, 0.00
0.52,0.35,0.29, 0.00
0.47,0.30,0.00, 0.00
0.43,0.25,0.00, 0.00
0.38,0.22,0.00, 0.00
0.34,0.18,0.00, 0.00
0.25,0.17,0.00, 0.00
0.16,0.14,0.00, 0.00
0.20,0.09,0.58, 0.00
0.09,0.07,0.00, 0.00
0.05,0.07,0.00, 0.00
0.00,0.05,0.00, 0.00
0.00,0.04,0.00, 0.00
0.00,0.04,0.00, 0.00
0.00,0.05,0.00, 0.08
0.02,0.05,0.29, 0.07
0.00,0.05,0.00, 0.06
0.00,0.05,0.00, 0.05
0.00,0.02,0.00, 0.00
0.00,0.05,0.00, 0.21
0.02,0.05,0.29, 0.17
0.00,0.05,0.00, 0.14
0.00,0.04,0.00, 0.04
0.00,0.04,0.00, 0.03
0.02,0.04,0.29, 0.03
0.00,0.04,0.00, 0.02
0.00,0.04,0.00, 0.02
0.00,0.05,0.00, 0.10
0.00,0.05,0.00, 0.08
0.00,0.04,0.00, 0.00
0.00,0.05,0.00, 0.08
0.00,0.05,0.00, 0.07
0.00,0.05,0.00, 0.06
0.00,0.04,0.00, 0.00
0.00,0.04,0.00, 0.00
0.00,0.05,0.00, 0.08
0.00,0.04,0.00, 0.00
0.02,0.04,0.29, 0.00
0.00,0.05,0.00, 0.08
0.00,0.02,0.00, 0.00
0.00,0.04,0.00, 0.12
0.00,0.05,0.00, 0.19
0.00,0.05,0.00, 0.15
0.00,0.05,0.00, 0.13
0.00,0.04,0.00, 0.03
0.00,0.04,0.00, 0.02
0.00,0.04,0.00, 0.02
0.00,0.05,0.00, 0.10
0.00,0.04,0.00, 0.00
0.00,0.04,0.00, 0.00
0.00,0.04,0.00, 0.00
0.00,0.04,0.00, 0.00
0.00,0.05,0.00, 0.08
0.00,0.05,0.00, 0.07
0.00,0.05,0.00, 0.06
0.02,0.05,0.29, 0.05
0.00,0.04,0.00, 0.00
0.00,0.04,0.00, 0.00
0.00,0.05,0.00, 0.08
0.00,0.04,0.00, 0.00
0.00,0.04,0.00, 0.00
0.00,0.04,0.00, 0.00
0.00,0.05,0.00, 0.08
0.00,0.04,0.00, 0.00
0.00,0.05,0.00, 0.16
0.00,0.05,0.00, 0.06
0.00,0.04,0.00, 0.00
0.00,0.05,0.00, 0.08
0.00,0.05,0.00, 0.07
0.00,0.05,0.00, 0.06
0.00,0.04,0.00, 0.00
0.00,0.04,0.00, 0.00
0.00,0.04,0.00, 0.00
0.00,0.04,0.00, 0.00
0.00,0.04,0.00, 0.00
0.00,0.05,0.00, 0.08
0.00,0.04,0.00, 0.00
0.00,0.04,0.00, 0.00
0.00,0.02,0.00, 0.00
0.00,0.04,0.00, 0.12
0.00,0.04,0.00, 0.10
0.00,0.05,0.00, 0.17
0.00,0.05,0.00, 0.14
0.00,0.04,0.00, 0.04
0.00,0.04,0.00, 0.03
0.00,0.04,0.00, 0.02
0.00,0.04,0.00, 0.02
0.00,0.04,0.00, 0.02
0.00,0.04,0.00, 0.01
0.00,0.05,0.00, 0.09
0.00,0.04,0.00, 0.00
0.00,0.05,0.00, 0.08
0.00,0.04,0.00, 0.00
0.00,0.04,0.00, 0.00
0.00,0.04,0.00, 0.00
0.00,0.04,0.00, 0.00
0.00,0.04,0.00, 0.00
0.00,0.04,0.00, 0.00
0.00,0.05,0.00, 0.08
0.00,0.04,0.00, 0.00
0.00,0.05,0.00, 0.08
0.02,0.05,0.29, 0.07
0.00,0.04,0.00, 0.00
0.00,0.05,0.00, 0.08
0.00,0.05,0.00, 0.07
0.00,0.04,0.00, 0.00
0.00,0.05,0.00, 0.08
0.00,0.04,0.00, 0.00
0.00,0.04,0.00, 0.00
0.00,0.05,0.00, 0.08
0.00,0.04,0.00, 0.00
0.00,0.04,0.00, 0.00
0.00,0.05,0.00, 0.08
0.00,0.04,0.00, 0.00
0.00,0.04,0.00, 0.00
0.00,0.05,0.00, 0.08
0.00,0.04,0.00, 0.00
0.00,0.05,0.00, 0.08
0.00,0.04,0.00, 0.00
0.00,0.05,0.00, 0.08
0.00,0.04,0.00, 0.00
0.00,0.04,0.00, 0.00
0.00,0.04,0.00, 0.00
0.00,0.04,0.00, 0.00
0.00,0.04,0.00, 0.00
0.00,0.05,0.00, 0.08
0.00,0.05,0.00, 0.07
0.00,0.05,0.00, 0.06
0.00,0.04,0.00, 0.00
0.00,0.05,0.00, 0.08
0.00,0.04,0.00, 0.00
0.00,0.04,0.00, 0.00
0.00,0.05,0.00, 0.08
0.00,0.04,0.00, 0.00
0.00,0.05,0.00, 0.08
0.00,0.04,0.00, 0.00
0.00,0.04,0.00, 0.00
0.00,0.04,0.00, 0.00
0.00,0.04,0.00, 0.00
0.00,0.04,0.00, 0.00
0.00,0.04,0.00, 0.00
0.00,0.05,0.00, 0.08
0.00,0.05,0.00, 0.15
0.00,0.04,0.00, 0.00
0.00,0.04,0.00, 0.00
0.00,0.04,0.00, 0.00
0.00,0.04,0.00, 0.00
0.00,0.05,0.00, 0.08
0.00,0.05,0.00, 0.07
0.00,0.04,0.00, 0.00
0.00,0.04,0.00, 0.00
0.00,0.04,0.00, 0.00
0.00,0.04,0.00, 0.00
0.00,0.05,0.00, 0.08
0.00,0.05,0.00, 0.07
0.00,0.05,0.00, 0.06
0.00,0.04,0.00, 0.00
0.00,0.04,0.00, 0.00
0.00,0.04,0.00, 0.00
0.00,0.05,0.00, 0.08
0.00,0.04,0.00, 0.00
0.00,0.04,0.00, 0.00
0.00,0.04,0.00, 0.00
0.00,0.04,0.00, 0.00
0.00,0.04,0.00, 0.00
0.00,0.05,0.00, 0.08
0.00,0.04,0.00, 0.00
0.00,0.04,0.00, 0.00
0.00,0.05,0.00, 0.08
0.00,0.05,0.00, 0.07
0.00,0.04,0.00, 0.00
0.00,0.04,0.00, 0.00
0.00,0.05,0.00, 0.08
0.00,0.05,0.00, 0.07
0.00,0.04,0.00, 0.00
0.00,0.05,0.00, 0.08
0.00,0.04,0.00, 0.00
0.00,0.04,0.00, 0.00
0.00,0.04,0.00, 0.00
0.00,0.04,0.00, 0.00
0.00,0.05,0.00, 0.08
0.00,0.04,0.00, 0.00
0.00,0.05,0.00, 0.08
0.00,0.04,0.00, 0.00
0.00,0.05,0.00, 0.08
0.00,0.04,0.00, 0.00
0.00,0.04,0.00, 0.00
0.00,0.04,0.00, 0.00
0.00,0.04,0.00, 0.00
0.00,0.04,0.00, 0.00
0.00,0.05,0.00, 0.08
0.00,0.04,0.00, 0.00
0.00,0.05,0.00, 0.08
0.00,0.04,0.00, 0.00
0.00,0.04,0.00, 0.00
0.00,0.04,0.00, 0.00
0.00,0.04,0.00, 0.00
0.00,0.04,0.00, 0.00
0.00,0.05,0.00, 0.08
0.00,0.05,0.00, 0.07
0.00,0.04,0.00, 0.00
0.00,0.04,0.00, 0.00
0.00,0.04,0.00, 0.00
0.00,0.05,0.00, 0.08
0.00,0.05,0.00, 0.07
0.00,0.04,0.00, 0.00
0.00,0.04,0.00, 0.00
0.00,0.04,0.00, 0.00
0.00,0.04,0.00, 0.00
0.00,0.05,0.00, 0.08
0.00,0.04,0.00, 0.00
0.00,0.04,0.00, 0.00
0.00,0.05,0.00, 0.08
0.00,0.04,0.00, 0.00
0.00,0.04,0.00, 0.00
0.00,0.05,0.00, 0.08
0.00,0.04,0.00, 0.00
0.00,0.05,0.00, 0.08
0.00,0.04,0.00, 0.00
0.00,0.05,0.00, 0.08
0.00,0.05,0.00, 0.07
0.00,0.04,0.00, 0.00
0.00,0.04,0.00, 0.00
0.00,0.04,0.00, 0.00
0.00,0.04,0.00, 0.00
0.00,0.04,0.00, 0.00
0.00,0.04,0.00, 0.00
0.00,0.05,0.00, 0.08
0.00,0.04,0.00, 0.00
0.00,0.04,0.00, 0.00
0.00,0.04,0.00, 0.00
0.00,0.04,0.00, 0.00
0.00,0.05,0.00, 0.08
0.00,0.04,0.00, 0.00
0.00,0.05,0.00, 0.08
0.00,0.04,0.00, 0.00
0.00,0.04,0.00, 0.00
0.00,0.04,0.00, 0.00
0.00,0.04,0.00, 0.00
0.00,0.05,0.00, 0.08
0.00,0.04,0.00, 0.00
0.00,0.04,0.00, 0.00
0.00,0.04,0.00, 0.00
0.00,0.04,0.00, 0.00
0.00,0.04,0.00, 0.00
0.00,0.05,0.00, 0.08
0.00,0.05,0.00, 0.07
0.00,0.04,0.00, 0.00
0.00,0.04,0.00, 0.00
0.00,0.05,0.00, 0.08
0.00,0.04,0.00, 0.00
0.00,0.04,0.00, 0.00
0.00,0.04,0.00, 0.00
0.00,0.05,0.00, 0.08
0.00,0.04,0.00, 0.00
0.00,0.05,0.00, 0.08
0.00,0.04,0.00, 0.00
0.00,0.05,0.00, 0.08
0.00,0.04,0.00, 0.00
0.00,0.04,0.00, 0.00
0.00,0.05,0.00, 0.08
0.00,0.04,0.00, 0.00
0.00,0.05,0.00, 0.08
0.00,0.05,0.00, 0.07
0.00,0.05,0.00, 0.06
0.00,0.04,0.00, 0.00
0.00,0.04,0.00, 0.00
0.00,0.04,0.00, 0.00
0.00,0.04,0.00, 0.00
0.00,0.05,0.00, 0.08
0.00,0.04,0.00, 0.00
0.00,0.04,0.00, 0.00
0.00,0.04,0.00, 0.00
0.00,0.04,0.00, 0.00
0.00,0.04,0.00, 0.00
0.00,0.05,0.00, 0.08
0.00,0.05,0.00, 0.07
0.00,0.05,0.00, 0.06
0.00,0.04,0.00, 0.00
0.00,0.04,0.00, 0.00
0.00,0.04,0.00, 0.00
0.00,0.04,0.00, 0.00
0.00,0.04,0.00, 0.00
0.00,0.04,0.00, 0.00
0.00,0.04,0.00, 0.00
0.00,0.04,0.00, 0.00
0.00,0.05,0.00, 0.08
0.00,0.04,0.00, 0.00
0.00,0.04,0.00, 0.00
0.00,0.04,0.00, 0.00
0.00,0.04,0.00, 0.00
0.00,0.04,0.00, 0.00
0.00,0.04,0.00, 0.00
0.00,0.04,0.00, 0.00
0.00,0.05,0.00, 0.08
0.00,0.05,0.00, 0.07
0.00,0.04,0.00, 0.00
0.00,0.05,0.00, 0.08
0.00,0.04,0.00, 0.00
0.00,0.04,0.00, 0.00
0.00,0.04,0.00, 0.00
0.00,0.05,0.00, 0.08
0.00,0.04,0.00, 0.00
0.00,0.05,0.00, 0.08
0.00,0.05,0.00, 0.07
0.00,0.05,0.00, 0.14
0.00,0.04,0.00, 0.00
0.00,0.04,0.00, 0.00
0.00,0.04,0.00, 0.00
0.00,0.04,0.00, 0.00
0.00,0.04,0.00, 0.00
0.00,0.04,0.00, 0.00
0.00,0.04,0.00, 0.00
0.00,0.04,0.00, 0.00
0.00,0.05,0.00, 0.08
0.00,0.04,0.00, 0.00
0.00,0.04,0.00, 0.00
0.00,0.04,0.00, 0.00
0.00,0.05,0.00, 0.08
0.00,0.04,0.00, 0.00
0.00,0.04,0.00, 0.00
0.00,0.04,0.00, 0.00
0.00,0.04,0.00, 0.00
0.00,0.04,0.00, 0.00
0.00,0.04,0.00, 0.00
0.00,0.04,0.00, 0.00
0.00,0.04,0.00, 0.00
0.00,0.04,0.00, 0.00
0.00,0.04,0.00, 0.00
0.00,0.04,0.00, 0.00
0.00,0.04,0.00, 0.00
0.00,0.04,0.00, 0.00
0.00,0.04,0.00, 0.00
0.00,0.04,0.00, 0.00
0.00,0.04,0.00, 0.00
0.00,0.04,0.00, 0.00
0.00,0.05,0.00, 0.08
0.00,0.03,0.00, 0.00
0.00,0.04,0.00, 0.08
0.00,0.04,0.00, 0.07
0.00,0.04,0.00, 0.06
0.00,0.04,0.00, 0.05
0.00,0.04,0.00, 0.04
0.00,0.05,0.00, 0.12
0.00,0.05,0.00, 0.10
0.00,0.04,0.00, 0.00
0.00,0.04,0.00, 0.00
0.00,0.04,0.00, 0.00
0.00,0.05,0.00, 0.08
0.00,0.05,0.00, 0.07
0.00,0.04,0.00, 0.00
0.00,0.04,0.00, 0.00
0.00,0.05,0.00, 0.08
0.00,0.04,0.00, 0.00
0.00,0.04,0.00, 0.00
0.00,0.04,0.00, 0.00
0.00,0.04,0.00, 0.00
0.00,0.04,0.00, 0.00
0.00,0.05,0.00, 0.08
0.00,0.04,0.00, 0.00
0.00,0.04,0.00, 0.00
0.00,0.04,0.00, 0.00
0.00,0.04,0.00, 0.00
0.00,0.05,0.00, 0.08
0.00,0.04,0.00, 0.00
0.00,0.04,0.00, 0.00
0.00,0.04,0.00, 0.00
0.00,0.02,0.00, 0.00
0.00,0.05,0.00, 0.21
0.00,0.04,0.00, 0.09
0.00,0.05,0.00, 0.16
0.00,0.04,0.00, 0.05
0.00,0.05,0.00, 0.12
0.00,0.04,0.00, 0.02
0.00,0.05,0.00, 0.10
0.00,0.05,0.00, 0.08
0.00,0.04,0.00, 0.00
0.00,0.04,0.00, 0.00
0.00,0.04,0.00, 0.00
0.00,0.04,0.00, 0.00
0.00,0.05,0.00, 0.08
0.00,0.04,0.00, 0.00
0.00,0.05,0.00, 0.08
0.00,0.04,0.00, 0.00
0.00,0.05,0.00, 0.08
0.00,0.05,0.00, 0.07
0.00,0.04,0.00, 0.00
0.00,0.04,0.00, 0.00
0.05,0.04,0.72, 0.00
0.02,0.04,0.08, 0.00
0.05,0.04,0.49, 0.00
0.05,0.04,0.35, 0.00
0.05,0.05,0.25, 0.08
0.05,0.04,0.18, 0.00
0.05,0.04,0.13, 0.00
0.00,0.04,0.00, 0.00
0.00,0.05,0.00, 0.08
0.00,0.04,0.00, 0.00
0.00,0.02,0.00, 0.00
0.00,0.05,0.00, 0.21
0.00,0.05,0.00, 0.17
0.00,0.05,0.00, 0.23
0.00,0.05,0.00, 0.11
0.00,0.05,0.00, 0.09
0.00,0.05,0.00, 0.07
0.00,0.05,0.00, 0.14
0.16,0.05,2.31, 0.04
0.00,0.05,0.00, 0.11
0.00,0.04,0.00, 0.00
0.00,0.05,0.00, 0.16
0.00,0.04,0.00, 0.00
0.00,0.04,0.00, 0.00
0.00,0.05,0.00, 0.08
0.00,0.04,0.00, 0.00
0.00,0.04,0.00, 0.00
0.00,0.04,0.00, 0.00
0.00,0.04,0.00, 0.00
0.00,0.04,0.00, 0.00
0.00,0.05,0.00, 0.08
0.00,0.04,0.00, 0.00
0.00,0.04,0.00, 0.00
0.00,0.05,0.00, 0.08
0.07,0.04,1.01, 0.00
0.00,0.05,0.00, 0.08
0.14,0.05,2.02, 0.07
0.00,0.04,0.00, 0.00
0.27,0.04,3.89, 0.00
0.16,0.00,1.18, 0.00
0.20,0.03,1.42, 0.25
0.27,0.05,2.02, 0.33
0.45,0.05,4.03, 0.28
0.41,0.04,2.29, 0.15
0.41,0.05,1.63, 0.21
0.18,0.05,0.00, 0.25
0.34,0.05,2.31, 0.13
0.00,0.05,0.00, 0.11
0.27,0.04,3.89, 0.01
0.00,0.04,0.00, 0.05
0.00,0.05,0.00, 0.12
0.00,0.05,0.00, 0.06
0.00,0.05,0.00, 0.13
0.00,0.04,0.00, 0.00
0.23,0.04,3.32, 0.00
0.25,0.05,2.65, 0.16
0.45,0.04,4.77, 0.00
0.41,0.05,2.82, 0.16
0.54,0.05,3.88, 0.06
0.56,0.03,3.05, 0.00
0.47,0.05,0.87, 0.16
0.59,0.05,2.35, 0.14
0.45,0.04,0.00, 0.03
0.56,0.05,1.59, 0.11
0.32,0.04,0.00, 0.01
0.36,0.05,0.58, 0.09
0.41,0.05,1.13, 0.08
0.20,0.04,0.00, 0.00
0.07,0.05,0.00, 0.08
0.00,0.04,0.00, 0.00
0.00,0.04,0.00, 0.00
0.00,0.05,0.00, 0.08
0.00,0.05,0.00, 0.07
0.00,0.05,0.00, 0.06
0.00,0.04,0.00, 0.00
0.05,0.05,0.72, 0.08
0.18,0.05,2.39, 0.07
0.25,0.05,2.71, 0.06
0.27,0.04,2.22, 0.00
0.20,0.05,0.57, 0.08
0.34,0.04,2.42, 0.00
0.16,0.04,0.00, 0.00
0.20,0.05,0.58, 0.08
0.00,0.04,0.00, 0.00
0.02,0.04,0.29, 0.00
0.00,0.05,0.00, 0.08
0.16,0.04,2.31, 0.00
0.05,0.04,0.06, 0.00
0.09,0.05,0.62, 0.08
0.07,0.04,0.15, 0.00
0.09,0.05,0.40, 0.08
0.02,0.05,0.00, 0.07
0.07,0.04,0.72, 0.00
0.00,0.05,0.00, 0.08
0.02,0.04,0.29, 0.00
0.00,0.04,0.00, 0.00
0.00,0.05,0.00, 0.08
0.00,0.04,0.00, 0.00
0.00,0.04,0.00, 0.00
0.00,0.05,0.00, 0.08
0.00,0.05,0.00, 0.07
0.00,0.04,0.00, 0.00
0.00,0.04,0.00, 0.00
0.00,0.04,0.00, 0.00
0.00,0.04,0.00, 0.00
0.00,0.05,0.00, 0.08
0.00,0.04,0.00, 0.00
0.00,0.04,0.00, 0.00
0.00,0.05,0.00, 0.08
0.00,0.05,0.00, 0.07
0.00,0.05,0.00, 0.06
0.00,0.04,0.00, 0.00
0.00,0.05,0.00, 0.08
0.00,0.05,0.00, 0.07
0.00,0.04,0.00, 0.00
0.00,0.04,0.00, 0.00
0.00,0.04,0.00, 0.00
0.00,0.04,0.00, 0.00
0.00,0.04,0.00, 0.00
0.00,0.04,0.00, 0.00
0.00,0.04,0.00, 0.00
0.00,0.04,0.00, 0.00
0.00,0.05,0.00, 0.08
0.00,0.04,0.00, 0.00
0.00,0.05,0.00, 0.08
0.00,0.04,0.00, 0.00
0.00,0.04,0.00, 0.00
0.00,0.05,0.00, 0.08
0.00,0.04,0.00, 0.00
0.00,0.04,0.00, 0.00
0.00,0.05,0.00, 0.08
0.00,0.05,0.00, 0.07
0.00,0.05,0.00, 0.06
0.00,0.05,0.00, 0.05
0.00,0.04,0.00, 0.00
0.07,0.05,1.01, 0.08
0.11,0.05,1.30, 0.07
0.16,0.05,1.64, 0.06
0.18,0.05,1.46, 0.05
0.25,0.05,2.05, 0.04
0.18,0.04,0.45, 0.00
0.05,0.03,0.00, 0.00
0.00,0.04,0.00, 0.04
0.00,0.04,0.00, 0.03
0.00,0.05,0.00, 0.11
0.00,0.05,0.00, 0.09
0.00,0.04,0.00, 0.00
0.00,0.04,0.00, 0.00
0.00,0.05,0.00, 0.08
0.00,0.05,0.00, 0.15
0.00,0.06,0.00, 0.17
0.00,0.05,0.00, 0.02
0.00,0.05,0.00, 0.01
0.00,0.04,0.00, 0.00
0.02,0.05,0.29, 0.08
0.23,0.05,3.23, 0.07
0.09,0.04,0.28, 0.00
0.05,0.05,0.00, 0.08
0.00,0.05,0.00, 0.07
0.59,0.05,8.51, 0.14
0.00,0.05,0.00, 0.03
0.36,0.05,5.19, 0.03
0.00,0.04,0.00, 0.00
0.43,0.03,6.20, 0.00
0.23,0.05,1.53, 0.12
0.56,0.05,5.85, 0.19
0.34,0.04,0.99, 0.00
0.56,0.05,3.88, 0.08
0.38,0.05,0.16, 0.07
0.67,0.05,4.30, 0.14
0.56,0.03,1.47, 0.00
0.76,0.04,3.93, 0.08
0.63,0.04,0.92, 0.07
0.81,0.04,3.25, 0.06
0.65,0.05,0.01, 0.13
0.81,0.05,2.31, 0.11
0.74,0.04,0.64, 0.01
0.79,0.05,1.17, 0.09
0.94,0.05,3.00, 0.07
0.90,0.04,1.56, 0.00
1.12,0.05,4.28, 0.08
1.03,0.05,1.75, 0.07
1.33,0.05,5.57, 0.06
1.12,0.05,0.94, 0.05
1.24,0.04,2.40, 0.00
1.17,0.05,0.70, 0.08
1.17,0.05,0.49, 0.07
1.17,0.05,0.35, 0.06
1.17,0.04,0.25, 0.00
1.19,0.04,0.47, 0.00
1.15,0.04,0.00, 0.00
1.17,0.05,0.29, 0.16
1.17,0.03,0.21, 0.00
1.10,0.04,0.00, 0.08
1.10,0.05,0.00, 0.15
1.12,0.04,0.29, 0.04
0.99,0.05,0.00, 0.12
1.08,0.05,1.30, 0.10
0.92,0.05,0.00, 0.08
1.15,0.05,3.32, 0.07
1.10,0.04,1.64, 0.00
1.19,0.04,2.46, 0.00
1.24,0.05,2.47, 0.08
1.35,0.05,3.35, 0.07
1.44,0.04,3.68, 0.00
1.48,0.05,3.20, 0.08
1.48,0.05,2.27, 0.07
1.53,0.04,2.34, 0.00
1.53,0.05,1.66, 0.08
1.50,0.04,0.75, 0.00
1.48,0.05,0.25, 0.08
1.46,0.04,0.00, 0.00
1.41,0.05,0.00, 0.08
1.46,0.04,0.72, 0.00
1.46,0.04,0.51, 0.00
1.48,0.04,0.65, 0.00
1.37,0.05,0.00, 0.08
1.39,0.05,0.29, 0.07
1.33,0.04,0.00, 0.00
1.35,0.04,0.29, 0.00
1.44,0.05,1.50, 0.08
1.46,0.04,1.36, 0.00
1.57,0.04,2.55, 0.00
1.71,0.04,3.84, 0.00
1.68,0.05,2.30, 0.08
1.80,0.04,3.36, 0.00
1.75,0.04,1.67, 0.00
1.82,0.04,2.20, 0.00
1.84,0.04,1.85, 0.00
1.82,0.05,1.03, 0.08
1.82,0.04,0.73, 0.00
1.86,0.04,1.10, 0.00
1.93,0.04,1.79, 0.00
1.91,0.05,0.99, 0.08
1.91,0.04,0.70, 0.00
1.93,0.04,0.79, 0.00
1.89,0.04,0.00, 0.00
1.84,0.04,0.00, 0.00
1.84,0.05,0.00, 0.08
1.84,0.05,0.00, 0.07
1.80,0.05,0.00, 0.14
1.77,0.05,0.00, 0.03
1.77,0.04,0.00, 0.00
1.71,0.05,0.00, 0.08
1.62,0.04,0.00, 0.00
1.71,0.04,1.30, 0.00
1.62,0.04,0.00, 0.00
1.59,0.05,0.00, 0.08
1.59,0.04,0.00, 0.00
1.50,0.04,0.00, 0.00
1.48,0.05,0.00, 0.08
1.35,0.05,0.00, 0.07
1.28,0.04,0.00, 0.00
1.24,0.04,0.00, 0.00
1.19,0.04,0.00, 0.00
1.17,0.04,0.00, 0.00
1.21,0.04,0.58, 0.00
1.12,0.05,0.00, 0.08
0.97,0.05,0.00, 0.07
1.03,0.05,0.87, 0.06
0.99,0.05,0.04, 0.05
1.03,0.04,0.60, 0.00
0.94,0.05,0.00, 0.08
0.92,0.05,0.00, 0.07
0.90,0.05,0.00, 0.06
0.70,0.04,0.00, 0.00
0.63,0.04,0.00, 0.00
0.41,0.04,0.00, 0.00
0.32,0.04,0.00, 0.00
0.34,0.05,0.29, 0.08
0.38,0.05,0.78, 0.07
0.27,0.04,0.00, 0.00
0.29,0.04,0.29, 0.00
0.27,0.05,0.00, 0.08
0.27,0.04,0.00, 0.00
0.27,0.04,0.00, 0.00
0.32,0.05,0.72, 0.08
0.41,0.05,1.81, 0.07
0.09,0.05,0.00, 0.06
0.29,0.05,2.88, 0.05
0.07,0.05,0.00, 0.04
0.14,0.04,1.01, 0.00
0.00,0.04,0.00, 0.00
0.07,0.05,1.01, 0.08
0.00,0.05,0.00, 0.07
0.05,0.05,0.72, 0.06
0.00,0.05,0.00, 0.05
0.02,0.04,0.29, 0.00
0.00,0.05,0.00, 0.08
0.07,0.05,1.01, 0.07
0.05,0.05,0.43, 0.06
0.05,0.05,0.31, 0.05
0.00,0.05,0.00, 0.04
0.05,0.04,0.72, 0.00
0.00,0.04,0.00, 0.00
0.02,0.04,0.29, 0.00
0.00,0.05,0.00, 0.08
0.02,0.05,0.29, 0.07
0.00,0.04,0.00, 0.00
0.00,0.05,0.00, 0.16
0.00,0.05,0.00, 0.06
0.00,0.04,0.00, 0.00
0.00,0.04,0.00, 0.00
0.00,0.05,0.00, 0.08
0.00,0.04,0.00, 0.00
0.00,0.04,0.00, 0.00
0.00,0.05,0.00, 0.16
0.00,0.05,0.00, 0.14
0.00,0.04,0.00, 0.00
0.00,0.04,0.00, 0.00
0.00,0.04,0.00, 0.00
0.00,0.04,0.00, 0.00
0.00,0.05,0.00, 0.08
0.00,0.04,0.00, 0.00
0.00,0.05,0.00, 0.08
0.00,0.04,0.00, 0.00
0.00,0.04,0.00, 0.00
0.00,0.04,0.00, 0.00
0.00,0.05,0.00, 0.08
0.00,0.05,0.00, 0.07
0.00,0.04,0.00, 0.00
0.00,0.04,0.00, 0.00
0.00,0.04,0.00, 0.00
0.00,0.04,0.00, 0.00
0.00,0.04,0.00, 0.00
0.00,0.05,0.00, 0.08
0.00,0.05,0.00, 0.07
0.00,0.05,0.00, 0.06
0.00,0.05,0.00, 0.05
0.00,0.05,0.00, 0.04
0.00,0.05,0.00, 0.04
0.00,0.05,0.00, 0.03
0.00,0.04,0.00, 0.00
0.00,0.04,0.00, 0.00
0.00,0.05,0.00, 0.08
0.00,0.05,0.00, 0.07
0.00,0.05,0.00, 0.06
0.00,0.04,0.00, 0.00
0.00,0.05,0.00, 0.08
0.00,0.04,0.00, 0.00
0.00,0.02,0.00, 0.00
0.00,0.04,0.00, 0.12
0.00,0.05,0.00, 0.19
0.00,0.04,0.00, 0.07
0.00,0.04,0.00, 0.06
0.00,0.05,0.00, 0.13
0.02,0.04,0.29, 0.03
0.00,0.04,0.00, 0.02
0.05,0.04,0.72, 0.02
0.00,0.05,0.00, 0.10
0.00,0.06,0.00, 0.25
0.00,0.11,0.00, 0.58
0.00,0.11,0.00, 0.44
0.00,0.12,0.00, 0.53
0.00,0.18,0.00, 0.90
0.00,0.34,0.00, 2.11
0.14,0.52,2.02, 3.20
0.14,0.71,1.44, 4.24
0.27,0.96,2.90, 5.56
0.38,1.25,3.65, 7.07
0.56,1.55,5.19, 8.37
0.79,1.85,7.01, 9.42
1.06,2.15,8.88, 10.42
1.24,2.45,8.92, 11.18
1.37,2.79,8.22, 12.09
1.71,3.12,10.75, 12.86
1.71,3.12,10.75, 12.86
1.86,3.45,9.81, 13.46
2.09,3.76,10.30, 13.79
2.09,3.76,10.30, 13.79
2.09,3.76,10.30, 13.79
2.09,4.05,7.33, 13.83
2.09,4.33,5.22, 13.90
2.09,4.61,3.71, 13.96
2.09,4.88,2.64, 13.84
2.09,5.11,1.88, 13.45
2.09,5.30,1.34, 12.80
2.09,5.43,0.95, 11.81
2.09,5.53,0.68, 10.61
2.09,5.56,0.48, 9.19
2.09,5.60,0.34, 7.97
2.09,5.62,0.24, 6.86
2.09,5.64,0.17, 5.86
2.09,5.65,0.12, 4.97
2.09,5.63,0.09, 3.99
2.09,5.63,0.06, 3.33
2.09,5.59,0.04, 2.46
2.09,5.55,0.03, 1.72
2.09,5.50,0.02, 1.03
2.09,5.45,0.02, 0.45
2.09,5.37,0.01, 0.00
2.09,5.29,0.01, 0.00
2.09,5.20,0.01, 0.00
2.09,5.10,0.00, 0.00
2.09,4.99,0.00, 0.00
2.09,4.86,0.00, 0.00
2.09,4.86,0.00, 0.00
2.09,4.74,0.00, 0.00
2.09,4.64,0.00, 0.00
2.09,4.53,0.00, 0.00
2.09,4.40,0.00, 0.00
2.09,4.40,0.00, 0.00
2.09,4.33,0.00, 0.00
2.09,4.23,0.00, 0.00
2.09,4.16,0.00, 0.00
2.09,4.06,0.00, 0.00
2.09,4.00,0.00, 0.00
2.09,3.93,0.00, 0.00
2.09,3.88,0.00, 0.00
2.09,3.83,0.00, 0.00
2.09,3.78,0.00, 0.00
2.09,3.71,0.00, 0.00
2.09,3.71,0.00, 0.00
2.09,3.66,0.00, 0.00
2.09,3.62,0.00, 0.00
2.09,3.58,0.00, 0.00
2.09,3.55,0.00, 0.00
2.09,3.53,0.00, 0.00
2.09,3.52,0.00, 0.00
2.09,3.53,0.00, 0.08
2.09,3.53,0.00, 0.07
2.09,3.52,0.00, 0.00
2.09,3.51,0.00, 0.00
2.09,3.51,0.00, 0.00
2.09,3.47,0.00, 0.00
2.07,3.43,0.00, 0.00
2.09,3.40,0.29, 0.00
2.09,3.36,0.21, 0.00
2.09,3.32,0.15, 0.00
2.09,3.26,0.10, 0.00
2.09,3.22,0.07, 0.00
2.09,3.17,0.05, 0.00
2.09,3.12,0.04, 0.00
2.09,3.09,0.03, 0.00
2.09,3.04,0.02, 0.00
2.09,2.99,0.01, 0.00
2.09,2.97,0.01, 0.00
2.09,2.92,0.01, 0.00
2.09,2.88,0.00, 0.00
2.09,2.85,0.00, 0.00
2.09,2.82,0.00, 0.00
2.09,2.78,0.00, 0.00
2.09,2.75,0.00, 0.00
2.09,2.73,0.00, 0.00
2.09,2.70,0.00, 0.00
2.09,2.69,0.00, 0.00
2.09,2.67,0.00, 0.00
2.09,2.66,0.00, 0.00
2.09,2.63,0.00, 0.00
2.09,2.64,0.00, 0.08
2.09,2.63,0.00, 0.00
2.09,2.64,0.00, 0.08
2.07,2.64,0.00, 0.07
0.36,2.60,0.00, 0.00
2.02,2.59,23.94, 0.00
1.93,2.58,15.74, 0.00
1.55,2.59,5.72, 0.08
1.98,2.57,10.27, 0.00
1.64,2.55,2.40, 0.00
1.80,2.54,4.02, 0.00
1.84,2.53,3.44, 0.00
1.84,2.55,2.45, 0.12
1.91,2.54,2.75, 0.02
1.91,2.51,1.96, 0.00
1.91,2.50,1.39, 0.00
1.91,2.50,1.39, 0.00
1.89,2.45,0.70, 0.00
1.84,2.43,0.00, 0.00
1.80,2.38,0.00, 0.00
1.75,2.34,0.00, 0.00
1.64,2.24,0.00, 0.00
1.55,2.18,0.00, 0.00
1.41,2.09,0.00, 0.00
1.30,2.01,0.00, 0.00
1.15,1.91,0.00, 0.00
0.85,1.80,0.00, 0.00
1.03,1.69,2.60, 0.00
0.79,1.57,0.00, 0.00
0.79,1.45,0.00, 0.00
0.72,1.34,0.00, 0.00
0.63,1.24,0.00, 0.00
0.52,1.14,0.00, 0.00
0.45,1.03,0.00, 0.00
0.41,0.94,0.00, 0.00
0.32,0.86,0.00, 0.00
0.29,0.75,0.00, 0.00
0.23,0.67,0.00, 0.00
0.18,0.61,0.00, 0.00
0.11,0.53,0.00, 0.00
0.11,0.44,0.00, 0.00
0.07,0.37,0.00, 0.00
0.02,0.30,0.00, 0.00
0.00,0.23,0.00, 0.00
0.00,0.19,0.00, 0.00
0.00,0.14,0.00, 0.00
0.00,0.10,0.00, 0.00
0.00,0.07,0.00, 0.00
0.11,0.06,1.59, 0.00
0.00,0.05,0.00, 0.00
0.02,0.05,0.29, 0.00
0.00,0.04,0.00, 0.00
0.02,0.04,0.29, 0.00
0.00,0.05,0.00, 0.08
0.00,0.04,0.00, 0.00
0.00,0.05,0.00, 0.16
0.00,0.05,0.00, 0.06
0.00,0.04,0.00, 0.00
0.00,0.05,0.00, 0.08
0.00,0.05,0.00, 0.07
0.00,0.04,0.00, 0.00
0.00,0.05,0.00, 0.08
0.00,0.04,0.00, 0.00
0.00,0.04,0.00, 0.00
0.00,0.04,0.00, 0.00
0.00,0.05,0.00, 0.08
0.00,0.05,0.00, 0.07
0.00,0.04,0.00, 0.00
0.00,0.05,0.00, 0.08
0.00,0.04,0.00, 0.00
0.00,0.04,0.00, 0.00
0.00,0.04,0.00, 0.00
0.00,0.04,0.00, 0.00
0.00,0.04,0.00, 0.00
0.00,0.04,0.00, 0.00
0.00,0.05,0.00, 0.08
0.00,0.05,0.00, 0.07
0.00,0.04,0.00, 0.00
0.00,0.04,0.00, 0.00
0.00,0.05,0.00, 0.08
0.00,0.04,0.00, 0.00
0.00,0.05,0.00, 0.08
0.00,0.05,0.00, 0.07
0.00,0.04,0.00, 0.00
0.00,0.04,0.00, 0.00
0.00,0.04,0.00, 0.00
0.00,0.04,0.00, 0.00
0.00,0.04,0.00, 0.00
0.00,0.05,0.00, 0.08
0.00,0.04,0.00, 0.00
0.00,0.04,0.00, 0.00
0.00,0.05,0.00, 0.08
0.00,0.04,0.00, 0.00
0.00,0.04,0.00, 0.00
0.00,0.04,0.00, 0.00
0.00,0.04,0.00, 0.00
0.00,0.05,0.00, 0.08
0.00,0.05,0.00, 0.07
0.00,0.05,0.00, 0.06
0.00,0.04,0.00, 0.00
0.00,0.05,0.00, 0.08
0.00,0.04,0.00, 0.00
0.00,0.04,0.00, 0.00
0.00,0.04,0.00, 0.00
0.00,0.04,0.00, 0.00
0.00,0.05,0.00, 0.08
0.00,0.04,0.00, 0.00
0.00,0.04,0.00, 0.00
0.00,0.04,0.00, 0.00
0.00,0.04,0.00, 0.00
0.00,0.05,0.00, 0.08
0.00,0.05,0.00, 0.07
0.00,0.05,0.00, 0.07
0.00,0.05,0.00, 0.14
0.00,0.05,0.00, 0.03
0.00,0.05,0.00, 0.03
0.00,0.06,0.00, 0.15
0.00,0.06,0.00, 0.12
0.00,0.06,0.00, 0.10
0.00,0.07,0.00, 0.17
0.00,0.06,0.00, 0.06
0.00,0.06,0.00, 0.05
0.00,0.06,0.00, 0.04
0.00,0.05,0.00, 0.00
0.00,0.05,0.00, 0.00
0.00,0.05,0.00, 0.00
0.00,0.05,0.00, 0.00
0.00,0.05,0.00, 0.00
0.00,0.05,0.00, 0.08
0.00,0.05,0.00, 0.00
0.00,0.05,0.00, 0.00
0.00,0.05,0.00, 0.00
0.00,0.05,0.00, 0.08
0.00,0.06,0.00, 0.11
0.00,0.06,0.00, 0.09
0.00,0.05,0.00, 0.00
0.00,0.05,0.00, 0.00
0.00,0.06,0.00, 0.12
0.02,0.07,0.29, 0.19
0.00,0.07,0.00, 0.15
0.00,0.08,0.00, 0.21
0.00,0.07,0.00, 0.09
0.00,0.08,0.00, 0.16
0.00,0.08,0.00, 0.13
0.00,0.09,0.00, 0.19
0.00,0.08,0.00, 0.08
0.00,0.09,0.00, 0.15
0.00,0.09,0.00, 0.12
0.00,0.09,0.00, 0.15
0.00,0.09,0.00, 0.15
0.00,0.09,0.00, 0.12
0.00,0.09,0.00, 0.10
0.00,0.11,0.00, 0.17
0.00,0.11,0.00, 0.14
0.00,0.12,0.00, 0.20
0.00,0.12,0.00, 0.17
0.00,0.12,0.00, 0.14
0.00,0.12,0.00, 0.20
0.00,0.12,0.00, 0.08
0.00,0.12,0.00, 0.07
0.00,0.12,0.00, 0.06
0.05,0.12,0.72, 0.05
0.02,0.11,0.08, 0.00
0.07,0.12,0.78, 0.08
0.07,0.12,0.55, 0.07
0.07,0.11,0.39, 0.00
0.05,0.11,0.00, 0.08
0.00,0.08,0.00, 0.00
0.00,0.10,0.00, 0.16
0.02,0.09,0.29, 0.06
0.00,0.08,0.00, 0.00
0.00,0.09,0.00, 0.08
0.00,0.07,0.00, 0.00
0.00,0.07,0.00, 0.00
0.00,0.06,0.00, 0.00
0.00,0.05,0.00, 0.00
0.00,0.05,0.00, 0.00
0.00,0.04,0.00, 0.00
0.00,0.05,0.00, 0.16
0.00,0.04,0.00, 0.00
0.00,0.05,0.00, 0.16
0.00,0.05,0.00, 0.06
0.02,0.04,0.29, 0.00
0.00,0.04,0.00, 0.00
0.00,0.05,0.00, 0.08
0.00,0.04,0.00, 0.00
0.00,0.05,0.00, 0.08
0.00,0.04,0.00, 0.00
0.00,0.04,0.00, 0.00
0.00,0.04,0.00, 0.00
0.00,0.04,0.00, 0.00
0.00,0.05,0.00, 0.08
0.00,0.04,0.00, 0.00
0.00,0.04,0.00, 0.00
0.00,0.04,0.00, 0.00
0.00,0.04,0.00, 0.00
0.00,0.05,0.00, 0.08
0.00,0.04,0.00, 0.00
0.00,0.04,0.00, 0.00
0.00,0.04,0.00, 0.00
0.00,0.05,0.00, 0.08
0.00,0.04,0.00, 0.00
0.00,0.04,0.00, 0.00
0.00,0.04,0.00, 0.00
0.00,0.05,0.00, 0.08
0.00,0.05,0.00, 0.07
0.00,0.05,0.00, 0.14
0.00,0.05,0.00, 0.03
0.00,0.04,0.00, 0.00
0.00,0.05,0.00, 0.08
0.00,0.04,0.00, 0.00
0.00,0.04,0.00, 0.00
0.00,0.04,0.00, 0.00
0.00,0.04,0.00, 0.00
0.00,0.05,0.00, 0.08
0.00,0.05,0.00, 0.08
0.00,0.04,0.00, 0.00
0.00,0.05,0.00, 0.08
0.00,0.04,0.00, 0.00
0.00,0.04,0.00, 0.00
0.00,0.04,0.00, 0.00
0.00,0.05,0.00, 0.08
0.00,0.05,0.00, 0.07
0.00,0.04,0.00, 0.00
0.00,0.04,0.00, 0.00
0.00,0.04,0.00, 0.00
0.00,0.04,0.00, 0.00
0.00,0.04,0.00, 0.00
0.00,0.04,0.00, 0.00
0.00,0.04,0.00, 0.00
0.00,0.04,0.00, 0.00
0.00,0.04,0.00, 0.00
0.00,0.05,0.00, 0.08
0.00,0.05,0.00, 0.07
0.00,0.04,0.00, 0.00
0.00,0.05,0.00, 0.08
0.00,0.04,0.00, 0.00
0.00,0.04,0.00, 0.00
0.00,0.05,0.00, 0.08
0.00,0.04,0.00, 0.00
0.00,0.04,0.00, 0.00
0.00,0.04,0.00, 0.00
0.00,0.05,0.00, 0.08
0.00,0.04,0.00, 0.00
0.00,0.04,0.00, 0.00
0.00,0.05,0.00, 0.08
0.00,0.04,0.00, 0.00
0.00,0.04,0.00, 0.00
0.00,0.05,0.00, 0.08
0.00,0.05,0.00, 0.07
0.00,0.05,0.00, 0.06
0.00,0.04,0.00, 0.00
0.00,0.04,0.00, 0.00
0.00,0.02,0.00, 0.00
0.00,0.05,0.00, 0.21
0.00,0.05,0.00, 0.17
0.00,0.04,0.00, 0.06
0.00,0.04,0.00, 0.05
0.00,0.05,0.00, 0.13
0.00,0.04,0.00, 0.02
0.00,0.05,0.00, 0.10
0.00,0.05,0.00, 0.08
0.00,0.05,0.00, 0.07
0.00,0.05,0.00, 0.07
0.00,0.05,0.00, 0.06
0.00,0.05,0.00, 0.05
0.00,0.05,0.00, 0.04
0.00,0.05,0.00, 0.12
0.00,0.05,0.00, 0.02
0.00,0.05,0.00, 0.09
0.00,0.04,0.00, 0.00
0.00,0.05,0.00, 0.08
0.00,0.05,0.00, 0.07
0.00,0.04,0.00, 0.00
0.00,0.05,0.00, 0.08
0.00,0.04,0.00, 0.00
0.00,0.05,0.00, 0.08
0.00,0.05,0.00, 0.07
0.00,0.04,0.00, 0.00
0.00,0.05,0.00, 0.08
0.00,0.05,0.00, 0.15
0.00,0.06,0.00, 0.21
0.05,0.09,0.72, 0.34
0.09,0.13,1.09, 0.69
0.14,0.19,1.50, 1.07
0.18,0.29,1.64, 1.68
0.18,0.29,1.64, 1.68
0.23,0.36,1.89, 1.98
0.25,0.46,1.63, 2.52
0.27,0.56,1.45, 2.93
0.34,0.69,2.04, 3.47
0.38,0.81,2.03, 3.89
0.52,1.00,3.46, 4.77
0.67,1.18,4.63, 5.55
0.85,1.46,5.89, 6.94
1.08,1.73,7.51, 7.98
1.24,2.03,7.65, 9.09
1.37,2.30,7.32, 9.90
1.48,2.55,6.79, 10.33
1.50,2.78,5.12, 10.52
1.57,3.01,4.65, 10.64
1.64,3.24,4.32, 10.74
1.64,3.44,3.08, 10.66
1.82,3.68,4.78, 10.92
1.82,3.93,3.40, 11.14
1.86,4.22,3.00, 11.65
1.84,4.48,1.85, 11.96
1.86,4.76,1.60, 12.25
1.80,4.99,0.27, 12.13
1.84,5.22,0.77, 11.98
1.91,5.40,1.56, 11.53
1.93,5.58,1.40, 11.12
1.95,5.73,1.28, 10.56
1.98,5.85,1.35, 9.73
2.02,5.90,1.53, 8.62
2.04,5.95,1.38, 7.62
2.04,5.97,0.98, 6.53
2.04,5.97,0.98, 6.53
2.04,5.97,0.70, 5.45
2.04,5.92,0.50, 4.10
2.02,5.88,0.07, 3.10
2.00,5.80,0.00, 1.93
1.98,5.74,0.00, 1.12
1.98,5.67,0.00, 0.36
2.00,5.59,0.29, 0.00
2.04,5.51,0.78, 0.00
2.07,5.39,0.99, 0.00
2.07,5.27,0.70, 0.00
2.04,5.16,0.07, 0.00
2.02,5.03,0.00, 0.00
2.02,5.03,0.00, 0.00
2.00,4.86,0.00, 0.00
1.98,4.71,0.00, 0.00
1.95,4.53,0.00, 0.00
1.93,4.39,0.00, 0.00
1.84,4.21,0.00, 0.00
1.82,4.04,0.00, 0.00
1.80,3.86,0.00, 0.00
1.73,3.68,0.00, 0.00
1.59,3.46,0.00, 0.00
1.50,3.26,0.00, 0.00
1.50,3.26,0.00, 0.00
1.48,3.08,0.00, 0.00
1.26,2.89,0.00, 0.00
1.10,2.70,0.00, 0.00
1.41,2.50,4.47, 0.00
1.01,2.32,0.00, 0.00
1.10,2.10,1.30, 0.00
0.90,1.92,0.00, 0.00
0.85,1.72,0.00, 0.00
0.81,1.52,0.00, 0.00
0.70,1.36,0.00, 0.00
0.63,1.19,0.00, 0.00
0.50,1.04,0.00, 0.00
0.45,0.88,0.00, 0.00
0.32,0.76,0.00, 0.00
0.32,0.76,0.00, 0.00
0.25,0.62,0.00, 0.00
0.16,0.51,0.00, 0.00
0.11,0.41,0.00, 0.00
0.07,0.32,0.00, 0.00
0.02,0.25,0.00, 0.00
0.00,0.16,0.00, 0.00
0.00,0.14,0.00, 0.00
0.00,0.08,0.00, 0.00
0.00,0.08,0.00, 0.00
0.00,0.06,0.00, 0.00
0.00,0.04,0.00, 0.00
0.00,0.05,0.00, 0.08
0.00,0.04,0.00, 0.00
0.00,0.04,0.00, 0.00
0.00,0.04,0.00, 0.00
0.00,0.04,0.00, 0.00
0.00,0.02,0.00, 0.00
0.00,0.05,0.00, 0.21
0.00,0.04,0.00, 0.09
0.00,0.04,0.00, 0.09
0.00,0.05,0.00, 0.16
0.00,0.05,0.00, 0.13
0.00,0.04,0.00, 0.03
0.00,0.04,0.00, 0.03
0.00,0.05,0.00, 0.11
0.00,0.04,0.00, 0.01
0.00,0.04,0.00, 0.00
0.00,0.04,0.00, 0.00
0.00,0.04,0.00, 0.00
0.00,0.04,0.00, 0.00
0.00,0.04,0.00, 0.00
0.00,0.04,0.00, 0.00
0.00,0.04,0.00, 0.00
0.00,0.04,0.00, 0.00
0.00,0.05,0.00, 0.08
0.00,0.04,0.00, 0.00
0.00,0.04,0.00, 0.00
0.00,0.04,0.00, 0.00
0.00,0.04,0.00, 0.00
0.00,0.04,0.00, 0.00
0.00,0.04,0.00, 0.00
0.00,0.04,0.00, 0.00
0.00,0.04,0.00, 0.00
0.00,0.04,0.00, 0.00
0.00,0.04,0.00, 0.00
0.00,0.04,0.00, 0.00
0.00,0.05,0.00, 0.08
0.00,0.05,0.00, 0.07
0.00,0.04,0.00, 0.00
0.00,0.04,0.00, 0.00
0.00,0.05,0.00, 0.08
0.00,0.05,0.00, 0.07
0.00,0.05,0.00, 0.14
0.00,0.07,0.00, 0.24
0.00,0.09,0.00, 0.37
0.00,0.14,0.00, 0.72
0.00,0.14,0.00, 0.72
0.00,0.16,0.00, 0.76
0.00,0.19,0.00, 0.84
0.00,0.25,0.00, 1.20
0.00,0.29,0.00, 1.41
0.00,0.38,0.00, 1.92
0.09,0.48,1.30, 2.39
0.16,0.64,1.93, 3.31
0.29,0.83,3.25, 4.33
0.38,1.06,3.61, 5.55
0.59,1.35,5.60, 6.94
0.79,1.67,6.87, 8.51
0.97,2.05,7.48, 10.16
1.15,2.46,7.92, 11.90
1.24,2.88,6.93, 13.40
1.24,2.88,6.93, 13.40
1.39,3.30,7.10, 14.69
1.57,3.74,7.65, 15.81
1.66,4.18,6.74, 16.83
1.71,4.56,5.52, 17.23
1.91,5.01,6.81, 18.09
2.00,5.44,6.14, 18.70
2.09,5.84,5.67, 18.87
2.11,6.23,4.32, 18.97
2.11,6.58,3.08, 18.73
2.11,6.88,2.19, 18.12
2.11,6.88,2.19, 18.12
2.09,7.15,1.27, 17.40
2.09,7.39,0.90, 16.43
2.07,7.59,0.35, 15.41
2.09,7.73,0.54, 14.03
2.09,7.86,0.38, 12.75
2.09,7.95,0.27, 11.47
2.09,8.04,0.19, 10.28
2.09,8.10,0.14, 9.09
2.09,8.12,0.10, 7.76
2.09,8.15,0.07, 6.69
2.09,8.12,0.05, 5.42
2.09,8.12,0.04, 4.49
2.09,8.08,0.03, 3.38
2.09,8.04,0.02, 2.54
2.09,7.94,0.01, 1.34
2.09,7.88,0.01, 0.54
2.07,7.79,0.00, 0.00
2.09,7.74,0.29, 0.00
2.09,7.69,0.21, 0.00
2.09,7.64,0.15, 0.00
2.09,7.59,0.10, 0.00
2.09,7.57,0.07, 0.00
2.09,7.52,0.05, 0.00
2.09,7.53,0.04, 0.00
2.09,7.53,0.03, 0.08
2.09,7.53,0.02, 0.07
2.09,7.55,0.01, 0.14
2.09,7.55,0.01, 0.16
2.09,7.52,0.01, 0.00
2.09,7.53,0.00, 0.08
2.09,7.55,0.00, 0.15
2.09,7.51,0.00, 0.00
2.09,7.48,0.00, 0.00
2.09,7.45,0.00, 0.00
2.09,7.45,0.00, 0.00
2.09,7.44,0.00, 0.00
2.09,7.47,0.00, 0.25
2.09,7.49,0.00, 0.37
2.09,7.51,0.00, 0.47
2.09,7.49,0.00, 0.23
2.09,7.50,0.00, 0.28
2.09,7.45,0.00, 0.00
2.09,7.44,0.00, 0.00
2.09,7.39,0.00, 0.00
2.09,7.36,0.00, 0.00
2.09,7.35,0.00, 0.00
2.09,7.36,0.00, 0.16
2.09,7.38,0.00, 0.22
2.09,7.36,0.00, 0.02
2.09,7.36,0.00, 0.02
2.09,7.32,0.00, 0.00
2.09,7.30,0.00, 0.00
2.09,7.30,0.00, 0.00
2.09,7.28,0.00, 0.00
2.09,7.25,0.00, 0.00
2.09,7.23,0.00, 0.00
2.09,7.20,0.00, 0.00
2.09,7.17,0.00, 0.00
2.09,7.12,0.00, 0.00
2.09,7.07,0.00, 0.00
2.09,7.01,0.00, 0.00
2.09,6.93,0.00, 0.00
2.09,6.87,0.00, 0.00
2.09,6.87,0.00, 0.00
2.09,6.82,0.00, 0.00
2.09,6.77,0.00, 0.00
2.09,6.68,0.00, 0.00
2.09,6.61,0.00, 0.00
2.09,6.53,0.00, 0.00
2.09,6.41,0.00, 0.00
2.09,6.34,0.00, 0.00
2.09,6.23,0.00, 0.00
2.09,6.16,0.00, 0.00
2.09,6.09,0.00, 0.00
2.09,6.09,0.00, 0.00
2.09,6.05,0.00, 0.00
2.09,5.99,0.00, 0.00
2.09,5.96,0.00, 0.00
2.09,5.91,0.00, 0.00
2.09,5.86,0.00, 0.00
2.09,5.81,0.00, 0.00
2.09,5.76,0.00, 0.00
2.09,5.72,0.00, 0.00
2.09,5.65,0.00, 0.00
2.09,5.60,0.00, 0.00
2.09,5.60,0.00, 0.00
2.09,5.55,0.00, 0.00
2.09,5.48,0.00, 0.00
2.09,5.41,0.00, 0.00
2.09,5.32,0.00, 0.00
2.09,5.27,0.00, 0.00
2.09,5.17,0.00, 0.00
2.09,5.09,0.00, 0.00
2.09,4.97,0.00, 0.00
2.09,4.85,0.00, 0.00
2.09,4.72,0.00, 0.00
2.09,4.72,0.00, 0.00
2.09,4.63,0.00, 0.00
2.09,4.55,0.00, 0.00
2.09,4.44,0.00, 0.00
2.09,4.36,0.00, 0.00
2.09,4.32,0.00, 0.00
2.09,4.25,0.00, 0.00
2.09,4.20,0.00, 0.00
2.09,4.15,0.00, 0.00
2.09,4.11,0.00, 0.00
2.09,4.06,0.00, 0.00
2.09,4.06,0.00, 0.00
2.09,4.01,0.00, 0.00
2.09,3.96,0.00, 0.00
2.09,3.90,0.00, 0.00
2.09,3.88,0.00, 0.00
2.09,3.82,0.00, 0.00
2.09,3.76,0.00, 0.00
2.09,3.68,0.00, 0.00
2.09,3.60,0.00, 0.00
2.09,3.50,0.00, 0.00
2.09,3.43,0.00, 0.00
2.07,3.37,0.00, 0.00
2.09,3.32,0.29, 0.00
2.09,3.29,0.21, 0.00
2.09,3.24,0.15, 0.00
2.09,3.20,0.10, 0.00
2.09,3.16,0.07, 0.00
2.09,3.11,0.05, 0.00
2.09,3.07,0.04, 0.00
2.09,3.07,0.04, 0.00
2.09,3.02,0.03, 0.00
2.09,2.96,0.02, 0.00
2.09,2.91,0.01, 0.00
2.09,2.84,0.01, 0.00
2.09,2.80,0.01, 0.00
2.09,2.72,0.00, 0.00
2.09,2.65,0.00, 0.00
2.09,2.57,0.00, 0.00
2.07,2.50,0.00, 0.00
2.02,2.43,0.00, 0.00
0.00,2.37,0.00, 0.00
2.07,2.27,29.85, 0.00
2.07,2.26,21.24, 0.00
1.06,2.17,0.55, 0.00
1.89,2.13,12.36, 0.00
1.50,2.08,3.17, 0.00
1.50,2.08,3.17, 0.00
1.68,2.05,4.85, 0.00
1.68,2.05,4.85, 0.00
1.71,2.01,3.89, 0.00
1.62,1.98,1.47, 0.00
1.57,1.92,0.32, 0.00
1.53,1.88,0.00, 0.00
1.50,1.83,0.00, 0.00
1.37,1.74,0.00, 0.00
1.30,1.67,0.00, 0.00
1.21,1.58,0.00, 0.00
1.03,1.49,0.00, 0.00
0.99,1.39,0.00, 0.00
0.81,1.26,0.00, 0.00
0.67,1.13,0.00, 0.00
0.54,1.03,0.00, 0.00
0.43,0.93,0.00, 0.00
0.32,0.79,0.00, 0.00
0.20,0.69,0.00, 0.00
0.11,0.60,0.00, 0.00
0.07,0.50,0.00, 0.00
0.07,0.50,0.00, 0.00
0.07,0.50,0.00, 0.00
0.02,0.44,0.00, 0.00
0.00,0.37,0.00, 0.00
0.00,0.31,0.00, 0.00
0.00,0.25,0.00, 0.00
0.00,0.20,0.00, 0.00
0.00,0.16,0.00, 0.00
0.00,0.14,0.00, 0.00
0.00,0.09,0.00, 0.00
0.00,0.07,0.00, 0.00
0.00,0.05,0.00, 0.00
0.00,0.05,0.00, 0.00
0.00,0.05,0.00, 0.00
0.00,0.05,0.00, 0.00
0.00,0.05,0.00, 0.00
0.00,0.05,0.00, 0.00
0.00,0.05,0.00, 0.00
0.00,0.04,0.00, 0.00
0.00,0.04,0.00, 0.00
0.00,0.05,0.00, 0.08
0.00,0.04,0.00, 0.00
0.00,0.04,0.00, 0.00
0.00,0.04,0.00, 0.00
0.00,0.05,0.00, 0.08
0.00,0.05,0.00, 0.08
0.00,0.04,0.00, 0.00
0.00,0.05,0.00, 0.08
0.00,0.04,0.00, 0.00
0.00,0.04,0.00, 0.00
0.00,0.05,0.00, 0.08
0.00,0.05,0.00, 0.07
0.00,0.05,0.00, 0.06
0.00,0.06,0.00, 0.17
0.00,0.08,0.00, 0.31
0.00,0.08,0.00, 0.26
0.07,0.12,1.01, 0.50
0.14,0.16,1.73, 0.79
0.23,0.22,2.53, 1.15
0.27,0.28,2.38, 1.42
0.34,0.36,2.70, 1.88
0.43,0.44,3.22, 2.27
0.52,0.54,3.59, 2.68
0.63,0.63,4.14, 2.98
0.63,0.63,4.14, 2.98
0.76,0.75,4.82, 3.48
0.92,0.85,5.74, 3.73
1.10,1.00,6.68, 4.31
1.24,1.13,6.77, 4.71
1.33,1.27,6.12, 5.13
1.46,1.40,6.23, 5.35
1.46,1.55,4.43, 5.66
1.53,1.68,4.16, 5.80
1.66,1.84,4.84, 6.16
1.75,2.00,4.74, 6.47
1.75,2.00,4.74, 6.47
1.89,2.13,5.39, 6.51
1.98,2.31,5.13, 6.88
2.07,2.47,4.95, 7.02
2.11,2.63,4.10, 7.27
2.13,2.79,3.21, 7.31
2.11,2.97,1.99, 7.58
2.09,3.14,1.13, 7.82
2.09,3.31,0.80, 7.89
2.09,3.47,0.57, 7.91
2.09,3.63,0.41, 7.96
2.09,3.63,0.41, 7.96
2.09,3.80,0.29, 8.01
2.09,3.95,0.21, 7.97
2.09,4.11,0.15, 7.97
2.09,4.26,0.10, 7.81
2.09,4.38,0.07, 7.56
2.09,4.48,0.05, 7.18
2.09,4.61,0.04, 7.07
2.09,4.72,0.03, 6.77
2.09,4.85,0.02, 6.68
2.09,4.91,0.01, 6.16
2.09,4.99,0.01, 5.76
2.09,5.09,0.01, 5.60
2.09,5.09,0.01, 5.60
2.09,5.16,0.00, 5.29
2.09,5.25,0.00, 5.16
2.09,5.39,0.00, 5.46
2.09,5.48,0.00, 5.35
2.09,5.59,0.00, 5.29
2.09,5.66,0.00, 5.04
2.09,5.71,0.00, 4.62
2.09,5.74,0.00, 4.06
2.09,5.77,0.00, 3.64
2.09,5.81,0.00, 3.37
2.09,5.86,0.00, 3.27
2.09,5.94,0.00, 3.43
2.09,5.94,0.00, 3.43
2.09,5.97,0.00, 3.11
2.09,6.01,0.00, 2.93
2.09,6.01,0.00, 2.37
2.09,5.98,0.00, 1.81
2.09,5.95,0.00, 1.23
2.09,5.89,0.00, 0.57
2.09,5.81,0.00, 0.00
2.09,5.71,0.00, 0.00
2.09,5.61,0.00, 0.00
2.09,5.49,0.00, 0.00
2.09,5.38,0.00, 0.00
2.09,5.28,0.00, 0.00
2.09,5.17,0.00, 0.00
2.09,5.07,0.00, 0.00
2.09,4.95,0.00, 0.00
2.09,4.86,0.00, 0.00
2.09,4.74,0.00, 0.00
2.09,4.74,0.00, 0.00
2.09,4.74,0.00, 0.00
2.09,4.63,0.00, 0.00
2.09,4.53,0.00, 0.00
2.09,4.47,0.00, 0.00
2.09,4.38,0.00, 0.00
2.09,4.33,0.00, 0.00
2.09,4.26,0.00, 0.00
2.09,4.20,0.00, 0.00
2.09,4.17,0.00, 0.00
2.09,4.14,0.00, 0.00
2.09,4.11,0.00, 0.00
2.09,4.05,0.00, 0.00
2.07,4.01,0.00, 0.00
2.09,3.99,0.29, 0.00
2.09,3.96,0.21, 0.00
2.09,3.95,0.15, 0.00
2.09,3.89,0.10, 0.00
2.09,3.83,0.07, 0.00
2.09,3.80,0.05, 0.00
2.09,3.76,0.04, 0.00
2.09,3.71,0.03, 0.00
2.09,3.65,0.02, 0.00
2.09,3.61,0.01, 0.00
2.09,3.61,0.01, 0.00
2.09,3.55,0.01, 0.00
2.09,3.51,0.01, 0.00
2.09,3.46,0.00, 0.00
2.09,3.40,0.00, 0.00
2.09,3.35,0.00, 0.00
2.09,3.32,0.00, 0.00
2.09,3.24,0.00, 0.00
2.09,3.22,0.00, 0.00
2.09,3.17,0.00, 0.00
2.09,3.15,0.00, 0.00
2.09,3.11,0.00, 0.00
2.09,3.09,0.00, 0.00
2.09,3.06,0.00, 0.00
2.09,3.04,0.00, 0.00
2.09,3.01,0.00, 0.00
2.09,2.99,0.00, 0.00
2.09,2.96,0.00, 0.00
2.09,2.93,0.00, 0.00
2.09,2.88,0.00, 0.00
2.09,2.85,0.00, 0.00
2.09,2.80,0.00, 0.00
2.09,2.76,0.00, 0.00
2.09,2.70,0.00, 0.00
2.09,2.62,0.00, 0.00
2.09,2.59,0.00, 0.00
2.09,2.59,0.00, 0.00
2.09,2.59,0.00, 0.00
2.09,2.52,0.00, 0.00
2.09,2.48,0.00, 0.00
1.77,2.42,0.00, 0.00
1.06,2.35,0.00, 0.00
2.04,2.24,14.13, 0.00
2.07,2.18,10.49, 0.00
1.62,2.10,0.97, 0.00
1.66,2.05,1.27, 0.00
1.66,2.05,1.27, 0.00
1.86,1.97,3.79, 0.00
1.62,1.92,0.00, 0.00
1.55,1.84,0.00, 0.00
1.68,1.78,1.87, 0.00
1.50,1.71,0.00, 0.00
1.55,1.63,0.72, 0.00
1.37,1.54,0.00, 0.00
1.28,1.46,0.00, 0.00
1.19,1.36,0.00, 0.00
1.08,1.26,0.00, 0.00
0.94,1.18,0.00, 0.00
0.83,1.09,0.00, 0.00
0.74,1.00,0.00, 0.00
0.63,0.93,0.00, 0.00
0.54,0.82,0.00, 0.00
0.50,0.75,0.00, 0.00
0.45,0.67,0.00, 0.00
0.41,0.62,0.00, 0.00
0.38,0.54,0.00, 0.00
0.32,0.48,0.00, 0.00
0.32,0.48,0.00, 0.00
0.27,0.42,0.00, 0.00
0.20,0.36,0.00, 0.00
0.14,0.34,0.00, 0.00
0.09,0.27,0.00, 0.00
0.05,0.22,0.00, 0.00
0.00,0.20,0.00, 0.00
0.00,0.17,0.00, 0.00
0.00,0.13,0.00, 0.00
0.00,0.12,0.00, 0.00
0.00,0.12,0.00, 0.00
0.00,0.09,0.00, 0.00
0.00,0.09,0.00, 0.00
0.00,0.09,0.00, 0.00
0.00,0.09,0.00, 0.00
0.00,0.08,0.00, 0.00
0.00,0.08,0.00, 0.00
0.00,0.06,0.00, 0.00
0.00,0.06,0.00, 0.00
0.00,0.06,0.00, 0.00
0.00,0.05,0.00, 0.00
0.00,0.06,0.00, 0.08
0.00,0.06,0.00, 0.08
0.00,0.05,0.00, 0.00
0.00,0.05,0.00, 0.00
0.00,0.04,0.00, 0.00
0.00,0.05,0.00, 0.08
0.00,0.05,0.00, 0.08
0.00,0.05,0.00, 0.08
0.00,0.04,0.00, 0.00
0.00,0.04,0.00, 0.00
0.00,0.04,0.00, 0.00
0.00,0.04,0.00, 0.00
0.00,0.05,0.00, 0.08
0.00,0.04,0.00, 0.00
0.00,0.05,0.00, 0.08
0.00,0.04,0.00, 0.00
0.00,0.04,0.00, 0.00
0.00,0.04,0.00, 0.00
0.00,0.04,0.00, 0.00
0.00,0.04,0.00, 0.00
0.00,0.05,0.00, 0.08
0.00,0.04,0.00, 0.00
0.00,0.05,0.00, 0.08
0.00,0.05,0.00, 0.08
0.00,0.05,0.00, 0.07
0.00,0.04,0.00, 0.00
0.00,0.05,0.00, 0.08
0.00,0.04,0.00, 0.00
0.00,0.04,0.00, 0.00
0.00,0.04,0.00, 0.00
0.00,0.04,0.00, 0.00
0.00,0.06,0.00, 0.25
0.07,0.11,1.01, 0.58
0.07,0.14,0.72, 0.73
0.07,0.14,0.72, 0.73
0.09,0.17,0.80, 0.86
0.11,0.21,0.86, 1.04
0.11,0.25,0.61, 1.16
0.09,0.31,0.15, 1.54
0.14,0.40,0.82, 1.99
0.25,0.52,2.17, 2.69
0.38,0.65,3.42, 3.32
0.59,0.83,5.46, 4.21
0.76,1.03,6.34, 5.16
0.97,1.22,7.54, 5.88
1.12,1.48,7.53, 7.01
1.21,1.75,6.65, 8.12
1.30,2.04,6.03, 9.17
1.37,2.33,5.30, 10.00
1.30,2.70,2.76, 11.44
1.62,3.08,6.58, 12.69
1.62,3.08,6.58, 12.69
1.75,3.45,6.56, 13.68
1.84,3.76,5.96, 13.90
1.95,4.06,5.83, 14.08
2.02,4.42,5.16, 14.77
2.11,4.81,4.97, 15.55
2.13,5.16,3.82, 15.87
2.11,5.44,2.43, 15.52
2.09,5.67,1.44, 14.90
2.09,5.85,1.03, 13.93
2.09,5.99,0.73, 12.83
2.09,6.07,0.52, 11.38
2.09,6.18,0.37, 10.37
2.09,6.28,0.26, 9.53
2.09,6.39,0.19, 8.86
2.09,6.51,0.13, 8.35
2.09,6.61,0.09, 7.80
2.09,6.66,0.07, 6.93
2.09,6.68,0.05, 5.99
2.09,6.69,0.03, 5.05
2.09,6.72,0.02, 4.46
2.09,6.75,0.02, 3.98
2.09,6.75,0.02, 3.98
2.09,6.81,0.01, 3.78
2.09,6.88,0.01, 3.73
2.09,6.95,0.01, 3.73
2.09,7.06,0.00, 3.98
2.09,7.12,0.00, 3.90
2.09,7.18,0.00, 3.67
2.09,7.19,0.00, 3.19
2.09,7.19,0.00, 2.67
2.09,7.17,0.00, 2.06
2.09,7.17,0.00, 2.06
2.09,7.17,0.00, 2.06
2.09,7.14,0.00, 1.44
2.09,7.07,0.00, 0.71
2.09,7.02,0.00, 0.10
2.09,6.92,0.00, 0.00
2.09,6.86,0.00, 0.00
2.09,6.76,0.00, 0.00
2.09,6.65,0.00, 0.00
2.09,6.53,0.00, 0.00
2.09,6.41,0.00, 0.00
2.09,6.27,0.00, 0.00
2.09,6.27,0.00, 0.00
2.09,6.14,0.00, 0.00
2.09,5.99,0.00, 0.00
2.09,5.86,0.00, 0.00
2.09,5.73,0.00, 0.00
2.09,5.60,0.00, 0.00
2.09,5.44,0.00, 0.00
2.09,5.32,0.00, 0.00
2.09,5.17,0.00, 0.00
2.09,5.06,0.00, 0.00
2.09,4.98,0.00, 0.00
2.09,4.89,0.00, 0.00
2.09,4.89,0.00, 0.00
2.09,4.89,0.00, 0.00
2.09,4.77,0.00, 0.00
2.09,4.70,0.00, 0.00
2.09,4.61,0.00, 0.00
2.09,4.52,0.00, 0.00
2.09,4.46,0.00, 0.00
2.07,4.40,0.00, 0.00
2.09,4.31,0.29, 0.00
2.09,4.24,0.21, 0.00
2.09,4.14,0.15, 0.00
2.09,4.05,0.10, 0.00
2.09,3.97,0.07, 0.00
2.09,3.87,0.05, 0.00
2.09,3.78,0.04, 0.00
2.09,3.67,0.03, 0.00
2.09,3.59,0.02, 0.00
2.09,3.52,0.01, 0.00
2.09,3.41,0.01, 0.00
2.09,3.32,0.01, 0.00
2.09,3.24,0.00, 0.00
2.09,3.14,0.00, 0.00
2.09,3.05,0.00, 0.00
2.09,3.05,0.00, 0.00
2.09,2.96,0.00, 0.00
2.09,2.88,0.00, 0.00
2.09,2.80,0.00, 0.00
2.09,2.74,0.00, 0.00
2.09,2.66,0.00, 0.00
2.09,2.60,0.00, 0.00
2.09,2.51,0.00, 0.00
2.09,2.46,0.00, 0.00
2.09,2.38,0.00, 0.00
2.09,2.32,0.00, 0.00
2.09,2.26,0.00, 0.00
2.09,2.22,0.00, 0.00
2.09,2.22,0.00, 0.00
2.09,2.18,0.00, 0.00
2.09,2.13,0.00, 0.00
2.09,2.12,0.00, 0.00
2.07,2.07,0.00, 0.00
0.00,1.98,0.00, 0.00
1.62,1.94,23.36, 0.00
1.82,1.90,19.51, 0.00
1.12,1.88,3.79, 0.00
2.02,1.88,15.67, 0.00
1.80,1.86,7.98, 0.00
1.80,1.86,7.98, 0.00
1.68,1.83,3.95, 0.00
1.80,1.80,4.54, 0.00
1.62,1.80,0.64, 0.00
1.77,1.79,2.61, 0.00
1.77,1.78,1.86, 0.00
1.75,1.74,1.04, 0.00
1.71,1.72,0.16, 0.00
1.71,1.69,0.11, 0.00
1.57,1.64,0.00, 0.00
1.48,1.59,0.00, 0.00
1.48,1.59,0.00, 0.00
1.33,1.53,0.00, 0.00
1.35,1.47,0.29, 0.00
1.10,1.39,0.00, 0.00
1.06,1.32,0.00, 0.00
0.92,1.25,0.00, 0.00
0.85,1.14,0.00, 0.00
0.76,1.06,0.00, 0.00
0.67,0.97,0.00, 0.00
0.59,0.88,0.00, 0.00
0.52,0.79,0.00, 0.00
0.45,0.71,0.00, 0.00
0.41,0.63,0.00, 0.00
0.38,0.56,0.00, 0.00
0.36,0.51,0.00, 0.00
0.34,0.45,0.00, 0.00
0.32,0.39,0.00, 0.00
0.29,0.35,0.00, 0.00
0.27,0.31,0.00, 0.00
0.23,0.26,0.00, 0.00
0.18,0.22,0.00, 0.00
0.16,0.20,0.00, 0.00
0.14,0.16,0.00, 0.00
0.11,0.14,0.00, 0.00
0.09,0.11,0.00, 0.00
0.09,0.07,0.00, 0.00
0.00,0.08,0.00, 0.08
0.00,0.05,0.00, 0.00
0.00,0.05,0.00, 0.00
0.00,0.04,0.00, 0.00
0.00,0.05,0.00, 0.08
0.00,0.04,0.00, 0.00
0.00,0.05,0.00, 0.08
0.00,0.04,0.00, 0.00
0.02,0.05,0.29, 0.08
0.00,0.04,0.00, 0.00
0.00,0.04,0.00, 0.00
0.00,0.04,0.00, 0.00
0.00,0.04,0.00, 0.00
0.02,0.04,0.29, 0.00
0.00,0.05,0.00, 0.16
0.00,0.04,0.00, 0.00
0.00,0.05,0.00, 0.08
0.00,0.04,0.00, 0.00
0.00,0.04,0.00, 0.00
0.00,0.04,0.00, 0.00
0.00,0.05,0.00, 0.08
0.00,0.04,0.00, 0.00
0.00,0.04,0.00, 0.00
0.00,0.04,0.00, 0.00
0.00,0.04,0.00, 0.00
0.00,0.05,0.00, 0.08
0.00,0.04,0.00, 0.00
0.00,0.04,0.00, 0.00
0.00,0.05,0.00, 0.08
0.00,0.04,0.00, 0.00
0.00,0.05,0.00, 0.08
0.00,0.04,0.00, 0.00
0.00,0.04,0.00, 0.00
0.00,0.04,0.00, 0.00
0.00,0.04,0.00, 0.00
0.00,0.04,0.00, 0.00
0.00,0.05,0.00, 0.08
0.00,0.04,0.00, 0.00
0.00,0.04,0.00, 0.00
0.00,0.05,0.00, 0.08
0.00,0.04,0.00, 0.00
0.00,0.04,0.00, 0.00
0.00,0.05,0.00, 0.08
0.00,0.04,0.00, 0.00
0.00,0.04,0.00, 0.00
0.00,0.05,0.00, 0.08
0.00,0.04,0.00, 0.00
0.00,0.05,0.00, 0.16
0.00,0.06,0.00, 0.18
0.02,0.06,0.29, 0.15
0.02,0.08,0.21, 0.29
0.00,0.08,0.00, 0.24
0.02,0.07,0.29, 0.12
0.02,0.08,0.21, 0.18
0.02,0.07,0.15, 0.07
0.02,0.07,0.10, 0.06
0.00,0.08,0.00, 0.13
0.00,0.08,0.00, 0.11
0.00,0.07,0.00, 0.01
0.00,0.07,0.00, 0.01
0.00,0.08,0.00, 0.09
0.00,0.08,0.00, 0.07
0.00,0.07,0.00, 0.00
0.00,0.07,0.00, 0.00
0.00,0.08,0.00, 0.08
0.02,0.07,0.29, 0.00
0.02,0.07,0.21, 0.00
0.00,0.06,0.00, 0.00
0.00,0.06,0.00, 0.00
0.00,0.06,0.00, 0.00
0.00,0.09,0.00, 0.25
0.00,0.09,0.00, 0.21
0.00,0.08,0.00, 0.09
0.00,0.11,0.00, 0.32
0.00,0.14,0.00, 0.52
0.00,0.19,0.00, 0.80
0.02,0.23,0.29, 1.08
0.07,0.31,0.93, 1.56
0.09,0.41,0.95, 2.13
0.11,0.53,0.96, 2.76
0.16,0.68,1.41, 3.54
0.20,0.87,1.58, 4.44
0.27,1.05,2.13, 5.27
0.41,1.29,3.54, 6.34
0.59,1.51,5.11, 7.15
0.81,1.77,6.81, 8.11
0.99,2.04,7.44, 8.96
1.06,2.33,6.30, 9.83
1.12,2.65,5.35, 10.92
1.24,3.07,5.54, 12.50
1.26,3.52,4.23, 14.15
1.37,3.97,4.60, 15.56
1.46,4.41,4.57, 16.66
1.59,4.81,5.13, 17.17
1.71,5.20,5.38, 17.59
1.89,5.59,6.42, 17.83
2.04,5.99,6.73, 18.22
2.11,6.39,5.80, 18.56
2.13,6.77,4.42, 18.63
2.11,7.11,2.85, 18.36
2.11,7.11,2.85, 18.36
2.09,7.45,1.74, 18.10
2.09,7.74,1.24, 17.51
2.09,7.99,0.88, 16.72
2.09,8.20,0.63, 15.66
2.09,8.37,0.45, 14.48
2.09,8.48,0.32, 13.00
2.09,8.57,0.23, 11.56
2.09,8.60,0.16, 9.99
2.09,8.62,0.11, 8.47
2.09,8.62,0.11, 8.47
2.09,8.61,0.08, 6.99
2.09,8.57,0.06, 5.47
2.09,8.53,0.04, 4.28
2.09,8.45,0.03, 2.92
2.09,8.32,0.02, 1.37
2.09,8.16,0.01, 0.00
2.09,8.16,0.01, 0.00
2.07,8.02,0.00, 0.00
2.09,7.87,0.29, 0.00
2.09,7.68,0.21, 0.00
2.09,7.49,0.15, 0.00
2.09,7.29,0.10, 0.00
2.09,7.07,0.07, 0.00
2.09,6.89,0.05, 0.00
2.09,6.72,0.04, 0.00
2.09,6.55,0.03, 0.00
2.09,6.40,0.02, 0.00
2.09,6.40,0.02, 0.00
2.09,6.25,0.01, 0.00
2.09,6.07,0.01, 0.00
2.09,5.91,0.01, 0.00
2.09,5.72,0.00, 0.00
2.09,5.53,0.00, 0.00
2.09,5.36,0.00, 0.00
2.09,5.15,0.00, 0.00
2.09,4.96,0.00, 0.00
2.09,4.80,0.00, 0.00
2.09,4.64,0.00, 0.00
2.09,4.64,0.00, 0.00
2.09,4.47,0.00, 0.00
2.09,4.32,0.00, 0.00
2.09,4.17,0.00, 0.00
2.09,4.02,0.00, 0.00
2.09,3.87,0.00, 0.00
2.09,3.74,0.00, 0.00
2.09,3.63,0.00, 0.00
2.09,3.53,0.00, 0.00
2.07,3.41,0.00, 0.00
2.09,3.32,0.29, 0.00
2.09,3.22,0.21, 0.00
2.00,3.11,0.00, 0.00
2.00,3.11,0.00, 0.00
1.50,2.98,0.00, 0.00
2.07,2.88,8.22, 0.00
1.80,2.80,1.96, 0.00
2.09,2.69,5.57, 0.00
2.09,2.58,3.97, 0.00
1.93,2.49,0.51, 0.00
2.02,2.37,1.66, 0.00
1.84,2.24,0.00, 0.00
1.84,2.13,0.00, 0.00
1.84,2.01,0.00, 0.00
1.75,1.88,0.00, 0.00
1.12,1.76,0.00, 0.00
1.84,1.62,10.38, 0.00
1.30,1.52,0.00, 0.00
1.30,1.52,0.00, 0.00
1.37,1.38,1.01, 0.00
1.17,1.25,0.00, 0.00
0.88,1.15,0.00, 0.00
0.56,0.99,0.00, 0.00
1.12,0.91,8.08, 0.00
0.56,0.82,0.00, 0.00
1.03,0.74,6.78, 0.00
0.63,0.69,0.00, 0.00
0.85,0.62,3.17, 0.00
0.63,0.56,0.00, 0.00
0.67,0.49,0.58, 0.00
0.52,0.45,0.00, 0.00
0.56,0.41,0.58, 0.00
0.45,0.36,0.00, 0.00
0.45,0.31,0.00, 0.00
0.41,0.28,0.00, 0.00
0.36,0.23,0.00, 0.00
0.32,0.19,0.00, 0.00
0.27,0.16,0.00, 0.00
0.27,0.16,0.00, 0.00
0.25,0.14,0.00, 0.00
0.09,0.11,0.00, 0.00
0.09,0.09,0.00, 0.00
0.05,0.06,0.00, 0.00
0.11,0.04,0.87, 0.00
0.00,0.05,0.00, 0.08
0.02,0.04,0.29, 0.00
0.00,0.04,0.00, 0.00
0.02,0.05,0.29, 0.08
0.00,0.05,0.00, 0.07
0.00,0.05,0.00, 0.07
0.02,0.05,0.29, 0.06
0.00,0.04,0.00, 0.00
0.00,0.05,0.00, 0.08
0.00,0.04,0.00, 0.00
0.00,0.04,0.00, 0.00
0.00,0.04,0.00, 0.00
0.00,0.04,0.00, 0.00
0.00,0.04,0.00, 0.00
0.00,0.04,0.00, 0.00
0.00,0.05,0.00, 0.08
0.00,0.05,0.00, 0.08
0.00,0.04,0.00, 0.00
0.00,0.05,0.00, 0.08
0.00,0.05,0.00, 0.07
0.00,0.04,0.00, 0.00
0.00,0.04,0.00, 0.00
0.00,0.05,0.00, 0.16
0.00,0.04,0.00, 0.00
0.00,0.05,0.00, 0.08
0.00,0.05,0.00, 0.07
0.00,0.04,0.00, 0.00
0.00,0.04,0.00, 0.00
0.00,0.05,0.00, 0.08
0.00,0.04,0.00, 0.00
0.00,0.04,0.00, 0.00
0.00,0.04,0.00, 0.00
0.00,0.05,0.00, 0.08
0.00,0.05,0.00, 0.15
0.00,0.04,0.00, 0.00
0.00,0.05,0.00, 0.16
0.00,0.09,0.00, 0.43
0.05,0.12,0.72, 0.64
0.00,0.14,0.00, 0.66
0.02,0.17,0.29, 0.80
0.02,0.17,0.29, 0.80
0.02,0.20,0.21, 0.96
0.07,0.28,0.87, 1.37
0.11,0.37,1.19, 1.93
0.25,0.52,2.87, 2.85
0.36,0.70,3.63, 3.86
0.52,0.91,4.89, 4.95
0.61,1.15,4.78, 6.11
0.76,1.43,5.56, 7.41
0.74,1.73,3.67, 8.62
0.90,2.04,4.92, 9.75
1.06,2.38,5.81, 10.98
1.28,2.76,7.30, 12.30
1.50,3.13,8.37, 13.32
1.68,3.49,8.55, 14.09
1.91,3.89,9.40, 15.11
2.00,4.23,7.99, 15.38
2.11,4.60,7.27, 15.89
2.13,4.91,5.46, 15.83
2.13,4.91,5.46, 15.83
2.13,5.30,3.89, 16.43
2.11,5.67,2.48, 16.77
2.09,6.02,1.47, 16.85
2.09,6.36,1.05, 16.96
2.09,6.66,0.75, 16.63
2.09,6.94,0.53, 16.16
2.09,7.16,0.38, 15.31
2.07,7.33,0.00, 14.19
2.09,7.48,0.29, 13.05
2.09,7.60,0.21, 11.93
2.09,7.60,0.21, 11.93
2.09,7.69,0.15, 10.67
2.09,7.73,0.10, 9.32
2.09,7.72,0.07, 7.71
2.09,7.68,0.05, 6.11
2.09,7.57,0.04, 4.16
2.09,7.44,0.03, 2.40
2.09,7.28,0.02, 0.65
2.09,7.07,0.01, 0.00
2.09,6.85,0.01, 0.00
2.09,6.60,0.01, 0.00
2.09,6.35,0.00, 0.00
2.09,6.11,0.00, 0.00
2.07,5.90,0.00, 0.00
2.09,5.74,0.29, 0.00
2.09,5.57,0.21, 0.00
2.09,5.44,0.15, 0.00
2.09,5.44,0.15, 0.00
2.09,5.31,0.10, 0.00
2.09,5.18,0.07, 0.00
2.07,5.10,0.00, 0.00
2.09,4.99,0.29, 0.00
2.09,4.87,0.21, 0.00
2.09,4.87,0.21, 0.00
2.09,4.74,0.15, 0.00
2.07,4.64,0.00, 0.00
2.09,4.52,0.29, 0.00
2.09,4.40,0.21, 0.00
2.09,4.28,0.15, 0.00
2.09,4.19,0.10, 0.00
2.07,4.09,0.00, 0.00
2.09,3.97,0.29, 0.00
2.09,3.87,0.21, 0.00
2.09,3.78,0.15, 0.00
2.09,3.69,0.10, 0.00
2.09,3.62,0.07, 0.00
2.09,3.57,0.05, 0.00
2.09,3.49,0.04, 0.00
2.09,3.42,0.03, 0.00
2.09,3.34,0.02, 0.00
2.09,3.26,0.01, 0.00
2.09,3.17,0.01, 0.00
2.09,3.17,0.01, 0.00
2.09,3.07,0.01, 0.00
2.09,2.99,0.00, 0.00
2.09,2.99,0.00, 0.00
2.09,2.90,0.00, 0.00
2.09,2.82,0.00, 0.00
2.09,2.75,0.00, 0.00
2.09,2.66,0.00, 0.00
2.09,2.58,0.00, 0.00
2.09,2.57,0.00, 0.00
2.09,2.44,0.00, 0.00
2.09,2.35,0.00, 0.00
2.09,2.26,0.00, 0.00
2.09,2.18,0.00, 0.00
2.07,2.11,0.00, 0.00
2.09,2.00,0.29, 0.00
2.07,1.92,0.00, 0.00
2.07,1.83,0.00, 0.00
0.00,1.71,0.00, 0.00
1.86,1.57,26.82, 0.00
2.20,1.45,23.99, 0.00
1.64,1.36,9.00, 0.00
0.18,1.25,0.00, 0.00
1.64,1.17,21.05, 0.00
0.70,1.10,1.43, 0.00
1.35,1.03,10.39, 0.00
0.88,0.98,0.61, 0.00
1.10,0.94,3.61, 0.00
1.03,0.88,1.56, 0.00
0.92,0.81,0.00, 0.00
0.83,0.75,0.00, 0.00
0.81,0.67,0.00, 0.00
0.74,0.60,0.00, 0.00
0.63,0.54,0.00, 0.00
0.56,0.48,0.00, 0.00
0.54,0.41,0.00, 0.00
0.45,0.36,0.00, 0.00
0.41,0.29,0.00, 0.00
0.38,0.25,0.00, 0.00
0.34,0.20,0.00, 0.00
0.27,0.17,0.00, 0.00
0.27,0.14,0.00, 0.00
0.29,0.11,0.29, 0.00
0.18,0.09,0.00, 0.00
0.00,0.06,0.00, 0.00
0.00,0.05,0.00, 0.00
0.00,0.05,0.00, 0.00
0.05,0.05,0.72, 0.00
0.05,0.04,0.51, 0.00
0.00,0.05,0.00, 0.16
0.00,0.04,0.00, 0.00
0.00,0.04,0.00, 0.00
0.00,0.05,0.00, 0.16
0.02,0.05,0.29, 0.06
0.00,0.05,0.00, 0.05
0.00,0.01,0.00, 0.00
0.00,0.03,0.00, 0.16
0.00,0.04,0.00, 0.18
0.00,0.04,0.00, 0.15
0.00,0.04,0.00, 0.12
0.00,0.04,0.00, 0.10
0.00,0.04,0.00, 0.09
0.00,0.04,0.00, 0.07
0.00,0.04,0.00, 0.06
0.00,0.04,0.00, 0.05
0.00,0.05,0.00, 0.12
0.00,0.05,0.00, 0.12
0.00,0.04,0.00, 0.02
0.00,0.04,0.00, 0.02
0.00,0.04,0.00, 0.02
0.00,0.05,0.00, 0.10
0.00,0.06,0.00, 0.20
0.00,0.07,0.00, 0.25
0.00,0.06,0.00, 0.13
0.00,0.03,0.00, 0.00
0.00,0.06,0.00, 0.33
0.02,0.09,0.29, 0.48
0.05,0.11,0.64, 0.52
0.05,0.12,0.45, 0.60
0.07,0.14,0.61, 0.63
0.14,0.16,1.44, 0.69
0.14,0.20,1.03, 0.95
0.18,0.28,1.31, 1.37
0.23,0.34,1.65, 1.72
0.32,0.44,2.47, 2.26
0.38,0.55,2.63, 2.75
0.54,0.70,4.18, 3.53
0.72,0.88,5.57, 4.39
0.85,1.05,5.84, 5.15
1.08,1.26,7.47, 6.03
1.19,1.48,6.90, 6.81
1.21,1.69,5.20, 7.45
1.30,1.92,5.00, 8.08
1.35,2.21,4.28, 9.14
1.55,2.55,5.93, 10.39
1.55,2.55,5.93, 10.39
1.66,2.94,5.80, 11.93
1.84,3.32,6.73, 13.09
2.07,3.69,8.10, 13.98
2.11,4.05,6.34, 14.60
2.13,4.32,4.80, 14.46
2.11,4.53,3.13, 13.85
2.09,4.70,1.94, 12.93
2.09,4.78,1.38, 11.42
2.09,4.81,0.98, 9.83
2.09,4.84,0.70, 8.46
2.09,4.84,0.70, 8.46
2.09,4.84,0.50, 7.07
2.09,4.82,0.35, 5.74
2.07,4.77,0.00, 4.38
2.09,4.68,0.29, 2.92
2.09,4.59,0.21, 1.66
2.09,4.47,0.15, 0.44
2.09,4.30,0.10, 0.00
2.09,4.14,0.07, 0.00
2.09,3.98,0.05, 0.00
2.09,3.80,0.04, 0.00
2.09,3.80,0.04, 0.00
2.09,3.69,0.03, 0.00
2.09,3.57,0.02, 0.00
2.09,3.43,0.01, 0.00
2.09,3.33,0.01, 0.00
2.09,3.23,0.01, 0.00
2.09,3.13,0.00, 0.00
2.09,3.03,0.00, 0.00
2.09,2.93,0.00, 0.00
2.09,2.81,0.00, 0.00
2.09,2.74,0.00, 0.00
2.09,2.74,0.00, 0.00
2.09,2.61,0.00, 0.00
2.09,2.53,0.00, 0.00
2.09,2.41,0.00, 0.00
2.09,2.30,0.00, 0.00
2.09,2.20,0.00, 0.00
2.09,2.10,0.00, 0.00
0.94,1.95,0.00, 0.00
0.94,1.81,0.00, 0.00
1.84,1.65,12.98, 0.00
0.65,1.53,0.00, 0.00
1.84,1.42,17.16, 0.00
1.37,1.29,5.43, 0.00
1.37,1.29,5.43, 0.00
1.41,1.14,4.44, 0.00
1.33,1.00,2.01, 0.00
0.00,0.90,0.00, 0.00
1.84,0.73,26.53, 0.00
0.11,0.65,0.00, 0.00
1.35,0.54,17.88, 0.00
0.25,0.44,0.00, 0.00
0.76,0.34,7.35, 0.00
0.09,0.25,0.00, 0.00
0.34,0.19,3.61, 0.00
0.02,0.16,0.00, 0.00
0.18,0.12,2.31, 0.00
0.18,0.12,2.31, 0.00
0.00,0.06,0.00, 0.00
0.07,0.06,1.01, 0.00
0.00,0.06,0.00, 0.00
0.00,0.05,0.00, 0.00
0.00,0.05,0.00, 0.00
0.00,0.05,0.00, 0.00
0.00,0.04,0.00, 0.00
0.07,0.04,1.01, 0.00
0.00,0.05,0.00, 0.08
0.05,0.05,0.72, 0.07
0.00,0.04,0.00, 0.00
0.05,0.04,0.72, 0.00
0.00,0.04,0.00, 0.00
0.00,0.05,0.00, 0.08
0.00,0.05,0.00, 0.07
0.00,0.04,0.00, 0.00
0.00,0.05,0.00, 0.08
0.00,0.05,0.00, 0.07
0.00,0.04,0.00, 0.00
0.00,0.05,0.00, 0.08
0.00,0.04,0.00, 0.00
0.00,0.05,0.00, 0.08
0.00,0.05,0.00, 0.08
0.00,0.04,0.00, 0.00
0.00,0.05,0.00, 0.08
0.00,0.04,0.00, 0.00
0.00,0.05,0.00, 0.08
0.00,0.05,0.00, 0.07
0.00,0.05,0.00, 0.06
0.00,0.05,0.00, 0.13
0.00,0.07,0.00, 0.23
0.00,0.09,0.00, 0.36
0.09,0.11,1.30, 0.42
0.09,0.15,0.92, 0.72
0.27,0.24,3.25, 1.34
0.32,0.34,3.04, 1.91
0.43,0.50,3.75, 2.91
0.72,0.67,6.85, 3.91
0.72,0.88,4.87, 4.91
0.72,0.88,4.87, 4.91
0.92,1.07,6.35, 5.67
1.10,1.29,7.12, 6.59
1.33,1.53,8.38, 7.48
1.53,1.77,8.85, 8.22
1.71,1.99,8.89, 8.72
1.91,2.20,9.21, 8.97
2.02,2.42,8.14, 9.35
2.09,2.66,6.80, 9.74
2.11,2.87,5.13, 9.83
2.11,3.01,3.65, 9.36
2.11,3.15,2.60, 9.01
2.11,3.21,1.85, 8.02
2.11,3.21,1.85, 8.02
2.09,3.28,1.03, 7.32
2.09,3.35,0.73, 6.61
2.09,3.36,0.52, 5.65
2.09,3.40,0.37, 5.09
2.09,3.42,0.26, 4.37
2.09,3.40,0.19, 3.53
2.09,3.38,0.13, 2.78
2.09,3.37,0.09, 2.16
2.09,3.30,0.07, 1.31
2.09,3.26,0.05, 0.77
2.09,3.26,0.05, 0.77
2.09,3.20,0.03, 0.11
2.09,3.11,0.02, 0.00
2.09,3.02,0.02, 0.00
2.09,2.94,0.01, 0.00
2.09,2.86,0.01, 0.00
2.09,2.76,0.01, 0.00
2.09,2.66,0.00, 0.00
2.09,2.57,0.00, 0.00
2.09,2.49,0.00, 0.00
2.09,2.38,0.00, 0.00
2.09,2.38,0.00, 0.00
2.09,2.29,0.00, 0.00
2.09,2.18,0.00, 0.00
2.09,2.11,0.00, 0.00
2.09,1.99,0.00, 0.00
2.09,1.88,0.00, 0.00
2.09,1.78,0.00, 0.00
2.09,1.64,0.00, 0.00
2.09,1.53,0.00, 0.00
0.00,1.33,0.00, 0.00
1.89,1.22,27.25, 0.00
1.89,1.22,27.25, 0.00
1.19,1.08,9.30, 0.00
0.27,0.90,0.00, 0.00
0.32,0.86,0.72, 0.00
1.80,0.74,21.85, 0.00
0.11,0.67,0.00, 0.00
1.37,0.58,18.17, 0.00
0.07,0.50,0.00, 0.00
0.97,0.39,12.98, 0.00
0.00,0.31,0.00, 0.00
0.56,0.24,8.08, 0.00
0.00,0.18,0.00, 0.00
0.32,0.12,4.61, 0.00
0.00,0.09,0.00, 0.00
0.16,0.07,2.31, 0.00
0.16,0.07,2.31, 0.00
0.00,0.06,0.00, 0.00
0.02,0.05,0.29, 0.00
0.00,0.05,0.00, 0.00
0.07,0.05,1.01, 0.00
0.00,0.05,0.00, 0.00
0.05,0.05,0.72, 0.08
0.00,0.05,0.00, 0.00
0.02,0.05,0.29, 0.00
0.00,0.05,0.00, 0.00
0.05,0.05,0.72, 0.00
0.05,0.05,0.72, 0.00
0.00,0.04,0.00, 0.00
0.00,0.05,0.00, 0.08
0.00,0.04,0.00, 0.00
0.02,0.05,0.29, 0.08
0.00,0.04,0.00, 0.00
0.00,0.04,0.00, 0.00
0.00,0.04,0.00, 0.00
0.00,0.02,0.00, 0.00
0.00,0.04,0.00, 0.12
0.00,0.04,0.00, 0.10
0.00,0.05,0.00, 0.17
0.00,0.05,0.00, 0.22
0.00,0.05,0.00, 0.10
0.00,0.04,0.00, 0.00
0.00,0.05,0.00, 0.09
0.00,0.04,0.00, 0.00
0.00,0.04,0.00, 0.00
0.00,0.05,0.00, 0.08
0.00,0.05,0.00, 0.15
0.00,0.05,0.00, 0.04
0.00,0.04,0.00, 0.00
0.00,0.05,0.00, 0.08
0.00,0.05,0.00, 0.07
0.00,0.05,0.00, 0.06
0.00,0.06,0.00, 0.21
0.00,0.11,0.00, 0.51
0.00,0.14,0.00, 0.71
0.00,0.16,0.00, 0.76
0.02,0.21,0.29, 1.05
0.09,0.28,1.21, 1.41
0.18,0.36,2.16, 1.88
0.27,0.48,2.84, 2.51
0.27,0.48,2.84, 2.51
0.27,0.48,2.84, 2.51
0.38,0.64,3.60, 3.46
0.52,0.83,4.58, 4.45
0.70,1.00,5.86, 5.08
0.83,1.17,6.04, 5.72
1.01,1.37,6.90, 6.34
1.24,1.58,8.22, 7.03
1.44,1.75,8.74, 7.27
1.59,1.95,8.38, 7.76
1.66,2.12,6.97, 7.84
1.75,2.30,6.26, 8.07
1.71,2.42,3.88, 7.73
1.84,2.55,4.63, 7.53
1.91,2.66,4.31, 7.20
2.02,2.79,4.65, 7.08
2.07,2.88,4.03, 6.70
2.09,2.96,3.16, 6.21
2.09,3.01,2.25, 5.60
2.09,3.05,1.60, 5.01
2.11,3.09,1.43, 4.47
2.09,3.09,0.73, 3.74
2.09,3.06,0.52, 2.88
2.09,2.99,0.37, 1.91
2.09,2.93,0.26, 1.10
2.09,2.87,0.19, 0.34
2.09,2.78,0.13, 0.00
2.09,2.78,0.13, 0.00
2.09,2.71,0.09, 0.00
1.95,2.62,0.00, 0.00
1.95,2.57,0.00, 0.00
2.00,2.55,0.72, 0.00
2.00,2.53,0.51, 0.00
2.02,2.54,0.65, 0.04
2.04,2.54,0.75, 0.03
2.07,2.54,0.97, 0.03
2.07,2.51,0.69, 0.00
2.04,2.49,0.06, 0.00
2.04,2.49,0.06, 0.00
2.00,2.45,0.00, 0.00
1.98,2.38,0.00, 0.00
1.93,2.33,0.00, 0.00
1.86,2.26,0.00, 0.00
1.77,2.18,0.00, 0.00
1.75,2.09,0.00, 0.00
1.62,1.99,0.00, 0.00
1.59,1.89,0.00, 0.00
1.35,1.79,0.00, 0.00
1.35,1.64,0.00, 0.00
1.39,1.53,0.58, 0.00
1.15,1.38,0.00, 0.00
1.15,1.38,0.00, 0.00
1.10,1.25,0.00, 0.00
0.88,1.08,0.00, 0.00
0.81,0.90,0.00, 0.00
0.70,0.77,0.00, 0.00
0.65,0.63,0.00, 0.00
0.59,0.50,0.00, 0.00
0.56,0.40,0.00, 0.00
0.47,0.31,0.00, 0.00
0.45,0.22,0.00, 0.00
0.36,0.17,0.00, 0.00
0.36,0.17,0.00, 0.00
0.00,0.10,0.00, 0.00
0.09,0.09,1.30, 0.00
0.00,0.07,0.00, 0.00
0.09,0.06,1.30, 0.00
0.00,0.05,0.00, 0.00
0.16,0.05,2.31, 0.00
0.00,0.05,0.00, 0.08
0.09,0.05,1.30, 0.03
0.00,0.02,0.00, 0.00
0.07,0.05,1.01, 0.21
0.07,0.05,1.01, 0.21
0.00,0.05,0.00, 0.17
0.02,0.05,0.29, 0.14
0.00,0.05,0.00, 0.12
0.02,0.05,0.29, 0.10
0.00,0.04,0.00, 0.00
0.00,0.05,0.00, 0.08
0.00,0.05,0.00, 0.07
0.00,0.05,0.00, 0.06
0.00,0.05,0.00, 0.05
0.00,0.05,0.00, 0.04
0.00,0.05,0.00, 0.04
0.00,0.07,0.00, 0.24
0.00,0.07,0.00, 0.20
0.00,0.07,0.00, 0.17
0.00,0.07,0.00, 0.14
0.00,0.08,0.00, 0.20
0.00,0.10,0.00, 0.37
0.00,0.15,0.00, 0.68
0.29,0.30,4.18, 1.80
0.52,0.42,6.29, 2.45
0.50,0.57,4.19, 3.32
0.85,0.77,8.03, 4.42
0.65,0.97,2.83, 5.34
0.65,0.97,2.83, 5.34
1.41,1.18,12.97, 6.23
1.21,1.39,6.35, 6.89
1.53,1.58,9.13, 7.32
1.66,1.82,8.37, 8.09
1.84,2.07,8.55, 8.78
2.07,2.27,9.40, 9.02
2.09,2.47,6.98, 9.22
2.09,2.64,4.97, 9.06
2.09,2.77,3.53, 8.64
2.09,2.88,2.51, 8.08
2.09,2.95,1.79, 7.33
2.09,3.00,1.27, 6.57
2.09,3.00,1.27, 6.57
2.09,3.03,0.91, 5.70
2.09,3.01,0.64, 4.68
2.09,2.99,0.46, 3.66
2.09,2.93,0.33, 2.65
2.09,2.85,0.23, 1.47
2.09,2.77,0.17, 0.61
2.09,2.68,0.12, 0.00
2.09,2.59,0.08, 0.00
2.09,2.51,0.06, 0.00
2.09,2.43,0.04, 0.00
2.09,2.43,0.04, 0.00
2.09,2.33,0.03, 0.00
2.07,2.24,0.00, 0.00
2.09,2.16,0.29, 0.00
2.09,2.12,0.21, 0.00
2.09,2.11,0.15, 0.00
2.09,2.09,0.10, 0.00
1.86,2.09,0.00, 0.00
1.77,2.04,0.00, 0.00
1.93,2.01,2.31, 0.00
1.84,1.97,0.34, 0.00
1.84,1.97,0.34, 0.00
1.89,1.92,0.97, 0.00
1.80,1.84,0.00, 0.00
1.68,1.79,0.00, 0.00
1.10,1.71,0.00, 0.00
1.73,1.62,9.08, 0.00
1.39,1.55,1.56, 0.00
1.26,1.43,0.00, 0.00
0.76,1.31,0.00, 0.00
1.26,1.15,7.21, 0.00
0.72,1.00,0.00, 0.00
0.83,0.86,1.59, 0.00
0.59,0.74,0.00, 0.00
0.59,0.74,0.00, 0.00
0.63,0.60,0.58, 0.00
0.50,0.48,0.00, 0.00
0.47,0.35,0.00, 0.00
0.38,0.26,0.00, 0.00
0.38,0.20,0.00, 0.00
0.34,0.14,0.00, 0.00
0.18,0.09,0.00, 0.00
0.00,0.07,0.00, 0.00
0.07,0.06,1.01, 0.00
0.00,0.06,0.00, 0.00
0.09,0.05,1.30, 0.00
0.00,0.05,0.00, 0.00
0.00,0.04,0.00, 0.00
0.00,0.05,0.00, 0.16
0.00,0.05,0.00, 0.06
0.00,0.04,0.00, 0.00
0.00,0.05,0.00, 0.08
0.00,0.05,0.00, 0.07
0.00,0.05,0.00, 0.14
0.00,0.07,0.00, 0.24
0.00,0.07,0.00, 0.20
0.00,0.11,0.00, 0.54
0.05,0.19,0.72, 1.11
0.23,0.26,3.11, 1.50
0.34,0.40,3.80, 2.36
0.45,0.55,4