0.00,0.05,0.00, 2.74
0.00,0.07,0.00, 0.76
0.00,0.08,0.00, 0.50
0.00,0.09,0.00, 0.75
0.00,0.11,0.00, 0.50
0.00,0.11,0.00, 0.00
0.00,0.09,0.00, 0.00
0.00,0.13,0.00, 1.99
0.00,0.14,0.00, 0.26
0.00,0.14,0.00, 0.25
0.00,0.20,0.00, 2.74
0.00,0.19,0.00, 0.00
0.00,0.19,0.00, 0.00
0.00,0.19,0.00, 0.00
0.00,0.19,0.00, 0.00
0.00,0.18,0.00, 0.00
0.00,0.18,0.00, 0.00
0.00,0.17,0.00, 0.00
0.00,0.19,0.00, 1.00
0.00,0.19,0.00, 0.00
0.00,0.21,0.00, 1.00
0.11,0.20,5.42, 0.00
0.25,0.23,6.98, 1.74
0.40,0.26,7.49, 1.25
0.56,0.27,7.99, 0.50
0.65,0.30,4.55, 1.25
0.58,0.32,0.00, 1.25
0.51,0.32,0.00, 0.00
0.27,0.46,0.00, 6.97
0.27,0.46,0.00, 6.97
0.27,0.46,0.00, 6.97
0.27,0.46,0.00, 6.97
0.00,0.53,0.00, 3.76
0.00,0.53,0.00, 0.01
0.00,0.55,0.00, 1.00
0.27,0.62,13.30, 3.49
0.27,0.62,0.20, 0.01
0.20,0.62,0.00, 0.00
0.16,0.64,0.00, 0.75
0.11,0.64,0.00, 0.00
0.11,0.64,0.00, 0.00
0.11,0.64,0.00, 0.00
0.33,0.72,10.84, 3.99
0.42,0.77,4.59, 2.51
0.42,0.77,4.59, 2.51
0.42,0.77,4.59, 2.51
0.42,0.77,4.59, 2.51
0.42,0.77,4.59, 2.51
0.40,0.80,0.00, 1.75
0.31,0.82,0.00, 0.75
0.31,0.82,0.00, 0.75
0.22,0.81,0.00, 0.00
0.22,0.81,0.00, 0.00
0.22,0.81,0.00, 0.00
0.22,0.81,0.00, 0.00
0.22,0.81,0.00, 0.00
0.22,0.81,0.00, 0.00
0.22,0.81,0.00, 0.00
0.22,0.81,0.00, 0.00
0.22,0.81,0.00, 0.00
0.22,0.81,0.00, 0.00
0.22,0.81,0.00, 0.00
0.22,0.81,0.00, 0.00
0.22,0.81,0.00, 0.00
0.22,0.81,0.00, 0.00
0.22,0.81,0.00, 0.00
0.22,0.81,0.00, 0.00
0.22,0.81,0.00, 0.00
0.22,0.81,0.00, 0.00
0.22,0.81,0.00, 0.00
0.22,0.81,0.00, 0.00
0.22,0.81,0.00, 0.00
0.31,0.89,4.43, 4.23
0.31,0.89,4.43, 4.23
0.22,0.89,0.00, 0.02
0.22,0.89,0.00, 0.02
0.22,0.89,0.00, 0.02
0.22,0.89,0.00, 0.02
0.09,0.88,0.00, 0.00
0.00,0.06,0.00, 0.00
0.00,0.05,0.00, 0.00
0.00,0.05,0.00, 0.00
0.63,0.05,31.04, 0.00
0.00,0.06,0.00, 1.00
0.09,0.06,4.43, 0.00
0.36,0.05,13.37, 0.00
0.00,0.05,0.00, 0.00
0.00,0.05,0.00, 0.50
0.09,0.05,4.43, 0.00
0.04,0.05,0.00, 0.00
0.00,0.05,0.00, 0.00
0.00,0.05,0.00, 0.00
0.38,0.09,18.72, 2.24
0.81,0.15,21.46, 3.00
1.21,0.26,20.02, 5.74
1.37,0.38,8.18, 5.50
1.28,0.44,0.00, 3.01
0.58,2.41,0.00, 98.65
0.90,2.66,15.76, 12.82
1.21,2.96,15.50, 14.74
1.57,3.24,17.96, 14.25
1.84,3.52,13.57, 13.75
2.08,3.80,12.02, 13.75
2.44,4.03,17.91, 11.51
3.05,4.40,30.31, 18.72
3.25,4.57,10.30, 8.29
3.47,4.73,10.99, 8.25
3.97,6.05,24.79, 65.79
3.97,6.14,0.36, 4.97
3.97,6.19,0.01, 2.51
3.97,6.23,0.00, 2.00
3.97,6.27,0.00, 1.75
3.97,6.27,0.00, 0.01
3.97,6.22,0.00, 0.00
3.97,6.17,0.00, 0.00
3.97,6.17,0.00, 0.00
3.97,6.17,0.00, 0.00
3.97,6.17,0.00, 0.00
3.97,6.09,0.00, 0.00
3.97,5.98,0.00, 0.00
3.97,5.86,0.00, 0.00
3.97,5.45,0.00, 0.00
3.97,5.35,0.00, 0.00
3.97,5.30,0.00, 0.00
3.97,5.28,0.00, 0.00
3.97,5.24,0.00, 0.00
3.97,5.14,0.00, 0.00
3.97,5.07,0.00, 0.00
3.97,4.97,0.00, 0.00
3.97,4.97,0.00, 0.00
3.97,4.97,0.00, 0.00
3.97,4.84,0.00, 0.00
3.97,4.84,0.00, 0.00
3.97,4.72,0.00, 0.00
3.97,4.72,0.00, 0.00
3.99,4.60,0.99, 0.00
3.97,4.45,0.00, 0.00
3.97,4.44,0.00, 0.00
3.97,4.39,0.00, 0.00
3.97,4.39,0.00, 0.00
3.97,4.38,0.00, 0.00
3.97,4.37,0.00, 0.00
3.97,4.39,0.00, 0.75
3.97,4.39,0.00, 0.50
3.97,4.39,0.00, 0.50
3.97,4.39,0.00, 0.50
3.97,4.39,0.00, 0.50
3.97,4.39,0.00, 0.50
3.97,4.39,0.00, 0.50
3.97,4.41,0.00, 0.75
3.97,4.41,0.00, 0.75
3.97,4.41,0.00, 0.75
3.97,4.41,0.00, 0.00
3.99,4.39,0.99, 0.00
3.97,4.22,0.00, 0.00
3.97,4.11,0.00, 0.00
3.97,4.07,0.00, 0.00
3.97,4.00,0.00, 0.00
3.97,3.91,0.00, 0.00
3.97,3.88,0.00, 0.00
3.97,3.84,0.00, 0.00
3.97,3.84,0.00, 0.00
3.97,3.80,0.00, 0.00
3.97,3.80,0.00, 0.00
3.97,3.80,0.00, 0.00
3.97,3.82,0.00, 0.50
3.97,3.84,0.00, 1.25
3.97,4.15,0.00, 15.45
3.97,4.26,0.00, 5.54
3.97,4.31,0.00, 2.51
3.97,4.35,0.00, 1.75
3.97,4.30,0.00, 0.00
3.97,4.28,0.00, 0.00
3.97,4.28,0.00, 0.00
3.97,4.30,0.00, 1.25
3.97,4.32,0.00, 1.25
3.97,4.36,0.00, 1.75
3.97,4.36,0.00, 0.01
3.97,4.36,0.00, 0.00
3.97,4.32,0.00, 0.00
3.97,4.24,0.00, 0.00
3.88,4.13,0.00, 0.00
3.79,4.01,0.00, 0.00
3.79,4.01,0.00, 0.00
3.79,4.01,0.00, 0.00
3.79,4.01,0.00, 0.00
3.79,4.01,0.00, 0.00
3.79,4.01,0.00, 0.00
3.79,4.01,0.00, 0.00
3.79,4.01,0.00, 0.00
3.45,3.88,0.00, 0.00
3.45,3.88,0.00, 0.00
3.45,3.88,0.00, 0.00
2.60,3.72,0.00, 0.00
2.60,3.72,0.00, 0.00
2.60,3.72,0.00, 0.00
2.60,3.72,0.00, 0.00
2.60,3.72,0.00, 0.00
2.60,3.72,0.00, 0.00
2.60,3.72,0.00, 0.00
2.60,3.72,0.00, 0.00
2.60,3.72,0.00, 0.00
2.60,3.72,0.00, 0.00
2.60,3.72,0.00, 0.00
2.60,3.72,0.00, 0.00
2.60,3.72,0.00, 0.00
2.60,3.72,0.00, 0.00
2.60,3.72,0.00, 0.00
2.60,3.72,0.00, 0.00
2.60,3.72,0.00, 0.00
2.60,3.72,0.00, 0.00
2.60,3.72,0.00, 0.00
2.60,3.72,0.00, 0.00
2.60,3.72,0.00, 0.00
2.60,3.72,0.00, 0.00
2.60,3.72,0.00, 0.00
2.60,3.72,0.00, 0.00
2.60,3.72,0.00, 0.00
2.60,3.72,0.00, 0.00
2.60,3.72,0.00, 0.00
0.45,3.57,0.00, 0.00
0.45,3.57,0.00, 0.00
0.45,3.57,0.00, 0.00
1.01,2.11,27.59, 0.00
1.01,2.11,27.59, 0.00
1.01,2.11,27.59, 0.00
1.01,2.11,27.59, 0.00
1.01,2.11,27.59, 0.00
1.01,2.11,27.59, 0.00
0.45,1.91,0.00, 0.00
0.00,0.05,0.00, 0.00
0.00,0.05,0.00, 0.00
0.00,0.05,0.00, 0.00
0.00,0.05,0.00, 0.00
0.00,0.05,0.00, 0.00
0.00,0.05,0.00, 0.00
0.00,0.05,0.00, 0.00
0.00,0.05,0.00, 0.00
0.00,0.05,0.00, 0.50
0.00,0.08,0.00, 1.25
0.00,0.11,0.00, 1.50
0.00,0.62,0.00, 25.16
0.00,0.62,0.00, 25.16
0.00,0.62,0.00, 25.16
0.00,0.62,0.00, 25.16
0.00,0.62,0.00, 25.16
0.00,0.62,0.00, 25.16
0.00,0.62,0.00, 25.16
0.00,0.62,0.00, 25.16
0.00,0.62,0.00, 25.16
0.00,0.62,0.00, 25.16
0.00,0.62,0.00, 25.16
0.00,0.62,0.00, 25.16
0.00,0.62,0.00, 25.16
0.00,0.62,0.00, 25.16
0.00,0.62,0.00, 25.16
0.00,0.62,0.00, 25.16
0.00,0.62,0.00, 25.16
0.00,0.62,0.00, 25.16
0.00,0.62,0.00, 25.16
0.00,0.62,0.00, 25.16
0.00,0.62,0.00, 25.16
0.00,0.62,0.00, 25.16
0.00,0.62,0.00, 25.16
0.00,0.62,0.00, 25.16
0.00,0.62,0.00, 25.16
0.00,0.76,0.00, 7.32
0.00,0.76,0.00, 7.32
0.00,0.76,0.00, 7.32
0.00,0.76,0.00, 7.32
0.00,0.76,0.00, 7.32
0.00,0.96,0.00, 9.99
0.00,0.96,0.00, 9.99
0.00,1.17,0.00, 10.50
0.00,1.17,0.00, 10.50
3.97,4.23,195.58, 152.48
3.97,4.23,195.58, 152.48
3.97,4.23,195.58, 152.48
3.97,4.44,2.88, 11.02
3.97,4.56,0.04, 5.77
3.97,5.07,0.00, 25.93
3.97,5.29,0.00, 10.81
3.97,5.53,0.00, 11.75
3.97,5.53,0.00, 11.75
3.97,5.67,0.00, 7.27
3.97,5.80,0.00, 6.75
3.97,6.11,0.00, 15.47
3.97,6.23,0.00, 5.54
3.97,6.28,0.00, 3.01
3.97,6.35,0.00, 3.00
3.97,6.35,0.00, 3.00
3.97,6.38,0.00, 1.51
3.97,6.34,0.00, 0.00
3.97,6.26,0.00, 0.00
3.97,6.22,0.00, 0.00
3.97,6.19,0.00, 0.00
3.97,6.18,0.00, 0.00
3.97,6.18,0.00, 0.00
3.97,6.14,0.00, 0.00
3.97,6.11,0.00, 0.00
3.97,6.09,0.00, 0.00
3.97,6.03,0.00, 0.00
3.99,5.97,0.99, 0.00
3.97,5.90,0.00, 0.00
3.97,5.80,0.00, 0.00
3.97,5.68,0.00, 0.00
3.97,5.54,0.00, 0.00
3.97,5.41,0.00, 0.00
3.97,5.29,0.00, 0.00
3.99,5.18,0.99, 0.00
3.99,5.18,0.99, 0.00
3.97,5.13,0.00, 0.00
3.97,5.10,0.00, 0.00
3.99,5.09,0.99, 0.00
3.97,5.10,0.00, 0.50
3.97,5.14,0.00, 1.75
3.97,5.17,0.00, 1.75
3.99,5.24,0.99, 3.49
3.99,5.35,0.01, 5.74
3.97,5.49,0.00, 6.50
3.97,5.62,0.00, 7.00
3.97,5.81,0.00, 9.24
3.95,5.96,0.00, 7.51
3.95,5.96,0.00, 7.51
3.95,5.96,0.00, 7.51
3.95,5.96,0.00, 7.51
3.97,6.11,0.99, 7.75
3.97,6.23,0.01, 5.51
3.97,6.23,0.01, 5.51
3.97,6.34,0.00, 5.75
3.97,6.80,0.00, 22.69
3.95,6.88,0.00, 4.32
3.97,6.97,0.99, 4.50
3.97,6.97,0.01, 0.02
3.97,6.97,0.01, 0.02
3.97,6.97,0.01, 0.02
3.97,6.97,0.01, 0.02
3.97,6.93,0.00, 0.00
3.97,6.93,0.00, 0.00
3.97,6.93,0.00, 0.00
3.97,6.93,0.00, 0.00
3.97,6.93,0.00, 0.00
3.97,6.93,0.00, 0.00
3.97,6.93,0.00, 0.00
3.97,6.93,0.00, 0.00
3.97,6.93,0.00, 0.00
3.97,6.93,0.00, 0.00
3.97,6.93,0.00, 0.00
3.97,6.93,0.00, 0.00
3.97,6.93,0.00, 0.00
3.97,6.93,0.00, 0.00
3.97,6.85,0.00, 0.00
3.97,6.78,0.00, 0.00
3.97,6.78,0.00, 0.00
3.97,6.78,0.00, 0.00
3.97,6.78,0.00, 0.00
3.97,6.78,0.00, 0.00
3.95,6.47,0.00, 0.00
3.95,5.26,0.00, 0.00
3.95,5.26,0.00, 0.00
3.95,5.26,0.00, 0.00
3.95,5.26,0.00, 0.00
3.97,5.14,0.99, 0.00
3.97,5.14,0.99, 0.00
3.97,4.90,0.01, 0.00
3.97,4.90,0.01, 0.00
3.97,4.86,0.00, 0.00
3.97,4.53,0.00, 0.00
3.97,4.43,0.00, 0.00
3.97,4.43,0.00, 0.00
3.97,4.31,0.00, 0.00
3.97,4.31,0.00, 0.00
3.97,4.31,0.00, 0.00
3.97,4.31,0.00, 0.00
3.97,4.31,0.00, 0.00
3.97,4.31,0.00, 0.00
3.97,4.31,0.00, 0.00
3.97,4.31,0.00, 0.00
3.97,4.31,0.00, 0.00
3.97,4.31,0.00, 0.00
3.97,4.31,0.00, 0.00
3.97,4.31,0.00, 0.00
3.97,4.31,0.00, 0.00
3.97,4.24,0.00, 0.00
3.97,4.24,0.00, 0.00
3.97,4.24,0.00, 0.00
3.97,4.24,0.00, 0.00
3.97,4.24,0.00, 0.00
3.97,4.24,0.00, 0.00
3.97,4.24,0.00, 0.00
3.97,4.24,0.00, 0.00
3.97,4.24,0.00, 0.00
3.97,4.24,0.00, 0.00
3.97,4.24,0.00, 0.00
3.97,4.24,0.00, 0.00
3.97,4.24,0.00, 0.00
3.97,4.24,0.00, 0.00
3.97,4.16,0.00, 0.00
3.97,4.16,0.00, 0.00
3.97,3.80,0.00, 0.00
3.05,2.47,0.00, 0.00
3.05,2.47,0.00, 0.00
3.05,2.47,0.00, 0.00
3.05,2.47,0.00, 0.00
0.00,0.29,0.00, 0.00
0.00,0.29,0.00, 0.00
0.00,0.29,0.00, 0.00
0.00,0.29,0.00, 0.00
0.00,0.29,0.00, 0.00
0.00,0.29,0.00, 0.00
0.00,0.29,0.00, 0.00
0.00,0.29,0.00, 0.00
0.00,0.29,0.00, 0.00
0.00,0.29,0.00, 0.00
0.00,0.29,0.00, 0.00
0.00,0.29,0.00, 0.00
0.00,0.29,0.00, 0.00
0.00,0.29,0.00, 0.00
0.00,0.29,0.00, 0.00
0.00,0.29,0.00, 0.00
0.00,0.21,0.00, 0.00
0.00,0.17,0.00, 0.00
0.00,0.05,0.00, 0.00
0.00,0.05,0.00, 0.00
0.00,0.06,0.00, 0.75
0.00,0.06,0.00, 0.75
0.00,0.05,0.00, 0.00
0.00,0.05,0.00, 0.50
0.00,0.05,0.00, 0.00
0.00,0.06,0.00, 0.25
0.00,0.07,0.00, 0.50
0.00,0.09,0.00, 1.00
0.00,0.10,0.00, 0.75
0.00,0.10,0.00, 0.75
0.00,0.10,0.00, 0.75
0.00,0.12,0.00, 1.00
0.00,0.12,0.00, 1.00
0.00,0.12,0.00, 1.00
0.00,0.15,0.00, 1.25
0.00,0.17,0.00, 1.00
0.00,0.70,0.00, 26.66
0.00,0.70,0.00, 26.66
0.00,0.88,0.00, 9.06
0.00,1.05,0.00, 8.25
0.00,1.42,0.00, 18.71
0.00,1.71,0.00, 14.27
0.65,2.03,32.02, 15.99
0.65,2.03,32.02, 15.99
0.65,2.03,32.02, 15.99
0.99,2.35,17.22, 16.00
0.99,2.35,17.22, 16.00
0.99,2.35,17.22, 16.00
0.99,2.35,17.22, 16.00
0.99,2.35,17.22, 16.00
0.99,2.35,17.22, 16.00
0.99,2.35,17.22, 16.00
0.99,2.35,17.22, 16.00
0.99,2.35,17.22, 16.00
0.99,2.35,17.22, 16.00
0.99,2.35,17.22, 16.00
0.99,2.35,17.22, 16.00
0.99,2.35,17.22, 16.00
0.99,2.35,17.22, 16.00
0.99,2.35,17.22, 16.00
0.99,2.35,17.22, 16.00
0.96,2.68,0.00, 16.50
1.39,3.01,21.18, 16.75
2.98,3.83,78.64, 40.41
3.97,5.69,49.93, 93.06
3.97,5.78,0.73, 4.58
3.97,5.86,0.01, 4.00
3.97,5.91,0.00, 3.00
3.97,5.97,0.00, 2.50
3.97,6.01,0.00, 2.00
3.97,6.07,0.00, 3.49
3.97,6.07,0.00, 3.49
3.99,6.11,0.99, 1.76
3.97,6.14,0.00, 1.75
3.97,6.19,0.00, 2.25
3.97,6.39,0.00, 9.97
3.97,6.57,0.00, 9.25
3.97,6.80,0.00, 11.24
3.97,7.05,0.00, 12.25
3.97,7.28,0.00, 11.50
3.97,7.39,0.00, 5.77
3.97,7.39,0.00, 5.77
3.97,7.36,0.00, 0.00
3.97,7.36,0.00, 0.00
3.97,7.36,0.00, 0.00
3.97,7.36,0.00, 0.00
3.97,7.36,0.00, 0.00
3.97,7.36,0.00, 0.00
3.97,7.36,0.00, 0.00
3.97,7.36,0.00, 0.00
3.97,7.36,0.00, 0.00
3.97,7.15,0.00, 0.00
3.97,6.91,0.00, 0.00
3.97,6.91,0.00, 0.00
3.97,6.91,0.00, 0.00
3.97,6.91,0.00, 0.00
3.97,6.91,0.00, 0.00
3.97,6.45,0.00, 0.00
3.97,6.45,0.00, 0.00
3.97,6.45,0.00, 0.00
3.97,6.45,0.00, 0.00
3.97,6.45,0.00, 0.00
3.97,6.45,0.00, 0.00
3.97,6.45,0.00, 0.00
3.97,6.45,0.00, 0.00
3.97,6.45,0.00, 0.00
3.97,6.45,0.00, 0.00
3.95,4.89,0.00, 0.00
3.97,4.85,0.99, 0.00
4.01,5.32,1.99, 23.66
4.03,6.58,1.01, 62.61
3.99,6.64,0.00, 3.22
3.92,6.73,0.00, 4.25
3.97,6.76,2.46, 1.51
3.97,6.72,0.04, 0.00
3.97,6.64,0.00, 0.00
3.97,6.51,0.00, 0.00
3.97,6.38,0.00, 0.00
3.97,6.38,0.00, 0.00
3.97,6.38,0.00, 0.00
3.97,6.21,0.00, 0.00
3.97,6.21,0.00, 0.00
3.97,6.21,0.00, 0.00
3.97,6.21,0.00, 0.00
3.97,6.11,0.00, 0.00
3.97,6.00,0.00, 0.00
3.97,5.80,0.00, 0.00
3.97,5.68,0.00, 0.00
3.97,5.56,0.00, 0.00
3.97,5.42,0.00, 0.00
3.97,5.24,0.00, 0.00
3.97,5.10,0.00, 0.00
3.97,4.98,0.00, 0.00
3.97,4.86,0.00, 0.00
3.97,4.78,0.00, 0.00
3.97,4.76,0.00, 0.00
3.97,4.70,0.00, 0.00
3.97,4.62,0.00, 0.00
3.97,4.58,0.00, 0.00
3.97,4.55,0.00, 0.00
3.97,4.57,0.00, 1.00
3.97,4.61,0.00, 2.00
3.97,4.61,0.00, 0.01
3.97,4.61,0.00, 0.00
3.97,4.57,0.00, 0.00
3.97,4.44,0.00, 0.00
3.97,4.27,0.00, 0.00
3.97,4.23,0.00, 0.00
3.97,4.28,0.00, 2.74
3.97,4.34,0.00, 2.50
3.97,4.40,0.00, 3.50
3.97,4.48,0.00, 3.75
3.97,4.57,0.00, 4.75
3.97,4.62,0.00, 2.51
3.97,4.62,0.00, 0.01
3.97,4.62,0.00, 0.01
3.97,4.62,0.00, 0.01
3.97,4.62,0.00, 0.01
3.97,4.62,0.00, 0.01
3.97,4.62,0.00, 0.01
3.97,4.62,0.00, 0.01
3.95,4.55,0.00, 0.00
3.95,4.41,0.00, 0.00
3.95,4.28,0.00, 0.00
3.95,4.15,0.00, 0.00
3.97,4.10,0.99, 0.00
3.95,4.07,0.00, 0.00
3.97,4.02,0.99, 0.00
3.97,3.93,0.01, 0.00
3.97,3.82,0.00, 0.00
3.97,3.70,0.00, 0.00
3.97,3.70,0.00, 0.00
3.97,3.70,0.00, 0.00
3.97,3.70,0.00, 0.00
3.97,3.70,0.00, 0.00
3.97,3.70,0.00, 0.00
3.97,3.70,0.00, 0.00
3.97,3.70,0.00, 0.00
3.97,3.70,0.00, 0.00
3.97,3.70,0.00, 0.00
3.97,3.70,0.00, 0.00
3.97,3.57,0.00, 0.00
3.97,3.57,0.00, 0.00
3.97,3.44,0.00, 0.00
3.97,3.44,0.00, 0.00
3.97,3.44,0.00, 0.00
3.97,3.44,0.00, 0.00
3.97,3.44,0.00, 0.00
3.97,3.38,0.00, 0.00
3.47,3.17,0.00, 0.00
0.00,3.22,0.00, 2.24
3.63,2.68,178.83, 0.00
3.88,2.58,14.95, 0.00
3.97,2.44,4.65, 0.00
3.95,2.28,0.00, 0.00
3.81,2.07,0.00, 0.00
0.47,1.88,0.00, 0.00
0.00,1.62,0.00, 0.00
0.00,1.62,0.00, 0.00
0.00,1.34,0.00, 0.00
2.87,1.11,141.39, 0.00
0.00,0.80,0.00, 0.00
0.00,0.80,0.00, 0.00
0.00,0.80,0.00, 0.00
0.00,0.66,0.00, 0.00
0.00,0.66,0.00, 0.00
0.00,0.56,0.00, 0.00
0.40,0.45,19.71, 0.00
0.00,0.25,0.00, 0.00
0.00,0.20,0.00, 0.00
0.00,0.16,0.00, 0.00
0.00,0.16,0.00, 0.00
0.00,0.16,0.00, 0.00
0.00,0.13,0.00, 0.00
0.00,0.09,0.00, 0.00
0.00,0.05,0.00, 0.00
0.00,0.05,0.00, 0.25
0.00,0.05,0.00, 0.00
0.00,0.05,0.00, 0.50
0.00,0.05,0.00, 0.00
0.00,0.05,0.00, 0.00
0.00,0.05,0.00, 0.00
0.00,0.05,0.00, 0.00
0.00,0.05,0.00, 0.00
0.00,0.05,0.00, 0.00
0.00,0.05,0.00, 0.00
0.00,0.05,0.00, 0.00
0.00,0.05,0.00, 0.50
0.00,0.05,0.00, 0.50
0.00,0.05,0.00, 0.50
0.00,0.05,0.00, 0.50
0.00,0.05,0.00, 0.50
0.00,0.05,0.00, 0.50
0.00,0.05,0.00, 0.50
0.00,0.05,0.00, 0.50
0.00,0.05,0.00, 0.50
0.00,0.05,0.00, 0.50
0.00,0.05,0.00, 0.50
0.00,0.06,0.00, 0.25
0.00,0.06,0.00, 0.25
0.00,0.06,0.00, 0.25
0.00,0.05,0.00, 0.00
0.00,0.06,0.00, 0.75
0.00,0.05,0.00, 0.00
0.00,0.05,0.00, 0.00
0.00,0.05,0.00, 0.00
0.00,0.05,0.00, 0.00
0.00,0.05,0.00, 0.00
0.00,0.05,0.00, 0.00
0.00,0.05,0.00, 0.00
0.00,0.05,0.00, 0.00
0.00,0.05,0.00, 0.00
0.00,0.05,0.00, 0.00
0.00,0.05,0.00, 0.00
0.00,0.05,0.00, 0.00
0.00,0.05,0.00, 0.00
0.00,0.05,0.00, 0.00
0.00,0.06,0.00, 1.00
0.00,0.06,0.00, 1.00
0.00,0.06,0.00, 1.00
0.00,0.06,0.00, 1.00
0.00,0.05,0.00, 0.00
0.00,0.05,0.00, 0.00
0.00,0.05,0.00, 0.00
0.00,0.05,0.00, 0.00
0.00,0.05,0.00, 0.00
0.00,0.05,0.00, 0.00
0.00,0.05,0.00, 0.00
0.00,0.05,0.00, 0.50
0.00,0.11,0.00, 2.99
0.00,0.11,0.00, 2.99
0.00,0.11,0.00, 2.99
0.00,0.11,0.00, 2.99
0.00,0.54,0.00, 21.18
0.00,0.54,0.00, 21.18
0.69,2.62,33.99, 103.70
0.69,2.62,33.99, 103.70
0.69,2.62,33.99, 103.70
0.69,2.62,33.99, 103.70
0.69,2.62,33.99, 103.70
0.69,2.62,33.99, 103.70
0.69,2.62,33.99, 103.70
1.14,2.99,22.67, 18.81
1.14,2.99,22.67, 18.81
1.14,2.99,22.67, 18.81
1.14,2.99,22.67, 18.81
1.14,2.99,22.67, 18.81
1.14,2.99,22.67, 18.81
1.14,2.99,22.67, 18.81
1.14,2.99,22.67, 18.81
1.14,2.99,22.67, 18.81
1.14,2.99,22.67, 18.81
1.14,2.99,22.67, 18.81
3.41,4.41,112.16, 70.81
3.41,4.41,112.16, 70.81
3.41,4.41,112.16, 70.81
3.41,4.41,112.16, 70.81
3.41,4.41,112.16, 70.81
3.90,4.74,25.79, 16.95
3.90,4.74,25.79, 16.95
3.97,6.31,3.83, 78.03
3.97,6.01,0.06, 0.00
3.97,4.72,0.00, 0.00
3.97,4.72,0.00, 0.00
3.97,4.72,0.00, 0.00
3.97,4.59,0.00, 0.00
3.97,4.59,0.00, 0.00
3.97,4.59,0.00, 0.00
3.97,4.59,0.00, 0.00
3.97,4.59,0.00, 0.00
3.97,4.59,0.00, 0.00
3.97,4.59,0.00, 0.00
3.97,4.59,0.00, 0.00
3.97,4.59,0.00, 0.00
3.97,4.59,0.00, 0.00
3.97,4.59,0.00, 0.00
3.97,4.59,0.00, 0.00
3.97,4.59,0.00, 0.00
3.97,4.59,0.00, 0.00
3.97,4.59,0.00, 0.00
3.97,4.59,0.00, 0.00
3.97,4.59,0.00, 0.00
3.97,4.59,0.00, 0.00
3.97,4.59,0.00, 0.00
3.97,4.59,0.00, 0.00
3.97,4.59,0.00, 0.00
3.97,4.59,0.00, 0.00
3.97,4.59,0.00, 0.00
3.97,4.59,0.00, 0.00
3.97,4.59,0.00, 0.00
3.97,4.59,0.00, 0.00
3.97,4.59,0.00, 0.00
3.97,4.59,0.00, 0.00
3.97,4.59,0.00, 0.00
3.97,4.59,0.00, 0.00
3.97,4.59,0.00, 0.00
3.97,4.59,0.00, 0.00
3.97,4.59,0.00, 0.00
3.97,4.59,0.00, 0.00
3.97,4.59,0.00, 0.00
3.97,4.59,0.00, 0.00
3.97,4.59,0.00, 0.00
3.97,4.59,0.00, 0.00
3.97,4.59,0.00, 0.00
3.97,4.59,0.00, 0.00
3.97,4.59,0.00, 0.00
3.97,4.64,0.00, 2.74
3.97,4.64,0.00, 2.74
3.97,4.64,0.00, 2.74
3.97,4.64,0.00, 2.74
3.97,4.64,0.00, 2.74
3.97,4.72,0.00, 3.75
3.97,4.72,0.00, 3.75
3.97,4.72,0.00, 3.75
3.97,4.72,0.00, 3.75
3.97,4.72,0.00, 3.75
3.97,4.72,0.00, 3.75
3.97,4.72,0.00, 3.75
3.97,4.72,0.00, 3.75
3.97,4.72,0.00, 3.75
3.97,4.76,0.00, 2.26
3.97,4.76,0.00, 2.26
3.97,4.76,0.00, 2.26
3.97,4.76,0.00, 2.26
3.97,4.76,0.00, 2.26
3.97,4.76,0.00, 2.26
3.97,4.76,0.00, 2.26
3.97,4.76,0.00, 2.26
3.97,4.76,0.00, 2.26
3.97,4.76,0.00, 2.26
3.97,4.76,0.00, 2.26
3.97,4.76,0.00, 2.26
3.97,4.76,0.00, 2.26
3.97,4.40,0.00, 0.00
3.97,4.40,0.00, 0.00
3.97,4.40,0.00, 0.00
3.97,4.40,0.00, 0.00
3.97,4.40,0.00, 0.00
3.97,4.40,0.00, 0.00
3.97,4.40,0.00, 0.00
3.97,4.40,0.00, 0.00
3.97,4.40,0.00, 0.00
3.97,4.40,0.00, 0.00
3.97,4.40,0.00, 0.00
3.97,4.58,0.00, 8.97
3.97,4.58,0.00, 8.97
3.97,4.58,0.00, 8.97
3.97,4.58,0.00, 8.97
3.97,4.58,0.00, 8.97
3.97,4.58,0.00, 8.97
3.97,4.58,0.00, 8.97
3.97,4.58,0.00, 8.97
3.97,4.58,0.00, 8.97
3.97,4.58,0.00, 8.97
3.97,4.58,0.00, 8.97
3.97,4.58,0.00, 8.97
3.97,4.58,0.00, 8.97
3.97,4.58,0.00, 8.97
3.97,4.58,0.00, 8.97
3.97,4.58,0.00, 8.97
3.97,4.58,0.00, 8.97
3.97,4.58,0.00, 8.97
3.97,4.58,0.00, 8.97
3.97,4.58,0.00, 8.97
3.97,4.58,0.00, 8.97
3.97,3.80,0.00, 0.00
3.97,3.80,0.00, 0.00
3.97,3.80,0.00, 0.00
3.97,3.80,0.00, 0.00
3.97,3.80,0.00, 0.00
3.97,3.80,0.00, 0.00
3.97,3.80,0.00, 0.00
3.97,3.80,0.00, 0.00
3.97,3.80,0.00, 0.00
3.97,3.80,0.00, 0.00
3.97,3.80,0.00, 0.00
3.97,3.80,0.00, 0.00
3.97,3.80,0.00, 0.00
3.97,3.80,0.00, 0.00
3.97,3.80,0.00, 0.00
3.97,3.80,0.00, 0.00
3.97,3.80,0.00, 0.00
3.97,3.80,0.00, 0.00
3.97,3.80,0.00, 0.00
3.97,3.80,0.00, 0.00
3.97,3.80,0.00, 0.00
3.97,3.80,0.00, 0.00
3.97,3.80,0.00, 0.00
3.97,3.80,0.00, 0.00
3.97,3.80,0.00, 0.00
3.97,3.80,0.00, 0.00
3.97,3.80,0.00, 0.00
3.97,3.80,0.00, 0.00
3.97,3.80,0.00, 0.00
3.97,3.80,0.00, 0.00
3.97,3.80,0.00, 0.00
3.97,3.80,0.00, 0.00
3.97,3.80,0.00, 0.00
3.97,3.80,0.00, 0.00
3.97,3.80,0.00, 0.00
3.97,3.80,0.00, 0.00
3.97,3.80,0.00, 0.00
3.97,3.80,0.00, 0.00
3.97,3.80,0.00, 0.00
3.97,3.80,0.00, 0.00
3.97,3.80,0.00, 0.00
3.97,3.80,0.00, 0.00
3.97,3.80,0.00, 0.00
3.97,3.80,0.00, 0.00
3.97,3.80,0.00, 0.00
3.97,3.80,0.00, 0.00
3.97,3.80,0.00, 0.00
3.97,3.80,0.00, 0.00
3.97,3.80,0.00, 0.00
3.97,3.80,0.00, 0.00
3.97,3.80,0.00, 0.00
3.97,3.80,0.00, 0.00
3.97,3.80,0.00, 0.00
3.97,3.80,0.00, 0.00
3.97,3.80,0.00, 0.00
3.97,3.80,0.00, 0.00
3.97,3.80,0.00, 0.00
3.97,3.82,0.00, 0.75
3.97,3.82,0.00, 0.75
3.97,3.82,0.00, 0.75
3.97,3.82,0.00, 0.75
3.97,3.82,0.00, 0.75
3.97,3.82,0.00, 0.75
3.97,3.82,0.00, 0.75
3.97,3.82,0.00, 0.75
3.97,3.82,0.00, 0.75
3.97,3.82,0.00, 0.75
3.97,3.82,0.00, 0.75
3.97,3.82,0.00, 0.75
3.97,3.82,0.00, 0.75
3.97,3.82,0.00, 0.75
3.97,3.82,0.00, 0.75
3.97,3.82,0.00, 0.75
3.97,3.82,0.00, 0.75
3.97,3.82,0.00, 0.75
3.97,3.82,0.00, 0.75
3.97,3.82,0.00, 0.75
3.97,3.82,0.00, 0.75
3.97,3.82,0.00, 0.75
3.97,3.82,0.00, 0.75
3.97,3.82,0.00, 0.75
3.97,3.82,0.00, 0.75
3.97,3.82,0.00, 0.75
3.97,3.82,0.00, 0.75
3.97,3.82,0.00, 0.75
3.97,3.82,0.00, 0.75
3.97,3.82,0.00, 0.75
4.08,2.75,5.42, 0.00
0.00,0.16,0.00, 0.00
0.00,1.88,0.00, 86.18
3.97,6.57,195.58, 233.96
3.97,6.55,2.88, 0.00
3.97,6.55,2.88, 0.00
3.97,6.55,2.88, 0.00
3.97,6.55,2.88, 0.00
3.97,6.55,2.88, 0.00
3.97,6.55,0.04, 0.00
3.97,6.55,0.04, 0.00
3.97,6.55,0.04, 0.00
3.97,6.55,0.04, 0.00
3.97,6.55,0.04, 0.00
3.97,6.51,0.00, 0.00
3.97,6.51,0.00, 0.00
3.97,6.51,0.00, 0.00
3.97,6.51,0.00, 0.00
3.97,6.51,0.00, 0.00
3.97,6.51,0.00, 0.00
3.97,6.51,0.00, 0.00
3.97,6.51,0.00, 0.00
3.97,6.51,0.00, 0.00
3.97,6.51,0.00, 0.00
3.97,6.51,0.00, 0.00
3.97,6.51,0.00, 0.00
3.97,6.51,0.00, 0.00
3.97,6.51,0.00, 0.00
3.97,6.51,0.00, 0.00
3.97,6.52,0.00, 0.75
3.97,6.52,0.00, 0.75
3.97,6.52,0.00, 0.75
3.97,6.52,0.00, 0.75
3.97,6.52,0.00, 0.75
3.97,6.52,0.00, 0.75
3.97,6.52,0.00, 0.75
3.97,6.52,0.00, 0.75
3.97,6.41,0.00, 0.00
3.97,5.34,0.00, 0.00
3.97,5.34,0.00, 0.00
3.97,5.34,0.00, 0.00
3.97,5.28,0.00, 0.00
3.97,5.39,0.00, 5.48
3.97,5.44,0.00, 2.51
3.97,5.60,0.00, 7.73
3.97,5.62,0.00, 1.52
3.97,5.64,0.00, 1.00
3.97,5.60,0.00, 0.00
3.97,5.57,0.00, 0.00
3.97,5.52,0.00, 0.00
3.97,5.46,0.00, 0.00
3.99,5.44,0.99, 0.00
3.97,5.44,0.00, 0.00
3.97,5.47,0.00, 1.49
3.97,5.47,0.00, 1.49
3.97,5.47,0.00, 1.49
3.97,5.47,0.00, 1.49
3.97,5.53,0.00, 3.49
3.97,5.53,0.00, 3.49
3.97,5.53,0.00, 3.49
3.97,5.61,0.00, 3.75
3.97,5.61,0.00, 3.75
3.97,5.64,0.00, 1.26
3.97,5.01,0.00, 0.00
3.97,4.89,0.00, 0.00
3.97,4.78,0.00, 0.00
3.97,4.74,0.00, 0.00
3.97,4.66,0.00, 0.00
3.97,4.66,0.00, 0.00
3.79,4.57,0.00, 0.00
3.79,4.57,0.00, 0.00
3.79,4.57,0.00, 0.00
3.79,4.57,0.00, 0.00
3.79,4.57,0.00, 0.00
3.79,4.57,0.00, 0.00
3.79,4.57,0.00, 0.00
3.81,4.42,0.99, 0.00
3.23,4.18,0.00, 0.00
1.99,3.90,0.00, 0.00
3.23,2.64,61.09, 0.00
2.04,2.48,0.00, 0.00
0.00,2.31,0.00, 0.00
0.00,2.12,0.00, 0.00
0.07,1.93,3.45, 0.00
0.47,1.78,19.76, 0.00
0.00,1.62,0.00, 0.00
0.00,1.46,0.00, 0.00
0.00,1.30,0.00, 0.00
0.00,1.13,0.00, 0.00
0.00,1.00,0.00, 0.00
0.00,0.81,0.00, 0.00
0.00,0.81,0.00, 0.00
0.00,0.67,0.00, 0.00
0.00,0.53,0.00, 0.00
0.00,0.43,0.00, 0.00
0.00,0.28,0.00, 0.00
0.00,0.28,0.00, 0.00
0.00,0.28,0.00, 0.00
0.00,0.28,0.00, 0.00
0.00,0.21,0.00, 0.00
0.00,0.19,0.00, 0.00
0.00,0.16,0.00, 0.00
0.00,0.09,0.00, 0.00
0.00,0.09,0.00, 0.00
0.00,0.07,0.00, 0.00
0.00,0.07,0.00, 0.00
0.00,0.07,0.00, 0.00
0.00,0.07,0.00, 0.00
0.00,0.06,0.00, 0.00
0.00,0.06,0.00, 0.00
0.00,0.06,0.00, 0.00
0.00,0.06,0.00, 0.00
0.00,0.06,0.00, 0.00
0.00,0.06,0.00, 0.00
0.00,0.06,0.00, 0.00
0.00,0.05,0.00, 0.00
0.00,0.05,0.00, 0.00
0.00,0.05,0.00, 0.00
0.00,0.05,0.00, 0.00
0.00,0.05,0.00, 0.00
0.00,0.05,0.00, 0.00
0.00,0.05,0.00, 0.00
0.00,0.05,0.00, 0.00
0.00,0.05,0.00, 0.00
0.00,0.05,0.00, 0.00
0.00,0.04,0.00, 0.00
0.00,0.05,0.00, 1.00
0.00,0.04,0.00, 0.00
0.00,0.05,0.00, 1.00
0.00,0.05,0.00, 0.00
0.00,0.05,0.00, 0.00
0.00,0.05,0.00, 0.00
0.00,0.05,0.00, 0.50
0.00,0.06,0.00, 0.25
0.00,0.06,0.00, 0.25
0.00,0.06,0.00, 0.25
0.00,0.06,0.00, 0.25
0.00,0.06,0.00, 0.25
0.00,0.06,0.00, 0.25
0.00,0.06,0.00, 0.25
0.00,0.07,0.00, 0.50
0.00,0.07,0.00, 0.50
0.00,0.07,0.00, 0.50
0.00,0.07,0.00, 0.50
0.00,0.07,0.00, 0.50
0.00,0.07,0.00, 0.50
0.00,0.07,0.00, 0.50
0.00,0.07,0.00, 0.50
0.00,0.07,0.00, 0.50
0.00,0.07,0.00, 0.50
0.00,0.07,0.00, 0.50
0.00,0.07,0.00, 0.50
0.00,0.07,0.00, 0.50
0.00,0.07,0.00, 0.50
0.00,0.07,0.00, 0.50
0.00,0.07,0.00, 0.50
0.00,0.07,0.00, 0.50
0.00,0.07,0.00, 0.50
0.00,0.07,0.00, 0.50
0.00,0.07,0.00, 0.50
0.00,0.07,0.00, 0.50
0.00,0.07,0.00, 0.50
0.00,0.07,0.00, 0.50
0.00,0.07,0.00, 0.50
0.00,0.07,0.00, 0.50
0.00,0.07,0.00, 0.50
0.00,0.07,0.00, 0.50
0.00,0.12,0.00, 2.74
0.00,0.16,0.00, 2.00
0.00,0.16,0.00, 2.00
0.00,0.61,0.00, 21.93
3.97,5.63,195.58, 250.41
3.97,5.70,2.88, 4.65
3.97,5.70,2.88, 4.65
3.97,5.78,0.04, 3.50
3.97,5.82,0.00, 2.50
3.97,5.85,0.00, 1.01
3.97,5.89,0.00, 2.00
3.97,5.90,0.00, 1.00
3.97,5.89,0.00, 0.00
3.97,5.84,0.00, 0.00
3.97,5.79,0.00, 0.00
3.97,5.79,0.00, 0.00
3.97,5.72,0.00, 0.00
3.97,5.65,0.00, 0.00
3.97,5.53,0.00, 0.00
3.97,5.44,0.00, 0.00
3.97,5.36,0.00, 0.00
3.97,5.28,0.00, 0.00
3.97,5.26,0.00, 0.00
3.97,5.34,0.00, 3.74
3.97,5.45,0.00, 5.74
3.97,5.61,0.00, 7.74
3.97,5.61,0.00, 7.74
3.97,5.61,0.00, 7.74
3.97,5.68,0.00, 3.27
3.97,5.69,0.00, 0.76
3.97,5.68,0.00, 0.00
3.97,5.56,0.00, 0.00
3.97,5.51,0.00, 0.00
3.97,5.48,0.00, 0.00
3.97,5.48,0.00, 0.00
3.97,5.43,0.00, 0.00
3.97,5.41,0.00, 0.00
3.97,5.38,0.00, 0.00
3.97,5.35,0.00, 0.00
3.97,5.30,0.00, 0.00
3.97,5.27,0.00, 0.00
3.97,5.18,0.00, 0.00
3.99,5.11,0.99, 0.00
3.99,5.11,0.99, 0.00
3.97,5.01,0.00, 0.00
3.97,5.01,0.00, 0.00
3.97,4.87,0.00, 0.00
3.97,4.75,0.00, 0.00
3.97,4.66,0.00, 0.00
3.97,4.60,0.00, 0.00
3.97,4.57,0.00, 0.00
3.97,4.57,0.00, 0.00
3.97,4.57,0.00, 0.00
3.97,4.57,0.00, 0.00
3.97,4.57,0.00, 0.00
3.97,4.57,0.00, 0.00
3.97,4.57,0.00, 0.00
3.97,4.64,0.00, 3.24
3.97,4.72,0.00, 4.25
3.97,4.80,0.00, 4.00
3.97,4.91,0.00, 5.74
3.97,5.01,0.00, 4.50
3.97,5.11,0.00, 5.25
3.97,5.19,0.00, 4.00
3.97,5.23,0.00, 2.26
3.97,5.23,0.00, 2.26
3.97,5.31,0.00, 3.74
3.97,5.34,0.00, 1.26
3.97,5.35,0.00, 0.75
3.97,5.34,0.00, 0.00
3.97,5.35,0.00, 0.50
3.97,5.34,0.00, 0.00
3.97,5.28,0.00, 0.00
3.97,5.24,0.00, 0.00
3.97,5.20,0.00, 0.00
3.97,5.15,0.00, 0.00
3.97,5.06,0.00, 0.00
3.97,4.95,0.00, 0.00
3.97,4.82,0.00, 0.00
3.97,4.72,0.00, 0.00
3.97,4.68,0.00, 0.00
3.97,4.68,0.00, 0.00
3.97,4.64,0.00, 0.00
3.97,4.53,0.00, 0.00
3.97,4.43,0.00, 0.00
3.97,4.28,0.00, 0.00
3.97,4.19,0.00, 0.00
3.97,4.11,0.00, 0.00
3.97,4.07,0.00, 0.00
3.97,4.03,0.00, 0.00
3.97,3.97,0.00, 0.00
3.97,3.90,0.00, 0.00
3.97,3.83,0.00, 0.00
3.97,3.75,0.00, 0.00
3.97,3.75,0.00, 0.00
3.88,3.62,0.00, 0.00
3.77,3.49,0.00, 0.00
3.77,3.49,0.00, 0.00
3.77,3.49,0.00, 0.00
3.77,3.49,0.00, 0.00
3.77,3.49,0.00, 0.00
3.77,3.49,0.00, 0.00
0.00,3.32,0.00, 0.00
0.00,3.07,0.00, 0.00
3.74,2.94,184.25, 0.00
2.51,2.58,0.00, 0.00
0.00,2.48,0.00, 0.00
0.00,2.33,0.00, 0.00
0.00,2.33,0.00, 0.00
2.44,2.19,120.21, 0.00
2.33,2.04,0.00, 0.00
2.33,2.04,0.00, 0.00
2.33,2.04,0.00, 0.00
2.33,2.04,0.00, 0.00
0.00,1.86,0.00, 0.00
0.00,1.65,0.00, 0.00
0.54,1.40,26.60, 0.00
0.00,0.86,0.00, 0.00
0.00,0.70,0.00, 0.00
0.00,0.60,0.00, 0.00
0.00,0.48,0.00, 0.00
0.00,0.38,0.00, 0.00
0.00,0.38,0.00, 0.00
0.00,0.32,0.00, 0.00
0.00,0.25,0.00, 0.00
0.00,0.23,0.00, 0.00
0.00,0.19,0.00, 0.00
0.00,0.19,0.00, 0.00
0.00,0.14,0.00, 0.00
0.00,0.13,0.00, 0.00
0.00,0.13,0.00, 0.00
0.00,0.12,0.00, 0.00
0.00,0.12,0.00, 0.00
0.00,0.11,0.00, 0.00
0.00,0.13,0.00, 1.00
0.00,0.13,0.00, 0.00
0.00,0.11,0.00, 0.00
0.00,0.10,0.00, 0.00
0.00,0.09,0.00, 0.00
0.00,0.07,0.00, 0.00
0.00,0.08,0.00, 0.50
0.00,0.09,0.00, 0.50
0.00,0.09,0.00, 0.00
0.00,0.09,0.00, 0.00
0.00,0.09,0.00, 0.00
0.00,0.09,0.00, 0.00
0.00,0.09,0.00, 0.00
0.00,0.09,0.00, 0.00
0.00,0.09,0.00, 0.00
0.00,0.09,0.00, 0.00
0.00,0.09,0.00, 0.50
0.00,0.09,0.00, 0.00
0.00,0.09,0.00, 0.00
0.00,0.07,0.00, 0.00
0.00,0.07,0.00, 0.00
0.00,0.07,0.00, 0.00
0.00,0.06,0.00, 0.00
0.00,0.06,0.00, 0.00
0.00,0.05,0.00, 0.00
0.00,0.05,0.00, 0.00
0.00,0.05,0.00, 0.00
0.00,0.05,0.00, 0.00
0.00,0.05,0.00, 0.00
0.00,0.05,0.00, 0.00
0.00,0.05,0.00, 0.50
0.00,0.07,0.00, 0.75
0.00,0.07,0.00, 0.75
0.00,0.07,0.00, 0.75
0.00,0.07,0.00, 0.75
0.00,0.06,0.00, 0.00
0.00,0.11,0.00, 2.49
0.00,0.09,0.00, 0.00
0.00,0.07,0.00, 0.00
0.00,0.06,0.00, 0.00
0.00,0.08,0.00, 1.00
0.00,0.09,0.00, 0.50
0.00,0.10,0.00, 0.75
0.00,0.16,0.00, 2.74
0.00,0.38,0.00, 10.72
0.00,0.38,0.00, 10.72
0.00,0.50,0.00, 6.27
0.07,0.65,3.45, 7.74
0.29,0.85,10.89, 9.49
0.54,1.01,12.48, 8.50
0.99,1.19,22.35, 8.75
1.64,1.41,32.35, 11.24
1.64,1.41,32.35, 11.24
1.64,1.41,32.35, 11.24
1.64,1.41,32.35, 11.24
1.64,1.41,32.35, 11.24
1.64,1.41,32.35, 11.24
1.64,1.41,32.35, 11.24
2.22,1.65,29.05, 12.00
2.22,1.65,29.05, 12.00
2.22,1.65,29.05, 12.00
2.22,1.65,29.05, 12.00
2.22,1.65,29.05, 12.00
2.22,1.65,29.05, 12.00
2.22,1.65,29.05, 12.00
2.22,1.65,29.05, 12.00
2.22,1.65,29.05, 12.00
2.22,1.65,29.05, 12.00
2.22,1.65,29.05, 12.00
2.22,1.65,29.05, 12.00
2.22,1.65,29.05, 12.00
2.22,1.65,29.05, 12.00
2.22,1.65,29.05, 12.00
2.22,1.65,29.05, 12.00
2.22,1.65,29.05, 12.00
2.22,1.65,29.05, 12.00
2.69,1.92,23.58, 13.49
2.98,2.22,14.63, 14.75
3.32,3.89,16.97, 83.25
3.97,5.80,32.27, 95.21
3.97,5.89,0.47, 5.08
3.97,5.92,0.01, 1.51
3.97,5.92,0.01, 1.51
3.97,5.94,0.00, 1.25
3.97,5.98,0.00, 1.75
3.97,6.03,0.00, 2.50
3.97,6.02,0.00, 0.00
3.97,6.03,0.00, 0.50
3.97,6.01,0.00, 0.00
3.97,5.96,0.00, 0.00
3.97,5.94,0.00, 0.00
3.97,5.97,0.00, 1.49
3.97,5.95,0.00, 0.00
3.97,5.95,0.00, 0.00
3.97,5.91,0.00, 0.00
3.97,5.91,0.00, 0.00
3.97,5.91,0.00, 0.00
3.97,5.88,0.00, 0.00
3.97,5.78,0.00, 0.00
3.97,5.68,0.00, 0.00
3.97,5.58,0.00, 0.00
3.97,5.58,0.00, 0.00
3.97,5.58,0.00, 0.00
3.97,5.58,0.00, 0.00
3.97,5.58,0.00, 0.00
3.97,5.58,0.00, 0.00
3.97,5.51,0.00, 0.00
3.97,5.51,0.00, 0.00
3.97,5.44,0.00, 0.00
3.97,5.44,0.00, 0.00
3.97,5.38,0.00, 0.00
3.97,4.70,0.00, 0.00
3.97,4.70,0.00, 0.00
3.97,4.70,0.00, 0.00
3.97,4.70,0.00, 0.00
3.97,4.70,0.00, 0.00
3.97,4.70,0.00, 0.00
3.99,4.72,0.99, 1.00
3.97,4.78,0.00, 2.49
3.97,4.78,0.00, 2.49
3.99,4.86,0.99, 4.49
3.97,5.65,0.00, 39.12
3.97,5.82,0.00, 8.36
3.97,5.99,0.00, 8.75
3.97,6.19,0.00, 10.24
3.97,6.39,0.00, 9.50
3.97,6.59,0.00, 10.00
3.97,6.74,0.00, 7.51
3.97,6.84,0.00, 5.01
3.97,6.86,0.00, 1.51
3.97,6.80,0.00, 0.00
3.97,6.74,0.00, 0.00
3.97,6.64,0.00, 0.00
3.97,6.53,0.00, 0.00
3.97,6.39,0.00, 0.00
3.97,6.31,0.00, 0.00
3.97,6.28,0.00, 0.00
3.97,6.28,0.00, 0.00
3.97,6.30,0.00, 0.50
3.97,6.26,0.00, 0.00
3.97,6.26,0.00, 0.00
3.97,6.26,0.00, 0.00
3.97,6.26,0.00, 0.00
3.97,6.19,0.00, 0.00
3.97,6.09,0.00, 0.00
3.97,5.95,0.00, 0.00
3.97,5.80,0.00, 0.00
3.97,5.68,0.00, 0.00
3.97,5.63,0.00, 0.00
3.97,5.60,0.00, 0.00
3.97,5.57,0.00, 0.00
3.97,5.57,0.00, 0.50
3.97,5.63,0.00, 2.74
3.97,5.68,0.00, 2.50
3.97,5.73,0.00, 2.50
3.97,5.78,0.00, 2.25
3.97,5.78,0.00, 0.01
3.97,5.74,0.00, 0.00
3.97,5.66,0.00, 0.00
3.97,5.61,0.00, 0.00
3.97,5.53,0.00, 0.00
3.97,5.44,0.00, 0.00
3.97,5.37,0.00, 0.00
3.97,5.31,0.00, 0.00
3.97,5.31,0.00, 0.00
3.97,5.31,0.00, 0.00
3.97,5.23,0.00, 0.00
3.97,5.23,0.00, 0.00
3.97,5.23,0.00, 0.00
3.97,5.23,0.00, 0.00
3.97,5.14,0.00, 0.00
3.97,5.04,0.00, 0.00
3.97,5.04,0.00, 0.00
3.97,5.04,0.00, 0.00
3.97,5.04,0.00, 0.00
3.97,4.92,0.00, 0.00
3.97,4.49,0.00, 0.00
3.97,4.49,0.00, 0.00
3.97,4.49,0.00, 0.00
3.97,4.49,0.00, 0.00
3.97,4.49,0.00, 0.00
3.97,4.49,0.00, 0.00
3.97,4.49,0.00, 0.00
3.97,4.49,0.00, 0.00
3.97,4.49,0.00, 0.00
3.97,4.49,0.00, 0.00
3.97,4.49,0.00, 0.00
3.97,4.49,0.00, 0.00
3.97,4.49,0.00, 0.00
3.97,4.49,0.00, 0.00
3.97,4.49,0.00, 0.00
3.97,4.49,0.00, 0.00
3.97,4.49,0.00, 0.00
3.97,4.49,0.00, 0.00
3.97,4.49,0.00, 0.00
3.97,4.49,0.00, 0.00
3.97,4.49,0.00, 0.00
3.97,4.49,0.00, 0.00
3.97,4.49,0.00, 0.00
3.97,4.49,0.00, 0.00
3.97,4.49,0.00, 0.00
3.97,4.49,0.00, 0.00
3.97,4.49,0.00, 0.00
3.97,4.49,0.00, 0.00
3.97,4.49,0.00, 0.00
3.97,4.49,0.00, 0.00
3.97,4.49,0.00, 0.00
3.97,4.49,0.00, 0.00
3.97,4.49,0.00, 0.00
3.97,4.49,0.00, 0.00
3.97,4.49,0.00, 0.00
3.97,4.49,0.00, 0.00
3.97,4.49,0.00, 0.00
3.97,4.49,0.00, 0.00
3.97,4.49,0.00, 0.00
3.97,4.49,0.00, 0.00
3.97,4.49,0.00, 0.00
3.97,4.49,0.00, 0.00
3.97,4.49,0.00, 0.00
3.97,4.49,0.00, 0.00
3.97,4.49,0.00, 0.00
3.97,4.49,0.00, 0.00
3.97,4.49,0.00, 0.00
3.97,4.49,0.00, 0.00
3.97,4.49,0.00, 0.00
3.97,4.49,0.00, 0.00
3.97,4.49,0.00, 0.00
3.97,4.49,0.00, 0.00
3.97,4.49,0.00, 0.00
3.97,4.49,0.00, 0.00
3.97,4.49,0.00, 0.00
3.97,4.49,0.00, 0.00
3.97,4.49,0.00, 0.00
3.97,4.49,0.00, 0.00
3.97,4.49,0.00, 0.00
3.97,4.49,0.00, 0.00
3.97,4.49,0.00, 0.00
3.97,4.49,0.00, 0.00
3.97,4.49,0.00, 0.00
3.97,4.49,0.00, 0.00
3.97,4.49,0.00, 0.00
3.97,4.49,0.00, 0.00
3.97,4.49,0.00, 0.00
3.97,4.49,0.00, 0.00
3.97,4.38,0.00, 0.00
3.97,4.38,0.00, 0.00
3.97,3.95,0.00, 0.00
3.97,3.95,0.00, 0.00
3.97,3.95,0.00, 0.00
3.97,3.95,0.00, 0.00
3.97,3.95,0.00, 0.00
3.97,3.95,0.00, 0.00
3.97,3.95,0.00, 0.00
3.97,3.95,0.00, 0.00
3.97,3.95,0.00, 0.00
3.97,3.95,0.00, 0.00
3.97,3.95,0.00, 0.00
3.97,3.95,0.00, 0.00
3.97,3.95,0.00, 0.00
3.97,3.95,0.00, 0.00
3.97,3.95,0.00, 0.00
3.97,3.95,0.00, 0.00
3.97,3.95,0.00, 0.00
3.97,3.95,0.00, 0.00
3.97,3.95,0.00, 0.00
3.97,3.95,0.00, 0.00
3.97,3.95,0.00, 0.00
3.97,3.95,0.00, 0.00
3.97,3.95,0.00, 0.00
3.97,3.95,0.00, 0.00
3.97,3.95,0.00, 0.00
3.97,3.95,0.00, 0.00
3.97,3.95,0.00, 0.00
3.97,3.95,0.00, 0.00
3.97,3.95,0.00, 0.00
3.97,3.95,0.00, 0.00
3.97,3.95,0.00, 0.00
3.97,3.95,0.00, 0.00
3.97,3.95,0.00, 0.00
3.97,3.95,0.00, 0.00
3.97,3.70,0.00, 0.00
3.97,3.70,0.00, 0.00
3.97,3.70,0.00, 0.00
3.97,3.70,0.00, 0.00
3.97,3.70,0.00, 0.00
3.97,3.70,0.00, 0.00
3.97,3.70,0.00, 0.00
3.97,3.70,0.00, 0.00
3.97,3.70,0.00, 0.00
3.97,3.70,0.00, 0.00
3.97,3.70,0.00, 0.00
0.00,0.05,0.00, 0.00
0.00,0.05,0.00, 0.00
0.00,0.05,0.00, 0.00
0.00,0.05,0.00, 0.00
0.00,0.05,0.00, 0.00
0.00,0.05,0.00, 0.00
0.00,0.05,0.00, 0.00
0.00,0.05,0.00, 0.00
0.00,0.05,0.00, 0.00
0.00,0.05,0.00, 0.50
3.99,6.03,196.57, 297.41
3.97,7.05,1.91, 51.90
3.97,7.45,0.03, 20.37
3.97,7.45,0.03, 20.37
3.97,7.55,0.00, 5.31
3.97,7.63,0.00, 3.76
3.97,7.64,0.00, 0.51
3.97,7.61,0.00, 0.00
3.97,7.55,0.00, 0.00
3.97,7.47,0.00, 0.00
3.97,7.40,0.00, 0.00
3.97,7.36,0.00, 0.00
3.97,7.36,0.00, 0.00
3.97,7.31,0.00, 0.00
3.97,7.24,0.00, 0.00
3.97,7.15,0.00, 0.00
3.97,7.02,0.00, 0.00
3.97,6.87,0.00, 0.00
3.97,6.68,0.00, 0.00
3.97,6.68,0.00, 0.00
3.97,6.49,0.00, 0.00
3.97,6.34,0.00, 0.00
3.97,6.20,0.00, 0.00
3.97,6.12,0.00, 0.00
3.97,6.12,0.00, 0.00
3.97,6.12,0.00, 0.00
3.97,6.12,0.00, 0.00
3.97,6.12,0.00, 0.00
3.97,6.12,0.00, 0.00
3.97,6.12,0.00, 0.00
3.97,6.09,0.00, 0.00
3.97,6.03,0.00, 0.00
3.97,5.99,0.00, 0.00
3.97,5.90,0.00, 0.00
3.97,5.83,0.00, 0.00
3.97,5.75,0.00, 0.00
3.97,5.64,0.00, 0.00
3.97,5.56,0.00, 0.00
3.97,5.59,0.00, 1.49
3.97,5.66,0.00, 3.49
3.97,5.68,0.00, 1.01
3.97,5.65,0.00, 0.00
3.97,5.60,0.00, 0.00
3.97,5.59,0.00, 0.00
3.97,5.58,0.00, 0.00
3.97,5.60,0.00, 1.00
3.97,5.58,0.00, 0.00
3.97,5.53,0.00, 0.00
3.97,5.51,0.00, 0.00
3.97,5.51,0.00, 0.00
3.97,5.51,0.00, 0.00
3.97,5.51,0.00, 0.00
3.97,5.51,0.00, 0.00
3.97,5.51,0.00, 0.00
3.97,5.51,0.00, 0.00
3.97,5.51,0.00, 0.00
3.97,5.51,0.00, 0.00
3.97,5.51,0.00, 0.00
3.97,5.51,0.00, 0.00
3.97,5.51,0.00, 0.00
3.97,5.51,0.00, 0.00
3.97,5.51,0.00, 0.00
3.97,5.51,0.00, 0.00
3.97,5.51,0.00, 0.00
3.97,5.51,0.00, 0.00
3.97,5.51,0.00, 0.00
3.97,5.51,0.00, 0.00
3.97,5.51,0.00, 0.00
3.97,5.51,0.00, 0.00
3.97,5.51,0.00, 0.00
3.97,5.51,0.00, 0.00
3.97,5.51,0.00, 0.00
3.97,5.51,0.00, 0.00
3.97,5.51,0.00, 0.00
3.97,5.51,0.00, 0.00
3.97,5.51,0.00, 0.00
3.97,5.51,0.00, 0.00
3.97,5.51,0.00, 0.00
3.97,5.51,0.00, 0.00
3.97,5.47,0.00, 0.00
3.97,5.47,0.00, 0.00
3.97,5.47,0.00, 0.00
3.97,5.47,0.00, 0.00
3.97,5.47,0.00, 0.00
3.97,5.47,0.00, 0.00
3.97,5.47,0.00, 0.00
3.97,5.47,0.00, 0.00
3.97,5.47,0.00, 0.00
3.97,5.47,0.00, 0.00
3.97,5.47,0.00, 0.00
3.97,5.47,0.00, 0.00
3.97,5.47,0.00, 0.00
3.97,5.47,0.00, 0.00
3.97,5.47,0.00, 0.00
3.97,5.47,0.00, 0.00
3.97,5.47,0.00, 0.00
3.97,5.47,0.00, 0.00
3.97,5.47,0.00, 0.00
3.97,5.47,0.00, 0.00
3.97,5.47,0.00, 0.00
3.97,5.47,0.00, 0.00
3.97,5.47,0.00, 0.00
3.97,5.40,0.00, 0.00
3.97,5.40,0.00, 0.00
3.97,5.40,0.00, 0.00
3.97,5.40,0.00, 0.00
3.97,5.40,0.00, 0.00
3.97,5.31,0.00, 0.00
3.97,5.31,0.00, 0.00
3.97,5.31,0.00, 0.00
3.97,5.31,0.00, 0.00
3.97,5.31,0.00, 0.00
2.20,2.47,0.00, 0.00
0.00,0.11,0.00, 0.00
0.00,0.07,0.00, 0.00
0.00,0.06,0.00, 0.00
0.00,0.06,0.00, 0.00
0.00,0.06,0.00, 0.00
0.00,0.06,0.00, 0.00
0.00,0.06,0.00, 0.00
0.00,0.06,0.00, 0.00
0.00,0.06,0.00, 0.00
0.00,0.06,0.00, 0.00
0.00,0.06,0.00, 0.00
0.00,0.06,0.00, 0.00
0.00,0.06,0.00, 0.00
0.00,0.06,0.00, 0.00
0.00,0.06,0.00, 0.00
0.00,0.06,0.00, 0.00
0.00,0.06,0.00, 0.00
0.00,0.06,0.00, 0.00
0.00,0.06,0.00, 0.00
0.00,0.06,0.00, 0.00
0.00,0.06,0.00, 0.00
0.00,0.06,0.00, 0.00
0.00,0.06,0.00, 0.00
0.00,0.06,0.00, 0.00
0.00,0.06,0.00, 0.00
0.00,0.06,0.00, 0.00
0.00,0.06,0.00, 0.00
0.00,0.06,0.00, 0.00
0.00,0.06,0.00, 0.00
0.00,0.06,0.00, 0.00
0.00,0.06,0.00, 0.00
0.00,0.06,0.00, 0.00
0.00,0.06,0.00, 0.00
0.00,0.06,0.00, 0.00
0.00,0.06,0.00, 0.00
0.00,0.06,0.00, 0.00
0.00,0.06,0.00, 0.00
0.00,0.06,0.00, 0.00
0.00,0.06,0.00, 0.00
0.00,0.06,0.00, 0.00
0.00,0.06,0.00, 0.00
0.00,0.06,0.00, 0.00
0.00,0.06,0.00, 0.00
0.00,0.06,0.00, 0.00
0.00,0.06,0.00, 0.00
0.00,0.06,0.00, 0.00
0.00,0.06,0.00, 0.00
0.00,0.06,0.00, 0.00
0.00,0.06,0.00, 0.00
0.00,0.06,0.00, 0.00
0.00,0.06,0.00, 0.00
0.00,0.06,0.00, 0.00
0.00,0.06,0.00, 0.00
0.00,0.06,0.00, 0.00
0.00,0.06,0.00, 0.00
0.00,0.06,0.00, 0.00
0.00,0.06,0.00, 0.00
0.00,0.06,0.00, 0.00
0.00,0.05,0.00, 0.00
0.00,0.05,0.00, 0.00
0.00,0.05,0.00, 0.00
0.00,0.05,0.00, 0.00
0.00,0.05,0.00, 0.00
0.00,0.05,0.00, 0.00
0.00,0.05,0.00, 0.00
0.00,0.05,0.00, 0.00
0.00,0.05,0.00, 0.00
0.00,0.05,0.00, 0.00
0.00,0.05,0.00, 0.50
0.00,0.05,0.00, 0.00
3.97,8.77,195.58, 434.40
3.97,9.14,2.88, 19.77
3.97,9.20,0.04, 3.06
3.97,9.20,0.04, 3.06
3.97,9.20,0.00, 0.01
3.97,9.17,0.00, 0.00
3.97,9.16,0.00, 0.00
3.97,9.24,0.00, 3.49
3.97,9.26,0.00, 1.26
3.97,9.26,0.00, 0.00
3.97,9.30,0.00, 1.74
3.97,9.31,0.00, 0.75
3.97,9.31,0.00, 0.00
3.97,9.31,0.00, 0.00
3.97,9.31,0.00, 0.00
3.97,9.34,0.00, 1.74
3.97,9.41,0.00, 3.49
3.97,9.46,0.00, 2.50
3.97,9.50,0.00, 2.00
3.97,9.51,0.00, 0.51
3.97,9.53,0.00, 1.00
3.97,9.54,0.00, 0.50
3.97,9.53,0.00, 0.00
3.97,9.53,0.00, 0.00
3.97,9.49,0.00, 0.00
3.97,9.41,0.00, 0.00
3.97,9.29,0.00, 0.00
3.97,9.11,0.00, 0.00
3.97,9.04,0.00, 0.00
3.97,8.95,0.00, 0.00
3.97,8.95,0.00, 0.00
3.97,8.95,0.00, 0.00
3.97,8.95,0.00, 0.00
3.97,8.95,0.00, 0.00
3.97,8.95,0.00, 0.00
3.97,8.90,0.00, 0.00
3.97,8.85,0.00, 0.00
3.97,8.78,0.00, 0.00
3.97,8.69,0.00, 0.00
3.97,8.67,0.00, 0.00
3.97,8.58,0.00, 0.00
3.97,8.45,0.00, 0.00
3.97,8.33,0.00, 0.00
3.99,8.19,0.99, 0.00
3.97,8.03,0.00, 0.00
3.97,7.85,0.00, 0.00
3.97,7.68,0.00, 0.00
3.97,7.52,0.00, 0.00
3.97,7.52,0.00, 0.00
3.97,7.36,0.00, 0.00
3.97,7.16,0.00, 0.00
3.97,6.98,0.00, 0.00
3.97,6.77,0.00, 0.00
3.97,6.53,0.00, 0.00
3.97,6.32,0.00, 0.00
3.97,6.11,0.00, 0.00
3.97,5.91,0.00, 0.00
3.97,5.91,0.00, 0.00
3.97,5.91,0.00, 0.00
3.97,5.91,0.00, 0.00
3.97,5.74,0.00, 0.00
3.97,5.74,0.00, 0.00
3.97,5.74,0.00, 0.00
3.97,5.64,0.00, 0.00
3.97,5.64,0.00, 0.00
3.97,5.56,0.00, 0.00
3.97,5.15,0.00, 0.00
3.97,5.15,0.00, 0.00
3.97,5.15,0.00, 0.00
3.97,5.15,0.00, 0.00
3.97,5.15,0.00, 0.00
3.97,5.15,0.00, 0.00
3.97,4.99,0.00, 0.00
3.97,4.99,0.00, 0.00
3.97,4.85,0.00, 0.00
3.97,4.85,0.00, 0.00
3.97,4.85,0.00, 0.00
3.97,4.85,0.00, 0.00
3.97,4.85,0.00, 0.00
3.97,4.85,0.00, 0.00
3.97,4.85,0.00, 0.00
3.97,4.85,0.00, 0.00
3.97,4.85,0.00, 0.00
3.97,4.85,0.00, 0.00
3.97,4.85,0.00, 0.00
3.97,4.85,0.00, 0.00
3.97,4.85,0.00, 0.00
3.97,4.85,0.00, 0.00
3.97,4.85,0.00, 0.00
3.97,4.85,0.00, 0.00
3.97,4.85,0.00, 0.00
3.97,4.85,0.00, 0.00
3.97,4.85,0.00, 0.00
3.97,4.85,0.00, 0.00
3.97,4.85,0.00, 0.00
3.97,4.85,0.00, 0.00
3.97,4.85,0.00, 0.00
3.97,4.85,0.00, 0.00
3.97,4.85,0.00, 0.00
3.97,4.85,0.00, 0.00
3.97,4.85,0.00, 0.00
3.97,4.85,0.00, 0.00
3.97,4.85,0.00, 0.00
3.97,4.85,0.00, 0.00
3.97,4.85,0.00, 0.00
3.97,4.85,0.00, 0.00
3.97,4.85,0.00, 0.00
3.97,4.85,0.00, 0.00
3.97,4.85,0.00, 0.00
3.97,4.85,0.00, 0.00
3.97,4.85,0.00, 0.00
3.97,4.85,0.00, 0.00
3.97,4.85,0.00, 0.00
3.97,4.85,0.00, 0.00
3.97,4.85,0.00, 0.00
3.97,4.85,0.00, 0.00
3.97,4.85,0.00, 0.00
3.97,4.85,0.00, 0.00
3.97,4.85,0.00, 0.00
3.97,4.85,0.00, 0.00
3.97,4.85,0.00, 0.00
3.97,4.85,0.00, 0.00
3.97,4.85,0.00, 0.00
3.97,4.85,0.00, 0.00
3.97,4.85,0.00, 0.00
3.97,4.85,0.00, 0.00
3.97,4.72,0.00, 0.00
3.97,4.72,0.00, 0.00
3.97,4.72,0.00, 0.00
3.97,4.40,0.00, 0.00
3.97,4.40,0.00, 0.00
3.97,4.40,0.00, 0.00
3.97,4.40,0.00, 0.00
3.97,4.40,0.00, 0.00
3.97,4.40,0.00, 0.00
3.97,4.40,0.00, 0.00
3.97,4.40,0.00, 0.00
3.97,4.40,0.00, 0.00
3.97,4.40,0.00, 0.00
3.97,4.40,0.00, 0.00
3.97,4.23,0.00, 0.00
3.97,4.23,0.00, 0.00
3.97,4.23,0.00, 0.00
3.97,4.23,0.00, 0.00
3.97,4.23,0.00, 0.00
3.97,4.23,0.00, 0.00
3.97,4.23,0.00, 0.00
3.97,4.23,0.00, 0.00
3.97,4.23,0.00, 0.00
3.97,4.23,0.00, 0.00
0.00,0.05,0.00, 0.00
0.00,0.05,0.00, 0.00
0.00,0.05,0.00, 0.00
0.00,0.05,0.00, 0.00
0.00,0.05,0.00, 0.00
0.00,0.05,0.00, 0.00
0.00,0.05,0.00, 0.00
0.00,0.05,0.00, 0.00
0.00,0.05,0.00, 0.00
0.00,0.05,0.00, 0.00
0.00,0.05,0.00, 0.00
0.00,0.05,0.00, 0.00
0.00,0.05,0.00, 0.00
0.00,0.05,0.00, 0.00
0.00,0.05,0.00, 0.00
0.00,0.05,0.00, 0.00
0.00,0.05,0.00, 0.00
0.00,0.05,0.00, 0.00
0.00,0.05,0.00, 0.00
0.00,0.05,0.00, 0.00
0.00,0.05,0.00, 0.00
0.00,0.05,0.00, 0.00
0.00,0.05,0.00, 0.00
0.00,0.05,0.00, 0.00
0.00,0.05,0.00, 0.00
0.00,0.05,0.00, 0.00
0.00,0.05,0.00, 0.00
0.00,0.05,0.00, 0.00
0.00,0.05,0.00, 0.00
0.00,0.05,0.00, 0.00
0.00,0.05,0.00, 0.00
0.00,0.05,0.00, 0.00
0.00,0.05,0.00, 0.00
0.00,0.05,0.00, 0.00
0.00,0.05,0.00, 0.00
0.00,0.05,0.00, 0.00
0.00,0.05,0.00, 0.00
0.00,0.05,0.00, 0.00
0.00,0.05,0.00, 0.00
0.00,0.05,0.00, 0.00
3.54,4.12,174.40, 203.25
3.97,4.73,23.75, 30.63
3.97,6.22,0.35, 74.59
3.97,6.21,0.01, 0.00
3.97,6.18,0.00, 0.00
3.97,6.22,0.00, 1.49
3.99,6.28,0.99, 2.99
3.97,6.34,0.00, 3.00
3.97,6.35,0.00, 0.76
3.97,6.35,0.00, 0.00
3.97,6.35,0.00, 0.00
3.97,6.34,0.00, 0.00
3.97,6.34,0.00, 0.00
3.97,6.38,0.00, 1.99
3.97,6.42,0.00, 2.00
3.97,6.49,0.00, 3.25
3.97,6.52,0.00, 1.51
3.97,6.51,0.00, 0.00
3.97,6.49,0.00, 0.00
3.97,6.47,0.00, 0.00
3.97,6.41,0.00, 0.00
3.97,6.24,0.00, 0.00
3.97,6.31,0.00, 2.99
3.97,6.28,0.00, 0.00
3.97,6.22,0.00, 0.00
3.97,6.22,0.00, 0.00
3.97,6.18,0.00, 0.00
3.97,6.18,0.00, 0.25
3.97,6.18,0.00, 0.25
3.97,6.18,0.00, 0.00
3.99,6.22,0.99, 1.74
3.97,6.25,0.00, 1.75
3.97,6.28,0.00, 1.75
3.97,6.32,0.00, 1.50
3.97,6.32,0.00, 1.50
3.97,6.32,0.00, 1.50
3.97,6.32,0.00, 1.50
3.97,6.32,0.00, 1.50
3.97,6.32,0.00, 1.50
3.97,6.32,0.00, 1.50
3.97,6.32,0.00, 1.50
3.97,6.32,0.00, 1.50
3.97,6.32,0.00, 1.50
3.97,6.35,0.00, 1.75
3.97,6.36,0.00, 0.50
3.97,6.35,0.00, 0.00
3.97,5.92,0.00, 0.00
3.97,5.78,0.00, 0.00
3.97,5.59,0.00, 0.00
3.97,5.47,0.00, 0.00
3.97,5.36,0.00, 0.00
3.97,5.26,0.00, 0.00
3.97,5.14,0.00, 0.00
3.97,5.01,0.00, 0.00
3.97,4.91,0.00, 0.00
3.99,4.74,0.99, 0.00
3.97,4.55,0.00, 0.00
3.97,4.32,0.00, 0.00
3.97,4.32,0.00, 0.00
3.97,4.13,0.00, 0.00
3.97,4.13,0.00, 0.00
3.97,4.03,0.00, 0.00
3.97,3.97,0.00, 0.00
3.97,3.97,0.00, 0.00
3.97,3.97,0.00, 0.00
3.97,3.97,0.00, 0.00
3.97,3.95,0.00, 0.00
3.97,3.93,0.00, 0.00
3.97,3.93,0.00, 0.00
3.97,3.93,0.00, 0.00
3.97,3.93,0.00, 0.00
3.97,3.93,0.00, 0.00
3.97,3.93,0.00, 0.00
3.97,3.93,0.00, 0.00
3.97,3.93,0.00, 0.00
3.97,3.93,0.00, 0.00
3.97,3.93,0.00, 0.00
3.97,3.93,0.00, 0.00
3.97,3.93,0.00, 0.00
3.97,3.93,0.00, 0.00
3.97,3.93,0.00, 0.00
3.97,3.93,0.00, 0.00
3.97,3.93,0.00, 0.00
3.97,3.93,0.00, 0.00
3.97,3.93,0.00, 0.00
3.97,3.93,0.00, 0.00
3.97,3.93,0.00, 0.00
3.97,3.93,0.00, 0.00
3.97,3.93,0.00, 0.00
3.97,3.93,0.00, 0.00
3.97,3.93,0.00, 0.00
3.97,3.93,0.00, 0.00
3.97,3.93,0.00, 0.00
3.97,3.93,0.00, 0.00
3.97,3.93,0.00, 0.00
3.97,3.93,0.00, 0.00
3.97,3.93,0.00, 0.00
3.97,3.93,0.00, 0.00
3.97,3.93,0.00, 0.00
3.97,3.93,0.00, 0.00
3.97,3.93,0.00, 0.00
3.97,3.93,0.00, 0.00
3.97,3.93,0.00, 0.00
3.97,3.93,0.00, 0.00
3.97,3.93,0.00, 0.00
3.97,3.93,0.00, 0.00
3.97,3.93,0.00, 0.00
3.97,3.93,0.00, 0.00
3.97,3.93,0.00, 0.00
3.97,3.93,0.00, 0.00
3.97,3.93,0.00, 0.00
3.97,3.93,0.00, 0.00
3.97,3.93,0.00, 0.00
3.97,3.93,0.00, 0.00
3.97,3.93,0.00, 0.00
3.97,3.93,0.00, 0.00
3.97,3.93,0.00, 0.00
3.97,3.93,0.00, 0.00
3.97,3.93,0.00, 0.00
3.97,3.93,0.00, 0.00
3.97,3.93,0.00, 0.00
3.97,3.93,0.00, 0.00
3.97,3.93,0.00, 0.00
3.97,3.93,0.00, 0.00
3.97,3.93,0.00, 0.00
3.97,3.93,0.00, 0.00
3.97,3.93,0.00, 0.00
3.97,3.93,0.00, 0.00
3.97,3.93,0.00, 0.00
3.97,3.93,0.00, 0.00
3.97,3.93,0.00, 0.00
3.97,3.93,0.00, 0.00
3.97,3.93,0.00, 0.00
3.97,3.93,0.00, 0.00
3.97,3.93,0.00, 0.00
3.97,3.93,0.00, 0.00
3.97,3.93,0.00, 0.00
3.97,3.93,0.00, 0.00
3.97,3.93,0.00, 0.00
3.97,3.93,0.00, 0.00
3.97,3.93,0.00, 0.00
3.97,3.93,0.00, 0.00
3.97,3.93,0.00, 0.00
3.97,3.93,0.00, 0.00
3.97,3.93,0.00, 0.00
3.97,3.93,0.00, 0.00
3.97,3.93,0.00, 0.00
3.97,3.93,0.00, 0.00
3.97,3.93,0.00, 0.00
3.97,3.93,0.00, 0.00
3.97,3.93,0.00, 0.00
3.97,3.93,0.00, 0.00
3.97,3.93,0.00, 0.00
3.97,3.93,0.00, 0.00
3.97,3.93,0.00, 0.00
3.97,3.93,0.00, 0.00
3.97,3.93,0.00, 0.00
3.97,3.93,0.00, 0.00
3.97,3.93,0.00, 0.00
3.97,3.93,0.00, 0.00
3.97,3.93,0.00, 0.00
3.97,3.93,0.00, 0.00
3.97,3.93,0.00, 0.00
3.97,3.93,0.00, 0.00
3.97,3.93,0.00, 0.00
3.97,3.93,0.00, 0.00
3.97,3.93,0.00, 0.00
3.97,3.93,0.00, 0.00
3.97,3.93,0.00, 0.00
3.97,3.93,0.00, 0.00
3.97,3.93,0.00, 0.00
3.97,3.93,0.00, 0.00
3.97,3.93,0.00, 0.00
3.97,3.93,0.00, 0.00
3.97,3.93,0.00, 0.00
3.97,3.93,0.00, 0.00
3.97,3.93,0.00, 0.00
3.97,3.93,0.00, 0.00
3.97,3.93,0.00, 0.00
3.97,3.93,0.00, 0.00
3.97,3.93,0.00, 0.00
3.97,3.95,0.00, 0.50
3.97,3.95,0.00, 0.50
3.97,3.95,0.00, 0.50
3.97,3.95,0.00, 0.50
3.97,3.95,0.00, 0.50
3.97,3.95,0.00, 0.50
3.97,3.95,0.00, 0.50
3.97,3.95,0.00, 0.50
3.97,3.95,0.00, 0.50
3.97,3.95,0.00, 0.50
3.97,3.95,0.00, 0.50
3.97,3.95,0.00, 0.50
3.97,3.95,0.00, 0.50
3.97,3.95,0.00, 0.50
3.97,3.95,0.00, 0.50
3.97,3.95,0.00, 0.50
3.97,3.95,0.00, 0.50
3.97,3.70,0.00, 0.00
3.97,3.70,0.00, 0.00
3.97,3.63,0.00, 0.00
3.97,5.83,0.00, 109.60
3.97,6.41,0.00, 29.54
3.97,6.43,0.00, 0.61
3.97,6.45,0.00, 1.25
3.97,6.48,0.00, 1.50
3.97,6.48,0.00, 1.50
3.97,6.51,0.00, 1.75
3.99,6.55,0.99, 1.50
3.99,6.53,0.01, 0.00
3.97,6.53,0.00, 0.00
3.99,6.52,0.99, 0.00
3.97,6.51,0.00, 0.00
3.97,6.49,0.00, 0.00
3.97,6.45,0.00, 0.00
3.97,6.39,0.00, 0.00
3.97,6.31,0.00, 0.00
3.97,6.31,0.00, 0.00
3.97,6.22,0.00, 0.00
3.97,6.11,0.00, 0.00
3.97,6.03,0.00, 0.00
3.99,6.02,0.99, 0.00
3.99,6.01,0.01, 0.00
3.97,6.07,0.00, 2.49
3.97,6.06,0.00, 0.00
3.97,6.02,0.00, 0.00
3.97,5.96,0.00, 0.00
3.97,5.91,0.00, 0.00
3.99,5.85,0.99, 0.00
3.97,5.78,0.00, 0.00
3.97,5.73,0.00, 0.00
3.97,5.73,0.00, 0.00
3.97,5.73,0.00, 0.00
3.97,5.73,0.00, 0.00
3.97,5.73,0.00, 0.00
3.97,5.73,0.00, 0.00
3.97,5.73,0.00, 0.00
3.97,5.68,0.00, 0.00
3.97,5.60,0.00, 0.00
3.97,5.50,0.00, 0.00
3.97,5.47,0.00, 0.00
3.97,5.49,0.00, 1.00
3.97,5.52,0.00, 1.75
3.97,5.54,0.00, 0.75
3.97,5.59,0.00, 2.24
3.97,5.59,0.00, 2.24
3.97,5.56,0.00, 0.00
3.97,5.51,0.00, 0.00
3.97,5.47,0.00, 0.00
3.97,5.41,0.00, 0.00
3.97,5.33,0.00, 0.00
3.97,5.33,0.00, 0.00
3.97,5.33,0.00, 0.00
3.97,5.33,0.00, 0.00
3.97,5.33,0.00, 0.00
3.97,5.33,0.00, 0.00
3.97,5.33,0.00, 0.00
3.97,5.33,0.00, 0.00
3.97,5.33,0.00, 0.00
3.97,5.33,0.00, 0.00
3.97,5.33,0.00, 0.00
3.97,5.33,0.00, 0.00
3.97,5.33,0.00, 0.00
3.97,5.33,0.00, 0.00
3.97,5.33,0.00, 0.00
3.97,5.33,0.00, 0.00
3.97,5.33,0.00, 0.00
3.97,5.33,0.00, 0.00
3.97,5.33,0.00, 0.00
3.97,5.33,0.00, 0.00
3.97,5.33,0.00, 0.00
3.97,5.33,0.00, 0.00
3.97,5.33,0.00, 0.00
3.97,5.33,0.00, 0.00
3.97,5.33,0.00, 0.00
3.97,5.33,0.00, 0.00
3.97,5.33,0.00, 0.00
3.97,5.33,0.00, 0.00
3.97,5.33,0.00, 0.00
3.97,5.33,0.00, 0.00
3.97,5.33,0.00, 0.00
3.97,5.33,0.00, 0.00
3.97,5.33,0.00, 0.00
3.97,5.33,0.00, 0.00
3.97,5.33,0.00, 0.00
3.97,5.33,0.00, 0.00
3.97,5.33,0.00, 0.00
3.97,5.33,0.00, 0.00
3.97,5.33,0.00, 0.00
3.97,5.33,0.00, 0.00
3.97,5.33,0.00, 0.00
3.97,5.33,0.00, 0.00
3.97,5.33,0.00, 0.00
3.97,5.33,0.00, 0.00
3.97,5.33,0.00, 0.00
3.97,5.33,0.00, 0.00
3.97,5.33,0.00, 0.00
3.97,5.33,0.00, 0.00
3.97,5.33,0.00, 0.00
3.97,5.33,0.00, 0.00
3.97,5.33,0.00, 0.00
3.97,5.33,0.00, 0.00
3.97,5.33,0.00, 0.00
3.97,5.33,0.00, 0.00
3.97,5.33,0.00, 0.00
3.97,5.33,0.00, 0.00
3.97,5.33,0.00, 0.00
3.97,5.33,0.00, 0.00
3.97,5.33,0.00, 0.00
3.97,5.33,0.00, 0.00
3.97,5.33,0.00, 0.00
3.97,5.26,0.00, 0.00
3.97,5.26,0.00, 0.00
3.97,5.26,0.00, 0.00
3.97,5.26,0.00, 0.00
3.97,5.26,0.00, 0.00
3.97,5.26,0.00, 0.00
3.97,5.26,0.00, 0.00
3.97,5.18,0.00, 0.00
3.97,5.18,0.00, 0.00
3.97,5.11,0.00, 0.00
0.00,0.12,0.00, 0.00
0.00,0.05,0.00, 0.00
0.00,0.05,0.00, 0.50
0.00,0.06,0.00, 0.25
0.00,0.06,0.00, 0.00
0.00,0.06,0.00, 0.00
0.00,0.06,0.00, 0.00
0.00,0.06,0.00, 0.00
0.00,0.06,0.00, 0.00
0.00,0.06,0.00, 0.00
0.00,0.06,0.00, 0.00
0.00,0.06,0.00, 0.00
0.00,0.06,0.00, 0.00
0.00,0.06,0.00, 0.00
0.00,0.06,0.00, 0.00
0.00,0.06,0.00, 0.00
0.00,0.05,0.00, 0.00
0.00,0.05,0.00, 0.50
0.00,0.05,0.00, 0.00
0.00,0.05,0.00, 0.00
0.00,0.05,0.00, 0.00
0.00,0.05,0.00, 0.00
0.00,0.05,0.00, 0.00
0.00,0.05,0.00, 0.00
0.00,0.05,0.00, 0.00
0.00,0.05,0.00, 0.00
0.00,0.05,0.00, 0.00
0.00,0.05,0.00, 0.00
0.00,0.05,0.00, 0.00
0.00,0.05,0.00, 0.00
0.00,0.05,0.00, 0.50
0.00,0.06,0.00, 0.25
0.00,0.05,0.00, 0.00
0.00,0.06,0.00, 1.00
0.00,0.05,0.00, 0.00
0.00,0.05,0.00, 0.00
0.00,0.05,0.00, 0.00
0.00,0.05,0.00, 0.00
0.00,0.05,0.00, 0.00
0.00,0.05,0.00, 0.00
0.00,0.05,0.00, 0.00
0.00,0.05,0.00, 0.00
0.00,0.05,0.00, 0.00
0.00,0.05,0.00, 0.00
0.00,0.05,0.00, 0.00
0.00,0.05,0.00, 0.00
0.00,0.05,0.00, 0.00
0.00,0.05,0.00, 0.00
0.00,0.05,0.00, 0.00
0.00,0.05,0.00, 0.00
0.00,0.05,0.00, 0.00
0.00,0.05,0.00, 0.00
0.00,0.05,0.00, 0.00
0.00,0.05,0.00, 0.00
0.00,0.06,0.00, 1.00
0.00,0.05,0.00, 0.00
0.00,0.05,0.00, 0.00
0.00,0.06,0.00, 1.00
0.00,0.06,0.00, 1.00
0.00,0.06,0.00, 1.00
0.00,0.06,0.00, 1.00
0.00,0.06,0.00, 1.00
0.00,0.06,0.00, 1.00
0.00,0.06,0.00, 1.00
0.00,0.06,0.00, 1.00
0.00,0.06,0.00, 1.00
0.00,0.06,0.00, 1.00
0.00,0.06,0.00, 1.00
0.00,0.06,0.00, 1.00
0.00,0.06,0.00, 1.00
0.00,0.06,0.00, 1.00
0.00,0.06,0.00, 1.00
0.00,0.06,0.00, 1.00
0.00,0.06,0.00, 1.00
0.00,0.06,0.00, 1.00
0.00,0.06,0.00, 1.00
0.00,0.06,0.00, 1.00
0.00,0.06,0.00, 1.00
0.00,0.06,0.00, 1.00
0.00,0.06,0.00, 1.00
0.00,0.06,0.00, 1.00
0.00,0.06,0.00, 1.00
0.00,0.06,0.00, 1.00
0.00,0.06,0.00, 1.00
0.00,0.06,0.00, 1.00
0.00,0.06,0.00, 1.00
0.00,0.06,0.00, 1.00
0.00,0.06,0.00, 1.00
0.00,0.06,0.00, 1.00
0.00,0.06,0.00, 1.00
0.00,0.06,0.00, 1.00
2.04,1.38,100.50, 65.51
2.04,1.38,100.50, 65.51
2.04,1.38,100.50, 65.51
2.24,1.64,11.33, 13.19
2.24,1.64,11.33, 13.19
2.24,1.64,11.33, 13.19
2.24,1.64,11.33, 13.19
3.36,2.24,55.34, 30.19
3.97,6.30,30.87, 202.12
3.97,6.30,30.87, 202.12
3.97,6.30,30.87, 202.12
3.97,6.30,30.87, 202.12
3.97,6.30,30.87, 202.12
3.97,6.30,30.87, 202.12
3.97,6.30,30.87, 202.12
3.97,6.30,30.87, 202.12
3.97,6.30,30.87, 202.12
3.97,6.30,30.87, 202.12
3.97,6.22,0.45, 0.00
3.97,5.56,0.01, 0.00
3.97,5.39,0.00, 0.00
3.97,5.05,0.00, 0.00
3.97,4.99,0.00, 0.00
3.97,4.93,0.00, 0.00
3.97,4.90,0.00, 0.00
3.97,4.86,0.00, 0.00
3.97,4.81,0.00, 0.00
3.97,4.80,0.00, 0.00
3.99,4.76,0.99, 0.00
3.97,4.71,0.00, 0.00
3.97,4.65,0.00, 0.00
3.97,4.61,0.00, 0.00
3.97,4.56,0.00, 0.00
3.97,4.51,0.00, 0.00
3.97,4.51,0.00, 0.00
3.97,4.51,0.00, 0.00
3.97,4.51,0.00, 0.00
3.97,4.51,0.00, 0.00
3.97,4.48,0.00, 0.00
3.97,4.48,0.00, 0.00
3.97,4.48,0.00, 0.00
3.97,4.48,0.00, 0.00
3.97,4.48,0.00, 0.00
3.97,4.51,0.00, 1.49
3.97,4.51,0.00, 1.49
3.97,4.51,0.00, 0.00
3.97,4.66,0.00, 7.72
3.97,4.74,0.00, 4.26
3.97,4.71,0.00, 0.00
3.97,4.72,0.00, 0.50
3.97,4.71,0.00, 0.00
3.97,4.71,0.00, 0.00
3.97,4.68,0.00, 0.00
3.97,4.68,0.00, 0.00
3.97,4.68,0.00, 0.00
3.97,4.68,0.00, 0.00
3.97,4.69,0.00, 0.50
3.97,4.73,0.00, 1.75
3.97,4.74,0.00, 0.75
3.97,4.61,0.00, 0.00
3.97,4.56,0.00, 0.00
3.97,4.51,0.00, 0.00
3.97,4.51,0.00, 0.00
3.97,4.51,0.00, 0.00
3.97,4.51,0.00, 0.00
3.97,4.51,0.00, 0.00
3.97,4.51,0.00, 0.00
3.97,4.51,0.00, 0.00
3.97,4.45,0.00, 0.00
3.97,4.38,0.00, 0.00
3.97,4.35,0.00, 0.00
3.97,4.35,0.00, 0.00
3.97,4.35,0.00, 0.00
3.97,4.35,0.00, 0.00
3.97,4.35,0.00, 0.00
3.97,4.35,0.00, 0.00
3.97,4.35,0.00, 0.00
3.97,4.35,0.00, 0.00
3.97,4.35,0.00, 0.00
3.97,4.35,0.00, 0.00
3.97,4.35,0.00, 0.00
3.97,4.35,0.00, 0.00
3.97,4.35,0.00, 0.00
3.97,4.35,0.00, 0.00
3.97,4.35,0.00, 0.00
3.97,4.35,0.00, 0.00
3.97,4.35,0.00, 0.00
3.97,4.35,0.00, 0.00
3.97,4.35,0.00, 0.00
3.97,4.35,0.00, 0.00
3.97,4.35,0.00, 0.00
3.97,4.35,0.00, 0.00
3.97,4.35,0.00, 0.00
3.97,4.35,0.00, 0.00
3.97,4.35,0.00, 0.00
3.97,4.35,0.00, 0.00
3.97,4.35,0.00, 0.00
3.97,4.35,0.00, 0.00
3.97,4.10,0.00, 0.00
3.97,4.03,0.00, 0.00
3.97,3.91,0.00, 0.00
3.97,3.91,0.00, 0.00
3.97,3.91,0.00, 0.00
3.97,3.91,0.00, 0.00
3.97,3.91,0.00, 0.00
0.00,0.71,0.00, 0.00
0.00,0.71,0.00, 0.00
0.00,0.58,0.00, 0.00
0.00,0.48,0.00, 0.00
0.00,0.16,0.00, 0.00
0.00,0.05,0.00, 0.00
0.00,0.05,0.00, 0.00
0.00,0.05,0.00, 0.00
0.00,0.05,0.00, 0.00
0.00,0.05,0.00, 0.00
0.00,0.05,0.00, 0.50
0.00,0.05,0.00, 0.00
1.95,0.06,96.07, 0.50
0.00,0.05,0.00, 0.00
0.00,0.05,0.00, 0.00
0.00,0.05,0.00, 0.00
0.00,0.05,0.00, 0.00
0.00,0.05,0.00, 0.50
0.22,0.04,10.84, 0.00
0.00,0.05,0.00, 1.00
0.00,0.05,0.00, 0.00
0.00,0.05,0.00, 0.00
0.00,0.05,0.00, 0.00
0.00,0.05,0.00, 0.00
0.00,0.05,0.00, 0.50
0.02,0.05,0.99, 0.00
0.00,0.05,0.00, 0.50
0.00,0.05,0.00, 0.00
0.00,0.05,0.00, 0.00
0.00,0.05,0.00, 0.00
0.00,0.05,0.00, 0.50
0.00,0.05,0.00, 0.00
0.00,0.04,0.00, 0.00
0.00,0.05,0.00, 0.50
0.00,0.05,0.00, 0.50
0.00,0.14,0.00, 4.24
0.00,0.16,0.00, 0.76
0.38,0.29,18.72, 6.73
0.81,0.47,21.46, 9.24
0.60,0.65,0.00, 8.75
0.27,0.82,0.00, 8.50
0.27,0.82,0.00, 8.50
0.27,0.82,0.00, 8.50
0.40,1.01,6.40, 9.75
1.01,1.22,30.15, 10.50
1.01,1.22,30.15, 10.50
1.48,1.45,23.60, 11.25
1.59,1.68,5.77, 11.75
1.50,1.93,0.00, 12.25
1.50,2.18,0.00, 12.75
1.66,2.45,7.88, 13.25
1.93,2.78,13.42, 16.24
1.93,2.78,13.42, 16.24
2.17,3.11,12.02, 16.75
2.40,3.40,11.51, 14.76
2.53,3.69,6.57, 14.25
2.53,3.98,0.10, 14.25
2.67,4.25,6.90, 13.75
3.05,4.48,18.82, 11.51
3.50,4.70,22.45, 11.25
3.81,4.91,15.60, 10.25
3.81,4.91,15.60, 10.25
3.81,4.91,15.60, 10.25
3.81,4.91,15.60, 10.25
3.81,4.91,15.60, 10.25
3.81,4.91,15.60, 10.25
3.81,4.91,15.60, 10.25
3.81,4.91,15.60, 10.25
3.81,4.91,15.60, 10.25
3.81,4.91,15.60, 10.25
3.81,4.91,15.60, 10.25
3.81,4.91,15.60, 10.25
3.81,4.91,15.60, 10.25
3.97,5.08,8.11, 8.51
4.01,5.24,2.09, 8.25
4.01,5.39,0.03, 7.25
3.97,6.06,0.00, 33.15
3.97,6.06,0.00, 33.15
3.97,6.08,0.00, 1.37
3.97,6.10,0.00, 0.75
3.97,6.07,0.00, 0.00
3.97,6.09,0.00, 1.00
3.97,6.10,0.00, 0.50
3.97,6.11,0.00, 0.75
3.97,6.15,0.00, 1.75
3.97,6.20,0.00, 2.25
3.97,6.22,0.00, 1.25
3.97,6.24,0.00, 1.25
3.97,6.27,0.00, 1.50
3.97,6.31,0.00, 1.75
3.97,6.37,0.00, 3.00
3.97,6.43,0.00, 3.00
3.97,6.49,0.00, 3.00
3.97,6.49,0.00, 3.00
3.97,6.49,0.00, 3.00
3.97,6.49,0.00, 3.00
3.97,6.54,0.00, 2.50
3.97,6.54,0.00, 2.50
3.97,6.54,0.00, 2.50
3.97,6.59,0.00, 2.25
3.97,6.64,0.00, 3.00
3.97,6.68,0.00, 2.00
3.99,6.65,0.99, 0.00
3.99,6.61,0.01, 0.00
3.99,6.61,0.01, 0.00
3.99,6.61,0.01, 0.00
3.99,6.61,0.01, 0.00
3.99,6.61,0.01, 0.00
3.99,6.61,0.01, 0.00
3.99,6.61,0.01, 0.00
3.99,6.61,0.01, 0.00
3.99,6.61,0.01, 0.00
3.99,6.61,0.01, 0.00
3.99,6.61,0.01, 0.00
3.99,6.61,0.01, 0.00
3.97,6.58,0.00, 0.00
3.97,6.54,0.00, 0.00
3.97,6.51,0.00, 0.00
3.97,5.61,0.00, 0.00
3.97,5.60,0.00, 0.00
3.97,5.60,0.00, 0.00
3.97,5.60,0.00, 0.00
3.97,5.60,0.00, 0.00
3.97,5.60,0.00, 0.00
3.97,5.60,0.00, 0.00
3.97,5.60,0.00, 0.00
3.97,5.58,0.00, 0.00
3.97,5.59,0.00, 0.25
3.97,5.57,0.00, 0.00
3.97,5.57,0.00, 0.00
3.97,5.60,0.00, 1.25
3.97,5.59,0.00, 0.00
3.97,5.54,0.00, 0.00
3.97,5.49,0.00, 0.00
3.97,5.38,0.00, 0.00
3.97,5.22,0.00, 0.00
3.97,5.14,0.00, 0.00
3.97,5.10,0.00, 0.00
3.97,5.09,0.00, 0.00
3.97,5.09,0.00, 0.00
3.97,5.11,0.00, 1.25
3.97,5.07,0.00, 0.00
3.97,5.02,0.00, 0.00
3.97,4.89,0.00, 0.00
3.97,4.73,0.00, 0.00
3.97,4.50,0.00, 0.00
3.97,4.28,0.00, 0.00
3.97,4.07,0.00, 0.00
3.97,3.95,0.00, 0.00
3.97,3.89,0.00, 0.00
3.97,3.89,0.00, 0.00
3.97,3.90,0.00, 0.50
3.97,3.93,0.00, 1.50
3.97,3.93,0.00, 1.50
3.97,3.93,0.00, 0.25
3.97,3.92,0.00, 0.00
3.97,3.88,0.00, 0.00
3.97,3.79,0.00, 0.00
3.97,3.68,0.00, 0.00
3.97,3.61,0.00, 0.00
3.97,3.51,0.00, 0.00
3.97,3.51,0.00, 0.00
3.97,3.51,0.00, 0.00
3.97,3.43,0.00, 0.00
3.97,3.36,0.00, 0.00
3.97,3.28,0.00, 0.00
3.97,3.00,0.00, 0.00
3.97,2.88,0.00, 0.00
3.97,2.76,0.00, 0.00
3.97,2.60,0.00, 0.00
3.92,2.45,0.00, 0.00
3.25,2.34,0.00, 0.00
3.25,2.34,0.00, 0.00
3.25,2.34,0.00, 0.00
0.38,2.08,0.00, 0.00
0.00,1.89,0.00, 0.00
0.00,1.89,0.00, 0.00
0.00,1.89,0.00, 0.00
0.00,1.89,0.00, 0.00
0.00,1.89,0.00, 0.00
0.00,1.89,0.00, 0.00
1.95,1.71,96.07, 0.00
2.62,1.65,34.42, 0.00
2.62,1.65,34.42, 0.00
2.62,1.65,34.42, 0.00
2.62,1.65,34.42, 0.00
2.62,1.65,34.42, 0.00
0.99,1.59,0.00, 0.00
0.99,1.59,0.00, 0.00
0.99,1.59,0.00, 0.00
0.33,0.90,0.00, 0.00
0.33,0.75,0.00, 0.00
0.81,0.09,23.65, 0.00
0.00,0.07,0.00, 0.00
0.00,0.07,0.00, 0.00
0.00,0.07,0.00, 0.00
0.00,0.07,0.00, 0.00
0.00,0.06,0.00, 0.00
0.00,0.06,0.00, 0.00
0.00,0.06,0.00, 0.00
0.00,0.06,0.00, 0.00
0.00,0.06,0.00, 0.00
0.00,0.06,0.00, 0.00
0.00,0.05,0.00, 0.00
0.00,0.05,0.00, 0.00
0.00,0.05,0.00, 0.00
0.00,0.06,0.00, 0.25
0.00,0.05,0.00, 0.00
0.00,0.05,0.00, 0.00
0.00,0.05,0.00, 0.50
0.00,0.05,0.00, 0.00
0.00,0.05,0.00, 0.00
0.00,0.05,0.00, 0.50
0.00,0.05,0.00, 0.00
0.00,0.04,0.00, 0.00
0.00,0.05,0.00, 1.00
0.00,0.05,0.00, 0.00
0.00,0.05,0.00, 0.50
0.00,0.05,0.00, 0.00
0.00,0.05,0.00, 0.00
0.00,0.05,0.00, 0.00
0.00,0.05,0.00, 0.00
0.00,0.05,0.00, 0.00
0.00,0.05,0.00, 0.00
0.00,0.05,0.00, 0.50
0.00,0.05,0.00, 0.00
0.00,0.05,0.00, 0.50
0.00,0.06,0.00, 0.25
0.00,0.06,0.00, 0.25
0.00,0.05,0.00, 0.00
0.00,0.05,0.00, 0.00
0.00,0.05,0.00, 0.00
0.00,0.05,0.00, 0.00
0.00,0.06,0.00, 1.00
0.00,0.05,0.00, 0.00
0.00,0.04,0.00, 0.00
0.00,0.20,0.00, 8.22
0.00,0.31,0.00, 5.26
0.31,0.73,15.27, 21.19
0.99,1.01,33.72, 14.28
1.05,1.30,3.45, 14.25
1.05,1.30,3.45, 14.25
1.05,1.30,3.45, 14.25
1.05,1.30,3.45, 14.25
1.05,1.30,3.45, 14.25
1.05,1.30,3.45, 14.25
1.05,1.30,3.45, 14.25
1.05,1.30,3.45, 14.25
1.05,1.30,3.45, 14.25
1.34,1.52,14.34, 11.26
1.34,1.52,14.34, 11.26
1.34,1.52,14.34, 11.26
1.86,1.76,25.83, 11.75
1.86,1.76,25.83, 11.75
2.47,2.03,30.43, 13.49
3.86,4.67,68.93, 131.57
4.01,4.82,8.40, 7.95
3.99,5.03,0.00, 10.74
3.99,5.13,0.00, 4.77
3.97,5.30,0.00, 8.24
3.97,5.40,0.00, 5.26
3.97,5.49,0.00, 4.50
3.97,5.61,0.00, 5.75
3.97,5.68,0.00, 4.01
3.97,5.78,0.00, 4.50
3.97,5.85,0.00, 3.50
3.97,5.85,0.00, 3.50
3.97,5.85,0.00, 3.50
3.97,5.85,0.00, 3.50
3.97,5.85,0.00, 3.50
3.97,5.92,0.00, 3.75
3.97,5.98,0.00, 3.00
3.97,6.03,0.00, 2.50
3.97,6.17,0.00, 6.98
3.97,6.18,0.00, 0.27
3.97,6.18,0.00, 0.00
3.97,6.18,0.00, 0.00
3.97,6.18,0.00, 0.00
3.97,6.18,0.00, 0.00
3.97,6.18,0.00, 0.00
3.97,6.18,0.00, 0.00
3.97,6.18,0.00, 0.00
3.97,6.20,0.00, 1.49
3.97,6.20,0.00, 0.00
3.97,6.26,0.00, 3.49
3.97,6.47,0.00, 10.23
3.97,6.48,0.00, 0.54
3.97,6.45,0.00, 0.00
3.97,6.41,0.00, 0.00
3.97,6.40,0.00, 0.00
3.97,6.39,0.00, 0.00
3.97,6.33,0.00, 0.00
3.97,6.28,0.00, 0.00
3.97,6.23,0.00, 0.00
3.97,6.13,0.00, 0.00
3.97,6.05,0.00, 0.00
3.97,5.95,0.00, 0.00
3.97,5.95,0.00, 0.00
3.97,5.87,0.00, 0.00
3.97,5.87,0.00, 0.00
3.97,5.87,0.00, 0.00
3.97,5.87,0.00, 0.00
3.97,5.87,0.00, 0.00
3.97,5.87,0.00, 0.00
3.97,5.87,0.00, 0.00
3.97,5.87,0.00, 0.00
3.97,5.87,0.00, 0.00
3.97,5.87,0.00, 0.00
3.97,5.87,0.00, 0.00
3.97,5.78,0.00, 0.00
3.97,5.78,0.00, 0.00
3.97,5.78,0.00, 0.00
3.97,5.78,0.00, 0.00
3.97,5.78,0.00, 0.00
3.97,5.78,0.00, 0.00
3.97,5.78,0.00, 0.00
3.97,5.68,0.00, 0.00
3.97,5.68,0.00, 0.00
3.97,5.55,0.00, 0.00
3.97,4.89,0.00, 0.00
3.97,4.70,0.00, 0.00
3.97,4.74,0.00, 1.74
3.97,4.77,0.00, 1.25
3.97,4.79,0.00, 1.25
3.97,4.80,0.00, 0.50
3.97,4.80,0.00, 0.00
3.97,4.78,0.00, 0.00
3.97,4.78,0.00, 0.00
3.97,4.78,0.00, 0.00
3.97,4.76,0.00, 0.00
3.97,4.73,0.00, 0.00
3.97,4.66,0.00, 0.00
3.97,4.66,0.00, 0.00
3.97,4.66,0.00, 0.00
3.97,4.66,0.00, 0.00
3.97,4.60,0.00, 0.00
3.97,4.55,0.00, 0.00
3.97,4.47,0.00, 0.00
3.97,4.45,0.00, 0.00
3.97,4.40,0.00, 0.00
3.97,4.35,0.00, 0.00
3.97,4.27,0.00, 0.00
3.97,4.14,0.00, 0.00
3.97,4.03,0.00, 0.00
3.97,4.03,0.00, 0.00
3.97,4.03,0.00, 0.00
3.97,4.03,0.00, 0.00
3.97,4.03,0.00, 0.00
3.97,3.87,0.00, 0.00
3.97,3.87,0.00, 0.00
3.97,3.87,0.00, 0.00
3.97,3.87,0.00, 0.00
3.97,3.87,0.00, 0.00
3.97,3.87,0.00, 0.00
3.97,3.87,0.00, 0.00
3.97,3.72,0.00, 0.00
3.97,3.55,0.00, 0.00
3.97,3.55,0.00, 0.00
3.97,3.30,0.00, 0.00
3.97,2.99,0.00, 0.00
3.68,2.93,0.00, 0.00
3.68,2.93,0.00, 0.00
3.68,2.93,0.00, 0.00
3.68,2.93,0.00, 0.00
3.68,2.93,0.00, 0.00
0.25,2.84,0.00, 0.00
0.25,2.84,0.00, 0.00
0.00,2.80,0.00, 0.00
0.00,2.80,0.00, 0.00
0.00,2.80,0.00, 0.00
0.00,2.80,0.00, 0.00
0.00,2.80,0.00, 0.00
0.00,2.80,0.00, 0.00
0.00,2.80,0.00, 0.00
0.00,2.80,0.00, 0.00
0.00,2.80,0.00, 0.00
1.48,2.58,72.91, 0.00
1.48,2.58,72.91, 0.00
3.95,2.15,122.76, 0.00
3.23,1.98,0.00, 0.00
0.00,0.60,0.00, 0.00
0.00,0.49,0.00, 0.00
0.00,0.44,0.00, 0.00
0.00,0.44,0.00, 0.00
0.00,0.44,0.00, 0.00
0.00,0.35,0.00, 0.00
0.00,0.26,0.00, 0.00
0.00,0.26,0.00, 0.00
0.00,0.26,0.00, 0.00
0.00,0.26,0.00, 0.00
0.00,0.18,0.00, 0.00
0.00,0.18,0.00, 0.00
0.00,0.15,0.00, 0.00
0.00,0.14,0.00, 0.00
0.00,0.05,0.00, 0.00
0.00,0.05,0.00, 0.00
0.00,0.05,0.00, 0.00
0.33,0.05,16.26, 0.00
0.33,0.05,16.26, 0.00
0.33,0.05,16.26, 0.00
0.33,0.05,16.26, 0.00
0.33,0.05,16.26, 0.00
0.33,0.05,16.26, 0.00
0.33,0.05,16.26, 0.00
2.96,0.05,129.80, 0.00
2.96,0.05,129.80, 0.00
2.96,0.05,129.80, 0.00
2.96,0.05,129.80, 0.00
2.96,0.05,129.80, 0.00
2.96,0.05,129.80, 0.00
2.96,0.05,129.80, 0.00
1.99,0.05,0.00, 0.00
1.99,0.05,0.00, 0.00
1.64,0.05,0.00, 0.50
1.64,0.05,0.00, 0.50
1.37,0.07,0.00, 0.75
0.92,0.05,0.00, 0.00
0.92,0.05,0.00, 0.00
0.92,0.05,0.00, 0.00
0.92,0.05,0.00, 0.00
0.92,0.05,0.00, 0.00
0.92,0.05,0.00, 0.00
0.92,0.05,0.00, 0.00
0.92,0.05,0.00, 0.00
0.67,0.05,0.00, 0.00
0.67,0.05,0.00, 0.00
0.67,0.05,0.00, 0.00
0.67,0.05,0.00, 0.00
0.67,0.05,0.00, 0.00
0.47,0.07,0.00, 1.25
0.67,0.05,9.85, 0.00
0.83,0.06,8.03, 0.25
0.83,0.05,0.12, 0.00
0.92,0.06,4.44, 0.50
1.07,0.07,7.45, 0.25
1.07,0.07,7.45, 0.25
1.07,0.07,7.45, 0.25
1.07,0.07,7.45, 0.25
1.07,0.07,7.45, 0.25
1.07,0.07,7.45, 0.25
1.07,0.07,7.45, 0.25
1.12,0.07,2.57, 0.00
1.12,0.07,2.57, 0.00
1.12,0.07,2.57, 0.00
1.12,0.07,2.57, 0.00
1.12,0.07,2.57, 0.00
1.12,0.07,2.57, 0.00
1.05,0.07,0.00, 0.00
1.05,0.07,0.00, 0.00
1.05,0.07,0.00, 0.00
1.05,0.07,0.00, 0.00
1.05,0.07,0.00, 0.00
1.05,0.07,0.00, 0.00
1.05,0.07,0.00, 0.00
1.05,0.07,0.00, 0.00
1.05,0.07,0.00, 0.00
1.05,0.07,0.00, 0.00
0.94,0.08,0.00, 0.50
0.94,0.08,0.00, 0.50
0.94,0.08,0.00, 0.50
0.94,0.08,0.00, 0.50
1.01,0.30,3.45, 10.71
1.01,0.30,3.45, 10.71
1.01,0.30,3.45, 10.71
1.01,0.30,3.45, 10.71
1.01,0.30,3.45, 10.71
3.38,2.02,116.81, 85.97
3.38,4.11,1.72, 104.68
3.38,4.11,1.72, 104.68
3.38,4.11,1.72, 104.68
3.38,4.11,1.72, 104.68
3.38,4.11,1.72, 104.68
3.38,4.11,1.72, 104.68
3.38,4.11,1.72, 104.68
3.38,4.11,1.72, 104.68
3.90,4.91,25.64, 39.99
3.97,5.40,3.83, 24.56
3.97,5.50,0.06, 5.07
3.97,5.93,0.00, 21.44
3.97,5.93,0.00, 21.44
3.97,5.99,0.00, 3.07
3.97,6.03,0.00, 2.00
3.97,6.05,0.00, 1.25
3.97,6.06,0.00, 0.50
3.97,6.03,0.00, 0.00
3.97,5.99,0.00, 0.00
3.97,5.99,0.00, 0.00
3.97,5.97,0.00, 0.00
3.97,5.93,0.00, 0.00
3.97,5.93,0.00, 0.00
3.99,5.97,0.99, 2.24
3.97,5.99,0.00, 1.00
3.97,6.01,0.00, 0.75
3.97,6.01,0.00, 0.50
3.97,5.97,0.00, 0.00
3.97,5.97,0.00, 0.00
3.97,5.97,0.00, 0.00
3.97,5.97,0.00, 0.00
3.97,5.86,0.00, 0.00
3.97,5.68,0.00, 0.00
3.97,5.51,0.00, 0.00
3.97,5.26,0.00, 0.00
3.97,5.21,0.00, 0.00
3.97,5.21,0.00, 0.00
3.97,5.21,0.00, 0.00
3.97,5.21,0.00, 0.00
3.97,5.21,0.00, 0.00
3.97,5.21,0.00, 0.00
3.97,5.21,0.00, 0.00
3.97,5.21,0.00, 0.00
3.97,5.21,0.00, 0.00
3.97,5.21,0.00, 0.00
3.97,5.21,0.00, 0.00
3.97,5.21,0.00, 0.00
3.97,5.21,0.00, 0.00
3.97,5.21,0.00, 0.00
3.97,5.21,0.00, 0.00
3.97,5.21,0.00, 0.00
3.97,5.21,0.00, 0.00
3.97,5.21,0.00, 0.00
3.97,5.21,0.00, 0.00
3.97,5.22,0.00, 0.25
3.97,5.22,0.00, 0.25
3.97,5.22,0.00, 0.25
3.97,5.22,0.00, 0.25
3.97,5.22,0.00, 0.25
3.97,5.22,0.00, 0.25
3.97,5.22,0.00, 0.25
3.97,5.22,0.00, 0.25
3.97,5.22,0.00, 0.25
3.97,5.22,0.00, 0.25
3.97,5.22,0.00, 0.25
3.97,5.22,0.00, 0.25
3.97,5.22,0.00, 0.25
3.97,5.22,0.00, 0.25
3.97,5.22,0.00, 0.50
3.97,5.22,0.00, 0.50
3.97,5.22,0.00, 0.50
3.97,5.24,0.00, 0.75
3.97,5.22,0.00, 0.00
3.97,5.74,0.00, 25.90
3.97,5.76,0.00, 0.84
3.97,5.73,0.00, 0.00
3.97,5.65,0.00, 0.00
3.97,5.56,0.00, 0.00
3.97,5.41,0.00, 0.00
3.97,5.41,0.00, 0.00
3.97,5.27,0.00, 0.00
3.97,5.27,0.00, 0.00
3.97,5.14,0.00, 0.00
3.97,5.06,0.00, 0.00
3.97,5.03,0.00, 0.00
3.97,5.04,0.00, 0.50
3.97,5.04,0.00, 0.00
3.97,5.02,0.00, 0.00
3.97,5.01,0.00, 0.00
3.97,4.95,0.00, 0.00
3.97,4.90,0.00, 0.00
3.97,4.88,0.00, 0.00
3.97,4.88,0.00, 0.00
3.97,4.88,0.00, 0.00
3.97,4.88,0.00, 0.00
3.97,4.85,0.00, 0.00
3.97,4.82,0.00, 0.00
3.99,4.79,0.99, 0.00
3.97,4.78,0.00, 0.00
3.97,4.76,0.00, 0.00
3.97,4.69,0.00, 0.00
3.97,4.63,0.00, 0.00
3.97,4.61,0.00, 0.00
3.97,4.55,0.00, 0.00
3.97,4.55,0.00, 0.00
3.97,4.55,0.00, 0.00
3.97,4.55,0.00, 0.00
3.97,4.55,0.00, 0.00
3.97,4.55,0.00, 0.00
3.97,4.55,0.00, 0.00
3.97,4.55,0.00, 0.00
3.97,4.55,0.00, 0.00
3.97,4.55,0.00, 0.00
3.97,4.55,0.00, 0.00
3.97,4.55,0.00, 0.00
3.97,4.55,0.00, 0.00
3.97,4.55,0.00, 0.00
3.97,4.55,0.00, 0.00
3.97,4.55,0.00, 0.00
3.97,4.55,0.00, 0.00
3.97,4.55,0.00, 0.00
3.97,4.55,0.00, 0.00
3.97,4.55,0.00, 0.00
3.97,4.55,0.00, 0.00
3.97,4.55,0.00, 0.00
3.97,4.55,0.00, 0.00
3.97,4.55,0.00, 0.00
3.97,4.55,0.00, 0.00
3.97,4.55,0.00, 0.00
3.97,4.55,0.00, 0.00
3.97,4.55,0.00, 0.00
3.97,4.55,0.00, 0.00
3.97,4.55,0.00, 0.00
3.97,4.55,0.00, 0.00
3.97,4.55,0.00, 0.00
3.97,4.49,0.00, 0.00
3.97,4.49,0.00, 0.00
3.97,4.49,0.00, 0.00
3.97,4.39,0.00, 0.00
3.97,4.30,0.00, 0.00
3.97,4.30,0.00, 0.00
3.97,4.30,0.00, 0.00
3.97,4.30,0.00, 0.00
3.97,4.30,0.00, 0.00
3.97,4.30,0.00, 0.00
3.97,4.30,0.00, 0.00
3.97,4.30,0.00, 0.00
3.97,4.30,0.00, 0.00
3.97,4.30,0.00, 0.00
3.97,4.30,0.00, 0.00
3.97,4.30,0.00, 0.00
3.97,4.30,0.00, 0.00
3.97,4.30,0.00, 0.00
3.97,4.30,0.00, 0.00
0.00,0.42,0.00, 0.00
0.00,0.38,0.00, 0.00
0.00,0.31,0.00, 0.00
0.00,0.08,0.00, 0.00
0.00,0.08,0.00, 0.00
0.00,0.08,0.00, 0.00
0.00,0.08,0.00, 0.00
0.00,0.08,0.00, 0.00
0.00,0.08,0.00, 0.00
0.00,0.08,0.00, 0.00
0.00,0.08,0.00, 0.00
0.00,0.09,0.00, 0.50
0.00,0.08,0.00, 0.00
0.00,0.08,0.00, 0.00
0.00,0.08,0.00, 0.00
0.00,0.08,0.00, 0.00
0.00,0.08,0.00, 0.00
0.00,0.08,0.00, 0.00
0.00,0.08,0.00, 0.00
0.00,0.08,0.00, 0.00
0.00,0.08,0.00, 0.00
0.00,0.08,0.00, 0.00
0.00,0.08,0.00, 0.00
0.00,0.08,0.00, 0.00
0.00,0.08,0.00, 0.00
0.00,0.08,0.00, 0.00
0.00,0.08,0.00, 0.00
0.00,0.08,0.00, 0.00
0.00,0.08,0.00, 0.00
0.00,0.08,0.00, 0.00
0.00,0.08,0.00, 0.00
0.00,0.08,0.00, 0.00
0.00,0.08,0.00, 0.00
0.00,0.08,0.00, 0.00
0.00,0.08,0.00, 0.00
0.00,0.08,0.00, 0.00
0.00,0.08,0.00, 0.00
0.00,0.08,0.00, 0.00
0.00,0.08,0.00, 0.00
0.00,0.08,0.00, 0.00
0.00,0.08,0.00, 0.00
0.00,0.08,0.00, 0.00
0.00,0.08,0.00, 0.00
0.00,0.08,0.00, 0.00
0.00,0.08,0.00, 0.00
0.00,0.08,0.00, 0.00
0.00,0.08,0.00, 0.00
0.00,0.08,0.00, 0.00
0.00,0.08,0.00, 0.00
0.00,0.08,0.00, 0.00
0.00,0.08,0.00, 0.00
0.00,0.08,0.00, 0.00
0.00,0.08,0.00, 0.00
0.00,0.08,0.00, 0.00
0.00,0.08,0.00, 0.00
0.00,0.08,0.00, 0.00
0.00,0.08,0.00, 0.00
0.00,0.08,0.00, 0.00
0.00,0.08,0.00, 0.00
0.00,0.08,0.00, 0.00
0.00,0.08,0.00, 0.00
0.00,0.08,0.00, 0.00
0.00,0.08,0.00, 0.00
0.00,0.08,0.00, 0.00
0.00,0.08,0.00, 0.00
0.00,0.08,0.00, 0.00
0.00,0.08,0.00, 0.00
0.00,0.05,0.00, 0.00
0.00,0.05,0.00, 0.00
0.00,0.05,0.00, 0.00
0.00,0.05,0.00, 0.00
0.00,0.05,0.00, 0.00
0.00,0.05,0.00, 0.00
0.00,0.05,0.00, 0.00
1.52,0.05,74.88, 0.00
0.00,0.05,0.00, 0.50
0.00,0.05,0.00, 0.00
0.00,0.05,0.00, 0.00
0.00,0.05,0.00, 0.00
0.00,0.05,0.00, 0.00
0.00,0.05,0.00, 0.50
0.00,0.05,0.00, 0.00
0.00,0.05,0.00, 0.00
0.00,0.05,0.00, 0.50
0.00,0.05,0.00, 0.00
0.00,0.06,0.00, 1.00
0.00,0.06,0.00, 0.00
0.00,0.06,0.00, 0.00
0.00,0.06,0.00, 0.00
0.00,0.06,0.00, 0.00
0.00,0.06,0.00, 0.00
0.00,0.06,0.00, 0.00
0.00,0.06,0.00, 0.00
0.00,0.06,0.00, 0.00
0.00,0.06,0.00, 0.00
0.00,0.06,0.00, 0.00
0.00,0.06,0.00, 0.00
0.00,0.06,0.00, 0.00
0.00,0.06,0.00, 0.00
0.00,0.06,0.00, 0.00
0.00,0.05,0.00, 0.00
0.00,0.05,0.00, 0.50
0.00,0.05,0.00, 0.50
0.00,0.05,0.00, 0.50
0.00,0.05,0.00, 0.50
0.00,0.05,0.00, 0.50
0.00,0.05,0.00, 0.50
0.00,0.07,0.00, 0.75
0.00,0.07,0.00, 0.75
0.00,0.05,0.00, 0.00
0.00,0.05,0.00, 0.00
0.00,0.05,0.00, 0.00
0.00,0.05,0.00, 0.00
0.00,0.05,0.00, 0.00
0.00,0.05,0.00, 0.00
0.00,0.05,0.00, 0.00
0.00,0.05,0.00, 0.00
0.00,0.05,0.00, 0.00
0.00,0.05,0.00, 0.00
0.00,0.05,0.00, 0.00
0.00,0.05,0.00, 0.00
0.00,0.05,0.00, 0.00
0.00,0.05,0.00, 0.00
0.00,0.05,0.00, 0.00
0.00,0.05,0.00, 0.00
0.00,0.05,0.00, 0.00
0.00,0.05,0.00, 0.50
0.00,0.05,0.00, 0.50
0.00,0.05,0.00, 0.00
0.00,0.05,0.00, 0.00
0.00,0.05,0.00, 0.00
0.00,0.05,0.00, 0.00
0.00,0.05,0.00, 0.00
0.00,0.05,0.00, 0.00
0.00,0.05,0.00, 0.00
0.00,0.05,0.00, 0.00
0.00,0.05,0.00, 0.00
0.00,0.05,0.00, 0.00
0.00,0.05,0.00, 0.00
0.00,0.05,0.00, 0.00
0.00,0.05,0.00, 0.00
0.00,0.05,0.00, 0.00
0.00,0.05,0.00, 0.00
0.00,0.05,0.00, 0.00
0.00,0.06,0.00, 0.75
0.00,0.07,0.00, 0.50
0.00,0.05,0.00, 0.00
0.00,0.05,0.00, 0.50
0.00,0.05,0.00, 0.50
0.00,0.05,0.00, 0.00
0.00,0.05,0.00, 0.00
0.00,0.05,0.00, 0.50
0.00,0.05,0.00, 0.00
0.00,0.05,0.00, 0.00
0.00,0.05,0.00, 0.00
0.00,0.05,0.00, 0.00
0.00,0.05,0.00, 0.00
0.00,0.05,0.00, 0.00
0.00,0.05,0.00, 0.00
0.00,0.05,0.00, 0.00
0.00,0.05,0.00, 0.00
0.00,0.05,0.00, 0.00
0.00,0.05,0.00, 0.00
0.00,0.05,0.00, 0.00
0.00,0.05,0.00, 0.00
0.00,0.05,0.00, 0.00
0.00,0.05,0.00, 0.00
0.00,0.05,0.00, 0.00
0.00,0.05,0.00, 0.00
0.00,0.05,0.00, 0.00
0.00,0.05,0.00, 0.00
0.00,0.05,0.00, 0.00
0.00,0.05,0.00, 0.00
0.00,0.05,0.00, 0.00
0.00,0.05,0.00, 0.00
0.00,0.05,0.00, 0.00
0.00,0.05,0.00, 0.00
0.00,0.05,0.00, 0.00
0.00,0.05,0.00, 0.00
0.00,0.05,0.00, 0.00
0.00,0.05,0.00, 0.00
0.00,0.05,0.00, 0.00
0.00,0.05,0.00, 0.00
0.00,0.05,0.00, 0.00
0.00,0.05,0.00, 0.00
0.00,0.05,0.00, 0.00
0.00,0.05,0.00, 0.00
0.00,0.05,0.00, 0.00
0.00,0.05,0.00, 0.00
0.00,0.05,0.00, 0.00
0.00,0.05,0.00, 0.00
0.00,0.05,0.00, 0.00
0.00,0.05,0.00, 0.00
0.00,0.05,0.00, 0.00
0.00,0.05,0.00, 0.00
0.00,0.05,0.00, 0.00
0.00,0.05,0.00, 0.00
0.00,0.05,0.00, 0.00
0.00,0.05,0.00, 0.00
0.00,0.05,0.00, 0.00
0.00,0.05,0.00, 0.00
0.00,0.05,0.00, 0.00
0.00,0.05,0.00, 0.00
0.00,0.05,0.00, 0.00
0.00,0.05,0.00, 0.00
0.00,0.05,0.00, 0.00
0.00,0.05,0.00, 0.00
0.00,0.05,0.00, 0.00
0.00,0.05,0.00, 0.00
0.00,0.05,0.00, 0.00
0.00,0.05,0.00, 0.00
0.00,0.05,0.00, 0.00
0.00,0.05,0.00, 0.00
0.00,0.05,0.00, 0.00
0.00,0.05,0.00, 0.00
0.00,0.05,0.00, 0.00
0.00,0.05,0.00, 0.00
0.00,0.05,0.00, 0.00
0.00,0.05,0.00, 0.00
0.00,0.05,0.00, 0.00
0.00,0.05,0.00, 0.00
0.00,0.05,0.00, 0.00
0.00,0.05,0.00, 0.00
0.00,0.05,0.00, 0.00
0.00,0.05,0.00, 0.00
0.00,0.05,0.00, 0.00
0.00,0.05,0.00, 0.00
0.00,0.05,0.00, 0.00
0.00,0.05,0.00, 0.00
0.00,0.05,0.00, 0.00
0.00,0.05,0.00, 0.00
0.00,0.05,0.00, 0.00
0.00,0.05,0.00, 0.00
0.00,0.05,0.00, 0.00
0.00,0.05,0.00, 0.00
0.00,0.05,0.00, 0.00
0.00,0.05,0.00, 0.00
0.00,0.05,0.00, 0.00
0.00,0.05,0.00, 0.00
0.00,0.05,0.00, 0.00
0.00,0.05,0.00, 0.00
0.00,0.05,0.00, 0.00
0.00,0.05,0.00, 0.00
0.00,0.05,0.00, 0.00
0.00,0.05,0.00, 0.00
0.00,0.05,0.00, 0.00
0.00,0.05,0.00, 0.00
0.00,0.05,0.00, 0.00
0.00,0.05,0.00, 0.00
0.00,0.05,0.00, 0.00
0.00,0.05,0.00, 0.00
0.00,0.05,0.00, 0.00
0.00,0.05,0.00, 0.00
0.00,0.05,0.00, 0.00
0.00,0.05,0.00, 0.00
0.00,0.05,0.00, 0.00
0.00,0.05,0.00, 0.00
0.00,0.05,0.00, 0.00
0.00,0.05,0.00, 0.00
0.00,0.05,0.00, 0.00
0.00,0.05,0.00, 0.00
0.00,0.05,0.00, 0.00
0.00,0.05,0.00, 0.00
0.00,0.05,0.00, 0.00
0.00,0.05,0.00, 0.00
0.00,0.05,0.00, 0.00
0.00,0.05,0.00, 0.00
0.00,0.05,0.00, 0.00
0.00,0.05,0.00, 0.00
0.00,0.05,0.00, 0.00
0.00,0.05,0.00, 0.00
0.00,0.05,0.00, 0.00
0.00,0.05,0.00, 0.00
0.00,0.05,0.00, 0.00
0.00,0.05,0.00, 0.00
0.00,0.05,0.00, 0.00
0.00,0.05,0.00, 0.00
0.00,0.05,0.00, 0.00
0.00,0.05,0.00, 0.00
0.00,0.05,0.00, 0.00
0.00,0.05,0.00, 0.00
0.00,0.05,0.00, 0.00
0.00,0.05,0.00, 0.00
0.00,0.05,0.00, 0.00
0.00,0.05,0.00, 0.00
0.00,0.05,0.00, 0.00
0.00,0.05,0.00, 0.00
0.00,0.05,0.00, 0.00
0.00,0.05,0.00, 0.00
0.00,0.05,0.00, 0.00
0.00,0.05,0.00, 0.00
0.00,0.05,0.00, 0.00
0.00,0.05,0.00, 0.00
0.00,0.05,0.00, 0.00
0.00,0.05,0.00, 0.00
0.00,0.05,0.00, 0.00
0.00,0.05,0.00, 0.00
0.00,0.05,0.00, 0.00
0.00,0.05,0.00, 0.00
0.00,0.05,0.00, 0.00
0.00,0.05,0.00, 0.00
0.00,0.05,0.00, 0.00
0.00,0.05,0.00, 0.00
0.00,0.05,0.00, 0.00
0.00,0.05,0.00, 0.00
0.00,0.05,0.00, 0.00
0.00,0.05,0.00, 0.00
0.00,0.05,0.00, 0.00
0.00,0.05,0.00, 0.00
0.00,0.05,0.00, 0.00
0.00,0.05,0.00, 0.00
0.00,0.05,0.00, 0.00
0.00,0.05,0.00, 0.00
0.00,0.05,0.00, 0.00
0.00,0.05,0.00, 0.00
0.00,0.05,0.00, 0.00
0.00,0.05,0.00, 0.00
0.00,0.05,0.00, 0.00
0.00,0.05,0.00, 0.00
0.00