4.24,0.00,0.00, 0.00
0.00,0.07,0.00, 3.49
0.00,0.05,0.00, 0.00
0.00,0.05,0.00, 0.00
0.00,0.05,0.00, 0.00
0.00,0.06,0.00, 1.00
0.00,0.07,0.00, 0.25
0.00,0.06,0.00, 0.00
0.00,0.07,0.00, 0.50
0.00,0.06,0.00, 0.00
0.00,0.05,0.00, 0.00
0.00,0.05,0.00, 0.50
0.00,0.06,0.00, 0.25
0.00,0.06,0.00, 0.00
0.00,0.06,0.00, 0.00
0.00,0.06,0.00, 0.00
0.00,0.06,0.00, 0.00
0.00,0.05,0.00, 0.00
0.00,0.05,0.00, 0.00
0.00,0.05,0.00, 0.50
0.00,0.06,0.00, 0.25
0.00,0.05,0.00, 0.00
0.00,0.05,0.00, 0.50
0.00,0.05,0.00, 0.00
0.00,0.05,0.00, 0.50
0.00,0.06,0.00, 0.50
0.00,0.05,0.00, 0.00
0.00,0.05,0.00, 0.50
0.00,0.05,0.00, 0.00
0.00,0.05,0.00, 0.50
0.00,0.06,0.00, 0.25
0.00,0.05,0.00, 0.00
0.00,0.05,0.00, 0.00
0.00,0.06,0.00, 1.00
0.00,0.06,0.00, 0.00
0.00,0.07,0.00, 0.50
0.00,0.05,0.00, 0.00
0.00,0.06,0.00, 1.00
0.00,0.06,0.00, 0.00
0.00,0.07,0.00, 0.50
0.00,0.05,0.00, 0.00
0.00,0.06,0.00, 0.50
0.00,0.05,0.00, 0.00
0.00,0.05,0.00, 0.00
0.00,0.06,0.00, 1.00
0.00,0.06,0.00, 0.00
0.00,0.05,0.00, 0.00
0.00,0.05,0.00, 0.50
0.00,0.06,0.00, 0.25
0.00,0.06,0.00, 0.00
0.00,0.05,0.00, 0.00
0.00,0.05,0.00, 0.00
0.00,0.05,0.00, 0.00
0.00,0.05,0.00, 0.50
0.00,0.05,0.00, 0.00
0.00,0.06,0.00, 1.00
0.00,0.05,0.00, 0.00
0.00,0.05,0.00, 0.50
0.00,0.06,0.00, 0.25
0.00,0.07,0.00, 0.50
0.00,0.06,0.00, 0.00
0.00,0.06,0.00, 0.00
0.00,0.06,0.00, 0.00
0.00,0.05,0.00, 0.00
0.00,0.05,0.00, 0.50
0.00,0.05,0.00, 0.00
0.00,0.05,0.00, 0.00
0.00,0.05,0.00, 0.00
0.00,0.06,0.00, 1.00
0.00,0.06,0.00, 0.00
0.00,0.06,0.00, 0.00
0.00,0.05,0.00, 0.00
0.00,0.06,0.00, 1.00
0.00,0.07,0.00, 0.25
0.00,0.05,0.00, 0.00
0.00,0.05,0.00, 0.00
0.00,0.05,0.00, 0.50
0.00,0.05,0.00, 0.00
0.00,0.05,0.00, 0.00
0.00,0.07,0.00, 0.75
0.00,0.05,0.00, 0.00
0.00,0.06,0.00, 0.50
0.00,0.05,0.00, 0.00
0.00,0.05,0.00, 0.00
0.00,0.06,0.00, 1.00
0.00,0.05,0.00, 0.00
0.00,0.06,0.00, 0.50
0.00,0.05,0.00, 0.00
0.00,0.06,0.00, 1.00
0.00,0.05,0.00, 0.00
0.00,0.05,0.00, 0.50
0.00,0.05,0.00, 0.00
0.00,0.05,0.00, 0.50
0.00,0.06,0.00, 0.50
0.00,0.05,0.00, 0.00
0.00,0.06,0.00, 1.00
0.00,0.06,0.00, 0.00
0.00,0.07,0.00, 0.50
0.00,0.05,0.00, 0.00
0.00,0.05,0.00, 0.00
0.00,0.05,0.00, 0.50
0.00,0.05,0.00, 0.00
0.00,0.05,0.00, 0.00
0.00,0.06,0.00, 0.25
0.00,0.05,0.00, 0.00
0.00,0.05,0.00, 0.50
0.00,0.05,0.00, 0.00
0.00,0.06,0.00, 0.50
0.00,0.06,0.00, 0.00
0.00,0.05,0.00, 0.00
0.00,0.05,0.00, 0.00
0.00,0.06,0.00, 0.25
0.00,0.07,0.00, 0.50
0.00,0.07,0.00, 0.00
0.00,0.05,0.00, 0.00
0.00,0.05,0.00, 0.50
0.00,0.07,0.00, 0.75
0.00,0.07,0.00, 0.00
0.00,0.07,0.00, 0.00
0.00,0.07,0.00, 0.00
0.00,0.05,0.00, 0.00
0.00,0.05,0.00, 0.00
0.00,0.05,0.00, 0.50
0.00,0.05,0.00, 0.00
0.00,0.05,0.00, 0.00
0.00,0.05,0.00, 0.50
0.00,0.05,0.00, 0.00
0.00,0.07,0.00, 0.75
0.00,0.07,0.00, 0.00
0.00,0.06,0.00, 0.00
0.00,0.06,0.00, 0.00
0.00,0.06,0.00, 0.00
0.00,0.05,0.00, 0.00
0.00,0.05,0.00, 0.00
0.00,0.06,0.00, 1.00
0.00,0.05,0.00, 0.00
0.00,0.05,0.00, 0.50
0.00,0.05,0.00, 0.00
0.00,0.05,0.00, 0.00
0.00,0.06,0.00, 1.00
0.00,0.06,0.00, 0.00
0.00,0.06,0.00, 0.00
0.00,0.05,0.00, 0.00
0.00,0.06,0.00, 1.00
0.00,0.06,0.00, 0.00
0.00,0.06,0.00, 0.00
0.00,0.06,0.00, 0.00
0.00,0.06,0.00, 0.00
0.00,0.06,0.00, 0.00
0.00,0.05,0.00, 0.00
0.00,0.05,0.00, 0.50
0.00,0.05,0.00, 0.00
0.00,0.05,0.00, 0.50
0.00,0.07,0.00, 0.75
0.00,0.06,0.00, 0.00
0.00,0.06,0.00, 0.00
0.00,0.05,0.00, 0.00
0.00,0.05,0.00, 0.00
0.00,0.07,0.00, 0.75
0.00,0.06,0.00, 0.00
0.00,0.06,0.00, 0.00
0.00,0.05,0.00, 0.00
0.00,0.05,0.00, 0.50
0.00,0.05,0.00, 0.00
0.00,0.05,0.00, 0.00
0.00,0.05,0.00, 0.00
0.00,0.05,0.00, 0.50
0.00,0.05,0.00, 0.00
0.00,0.05,0.00, 0.50
0.00,0.06,0.00, 0.25
0.00,0.06,0.00, 0.00
0.00,0.07,0.00, 0.50
0.00,0.08,0.00, 0.50
0.02,0.08,0.99, 0.00
0.16,0.09,6.91, 0.50
0.34,0.10,8.97, 0.75
0.47,0.11,6.54, 0.50
0.54,0.10,3.54, 0.00
0.63,0.12,4.49, 0.75
0.81,0.14,8.93, 1.00
1.06,0.14,12.45, 0.25
1.23,0.13,8.56, 0.00
1.30,0.16,3.57, 1.25
1.17,0.17,0.00, 0.75
0.83,0.20,0.00, 1.50
0.36,0.23,0.00, 1.75
0.00,0.24,0.00, 0.26
0.00,0.28,0.00, 1.99
0.00,0.31,0.00, 1.25
0.00,0.30,0.00, 0.00
0.00,0.34,0.00, 2.24
0.00,0.41,0.00, 3.25
0.00,0.47,0.00, 3.25
0.00,0.51,0.00, 2.25
0.00,0.60,0.00, 3.99
0.00,0.71,0.00, 5.49
0.00,0.82,0.00, 6.00
0.00,0.99,0.00, 7.99
0.00,1.20,0.00, 10.74
0.00,1.44,0.00, 12.24
0.00,1.71,0.00, 13.25
0.00,1.98,0.00, 13.50
0.00,2.29,0.00, 15.49
0.00,2.64,0.00, 17.49
0.00,3.08,0.00, 21.98
0.00,3.49,0.00, 20.75
0.00,3.93,0.00, 22.00
0.00,4.42,0.00, 24.24
0.00,4.86,0.00, 22.26
0.09,5.26,4.43, 19.51
0.43,5.64,16.82, 19.00
0.43,6.01,0.25, 19.00
0.63,6.39,9.86, 18.50
0.94,6.76,15.42, 18.75
2.33,8.15,68.70, 69.07
2.63,8.51,15.79, 18.44
2.78,8.84,7.62, 16.51
3.01,9.14,11.44, 15.01
3.28,9.42,13.47, 13.75
3.50,9.66,11.04, 12.01
3.66,9.76,8.04, 5.27
3.88,9.81,10.96, 2.51
4.08,9.81,10.01, 0.01
4.13,9.81,2.61, 0.00
4.13,9.81,0.04, 0.00
4.13,9.81,0.00, 0.00
4.13,9.81,0.00, 0.00
4.13,9.81,0.00, 0.00
4.13,9.81,0.00, 0.00
4.13,9.81,0.00, 0.00
4.13,9.81,0.00, 0.00
4.13,9.81,0.00, 0.00
4.13,9.81,0.00, 0.00
4.13,9.81,0.00, 0.00
4.13,9.81,0.00, 0.00
4.13,9.81,0.00, 0.00
4.13,9.81,0.00, 0.00
4.13,9.81,0.00, 0.00
4.13,9.81,0.00, 0.00
4.13,9.81,0.00, 0.00
4.13,9.81,0.00, 0.00
4.13,9.81,0.00, 0.00
4.13,9.81,0.00, 0.00
4.13,9.81,0.00, 0.00
4.13,9.81,0.00, 0.00
4.13,9.81,0.00, 0.00
4.13,9.81,0.00, 0.00
4.13,9.81,0.00, 0.00
4.13,9.81,0.00, 0.00
4.13,9.81,0.00, 0.00
4.13,9.81,0.00, 0.00
4.13,9.81,0.00, 0.00
4.13,9.81,0.00, 0.00
4.13,9.81,0.00, 0.00
4.13,9.81,0.00, 0.00
4.13,9.81,0.00, 0.00
4.13,9.81,0.00, 0.00
4.13,9.81,0.00, 0.00
4.13,9.81,0.00, 0.00
4.13,9.81,0.00, 0.00
4.13,9.81,0.00, 0.00
4.13,9.81,0.00, 0.00
4.13,9.81,0.00, 0.00
4.13,9.81,0.00, 0.00
4.13,9.81,0.00, 0.00
4.13,9.81,0.00, 0.00
4.13,9.81,0.00, 0.00
4.13,9.81,0.00, 0.00
4.13,9.81,0.00, 0.00
4.13,9.81,0.00, 0.00
4.13,9.81,0.00, 0.00
4.13,9.81,0.00, 0.00
4.13,9.81,0.00, 0.00
4.13,9.81,0.00, 0.00
4.13,9.81,0.00, 0.00
4.13,9.81,0.00, 0.00
4.13,9.81,0.00, 0.00
4.13,9.81,0.00, 0.00
4.13,9.81,0.00, 0.00
4.13,9.81,0.00, 0.00
4.13,9.81,0.00, 0.00
4.13,9.81,0.00, 0.00
4.13,9.81,0.00, 0.00
4.13,9.81,0.00, 0.00
4.13,9.81,0.00, 0.00
4.13,9.81,0.00, 0.00
4.13,9.81,0.00, 0.00
4.13,9.81,0.00, 0.00
4.13,9.81,0.00, 0.00
4.13,9.81,0.00, 0.00
4.13,9.81,0.00, 0.00
4.13,9.81,0.00, 0.00
4.13,9.81,0.00, 0.00
4.13,9.81,0.00, 0.00
4.13,9.81,0.00, 0.00
4.13,9.81,0.00, 0.00
4.13,9.81,0.00, 0.00
4.13,9.81,0.00, 0.00
4.13,9.81,0.00, 0.00
4.13,9.81,0.00, 0.00
4.13,9.81,0.00, 0.00
4.13,9.81,0.00, 0.00
4.13,9.81,0.00, 0.00
4.13,9.81,0.00, 0.00
4.13,9.81,0.00, 0.00
4.13,9.81,0.00, 0.00
4.13,9.14,0.00, 0.00
4.13,9.14,0.00, 0.00
4.13,9.14,0.00, 0.00
4.13,9.14,0.00, 0.00
4.13,8.93,0.00, 0.00
4.13,8.93,0.00, 0.00
4.13,7.52,0.00, 0.00
4.13,7.43,0.00, 0.00
4.13,7.17,0.00, 0.00
4.13,7.17,0.00, 0.00
4.13,7.17,0.00, 0.00
4.13,6.93,0.00, 0.00
4.13,6.93,0.00, 0.00
4.13,6.75,0.00, 0.00
4.13,6.56,0.00, 0.00
4.13,6.32,0.00, 0.00
0.00,6.23,0.00, 0.00
0.00,6.23,0.00, 0.00
0.00,6.23,0.00, 0.00
0.00,6.23,0.00, 0.00
0.00,6.23,0.00, 0.00
0.00,6.23,0.00, 0.00
0.00,6.11,0.00, 0.00
2.54,5.93,125.13, 0.00
3.41,5.72,44.70, 0.00
0.00,4.48,0.00, 0.00
0.00,4.05,0.00, 0.00
0.00,3.66,0.00, 0.00
1.84,3.34,90.65, 0.00
0.00,3.03,0.00, 0.00
0.00,2.70,0.00, 0.00
0.00,2.38,0.00, 0.00
0.00,2.38,0.00, 0.00
0.00,2.38,0.00, 0.00
0.00,2.10,0.00, 0.00
0.00,2.10,0.00, 0.00
0.00,1.86,0.00, 0.00
0.00,1.86,0.00, 0.00
0.00,1.86,0.00, 0.00
0.00,1.86,0.00, 0.00
0.00,1.86,0.00, 0.00
0.00,1.86,0.00, 0.00
0.00,1.86,0.00, 0.00
0.00,1.86,0.00, 0.00
0.00,1.86,0.00, 0.00
0.00,1.86,0.00, 0.00
0.00,1.86,0.00, 0.00
0.00,1.86,0.00, 0.00
0.00,1.86,0.00, 0.00
0.00,1.61,0.00, 0.00
0.00,0.63,0.00, 0.00
0.00,0.43,0.00, 0.00
0.00,0.05,0.00, 0.00
0.00,0.06,0.00, 0.25
0.00,0.06,0.00, 0.00
0.00,0.06,0.00, 0.00
0.00,0.08,0.00, 1.00
0.00,0.06,0.00, 0.00
0.00,0.11,0.00, 2.24
0.00,0.11,0.00, 2.24
0.00,0.15,0.00, 2.25
0.00,0.15,0.00, 2.25
0.00,0.17,0.00, 1.00
0.00,0.17,0.00, 1.00
0.00,0.17,0.00, 1.00
0.00,0.17,0.00, 1.00
0.00,0.17,0.00, 1.00
0.00,0.24,0.00, 3.49
0.00,0.26,0.00, 1.01
0.00,0.25,0.00, 0.00
0.00,1.56,0.00, 65.26
0.00,1.88,0.00, 16.18
0.00,1.88,0.00, 16.18
0.00,1.88,0.00, 16.18
0.00,1.88,0.00, 16.18
0.00,1.88,0.00, 16.18
0.00,1.88,0.00, 16.18
0.00,2.21,0.00, 16.50
0.00,2.53,0.00, 15.75
0.00,2.85,0.00, 16.25
0.32,5.53,15.76, 133.82
0.76,6.02,21.91, 24.65
1.35,6.52,29.39, 25.25
1.89,7.02,27.04, 24.50
2.42,7.45,26.51, 21.76
2.42,7.45,26.51, 21.76
2.98,7.84,27.98, 19.26
3.43,8.22,22.58, 19.00
3.81,8.50,19.05, 14.27
3.81,8.50,19.05, 14.27
3.81,8.50,19.05, 14.27
3.81,8.50,19.05, 14.27
3.81,8.50,19.05, 14.27
3.81,8.50,19.05, 14.27
3.81,8.50,19.05, 14.27
4.06,8.75,12.60, 12.26
4.06,8.75,12.60, 12.26
4.11,9.02,2.65, 13.74
4.11,9.02,2.65, 13.74
4.13,9.25,1.02, 11.51
4.13,9.81,0.02, 27.94
4.13,9.81,0.00, 0.10
4.13,9.81,0.00, 0.00
4.15,9.81,0.99, 0.00
4.15,9.81,0.99, 0.00
4.15,9.81,0.99, 0.00
4.15,9.81,0.99, 0.00
4.15,9.81,0.99, 0.00
4.15,9.81,0.99, 0.00
4.15,9.81,0.99, 0.00
4.15,9.81,0.99, 0.00
4.15,9.81,0.99, 0.00
4.15,9.81,0.99, 0.00
4.15,9.81,0.99, 0.00
4.15,9.81,0.99, 0.00
4.15,9.81,0.99, 0.00
4.15,9.81,0.99, 0.00
4.15,9.81,0.99, 0.00
4.15,9.81,0.99, 0.00
4.15,9.81,0.99, 0.00
4.15,9.81,0.99, 0.00
4.15,9.81,0.99, 0.00
4.15,9.81,0.99, 0.00
4.15,9.81,0.99, 0.00
4.15,9.81,0.99, 0.00
4.15,9.81,0.99, 0.00
4.15,9.81,0.99, 0.00
4.15,9.81,0.99, 0.00
4.15,9.81,0.99, 0.00
4.15,9.81,0.99, 0.00
4.15,9.81,0.99, 0.00
4.15,9.81,0.99, 0.00
4.15,9.81,0.99, 0.00
4.15,9.81,0.99, 0.00
4.15,9.81,0.99, 0.00
4.15,9.81,0.99, 0.00
4.15,9.81,0.99, 0.00
4.15,9.81,0.99, 0.00
4.15,9.81,0.99, 0.00
4.15,9.81,0.99, 0.00
4.15,9.81,0.99, 0.00
4.13,9.81,0.00, 0.00
4.13,9.81,0.00, 0.00
4.13,9.81,0.00, 0.00
4.13,7.59,0.00, 0.00
4.13,7.58,0.00, 0.00
4.13,7.60,0.00, 0.75
4.13,7.60,0.00, 0.75
4.13,7.59,0.00, 0.00
4.13,7.61,0.00, 1.00
4.13,7.63,0.00, 1.25
4.13,7.66,0.00, 1.75
4.13,7.69,0.00, 1.25
4.13,7.69,0.00, 1.25
4.13,7.68,0.00, 0.00
4.13,7.67,0.00, 0.00
4.13,7.63,0.00, 0.00
4.13,7.57,0.00, 0.00
4.13,7.52,0.00, 0.00
4.13,7.52,0.00, 0.00
4.13,7.52,0.00, 0.00
4.13,7.52,0.00, 0.00
4.13,7.52,0.00, 0.00
4.13,7.52,0.00, 0.00
4.13,7.52,0.00, 0.00
4.13,7.52,0.00, 0.00
4.13,7.52,0.00, 0.00
4.13,7.52,0.00, 0.00
4.13,7.52,0.00, 0.00
4.13,7.52,0.00, 0.00
4.13,7.48,0.00, 0.00
4.13,7.43,0.00, 0.00
4.13,7.38,0.00, 0.00
4.13,6.39,0.00, 0.00
4.13,6.39,0.00, 0.00
4.13,6.39,0.00, 0.00
4.13,6.39,0.00, 0.00
4.13,6.39,0.00, 0.00
4.13,6.39,0.00, 0.00
4.13,6.39,0.00, 0.00
4.13,6.39,0.00, 0.00
4.13,6.39,0.00, 0.00
4.13,6.35,0.00, 0.00
4.13,6.30,0.00, 0.00
4.13,6.18,0.00, 0.00
3.99,5.74,0.00, 0.00
0.00,5.66,0.00, 0.00
0.00,5.49,0.00, 0.00
0.00,5.49,0.00, 0.00
0.00,5.49,0.00, 0.00
0.00,5.49,0.00, 0.00
0.00,5.49,0.00, 0.00
0.00,5.49,0.00, 0.00
0.00,5.49,0.00, 0.00
0.00,5.49,0.00, 0.00
4.24,5.34,208.88, 0.00
4.24,5.34,208.88, 0.00
4.08,5.21,0.00, 0.00
4.08,5.21,0.00, 0.00
4.08,5.21,0.00, 0.00
4.08,5.21,0.00, 0.00
4.11,5.06,1.48, 0.00
0.00,2.16,0.00, 0.00
0.00,1.85,0.00, 0.00
0.00,1.42,0.00, 0.00
0.00,1.25,0.00, 0.00
0.00,1.04,0.00, 0.00
0.00,0.81,0.00, 0.00
0.00,0.65,0.00, 0.00
0.00,0.47,0.00, 0.00
0.00,0.32,0.00, 0.00
0.00,0.15,0.00, 0.00
0.00,0.09,0.00, 0.00
0.00,0.05,0.00, 0.00
0.00,0.05,0.00, 0.00
0.00,0.05,0.00, 0.50
0.00,0.05,0.00, 0.50
0.00,0.06,0.00, 0.25
0.00,0.06,0.00, 0.25
0.00,0.05,0.00, 0.00
0.00,0.05,0.00, 0.00
0.00,0.05,0.00, 0.00
0.00,0.05,0.00, 0.50
0.00,0.05,0.00, 0.00
0.00,0.05,0.00, 0.00
0.00,0.05,0.00, 0.00
0.00,0.05,0.00, 0.00
0.00,0.05,0.00, 0.50
0.00,0.05,0.00, 0.00
0.00,0.05,0.00, 0.00
0.00,0.05,0.00, 0.00
0.00,0.05,0.00, 0.00
0.00,0.05,0.00, 0.00
0.00,0.05,0.00, 0.00
0.00,0.05,0.00, 0.00
0.00,0.05,0.00, 0.00
0.00,0.05,0.00, 0.00
0.00,0.05,0.00, 0.00
0.00,0.05,0.00, 0.00
0.00,0.04,0.00, 0.00
0.00,0.04,0.00, 0.00
0.00,0.04,0.00, 0.00
0.00,0.04,0.00, 0.00
0.00,0.04,0.00, 0.00
0.00,0.04,0.00, 0.00
0.00,0.04,0.00, 0.00
0.00,0.04,0.00, 0.00
0.00,0.04,0.00, 0.00
0.00,0.04,0.00, 0.00
0.00,0.04,0.00, 0.00
0.00,0.05,0.00, 1.00
0.00,0.05,0.00, 0.00
0.00,0.56,0.00, 25.41
0.00,0.56,0.00, 25.41
0.56,4.04,27.59, 173.21
0.56,4.04,27.59, 173.21
0.56,4.04,27.59, 173.21
1.12,4.42,27.99, 19.56
1.12,4.42,27.99, 19.56
1.12,4.42,27.99, 19.56
1.12,4.42,27.99, 19.56
1.12,4.42,27.99, 19.56
1.12,4.42,27.99, 19.56
1.12,4.42,27.99, 19.56
1.12,4.42,27.99, 19.56
1.12,4.42,27.99, 19.56
1.12,4.42,27.99, 19.56
1.12,4.42,27.99, 19.56
1.12,4.42,27.99, 19.56
1.12,4.42,27.99, 19.56
1.50,4.77,19.13, 17.51
1.50,4.77,19.13, 17.51
1.50,4.77,19.13, 17.51
1.50,4.77,19.13, 17.51
3.34,5.82,90.93, 52.62
3.66,6.01,17.10, 9.41
4.13,7.26,23.41, 62.55
4.13,7.56,0.34, 14.68
4.13,7.60,0.01, 2.05
4.13,7.65,0.00, 2.75
4.13,7.74,0.00, 4.74
4.13,7.80,0.00, 2.76
4.13,7.86,0.00, 3.25
4.13,7.93,0.00, 3.00
4.13,7.95,0.00, 1.26
4.13,7.94,0.00, 0.00
4.13,7.93,0.00, 0.00
4.13,7.90,0.00, 0.00
4.13,7.91,0.00, 0.50
4.13,7.87,0.00, 0.00
4.13,7.81,0.00, 0.00
4.13,7.75,0.00, 0.00
4.13,7.72,0.00, 0.00
4.13,7.70,0.00, 0.00
4.13,7.66,0.00, 0.00
4.13,7.66,0.00, 0.00
4.13,7.66,0.00, 0.00
4.13,7.66,0.00, 0.00
4.13,7.62,0.00, 0.00
4.13,7.55,0.00, 0.00
4.13,7.49,0.00, 0.00
4.13,7.32,0.00, 0.00
4.13,7.20,0.00, 0.00
4.13,7.12,0.00, 0.00
4.13,7.03,0.00, 0.00
4.13,6.93,0.00, 0.00
4.13,6.84,0.00, 0.00
4.13,6.76,0.00, 0.00
4.13,6.73,0.00, 0.00
4.13,6.69,0.00, 0.00
4.13,6.64,0.00, 0.00
4.13,6.65,0.00, 0.75
4.13,6.69,0.00, 1.50
4.13,6.69,0.00, 0.01
4.13,6.70,0.00, 0.50
4.13,6.73,0.00, 1.99
4.13,6.79,0.00, 2.75
4.13,6.84,0.00, 2.50
4.13,6.90,0.00, 3.00
4.13,6.95,0.00, 2.75
4.13,6.95,0.00, 2.75
4.13,6.98,0.00, 1.50
4.13,6.99,0.00, 0.25
4.13,6.97,0.00, 0.00
4.13,6.99,0.00, 1.00
4.13,7.03,0.00, 1.50
4.13,7.03,0.00, 1.50
4.13,7.05,0.00, 1.00
4.13,7.07,0.00, 1.50
4.13,7.07,0.00, 1.50
4.13,7.11,0.00, 1.50
4.13,7.11,0.00, 0.01
4.13,7.10,0.00, 0.00
4.13,7.08,0.00, 0.00
4.13,7.05,0.00, 0.00
4.13,7.01,0.00, 0.00
4.13,6.95,0.00, 0.00
4.13,6.90,0.00, 0.00
4.13,6.91,0.00, 0.25
4.13,6.91,0.00, 0.00
4.13,6.90,0.00, 0.00
4.13,6.90,0.00, 0.00
4.13,6.89,0.00, 0.00
4.13,6.88,0.00, 0.00
4.13,6.85,0.00, 0.00
4.13,6.78,0.00, 0.00
4.13,6.78,0.00, 0.00
4.13,6.76,0.00, 0.00
4.13,6.72,0.00, 0.00
4.13,6.70,0.00, 0.00
4.13,6.70,0.00, 0.00
4.13,6.70,0.00, 0.00
4.13,6.68,0.00, 0.00
4.13,6.70,0.00, 1.25
4.13,6.68,0.00, 0.00
4.13,6.56,0.00, 0.00
4.13,6.49,0.00, 0.00
4.13,6.44,0.00, 0.00
4.13,6.41,0.00, 0.00
4.13,6.37,0.00, 0.00
4.13,6.37,0.00, 0.00
4.13,6.32,0.00, 0.00
4.13,6.27,0.00, 0.00
4.13,6.19,0.00, 0.00
4.13,6.09,0.00, 0.00
4.13,6.01,0.00, 0.00
4.13,6.01,0.00, 0.00
4.13,5.97,0.00, 0.00
4.13,5.89,0.00, 0.00
4.13,5.84,0.00, 0.00
4.13,5.81,0.00, 0.00
4.13,5.81,0.00, 0.00
4.13,5.80,0.00, 0.00
4.13,5.75,0.00, 0.00
4.13,5.74,0.00, 0.00
4.13,5.67,0.00, 0.00
4.13,5.64,0.00, 0.00
4.13,5.59,0.00, 0.00
4.13,5.52,0.00, 0.00
4.13,5.48,0.00, 0.00
4.13,5.48,0.00, 0.00
4.13,5.43,0.00, 0.00
4.13,5.41,0.00, 0.00
4.13,5.39,0.00, 0.00
4.13,5.38,0.00, 0.00
4.13,5.37,0.00, 0.00
4.13,5.36,0.00, 0.00
4.13,5.36,0.00, 0.50
4.13,5.39,0.00, 1.25
4.13,5.38,0.00, 0.00
4.13,5.37,0.00, 0.00
4.13,5.34,0.00, 0.00
4.13,5.32,0.00, 0.00
4.13,5.25,0.00, 0.00
4.13,5.19,0.00, 0.00
4.13,5.10,0.00, 0.00
4.13,5.02,0.00, 0.00
4.13,4.94,0.00, 0.00
4.13,4.84,0.00, 0.00
4.13,4.73,0.00, 0.00
4.13,4.73,0.00, 0.00
4.13,4.59,0.00, 0.00
4.13,4.44,0.00, 0.00
3.48,4.28,0.00, 0.00
1.91,4.16,0.00, 0.00
0.97,4.02,0.00, 0.00
0.97,4.02,0.00, 0.00
0.97,4.02,0.00, 0.00
0.97,4.02,0.00, 0.00
1.01,3.82,1.97, 0.00
1.89,3.60,43.38, 0.00
2.67,3.31,39.06, 0.00
2.58,2.77,0.00, 0.00
1.86,2.51,0.00, 0.00
1.06,2.26,0.00, 0.00
0.00,2.00,0.00, 0.00
0.00,1.73,0.00, 0.00
0.00,1.43,0.00, 0.00
0.74,1.20,36.46, 0.00
0.00,1.00,0.00, 0.00
0.00,0.79,0.00, 0.00
0.00,0.58,0.00, 0.00
0.00,0.35,0.00, 0.00
0.00,0.35,0.00, 0.00
0.00,0.35,0.00, 0.00
0.00,0.35,0.00, 0.00
0.00,0.35,0.00, 0.00
0.00,0.35,0.00, 0.00
0.00,0.35,0.00, 0.00
0.00,0.21,0.00, 0.00
0.00,0.14,0.00, 0.00
0.00,0.09,0.00, 0.00
0.00,0.06,0.00, 0.00
0.00,0.05,0.00, 0.00
0.00,0.05,0.00, 0.00
0.00,0.05,0.00, 0.00
0.00,0.05,0.00, 0.00
0.00,0.05,0.00, 0.00
0.00,0.05,0.00, 0.00
0.00,0.05,0.00, 0.00
0.00,0.04,0.00, 0.00
0.00,0.07,0.00, 1.74
0.00,0.16,0.00, 4.49
0.00,0.21,0.00, 2.51
0.00,0.17,0.00, 0.00
0.00,0.14,0.00, 0.00
0.00,0.10,0.00, 0.00
0.00,0.07,0.00, 0.00
0.00,0.08,0.00, 0.50
0.00,0.08,0.00, 0.00
0.00,0.08,0.00, 0.00
0.00,0.08,0.00, 0.00
0.00,0.09,0.00, 0.50
0.00,0.09,0.00, 0.00
0.00,0.11,0.00, 0.75
0.00,0.12,0.00, 1.00
0.00,0.12,0.00, 1.00
0.00,0.12,0.00, 1.00
0.00,0.12,0.00, 1.00
0.00,0.12,0.00, 1.00
0.00,0.12,0.00, 1.00
0.00,0.16,0.00, 1.75
0.00,0.20,0.00, 2.00
0.00,0.23,0.00, 1.50
0.00,1.51,0.00, 64.02
0.00,1.90,0.00, 19.66
0.00,2.34,0.00, 21.74
0.00,2.80,0.00, 23.00
0.00,3.31,0.00, 25.49
0.36,3.84,17.74, 26.50
0.36,3.84,17.74, 26.50
0.36,3.84,17.74, 26.50
0.36,3.84,17.74, 26.50
0.36,3.84,17.74, 26.50
0.36,3.84,17.74, 26.50
0.36,3.84,17.74, 26.50
0.36,3.84,17.74, 26.50
0.36,3.84,17.74, 26.50
0.97,4.46,30.31, 30.98
1.73,4.96,37.89, 25.02
2.51,5.53,38.98, 28.24
4.13,7.56,80.38, 101.23
4.13,7.77,1.18, 11.08
4.13,7.94,0.02, 8.51
4.13,8.06,0.00, 6.01
4.13,8.20,0.00, 7.25
4.13,8.36,0.00, 7.75
4.13,8.47,0.00, 5.51
4.13,8.55,0.00, 3.76
4.13,8.61,0.00, 3.50
4.13,8.66,0.00, 2.01
4.13,8.65,0.00, 0.00
4.13,8.64,0.00, 0.00
4.13,8.60,0.00, 0.00
4.13,8.54,0.00, 0.00
4.11,8.48,0.00, 0.00
4.13,8.37,0.99, 0.00
4.13,8.26,0.01, 0.00
4.13,8.19,0.00, 0.00
4.13,8.18,0.00, 0.00
4.13,8.18,0.00, 0.50
4.13,8.26,0.00, 3.49
4.13,8.31,0.00, 2.50
4.13,8.32,0.00, 0.76
4.13,8.31,0.00, 0.00
4.13,8.26,0.00, 0.00
4.13,8.18,0.00, 0.00
4.13,8.06,0.00, 0.00
4.13,7.99,0.00, 0.00
4.13,7.97,0.00, 0.00
4.13,7.97,0.00, 0.00
4.13,7.97,0.00, 0.00
4.13,7.97,0.00, 0.00
4.13,7.98,0.00, 0.50
4.13,7.96,0.00, 0.00
4.13,7.95,0.00, 0.00
4.15,7.91,0.99, 0.00
4.13,7.85,0.00, 0.00
4.13,7.85,0.00, 0.00
4.13,7.85,0.00, 0.00
4.13,7.74,0.00, 0.00
4.13,7.61,0.00, 0.00
4.13,7.43,0.00, 0.00
4.13,7.15,0.00, 0.00
4.13,7.15,0.00, 0.00
4.13,7.18,0.00, 1.25
4.13,7.24,0.00, 3.24
4.13,7.31,0.00, 3.25
4.13,7.37,0.00, 3.25
4.13,7.45,0.00, 3.75
4.13,7.47,0.00, 1.26
4.13,7.51,0.00, 2.00
4.13,7.51,0.00, 0.01
4.13,7.53,0.00, 0.75
4.13,7.50,0.00, 0.00
4.13,7.51,0.00, 0.50
4.13,7.53,0.00, 1.25
4.13,7.55,0.00, 0.50
4.13,7.55,0.00, 0.00
4.13,7.57,0.00, 1.00
4.13,7.59,0.00, 1.00
4.13,7.57,0.00, 0.00
4.13,7.55,0.00, 0.00
4.13,7.50,0.00, 0.00
4.13,7.43,0.00, 0.00
4.13,7.36,0.00, 0.00
4.13,7.24,0.00, 0.00
4.13,7.24,0.00, 0.00
4.13,7.24,0.00, 0.00
4.13,7.12,0.00, 0.00
4.13,7.01,0.00, 0.00
4.13,6.92,0.00, 0.00
4.13,6.81,0.00, 0.00
4.13,6.70,0.00, 0.00
4.13,6.59,0.00, 0.00
4.13,6.49,0.00, 0.00
4.13,6.40,0.00, 0.00
4.13,6.28,0.00, 0.00
4.13,6.14,0.00, 0.00
4.13,6.07,0.00, 0.00
4.13,6.02,0.00, 0.00
4.13,5.95,0.00, 0.00
4.13,5.88,0.00, 0.00
4.13,5.72,0.00, 0.00
4.13,5.78,0.00, 2.99
4.13,5.78,0.00, 0.26
4.13,5.79,0.00, 0.50
4.13,5.82,0.00, 1.25
4.13,5.83,0.00, 0.75
4.13,5.84,0.00, 0.50
4.13,5.84,0.00, 0.00
4.13,5.82,0.00, 0.00
4.13,5.78,0.00, 0.00
4.13,5.78,0.00, 0.00
4.13,5.78,0.00, 0.00
1.75,5.68,0.00, 0.00
0.00,5.47,0.00, 0.00
0.00,5.22,0.00, 0.00
2.31,5.07,113.80, 0.00
3.43,4.99,56.85, 0.00
3.99,4.88,28.42, 0.00
4.11,4.73,6.33, 0.00
4.04,4.57,0.00, 0.00
3.48,4.32,0.00, 0.00
2.56,4.03,0.00, 0.00
1.68,3.61,0.00, 0.00
0.54,3.20,0.00, 0.00
0.00,2.78,0.00, 0.00
0.00,2.33,0.00, 0.00
1.62,1.98,79.81, 0.00
0.36,1.69,0.00, 0.00
0.00,1.39,0.00, 0.00
0.00,1.09,0.00, 0.00
0.18,0.81,8.87, 0.00
0.18,0.81,8.87, 0.00
0.00,0.57,0.00, 0.00
0.00,0.38,0.00, 0.00
0.00,0.22,0.00, 0.00
0.00,0.12,0.00, 0.00
0.00,0.07,0.00, 0.00
0.00,0.07,0.00, 0.00
0.00,0.06,0.00, 0.00
0.00,0.06,0.00, 0.00
0.00,0.06,0.00, 0.00
0.00,0.06,0.00, 0.00
0.00,0.06,0.00, 0.00
0.00,0.05,0.00, 0.00
0.00,0.05,0.00, 0.50
0.00,0.05,0.00, 0.00
0.00,0.05,0.00, 0.50
0.00,0.04,0.00, 0.00
0.00,0.05,0.00, 0.50
0.00,0.05,0.00, 0.50
0.00,0.05,0.00, 0.00
0.00,0.05,0.00, 0.00
0.00,0.09,0.00, 1.99
0.00,0.10,0.00, 0.51
0.00,0.12,0.00, 0.75
0.00,0.12,0.00, 0.00
0.00,0.13,0.00, 0.50
0.00,0.13,0.00, 0.00
0.00,0.14,0.00, 0.75
0.00,0.14,0.00, 0.75
0.00,0.14,0.00, 0.75
0.00,0.19,0.00, 2.24
0.00,0.22,0.00, 1.25
0.00,0.31,0.00, 4.99
0.00,0.98,0.00, 33.15
0.00,1.07,0.00, 4.36
0.00,1.23,0.00, 8.24
0.00,1.56,0.00, 16.22
0.00,1.94,0.00, 19.24
0.00,1.94,0.00, 19.24
0.00,2.33,0.00, 19.50
0.00,2.72,0.00, 19.25
0.00,3.13,0.00, 20.74
0.43,3.55,21.18, 21.25
1.01,4.02,28.89, 23.24
1.53,4.45,26.04, 21.51
2.20,4.90,33.39, 22.75
2.60,5.31,20.20, 20.26
3.12,5.66,25.91, 17.76
3.77,6.02,32.40, 17.75
4.13,6.36,18.21, 16.75
4.13,6.61,0.27, 12.76
4.13,6.82,0.00, 10.51
4.13,6.93,0.00, 5.52
4.13,6.97,0.00, 2.01
4.13,6.93,0.00, 0.00
4.13,6.91,0.00, 0.00
4.13,6.91,0.00, 0.00
4.13,6.93,0.00, 0.50
4.13,6.90,0.00, 0.00
4.13,6.93,0.00, 1.25
4.13,6.97,0.00, 2.25
4.13,7.05,0.00, 3.99
4.13,7.15,0.00, 5.25
4.13,7.25,0.00, 4.75
4.13,7.33,0.00, 4.00
4.13,7.36,0.00, 1.51
4.13,7.41,0.00, 2.50
4.13,7.43,0.00, 1.25
4.13,7.43,0.00, 1.25
4.13,7.43,0.00, 1.25
4.13,7.39,0.00, 0.00
4.13,7.33,0.00, 0.00
4.13,7.32,0.00, 0.00
4.13,7.30,0.00, 0.00
4.13,7.25,0.00, 0.00
4.13,7.20,0.00, 0.00
4.13,7.19,0.00, 0.00
4.13,7.19,0.00, 0.00
4.13,7.14,0.00, 0.00
4.13,7.14,0.00, 0.00
4.13,7.13,0.00, 0.00
4.13,7.08,0.00, 0.00
4.13,7.00,0.00, 0.00
4.13,6.98,0.00, 0.00
4.13,6.94,0.00, 0.00
4.13,6.93,0.00, 0.00
4.13,6.93,0.00, 0.00
4.13,6.93,0.00, 0.50
4.13,6.93,0.00, 0.00
4.13,6.96,0.00, 1.25
4.13,7.01,0.00, 2.25
4.13,6.99,0.00, 0.00
4.13,6.99,0.00, 0.00
4.13,6.97,0.00, 0.00
4.13,6.97,0.00, 0.00
4.13,6.98,0.00, 0.50
4.13,6.95,0.00, 0.00
4.13,6.80,0.00, 0.00
4.13,6.80,0.00, 0.00
4.13,6.70,0.00, 0.00
4.13,6.59,0.00, 0.00
4.13,6.59,0.00, 0.00
4.13,6.49,0.00, 0.00
4.13,6.41,0.00, 0.00
4.13,6.38,0.00, 0.00
4.13,6.25,0.00, 0.00
4.13,6.21,0.00, 0.00
4.13,6.16,0.00, 0.00
4.13,6.11,0.00, 0.00
4.13,6.05,0.00, 0.00
4.13,5.95,0.00, 0.00
4.13,5.86,0.00, 0.00
4.13,5.76,0.00, 0.00
4.13,5.64,0.00, 0.00
4.13,5.64,0.00, 0.00
4.13,5.61,0.00, 0.00
4.13,5.58,0.00, 0.00
4.13,5.58,0.00, 0.00
4.13,5.64,0.00, 3.24
4.13,5.68,0.00, 2.00
4.13,5.73,0.00, 2.25
4.13,5.73,0.00, 2.25
4.13,5.77,0.00, 2.00
4.13,5.78,0.00, 0.51
4.13,5.73,0.00, 0.00
4.13,5.64,0.00, 0.00
4.13,5.63,0.00, 0.00
4.13,5.64,0.00, 0.50
4.13,5.74,0.00, 4.98
4.13,5.89,0.00, 7.74
4.13,6.03,0.00, 6.50
4.13,6.19,0.00, 8.24
4.13,6.32,0.00, 6.76
4.13,6.39,0.00, 3.51
4.13,6.41,0.00, 1.01
4.13,6.37,0.00, 0.00
4.13,6.37,0.00, 0.00
4.13,6.37,0.00, 0.00
4.13,6.37,0.00, 0.00
4.13,6.37,0.00, 0.00
4.13,6.28,0.00, 0.00
2.22,6.10,0.00, 0.00
1.08,5.89,0.00, 0.00
2.80,5.36,84.73, 0.00
3.14,5.24,18.00, 0.00
3.12,5.14,0.00, 0.00
2.74,5.02,0.00, 0.00
2.24,4.90,0.00, 0.00
1.46,4.73,0.00, 0.00
0.88,4.56,0.00, 0.00
0.88,4.56,0.00, 0.00
0.88,4.56,0.00, 0.00
0.88,4.56,0.00, 0.00
0.54,4.36,0.00, 0.00
0.20,4.20,0.00, 0.00
0.00,4.01,0.00, 0.00
0.00,3.39,0.00, 0.00
0.00,3.24,0.00, 0.00
0.00,3.24,0.00, 0.00
0.00,3.24,0.00, 0.00
0.00,3.16,0.00, 0.00
0.00,3.19,0.00, 1.49
0.00,3.28,0.00, 4.49
0.00,3.42,0.00, 7.24
0.00,3.51,0.00, 4.26
0.00,3.51,0.00, 4.26
0.00,3.58,0.00, 3.50
0.00,3.66,0.00, 4.25
0.00,3.72,0.00, 3.00
0.00,3.75,0.00, 1.26
0.00,3.76,0.00, 0.25
0.00,3.79,0.00, 1.74
0.00,3.80,0.00, 0.50
0.00,3.78,0.00, 0.00
0.00,3.74,0.00, 0.00
0.00,3.69,0.00, 0.00
0.00,3.60,0.00, 0.00
0.00,3.51,0.00, 0.00
0.00,3.51,0.00, 0.00
0.00,3.39,0.00, 0.00
0.00,3.39,0.00, 0.00
0.00,3.39,0.00, 0.00
0.00,3.31,0.00, 0.00
0.00,3.18,0.00, 0.00
0.00,2.68,0.00, 0.00
0.00,2.68,0.00, 0.00
0.00,2.43,0.00, 0.00
0.00,2.18,0.00, 0.00
0.00,1.94,0.00, 0.00
0.00,1.46,0.00, 0.00
0.00,1.46,0.00, 0.00
0.00,1.24,0.00, 0.00
0.00,1.04,0.00, 0.00
0.00,0.87,0.00, 0.00
0.00,0.70,0.00, 0.00
0.00,0.54,0.00, 0.00
0.00,0.42,0.00, 0.00
0.00,0.34,0.00, 0.00
0.00,0.24,0.00, 0.00
0.00,0.19,0.00, 0.00
0.00,0.14,0.00, 0.00
0.00,0.09,0.00, 0.00
0.00,0.07,0.00, 0.00
0.00,0.08,0.00, 0.50
0.00,0.07,0.00, 0.00
0.00,0.06,0.00, 0.00
0.00,0.08,0.00, 1.00
0.00,0.12,0.00, 1.75
0.00,0.13,0.00, 1.00
0.00,0.13,0.00, 1.00
0.00,0.13,0.00, 1.00
0.00,0.19,0.00, 2.49
0.00,0.21,0.00, 1.25
0.00,0.17,0.00, 0.00
0.00,0.14,0.00, 0.00
0.00,0.11,0.00, 0.00
0.00,0.09,0.00, 0.00
0.00,0.06,0.00, 0.00
0.00,0.05,0.00, 0.00
0.00,0.07,0.00, 0.75
0.00,0.10,0.00, 1.50
0.00,0.11,0.00, 0.25
0.00,0.11,0.00, 0.00
0.00,0.11,0.00, 0.00
0.00,0.11,0.00, 0.50
0.00,0.08,0.00, 0.00
0.00,0.06,0.00, 0.00
0.00,0.06,0.00, 0.00
0.00,0.05,0.00, 0.00
0.00,0.05,0.00, 0.00
0.00,0.04,0.00, 0.00
0.00,0.05,0.00, 0.50
0.00,0.05,0.00, 0.50
0.00,0.06,0.00, 0.50
0.00,0.09,0.00, 1.50
0.00,0.09,0.00, 0.00
0.00,0.10,0.00, 0.50
0.00,0.12,0.00, 1.00
0.00,0.12,0.00, 0.00
0.00,0.15,0.00, 1.49
0.00,0.32,0.00, 8.72
0.00,0.53,0.00, 10.49
0.00,0.53,0.00, 10.49
0.00,0.53,0.00, 10.49
0.00,0.53,0.00, 10.49
0.00,0.53,0.00, 10.49
0.00,0.53,0.00, 10.49
0.00,0.53,0.00, 10.49
0.00,0.81,0.00, 14.24
0.00,1.14,0.00, 16.24
0.00,1.47,0.00, 16.75
0.27,3.55,13.30, 103.43
0.94,4.03,33.20, 24.29
1.53,4.45,29.55, 21.26
1.53,4.45,29.55, 21.26
1.53,4.45,29.55, 21.26
1.53,4.45,29.55, 21.26
1.53,4.45,29.55, 21.26
1.53,4.45,29.55, 21.26
1.53,4.45,29.55, 21.26
1.53,4.45,29.55, 21.26
2.15,4.87,30.98, 20.75
2.76,5.26,30.51, 19.75
2.94,5.67,9.32, 20.25
4.13,7.08,58.76, 70.32
4.13,7.20,0.86, 6.48
4.13,7.26,0.01, 3.01
4.13,7.29,0.00, 1.26
4.13,7.34,0.00, 2.50
4.13,7.39,0.00, 2.25
4.13,7.45,0.00, 3.50
4.13,7.52,0.00, 3.25
4.13,7.56,0.00, 2.00
4.13,7.61,0.00, 2.25
4.13,7.64,0.00, 1.50
4.13,7.62,0.00, 0.00
4.13,7.58,0.00, 0.00
4.13,7.49,0.00, 0.00
4.13,7.36,0.00, 0.00
4.13,7.22,0.00, 0.00
4.13,7.10,0.00, 0.00
4.13,7.06,0.00, 0.00
4.13,7.06,0.00, 0.00
4.13,7.03,0.00, 0.00
4.13,6.99,0.00, 0.00
4.13,6.89,0.00, 0.00
4.13,6.78,0.00, 0.00
4.13,6.64,0.00, 0.00
4.13,6.45,0.00, 0.00
4.13,6.45,0.00, 0.00
4.13,6.28,0.00, 0.00
4.13,6.09,0.00, 0.00
4.13,5.86,0.00, 0.00
4.13,5.65,0.00, 0.00
4.13,5.47,0.00, 0.00
4.13,5.35,0.00, 0.00
4.13,5.30,0.00, 0.00
4.13,5.24,0.00, 0.00
4.13,5.21,0.00, 0.00
4.13,5.20,0.00, 0.00
4.13,5.20,0.00, 0.00
4.13,5.20,0.00, 0.00
4.13,5.20,0.00, 0.00
4.13,5.22,0.00, 1.00
4.13,5.27,0.00, 2.25
4.13,5.32,0.00, 3.00
4.13,5.39,0.00, 3.25
4.13,5.45,0.00, 3.25
4.13,5.51,0.00, 2.50
4.13,5.57,0.00, 3.00
4.13,5.62,0.00, 2.75
4.13,5.67,0.00, 2.50
4.13,5.66,0.00, 0.00
4.13,5.63,0.00, 0.00
4.13,5.62,0.00, 0.00
4.13,5.60,0.00, 0.00
4.13,5.56,0.00, 0.00
4.13,5.55,0.00, 0.00
4.13,5.57,0.00, 1.00
4.13,5.59,0.00, 0.75
4.13,5.55,0.00, 0.00
4.13,5.47,0.00, 0.00
4.13,5.35,0.00, 0.00
4.13,5.13,0.00, 0.00
4.13,4.91,0.00, 0.00
4.13,4.72,0.00, 0.00
4.13,4.59,0.00, 0.00
4.13,4.59,0.00, 0.00
4.13,4.55,0.00, 0.00
4.13,4.49,0.00, 0.00
4.13,4.45,0.00, 0.00
1.39,4.45,0.00, 0.00
0.00,4.34,0.00, 0.00
0.00,4.11,0.00, 0.00
4.22,3.97,207.90, 0.00
4.11,3.87,0.00, 0.00
4.11,3.87,0.00, 0.00
4.11,3.71,0.00, 0.00
4.11,3.71,0.00, 0.00
4.11,3.71,0.00, 0.00
4.11,3.71,0.00, 0.00
4.17,3.57,2.96, 0.00
4.11,3.37,0.00, 0.00
2.80,3.18,0.00, 0.00
0.00,2.64,0.00, 0.00
1.10,2.32,54.19, 0.00
3.70,2.05,128.88, 0.00
2.29,1.86,0.00, 0.00
0.00,1.66,0.00, 0.00
0.00,1.66,0.00, 0.00
0.00,1.66,0.00, 0.00
0.00,1.66,0.00, 0.00
0.00,1.40,0.00, 0.00
0.00,1.40,0.00, 0.00
0.14,1.19,6.90, 0.00
0.70,1.01,27.69, 0.00
0.00,0.27,0.00, 0.00
0.00,0.27,0.00, 0.00
0.00,0.27,0.00, 0.00
0.00,0.17,0.00, 0.00
0.00,0.17,0.00, 0.00
0.00,0.09,0.00, 0.00
0.00,0.05,0.00, 0.00
0.00,0.06,0.00, 0.75
0.00,0.06,0.00, 0.00
0.00,0.06,0.00, 0.00
0.00,0.05,0.00, 0.00
0.00,0.05,0.00, 0.50
0.00,0.05,0.00, 0.50
0.00,0.05,0.00, 0.50
0.00,0.05,0.00, 0.00
0.00,0.05,0.00, 0.00
0.00,0.06,0.00, 1.00
0.00,0.05,0.00, 0.00
0.00,0.08,0.00, 1.25
0.00,0.09,0.00, 0.25
0.00,0.07,0.00, 0.00
0.00,0.11,0.00, 1.74
0.00,0.09,0.00, 0.00
0.00,0.09,0.00, 0.00
0.00,0.09,0.00, 0.00
0.00,0.09,0.00, 0.00
0.00,0.09,0.00, 0.00
0.00,0.09,0.00, 0.00
0.00,0.09,0.00, 0.00
0.00,0.09,0.00, 0.00
0.00,0.08,0.00, 0.00
0.00,0.06,0.00, 0.00
0.00,0.05,0.00, 0.00
0.00,0.05,0.00, 0.00
0.00,0.05,0.00, 0.50
0.00,0.05,0.00, 0.00
0.00,0.05,0.00, 0.00
0.00,0.05,0.00, 0.50
0.00,0.05,0.00, 0.00
0.00,0.05,0.00, 0.00
0.00,0.04,0.00, 0.00
0.00,0.06,0.00, 1.49
0.00,0.06,0.00, 1.49
0.00,0.09,0.00, 1.50
0.00,0.09,0.00, 0.01
0.00,0.16,0.00, 2.99
0.00,0.22,0.00, 3.25
0.00,0.48,0.00, 12.96
0.00,0.70,0.00, 11.01
0.00,0.90,0.00, 10.25
0.00,0.90,0.00, 10.25
0.00,0.90,0.00, 10.25
0.00,1.16,0.00, 12.99
0.00,1.47,0.00, 15.24
0.00,1.84,0.00, 18.24
0.00,2.70,0.00, 43.41
0.00,3.17,0.00, 23.57
0.00,3.17,0.00, 23.57
0.00,3.17,0.00, 23.57
0.00,3.17,0.00, 23.57
0.00,3.17,0.00, 23.57
0.00,3.17,0.00, 23.57
0.00,3.17,0.00, 23.57
0.27,3.64,13.30, 23.25
1.21,4.14,46.50, 24.99
2.04,4.70,41.57, 28.24
4.15,6.84,104.56, 106.46
4.13,7.26,0.55, 21.31
4.13,7.36,0.01, 5.06
4.13,7.43,0.00, 3.51
4.13,7.43,0.00, 3.51
4.13,7.43,0.00, 3.51
4.13,7.47,0.00, 2.01
4.13,7.49,0.00, 1.00
4.13,7.51,0.00, 1.00
4.13,7.52,0.00, 0.50
4.13,7.50,0.00, 0.00
4.13,7.44,0.00, 0.00
4.13,7.34,0.00, 0.00
4.13,7.21,0.00, 0.00
4.13,7.06,0.00, 0.00
4.13,6.86,0.00, 0.00
4.13,6.71,0.00, 0.00
4.13,6.59,0.00, 0.00
4.13,6.49,0.00, 0.00
4.13,6.42,0.00, 0.00
4.13,6.41,0.00, 0.00
4.13,6.44,0.00, 1.25
4.13,6.43,0.00, 0.00
4.13,6.43,0.00, 0.50
4.13,6.43,0.00, 0.00
4.13,6.45,0.00, 1.25
4.13,6.44,0.00, 0.00
4.13,6.41,0.00, 0.00
4.13,6.39,0.00, 0.00
4.13,6.38,0.00, 0.00
4.13,6.34,0.00, 0.00
4.13,6.34,0.00, 0.00
4.13,6.31,0.00, 0.00
4.13,6.28,0.00, 0.00
4.13,6.20,0.00, 0.00
4.13,6.10,0.00, 0.00
4.13,6.10,0.00, 0.00
4.11,6.01,0.00, 0.00
4.13,5.95,0.99, 0.00
4.13,5.87,0.01, 0.00
4.13,5.82,0.00, 0.00
4.13,5.74,0.00, 0.00
4.13,5.66,0.00, 0.00
4.13,5.61,0.00, 0.00
4.13,5.57,0.00, 0.00
4.13,5.53,0.00, 0.00
4.13,5.52,0.00, 0.00
4.13,5.49,0.00, 0.00
4.13,5.39,0.00, 0.00
4.13,5.30,0.00, 0.00
4.13,5.15,0.00, 0.00
4.13,4.98,0.00, 0.00
4.13,4.86,0.00, 0.00
4.13,4.89,0.00, 1.25
4.13,4.89,0.00, 1.25
4.13,4.89,0.00, 1.25
4.13,4.89,0.00, 1.25
4.13,4.95,0.00, 3.24
4.13,5.00,0.00, 2.50
4.13,5.07,0.00, 3.25
4.13,5.14,0.00, 3.50
4.13,5.23,0.00, 4.75
4.13,5.26,0.00, 1.51
4.13,5.31,0.00, 2.25
4.13,5.33,0.00, 1.25
4.13,5.36,0.00, 1.75
4.13,5.35,0.00, 0.00
4.13,5.32,0.00, 0.00
4.13,5.33,0.00, 0.50
4.13,5.32,0.00, 0.00
4.13,5.32,0.00, 0.00
4.13,5.30,0.00, 0.00
4.13,5.28,0.00, 0.00
4.13,5.22,0.00, 0.00
4.13,5.18,0.00, 0.00
4.13,5.14,0.00, 0.00
4.13,5.09,0.00, 0.00
4.13,5.03,0.00, 0.00
4.13,4.99,0.00, 0.00
4.13,4.95,0.00, 0.00
4.13,4.91,0.00, 0.00
4.13,4.91,0.00, 0.00
4.13,4.91,0.00, 0.00
4.13,4.86,0.00, 0.00
4.13,4.86,0.00, 0.00
4.13,4.86,0.00, 0.00
4.13,4.78,0.00, 0.00
4.13,4.60,0.00, 0.00
4.13,3.94,0.00, 0.00
4.13,3.68,0.00, 0.00
4.13,3.41,0.00, 0.00
0.09,3.09,0.00, 0.00
0.00,2.76,0.00, 0.00
0.00,2.37,0.00, 0.00
4.22,2.12,207.90, 0.00
4.15,2.05,0.00, 0.00
3.25,2.03,0.00, 0.00
0.32,1.90,0.00, 0.00
0.00,1.79,0.00, 0.00
0.00,1.79,0.00, 0.00
0.00,1.79,0.00, 0.00
0.00,1.54,0.00, 0.00
1.97,1.40,97.05, 0.00
0.94,1.30,0.00, 0.00
0.00,1.06,0.00, 0.00
0.74,0.88,36.46, 0.00
0.74,0.88,36.46, 0.00
0.74,0.88,36.46, 0.00
0.00,0.78,0.00, 0.00
0.00,0.66,0.00, 0.00
0.00,0.39,0.00, 0.00
0.00,0.31,0.00, 0.00
0.00,0.22,0.00, 0.00
0.00,0.17,0.00, 0.00
0.00,0.13,0.00, 0.00
0.00,0.12,0.00, 0.00
0.00,0.12,0.00, 0.00
0.00,0.14,0.00, 0.75
0.00,0.14,0.00, 0.75
0.00,0.13,0.00, 0.00
0.00,0.11,0.00, 0.00
0.00,0.06,0.00, 0.00
0.00,0.06,0.00, 0.00
0.00,0.07,0.00, 0.50
0.00,0.07,0.00, 0.00
0.00,0.09,0.00, 1.00
0.00,0.12,0.00, 1.50
0.00,0.12,0.00, 0.01
0.00,0.11,0.00, 0.00
0.00,0.09,0.00, 0.00
0.00,0.09,0.00, 0.00
0.00,0.09,0.00, 0.00
0.00,0.06,0.00, 0.00
0.00,0.05,0.00, 0.00
0.00,0.05,0.00, 0.50
0.00,0.05,0.00, 0.00
0.00,0.05,0.00, 0.50
0.00,0.05,0.00, 0.00
0.00,0.05,0.00, 0.00
0.00,0.05,0.00, 0.50
0.00,0.05,0.00, 0.50
0.00,0.08,0.00, 1.25
0.00,0.11,0.00, 1.25
0.00,0.12,0.00, 0.75
0.00,0.12,0.00, 0.00
0.00,0.14,0.00, 1.00
0.00,0.14,0.00, 0.00
0.00,0.14,0.00, 0.00
0.00,0.14,0.00, 0.00
0.00,0.14,0.00, 0.00
0.00,0.16,0.00, 0.75
0.00,0.15,0.00, 0.00
0.00,0.19,0.00, 1.74
0.00,0.60,0.00, 20.43
0.00,0.95,0.00, 17.76
0.00,0.95,0.00, 17.76
0.00,0.95,0.00, 17.76
0.00,0.95,0.00, 17.76
0.00,0.95,0.00, 17.76
0.00,1.32,0.00, 18.25
0.00,1.69,0.00, 19.00
0.00,2.12,0.00, 21.24
1.03,4.10,50.74, 98.72
1.62,4.57,29.81, 23.53
2.02,4.97,20.14, 20.01
2.02,4.97,20.14, 20.01
2.58,5.43,27.88, 22.99
3.30,5.86,35.88, 21.75
3.93,6.24,31.56, 19.26
4.15,6.61,11.30, 18.50
4.13,6.91,0.00, 15.01
4.13,6.91,0.00, 15.01
4.13,6.91,0.00, 15.01
4.13,7.10,0.00, 9.02
4.13,7.19,0.00, 4.77
4.13,7.28,0.00, 4.50
4.13,7.36,0.00, 4.25
4.13,7.38,0.00, 0.51
4.13,7.39,0.00, 0.75
4.13,7.38,0.00, 0.00
4.13,7.34,0.00, 0.00
4.13,7.27,0.00, 0.00
4.13,7.18,0.00, 0.00
4.13,7.09,0.00, 0.00
4.13,6.96,0.00, 0.00
4.13,6.82,0.00, 0.00
4.13,6.76,0.00, 0.00
4.13,6.63,0.00, 0.00
4.13,6.55,0.00, 0.00
4.13,6.52,0.00, 0.00
4.13,6.49,0.00, 0.00
4.13,6.45,0.00, 0.00
4.13,6.45,0.00, 0.00
4.13,6.49,0.00, 1.74
4.13,6.51,0.00, 1.00
4.13,6.53,0.00, 1.25
4.13,6.53,0.00, 1.25
4.13,6.53,0.00, 0.25
4.13,6.52,0.00, 0.00
4.13,6.53,0.00, 0.75
4.13,6.51,0.00, 0.00
4.13,6.51,0.00, 0.00
4.13,6.48,0.00, 0.00
4.13,6.48,0.00, 0.00
4.13,6.48,0.00, 0.00
4.13,6.48,0.00, 0.00
4.13,6.48,0.00, 0.00
4.13,6.48,0.00, 0.00
4.13,6.39,0.00, 0.00
4.13,6.26,0.00, 0.00
4.13,6.14,0.00, 0.00
4.13,6.28,0.00, 6.97
4.13,6.40,0.00, 5.51
4.13,6.44,0.00, 2.26
4.13,6.55,0.00, 5.49
4.13,6.61,0.00, 3.01
4.13,6.65,0.00, 2.00
4.13,6.68,0.00, 1.25
4.13,6.68,0.00, 1.25
4.13,6.65,0.00, 0.00
4.13,6.64,0.00, 0.00
4.13,6.69,0.00, 2.74
4.13,6.73,0.00, 1.75
4.13,6.74,0.00, 0.75
4.13,6.74,0.00, 0.00
4.13,6.74,0.00, 0.00
4.13,6.70,0.00, 0.00
4.13,6.70,0.00, 0.00
4.13,6.62,0.00, 0.00
4.13,6.49,0.00, 0.00
4.13,6.33,0.00, 0.00
4.13,6.19,0.00, 0.00
4.13,6.10,0.00, 0.00
4.13,6.07,0.00, 0.00
4.13,6.05,0.00, 0.00
4.13,6.03,0.00, 0.00
4.13,6.02,0.00, 0.00
4.13,5.98,0.00, 0.00
4.13,5.89,0.00, 0.00
4.13,5.76,0.00, 0.00
4.13,5.65,0.00, 0.00
4.13,5.65,0.00, 0.00
4.13,5.65,0.00, 0.00
4.13,5.65,0.00, 0.00
4.11,5.54,0.00, 0.00
4.13,5.48,0.99, 0.00
4.13,5.40,0.01, 0.00
4.13,5.24,0.00, 0.00
4.13,5.16,0.00, 0.00
4.13,5.05,0.00, 0.00
4.13,4.92,0.00, 0.00
4.13,4.78,0.00, 0.00
4.13,4.68,0.00, 0.00
4.13,4.57,0.00, 0.00
4.13,4.51,0.00, 0.00
4.13,4.45,0.00, 0.00
4.13,4.36,0.00, 0.00
4.13,4.36,0.00, 0.00
4.13,4.24,0.00, 0.00
4.13,4.24,0.00, 0.00
4.13,4.08,0.00, 0.00
4.13,3.90,0.00, 0.00
4.13,3.65,0.00, 0.00
1.73,3.37,0.00, 0.00
1.73,3.37,0.00, 0.00
1.73,3.37,0.00, 0.00
0.00,2.99,0.00, 0.00
0.00,2.99,0.00, 0.00
0.00,2.54,0.00, 0.00
3.68,2.30,181.29, 0.00
0.00,1.64,0.00, 0.00
0.00,1.41,0.00, 0.00
0.41,1.29,20.20, 0.00
0.00,1.11,0.00, 0.00
0.00,0.88,0.00, 0.00
0.00,0.62,0.00, 0.00
0.00,0.62,0.00, 0.00
0.07,0.42,3.45, 0.00
0.00,0.26,0.00, 0.00
0.00,0.26,0.00, 0.00
0.00,0.14,0.00, 0.00
0.00,0.10,0.00, 0.00
0.00,0.05,0.00, 0.00
0.00,0.07,0.00, 1.00
0.00,0.07,0.00, 0.00
0.00,0.07,0.00, 0.00
0.00,0.06,0.00, 0.00
0.00,0.05,0.00, 0.00
0.00,0.05,0.00, 0.00
0.00,0.05,0.00, 0.00
0.00,0.05,0.00, 0.50
0.00,0.05,0.00, 0.00
0.00,0.08,0.00, 1.74
0.00,0.07,0.00, 0.00
0.00,0.09,0.00, 1.00
0.00,0.09,0.00, 1.00
0.00,0.09,0.00, 1.00
0.00,0.12,0.00, 1.25
0.00,0.12,0.00, 1.25
0.00,0.12,0.00, 1.25
0.00,0.09,0.00, 0.00
0.00,0.09,0.00, 0.00
0.00,0.06,0.00, 0.00
0.00,0.07,0.00, 0.50
0.00,0.09,0.00, 0.75
0.00,0.07,0.00, 0.00
0.00,0.09,0.00, 1.25
0.00,0.09,0.00, 0.00
0.00,0.10,0.00, 0.50
0.00,0.12,0.00, 0.75
0.00,0.11,0.00, 0.00
0.00,0.13,0.00, 1.00
0.00,0.12,0.00, 0.00
0.00,0.13,0.00, 0.50
0.00,0.14,0.00, 0.50
0.00,0.13,0.00, 0.00
0.00,0.14,0.00, 0.75
0.00,0.14,0.00, 0.75
0.00,0.14,0.00, 0.75
0.00,0.14,0.00, 0.75
0.00,0.16,0.00, 0.50
0.00,0.18,0.00, 1.00
0.00,0.22,0.00, 2.00
0.00,0.23,0.00, 0.51
0.00,0.41,0.00, 9.47
0.00,0.50,0.00, 4.52
0.00,0.59,0.00, 4.25
0.00,0.69,0.00, 5.00
0.00,0.84,0.00, 7.49
0.00,0.84,0.00, 7.49
0.00,0.84,0.00, 7.49
0.00,0.84,0.00, 7.49
0.00,0.84,0.00, 7.49
0.00,1.11,0.00, 13.23
0.00,1.46,0.00, 17.98
0.23,3.15,11.33, 84.26
1.19,3.58,47.46, 21.48
2.02,4.06,41.59, 23.99
2.40,4.52,19.33, 22.75
2.76,4.95,18.02, 22.00
3.28,5.34,25.88, 19.26
3.84,5.70,27.97, 18.00
3.84,5.70,27.97, 18.00
3.84,5.70,27.97, 18.00
4.15,5.99,15.68, 14.51
4.15,6.22,0.23, 11.51
4.13,6.50,0.00, 13.99
4.13,6.61,0.00, 5.53
4.13,6.70,0.00, 4.75
4.13,6.79,0.00, 4.25
4.13,6.91,0.00, 5.99
4.13,7.02,0.00, 5.25
4.13,7.09,0.00, 3.76
4.13,7.13,0.00, 2.01
4.13,7.14,0.00, 0.75
4.13,7.15,0.00, 0.50
4.13,7.14,0.00, 0.00
4.13,7.07,0.00, 0.00
4.13,7.07,0.00, 0.00
4.13,7.00,0.00, 0.00
4.13,6.88,0.00, 0.00
4.13,6.77,0.00, 0.00
4.13,6.69,0.00, 0.00
4.13,6.60,0.00, 0.00
4.13,6.55,0.00, 0.00
4.15,6.47,0.99, 0.00
4.13,6.43,0.00, 0.00
4.13,6.43,0.00, 0.50
4.13,6.43,0.00, 0.00
4.13,6.41,0.00, 0.00
4.13,6.43,0.00, 1.00
4.15,6.45,0.99, 0.75
4.13,6.48,0.00, 1.50
4.13,6.53,0.00, 2.50
4.13,6.56,0.00, 1.25
4.13,6.55,0.00, 0.00
4.13,6.55,0.00, 0.00
4.13,6.55,0.00, 0.00
4.13,6.55,0.00, 0.00
4.13,6.51,0.00, 0.00
4.13,6.54,0.00, 1.49
4.13,6.55,0.00, 0.75
4.13,6.55,0.00, 0.00
4.13,6.58,0.00, 1.25
4.13,6.58,0.00, 1.25
4.13,6.57,0.00, 0.00
4.13,6.57,0.00, 0.00
4.13,6.57,0.00, 0.00
4.13,6.57,0.00, 0.00
4.13,6.57,0.00, 0.00
4.13,6.57,0.00, 0.00
4.13,6.58,0.00, 0.50
4.13,6.58,0.00, 0.00
4.13,6.57,0.00, 0.00
4.13,6.39,0.00, 0.00
4.13,6.29,0.00, 0.00
4.13,6.29,0.00, 0.00
4.13,6.23,0.00, 0.00
4.13,6.14,0.00, 0.00
4.13,6.01,0.00, 0.00
4.13,5.93,0.00, 0.00
4.13,5.88,0.00, 0.00
4.13,5.84,0.00, 0.00
4.13,5.78,0.00, 0.00
4.13,5.77,0.00, 0.00
4.13,5.70,0.00, 0.00
4.13,5.66,0.00, 0.00
4.13,5.56,0.00, 0.00
4.13,5.56,0.00, 0.00
4.13,5.56,0.00, 0.00
4.13,5.56,0.00, 0.00
4.13,5.45,0.00, 0.00
4.13,5.31,0.00, 0.00
4.13,5.18,0.00, 0.00
4.13,5.12,0.00, 0.00
4.13,5.10,0.00, 0.00
4.13,5.14,0.00, 1.99
4.13,5.16,0.00, 1.50
4.13,5.19,0.00, 1.00
4.13,5.15,0.00, 0.00
4.13,5.10,0.00, 0.00
4.13,4.97,0.00, 0.00
4.13,4.78,0.00, 0.00
4.13,4.57,0.00, 0.00
4.13,4.41,0.00, 0.00
4.13,4.31,0.00, 0.00
4.13,4.25,0.00, 0.00
4.13,4.19,0.00, 0.00
4.13,4.19,0.00, 0.00
4.13,4.18,0.00, 0.00
4.13,4.13,0.00, 0.00
4.13,4.06,0.00, 0.00
4.13,3.98,0.00, 0.00
4.13,3.89,0.00, 0.00
4.13,3.86,0.00, 0.00
4.13,3.80,0.00, 0.00
4.13,3.73,0.00, 0.00
4.13,3.63,0.00, 0.00
2.76,3.51,0.00, 0.00
0.00,3.30,0.00, 0.00
0.00,2.97,0.00, 0.00
0.00,2.70,0.00, 0.00
0.00,2.70,0.00, 0.00
0.00,2.70,0.00, 0.00
0.00,2.70,0.00, 0.00
0.00,2.70,0.00, 0.00
0.38,2.47,18.72, 0.00
1.93,2.31,76.64, 0.00
0.88,2.18,0.00, 0.00
0.00,2.03,0.00, 0.00
0.00,1.85,0.00, 0.00
0.00,1.74,0.00, 0.00
0.00,1.64,0.00, 0.00
0.00,1.47,0.00, 0.00
0.00,1.31,0.00, 0.00
0.00,1.13,0.00, 0.00
0.00,0.97,0.00, 0.00
0.00,0.82,0.00, 0.00
0.00,0.70,0.00, 0.00
0.00,0.54,0.00, 0.00
0.00,0.43,0.00, 0.00
0.00,0.35,0.00, 0.00
0.00,0.22,0.00, 0.00
0.00,0.14,0.00, 0.00
0.00,0.05,0.00, 0.00
0.00,0.06,0.00, 1.00
0.00,0.05,0.00, 0.00
0.00,0.05,0.00, 0.00
0.00,0.05,0.00, 0.50
0.00,0.06,0.00, 0.25
0.00,0.05,0.00, 0.00
0.00,0.06,0.00, 1.00
0.00,0.06,0.00, 0.00
0.00,0.07,0.00, 0.50
0.00,0.06,0.00, 0.00
0.00,0.04,0.00, 0.00
0.00,0.06,0.00, 1.49
0.00,0.05,0.00, 0.00
0.00,0.05,0.00, 0.50
0.00,0.05,0.00, 0.00
0.00,0.05,0.00, 0.00
0.00,0.05,0.00, 0.00
0.00,0.05,0.00, 0.50
0.00,0.05,0.00, 0.00
0.00,0.04,0.00, 0.00
0.00,0.05,0.00, 0.50
0.00,0.05,0.00, 0.00
0.00,0.05,0.00, 0.00
0.00,0.05,0.00, 0.00
0.00,0.05,0.00, 0.00
0.00,0.05,0.00, 0.50
0.00,0.04,0.00, 0.00
0.00,0.05,0.00, 1.00
0.00,0.04,0.00, 0.00
0.00,0.05,0.00, 1.00
0.00,0.05,0.00, 0.00
0.00,0.05,0.00, 0.50
0.00,0.05,0.00, 0.00
0.00,0.05,0.00, 0.50
0.00,0.05,0.00, 0.00
0.00,0.05,0.00, 0.50
0.00,0.05,0.00, 0.00
0.00,0.05,0.00, 0.00
0.00,0.05,0.00, 0.00
0.00,0.05,0.00, 0.50
0.00,0.05,0.00, 0.00
0.00,0.18,0.00, 6.73
0.00,0.25,0.00, 3.26
0.00,0.25,0.00, 3.26
0.00,0.50,0.00, 12.96
0.00,0.77,0.00, 13.50
0.00,1.05,0.00, 13.75
0.00,1.31,0.00, 12.75
0.00,1.62,0.00, 15.74
0.00,2.10,0.00, 23.97
0.00,2.57,0.00, 23.25
0.00,2.57,0.00, 23.25
0.00,2.57,0.00, 23.25
0.00,2.57,0.00, 23.25
0.00,2.57,0.00, 23.25
0.00,3.05,0.00, 24.00
0.00,3.54,0.00, 24.75
0.81,4.08,39.90, 26.99
2.92,5.31,104.54, 61.12
3.37,5.49,23.71, 9.44
3.66,5.68,14.64, 9.25
3.93,5.86,13.52, 9.00
3.93,5.86,13.52, 9.00
3.93,5.86,13.52, 9.00
4.15,5.99,11.04, 6.76
4.15,6.11,0.16, 6.00
4.15,6.23,0.00, 6.00
4.13,6.57,0.00, 16.96
4.13,6.66,0.00, 4.55
4.13,6.74,0.00, 4.00
4.13,6.81,0.00, 3.25
4.13,6.85,0.00, 2.25
4.13,6.86,0.00, 0.76
4.13,6.86,0.00, 0.00
4.13,6.84,0.00, 0.00
4.13,6.84,0.00, 0.00
4.13,6.81,0.00, 0.00
4.13,6.78,0.00, 0.00
4.13,6.78,0.00, 0.00
4.13,6.78,0.00, 0.00
4.13,6.72,0.00, 0.00
4.13,6.62,0.00, 0.00
4.13,6.53,0.00, 0.00
4.13,6.39,0.00, 0.00
4.13,6.24,0.00, 0.00
4.13,6.11,0.00, 0.00
4.13,5.99,0.00, 0.00
4.13,5.94,0.00, 0.00
4.13,5.88,0.00, 0.00
4.13,5.85,0.00, 0.00
4.13,5.75,0.00, 0.00
4.13,5.66,0.00, 0.00
4.13,5.61,0.00, 0.00
4.13,5.53,0.00, 0.00
4.13,5.46,0.00, 0.00
4.13,5.38,0.00, 0.00
4.13,5.33,0.00, 0.00
4.13,5.31,0.00, 0.00
4.13,5.27,0.00, 0.00
4.13,5.27,0.00, 0.00
4.13,5.24,0.00, 0.00
4.13,5.16,0.00, 0.00
4.13,5.10,0.00, 0.00
4.13,4.97,0.00, 0.00
4.13,4.89,0.00, 0.00
4.13,4.81,0.00, 0.00
4.13,4.81,0.00, 0.00
4.13,4.84,0.00, 1.25
4.13,4.86,0.00, 1.00
4.13,4.89,0.00, 1.50
4.13,4.88,0.00, 0.00
4.13,4.88,0.00, 0.00
4.13,4.88,0.00, 0.00
4.13,4.83,0.00, 0.00
4.13,4.82,0.00, 0.00
4.13,4.82,0.00, 0.00
4.13,4.85,0.00, 1.49
4.13,4.82,0.00, 0.00
4.13,4.81,0.00, 0.00
4.13,4.80,0.00, 0.00
4.13,4.81,0.00, 0.50
4.13,4.87,0.00, 3.24
4.13,4.89,0.00, 1.26
4.13,4.89,0.00, 1.26
4.13,4.95,0.00, 2.99
4.13,4.95,0.00, 2.99
4.13,4.95,0.00, 2.99
4.13,4.93,0.00, 0.00
4.13,4.88,0.00, 0.00
4.13,4.64,0.00, 0.00
4.13,4.53,0.00, 0.00
4.13,4.52,0.00, 0.00
4.13,4.49,0.00, 0.00
4.13,4.48,0.00, 0.00
4.13,4.41,0.00, 0.00
4.13,4.41,0.00, 0.00
4.13,4.31,0.00, 0.00
4.13,4.31,0.00, 0.00
1.82,4.14,0.00, 0.00
0.00,4.02,0.00, 0.00
0.00,3.66,0.00, 0.00
4.22,3.51,207.90, 0.00
4.24,3.38,4.04, 0.00
4.17,3.24,0.00, 0.00
4.17,3.13,0.00, 0.00
3.54,3.03,0.00, 0.00
0.58,2.99,0.00, 0.00
0.00,2.90,0.00, 0.00
0.00,2.70,0.00, 0.00
1.57,2.47,77.35, 0.00
2.87,2.26,65.18, 0.00
1.26,2.07,0.00, 0.00
0.00,1.87,0.00, 0.00
0.00,1.67,0.00, 0.00
0.00,1.46,0.00, 0.00
0.00,1.25,0.00, 0.00
0.00,1.08,0.00, 0.00
0.00,0.94,0.00, 0.00
0.00,0.80,0.00, 0.00
0.00,0.66,0.00, 0.00
0.00,0.58,0.00, 0.00
0.00,0.48,0.00, 0.00
0.00,0.48,0.00, 0.00
0.00,0.38,0.00, 0.00
0.00,0.31,0.00, 0.00
0.00,0.31,0.00, 0.00
0.00,0.31,0.00, 0.00
0.00,0.31,0.00, 0.00
0.00,0.31,0.00, 0.00
0.00,0.31,0.00, 0.00
0.00,0.31,0.00, 0.00
0.00,0.31,0.00, 0.00
0.00,0.23,0.00, 0.00
0.00,0.16,0.00, 0.00
0.00,0.12,0.00, 0.00
0.00,0.05,0.00, 0.00
0.00,0.05,0.00, 0.00
0.00,0.05,0.00, 0.00
0.00,0.05,0.00, 0.00
0.00,0.05,0.00, 0.50
0.00,0.05,0.00, 0.00
0.00,0.07,0.00, 1.25
0.00,0.06,0.00, 0.00
0.00,0.05,0.00, 0.00
0.00,0.05,0.00, 0.00
0.00,0.06,0.00, 0.75
0.00,0.05,0.00, 0.00
0.00,0.05,0.00, 0.00
0.00,0.05,0.00, 0.00
0.00,0.05,0.00, 0.00
0.00,0.05,0.00, 0.50
0.00,0.05,0.00, 0.00
0.00,0.05,0.00, 0.00
0.00,0.05,0.00, 0.00
0.00,0.07,0.00, 1.25
0.00,0.10,0.00, 1.50
0.00,0.09,0.00, 0.00
0.00,0.10,0.00, 1.00
0.00,0.09,0.00, 0.00
0.00,0.09,0.00, 0.00
0.00,0.10,0.00, 0.50
0.00,0.16,0.00, 2.49
0.00,0.27,0.00, 5.99
0.00,0.36,0.00, 4.01
0.00,0.40,0.00, 2.26
0.00,0.45,0.00, 2.50
0.00,0.53,0.00, 3.99
0.00,0.59,0.00, 3.00
0.00,0.69,0.00, 5.24
0.00,0.69,0.00, 5.24
0.00,0.86,0.00, 7.99
0.00,1.05,0.00, 9.74
0.00,1.31,0.00, 12.74
0.00,1.31,0.00, 12.74
0.65,1.60,32.02, 14.74
0.65,1.60,32.02, 14.74
1.15,1.97,25.10, 18.74
1.44,2.32,14.66, 17.01
1.97,2.64,26.33, 16.25
2.24,3.03,13.69, 19.49
2.38,3.47,7.10, 22.24
2.51,3.90,6.51, 21.50
2.60,4.36,4.53, 22.50
2.76,4.81,7.95, 22.75
3.03,5.18,13.42, 18.27
3.45,5.57,20.89, 19.50
3.93,5.86,23.95, 14.52
4.13,6.11,10.21, 12.76
4.13,6.33,0.15, 11.01
4.13,6.50,0.00, 8.51
4.13,6.64,0.00, 7.25
4.13,6.74,0.00, 4.76
4.13,6.85,0.00, 5.25
4.13,6.98,0.00, 6.74
4.13,7.13,0.00, 7.50
4.13,7.22,0.00, 4.51
4.13,7.30,0.00, 3.75
4.13,7.36,0.00, 3.00
4.13,7.36,0.00, 3.00
4.13,7.38,0.00, 1.26
4.13,7.37,0.00, 0.00
4.13,7.36,0.00, 0.00
4.13,7.31,0.00, 0.00
4.13,7.26,0.00, 0.00
4.13,7.22,0.00, 0.00
4.13,7.26,0.00, 1.99
4.13,7.33,0.00, 3.49
4.13,7.33,0.00, 3.49
4.15,7.41,0.99, 4.00
4.13,7.44,0.00, 1.26
4.13,7.44,0.00, 1.26
4.13,7.44,0.00, 1.26
4.13,7.44,0.00, 1.26
4.13,7.44,0.00, 1.26
4.13,7.47,0.00, 1.50
4.13,7.47,0.00, 0.50
4.13,7.47,0.00, 0.00
4.13,7.48,0.00, 0.75
4.13,7.47,0.00, 0.00
4.13,7.50,0.00, 1.25
4.13,7.50,0.00, 0.00
4.13,7.54,0.00, 1.99
4.13,7.57,0.00, 1.50
4.13,7.59,0.00, 1.00
4.13,7.63,0.00, 2.00
4.13,7.68,0.00, 2.50
4.13,7.73,0.00, 2.50
4.13,7.73,0.00, 2.50
4.13,7.78,0.00, 2.50
4.13,7.78,0.00, 0.26
4.15,7.73,0.99, 0.00
4.13,7.68,0.00, 0.00
4.13,7.64,0.00, 0.00
4.13,7.61,0.00, 0.00
4.13,7.59,0.00, 0.00
4.13,7.59,0.00, 0.00
4.13,7.64,0.00, 1.99
4.13,7.66,0.00, 1.50
4.13,7.68,0.00, 1.00
4.13,7.72,0.00, 1.50
4.13,7.72,0.00, 1.50
4.13,7.74,0.00, 1.00
4.13,7.75,0.00, 0.75
4.13,7.74,0.00, 0.00
4.13,7.72,0.00, 0.00
4.13,7.70,0.00, 0.00
4.13,7.68,0.00, 0.00
4.15,7.69,0.99, 0.50
4.13,7.70,0.00, 0.50
4.13,7.70,0.00, 0.50
4.13,7.69,0.00, 0.00
4.13,7.65,0.00, 0.00
4.13,7.59,0.00, 0.00
4.13,7.55,0.00, 0.00
4.13,7.50,0.00, 0.00
4.13,7.45,0.00, 0.00
4.13,7.43,0.00, 0.00
4.13,7.40,0.00, 0.00
4.13,7.34,0.00, 0.00
4.13,7.27,0.00, 0.00
4.13,7.27,0.00, 0.00
4.13,7.15,0.00, 0.00
4.13,6.96,0.00, 0.00
4.13,6.77,0.00, 0.00
4.13,6.66,0.00, 0.00
4.13,6.56,0.00, 0.00
4.13,6.48,0.00, 0.00
4.13,6.48,0.00, 0.00
4.13,6.48,0.00, 0.00
4.13,6.48,0.00, 0.00
4.13,6.40,0.00, 0.00
4.13,6.31,0.00, 0.00
4.13,6.24,0.00, 0.00
4.13,5.93,0.00, 0.00
4.13,5.72,0.00, 0.00
4.11,5.45,0.00, 0.00
4.13,5.17,0.99, 0.00
4.13,4.97,0.01, 0.00
4.13,4.80,0.00, 0.00
4.13,4.66,0.00, 0.00
1.19,4.52,0.00, 0.00
0.74,4.03,0.00, 0.00
0.00,3.86,0.00, 0.00
2.87,3.68,141.39, 0.00
3.05,3.68,10.95, 0.25
2.58,3.52,0.00, 0.00
0.00,3.30,0.00, 0.00
0.00,3.30,0.00, 0.00
0.00,3.12,0.00, 0.00
0.00,3.12,0.00, 0.00
0.00,2.92,0.00, 0.00
0.00,2.92,0.00, 0.00
0.00,2.92,0.00, 0.00
1.68,2.66,82.76, 0.00
0.00,2.44,0.00, 0.00
0.00,1.88,0.00, 0.00
0.00,1.88,0.00, 0.00
0.00,1.60,0.00, 0.00
0.00,1.34,0.00, 0.00
0.00,1.08,0.00, 0.00
0.00,0.59,0.00, 0.00
0.00,0.41,0.00, 0.00
0.00,0.23,0.00, 0.00
0.00,0.12,0.00, 0.00
0.00,0.08,0.00, 0.00
0.00,0.08,0.00, 0.00
0.00,0.08,0.00, 0.00
0.00,0.08,0.00, 0.00
0.00,0.06,0.00, 0.00
0.00,0.06,0.00, 0.00
0.00,0.06,0.00, 0.00
0.00,0.06,0.00, 0.00
0.00,0.05,0.00, 0.00
0.00,0.06,0.00, 1.00
0.00,0.10,0.00, 2.00
0.00,0.13,0.00, 1.25
0.00,0.13,0.00, 0.00
0.00,0.09,0.00, 0.00
0.00,0.09,0.00, 0.00
0.00,0.08,0.00, 0.00
0.00,0.07,0.00, 0.00
0.00,0.07,0.00, 0.00
0.00,0.05,0.00, 0.00
0.00,0.06,0.00, 0.50
0.00,0.05,0.00, 0.00
0.00,0.05,0.00, 0.00
0.00,0.07,0.00, 0.75
0.00,0.07,0.00, 0.00
0.00,0.09,0.00, 1.00
0.00,0.09,0.00, 0.00
0.00,0.07,0.00, 0.00
0.00,0.07,0.00, 0.00
0.00,0.07,0.00, 0.00
0.00,0.08,0.00, 0.50
0.00,0.08,0.00, 0.50
0.00,0.08,0.00, 0.00
0.00,0.08,0.00, 0.00
0.00,0.06,0.00, 0.00
0.00,0.05,0.00, 0.00
0.00,0.06,0.00, 1.00
0.00,0.06,0.00, 0.00
0.00,0.05,0.00, 0.00
0.00,0.06,0.00, 0.50
0.00,0.06,0.00, 0.50
0.00,0.06,0.00, 0.00
0.00,0.07,0.00, 0.50
0.00,0.10,0.00, 1.75
0.00,0.10,0.00, 0.01
0.00,0.13,0.00, 1.25
0.00,0.16,0.00, 1.25
0.00,0.20,0.00, 2.25
0.00,0.20,0.00, 2.25
0.00,0.20,0.00, 2.25
0.00,0.23,0.00, 1.25
0.00,0.23,0.00, 1.25
0.00,0.25,0.00, 1.25
0.00,0.26,0.00, 0.75
0.00,0.85,0.00, 28.90
0.00,0.85,0.00, 28.90
0.00,0.85,0.00, 28.90
0.00,1.08,0.00, 11.81
0.00,1.38,0.00, 14.74
0.00,1.76,0.00, 19.48
0.00,3.08,0.00, 65.58
0.00,3.51,0.00, 21.66
0.25,3.99,12.32, 23.74
1.21,4.45,47.48, 23.25
1.95,4.88,37.15, 21.51
1.95,4.88,37.15, 21.51
2.58,5.32,31.58, 22.25
2.58,5.32,31.58, 22.25
3.16,5.74,29.04, 20.76
3.50,6.08,17.18, 17.01
3.88,6.36,18.97, 14.01
4.15,6.64,13.58, 13.75
4.15,6.82,0.20, 9.52
4.15,6.99,0.00, 8.25
4.15,6.99,0.00, 8.25
4.15,6.99,0.00, 8.25
4.15,6.99,0.00, 8.25
4.15,7.12,0.00, 6.51
4.13,7.22,0.00, 4.76
4.13,7.26,0.00, 2.01
4.13,7.30,0.00, 2.00
4.13,7.31,0.00, 1.00
4.13,7.26,0.00, 0.00
4.13,7.23,0.00, 0.00
4.13,7.17,0.00, 0.00
4.13,7.11,0.00, 0.00
4.13,7.03,0.00, 0.00
4.13,7.00,0.00, 0.00
4.13,6.98,0.00, 0.00
4.13,6.94,0.00, 0.00
4.13,6.86,0.00, 0.00
4.13,6.81,0.00, 0.00
4.13,6.74,0.00, 0.00
4.13,6.68,0.00, 0.00
4.13,6.61,0.00, 0.00
4.13,6.56,0.00, 0.00
4.13,6.50,0.00, 0.00
4.13,6.49,0.00, 0.00
4.13,6.47,0.00, 0.00
4.13,6.45,0.00, 0.00
4.13,6.41,0.00, 0.00
4.13,6.38,0.00, 0.00
4.13,6.33,0.00, 0.00
4.13,6.35,0.00, 1.00
4.13,6.32,0.00, 0.00
4.13,6.32,0.00, 0.00
4.13,6.27,0.00, 0.00
4.13,6.27,0.00, 0.00
4.13,6.17,0.00, 0.00
4.13,6.17,0.00, 0.00
4.13,6.07,0.00, 0.00
4.13,6.00,0.00, 0.00
4.13,5.98,0.00, 0.00
4.13,6.03,0.00, 2.49
4.13,6.06,0.00, 1.50
4.13,6.09,0.00, 1.50
4.13,6.09,0.00, 1.50
4.13,6.10,0.00, 0.50
4.13,6.11,0.00, 0.50
4.13,6.12,0.00, 0.75
4.13,6.11,0.00, 0.00
4.13,6.11,0.00, 0.00
4.13,6.11,0.00, 0.00
4.13,6.11,0.00, 0.00
4.13,6.05,0.00, 0.00
4.13,5.99,0.00, 0.00
4.13,5.97,0.00, 0.00
4.13,6.01,0.00, 1.99
4.13,6.03,0.00, 1.00
4.13,6.05,0.00, 1.50
4.13,6.06,0.00, 0.50
4.13,6.04,0.00, 0.00
4.13,6.04,0.00, 0.00
4.13,6.01,0.00, 0.00
4.13,5.98,0.00, 0.00
4.13,5.94,0.00, 0.00
4.13,5.89,0.00, 0.00
4.13,5.84,0.00, 0.00
4.13,5.83,0.00, 0.00
4.13,5.82,0.00, 0.00
4.13,5.82,0.00, 0.00
4.13,5.82,0.00, 0.00
4.13,5.79,0.00, 0.00
4.13,5.75,0.00, 0.00
4.13,5.68,0.00, 0.00
4.13,5.57,0.00, 0.00
4.13,5.44,0.00, 0.00
4.13,5.32,0.00, 0.00
4.13,5.15,0.00, 0.00
4.13,5.01,0.00, 0.00
4.13,4.83,0.00, 0.00
4.13,4.69,0.00, 0.00
4.13,4.60,0.00, 0.00
4.13,4.60,0.00, 0.00
4.13,4.60,0.00, 0.00
4.13,4.52,0.00, 0.00
4.13,4.43,0.00, 0.00
4.13,4.37,0.00, 0.00
4.13,4.18,0.00, 0.00
4.13,4.03,0.00, 0.00
4.13,3.85,0.00, 0.00
4.15,3.61,0.99, 0.00
4.13,3.10,0.00, 0.00
4.13,3.10,0.00, 0.00
4.13,3.10,0.00, 0.00
4.13,3.10,0.00, 0.00
4.13,2.85,0.00, 0.00
0.00,2.57,0.00, 0.00
0.00,2.13,0.00, 0.00
4.24,1.88,208.88, 0.00
4.15,1.84,0.00, 0.00
0.99,1.67,0.00, 0.00
0.99,1.67,0.00, 0.00
0.00,1.51,0.00, 0.00
0.00,1.51,0.00, 0.00
0.00,1.29,0.00, 0.00
4.17,1.15,205.43, 0.00
3.72,1.03,0.00, 0.00
0.00,1.00,0.00, 0.00
0.00,0.81,0.00, 0.00
0.00,0.81,0.00, 0.00
0.00,0.81,0.00, 0.00
0.94,0.61,46.31, 0.00
1.32,0.47,19.40, 0.00
0.00,0.39,0.00, 0.00
0.00,0.16,0.00, 0.00
0.56,0.11,27.59, 0.00
0.00,0.09,0.00, 0.00
0.00,0.09,0.00, 0.50
0.00,0.06,0.00, 0.00
0.00,0.06,0.00, 0.00
0.00,0.07,0.00, 0.50
0.00,0.07,0.00, 0.00
0.00,0.06,0.00, 0.00
0.00,0.05,0.00, 0.00
0.00,0.05,0.00, 0.50
0.00,0.06,0.00, 0.25
0.00,0.05,0.00, 0.00
0.00,0.05,0.00, 0.00
0.00,0.05,0.00, 0.50
0.00,0.05,0.00, 0.00
0.00,0.05,0.00, 0.00
0.00,0.05,0.00, 0.00
0.00,0.05,0.00, 0.50
0.00,0.05,0.00, 0.00
0.00,0.04,0.00, 0.00
0.00,0.05,0.00, 1.00
0.00,0.05,0.00, 0.00
0.00,0.05,0.00, 0.00
0.00,0.05,0.00, 0.50
0.00,0.07,0.00, 0.75
0.00,0.07,0.00, 0.00
0.00,0.10,0.00, 1.74
0.00,0.09,0.00, 0.00
0.00,0.11,0.00, 0.50
0.00,0.09,0.00, 0.00
0.00,0.08,0.00, 0.00
0.00,0.09,0.00, 0.50
0.00,0.09,0.00, 0.00
0.00,0.09,0.00, 0.00
0.00,0.09,0.00, 0.25
0.00,0.10,0.00, 0.50
0.00,0.10,0.00, 0.50
0.00,0.10,0.00, 0.50
0.00,0.12,0.00, 0.75
0.00,0.12,0.00, 0.00
0.00,0.13,0.00, 0.50
0.00,0.22,0.00, 4.49
0.00,0.29,0.00, 3.50
0.00,0.34,0.00, 2.50
0.00,0.46,0.00, 5.99
0.00,0.58,0.00, 6.25
0.00,0.75,0.00, 8.24
0.00,0.98,0.00, 11.24
0.00,1.23,0.00, 12.50
0.00,1.49,0.00, 13.00
0.00,1.80,0.00, 15.99
0.00,2.16,0.00, 17.74
0.00,2.56,0.00, 19.99
0.00,2.56,0.00, 19.99
0.02,2.97,0.99, 20.25
0.02,2.97,0.99, 20.25
0.65,3.35,31.05, 19.00
0.65,3.35,31.05, 19.00
1.50,3.81,42.33, 23.23
1.50,3.81,42.33, 23.23
1.50,3.81,42.33, 23.23
1.50,3.81,42.33, 23.23
1.50,3.81,42.33, 23.23
2.36,4.22,42.99, 20.26
3.01,4.57,32.65, 18.01
3.63,5.23,31.02, 32.95
3.97,5.45,17.21, 11.08
4.15,5.61,9.12, 7.51
4.13,5.66,0.00, 2.77
4.13,5.65,0.00, 0.00
4.13,5.63,0.00, 0.00
4.13,5.64,0.00, 0.75
4.13,5.77,0.00, 6.23
4.13,5.91,0.00, 7.00
4.13,6.05,0.00, 6.75
4.13,6.18,0.00, 6.75
4.15,6.31,0.99, 6.25
4.13,6.41,0.00, 5.50
4.13,6.55,0.00, 6.50
4.15,6.70,0.99, 7.75
4.13,6.86,0.00, 8.25
4.15,6.90,0.99, 1.77
4.13,6.90,0.00, 0.01
4.13,6.86,0.00, 0.00
4.13,6.86,0.00, 0.00
4.13,6.82,0.00, 0.00
4.13,6.79,0.00, 0.00
4.15,6.77,0.99, 0.00
4.13,6.74,0.00, 0.00
4.13,6.73,0.00, 0.00
4.13,6.72,0.00, 0.00
4.13,6.68,0.00, 0.00
4.13,6.63,0.00, 0.00
4.13,6.57,0.00, 0.00
4.13,6.53,0.00, 0.00
4.13,6.51,0.00, 0.00
4.13,6.49,0.00, 0.00
4.13,6.49,0.00, 0.00
4.13,6.45,0.00, 0.00
4.13,6.42,0.00, 0.00
4.13,6.42,0.00, 0.00
4.13,6.36,0.00, 0.00
4.13,6.29,0.00, 0.00
4.13,6.19,0.00, 0.00
4.13,6.19,0.00, 0.00
4.13,6.19,0.00, 0.00
4.13,6.19,0.00, 0.00
4.11,6.15,0.00, 0.00
4.13,6.15,0.99, 0.00
4.13,6.14,0.01, 0.00
4.13,6.10,0.00, 0.00
4.13,6.10,0.00, 0.25
4.13,6.07,0.00, 0.00
4.13,6.03,0.00, 0.00
4.13,5.97,0.00, 0.00
4.13,5.93,0.00, 0.00
4.13,5.90,0.00, 0.00
4.13,5.88,0.00, 0.00
4.13,5.88,0.00, 0.00
4.13,5.84,0.00, 0.00
4.13,5.80,0.00, 0.00
4.13,5.77,0.00, 0.00
4.13,5.74,0.00, 0.00
4.13,5.68,0.00, 0.00
4.13,5.68,0.00, 0.00
4.13,5.64,0.00, 0.00
4.13,5.55,0.00, 0.00
4.13,5.49,0.00, 0.00
4.13,5.43,0.00, 0.00
4.13,5.36,0.00, 0.00
4.13,5.31,0.00, 0.00
4.13,5.27,0.00, 0.00
4.13,5.19,0.00, 0.00
4.13,5.19,0.00, 0.00
4.13,5.13,0.00, 0.00
4.13,5.07,0.00, 0.00
4.13,4.99,0.00, 0.00
4.13,4.91,0.00, 0.00
4.13,4.78,0.00, 0.00
4.13,4.61,0.00, 0.00
4.13,4.47,0.00, 0.00
4.13,4.15,0.00, 0.00
4.13,3.88,0.00, 0.00
4.13,3.57,0.00, 0.00
4.13,3.23,0.00, 0.00
3.97,2.89,0.00, 0.00
0.00,2.63,0.00, 0.00
0.00,2.63,0.00, 0.00
0.00,2.18,0.00, 0.00
4.24,1.94,208.88, 0.00
4.24,1.94,208.88, 0.00
4.24,1.94,208.88, 0.00
4.24,1.82,3.07, 0.00
4.24,1.75,0.05, 0.00
0.00,1.58,0.00, 0.00
0.00,1.44,0.00, 0.00
0.00,1.22,0.00, 0.00
1.59,1.05,78.33, 0.00
0.00,0.91,0.00, 0.00
0.00,0.81,0.00, 0.00
0.00,0.64,0.00, 0.00
1.39,0.50,68.48, 0.00
0.00,0.38,0.00, 0.00
0.00,0.31,0.00, 0.00
0.00,0.23,0.00, 0.00
0.00,0.17,0.00, 0.00
0.00,0.12,0.00, 0.00
0.00,0.09,0.00, 0.00
0.00,0.09,0.00, 0.00
0.00,0.09,0.00, 0.00
0.00,0.09,0.00, 0.00
0.00,0.09,0.00, 0.00
0.00,0.09,0.00, 0.00
0.00,0.09,0.00, 0.00
0.00,0.06,0.00, 0.00
0.00,0.08,0.00, 1.00
0.00,0.08,0.00, 1.00
0.00,0.08,0.00, 1.00
0.00,0.08,0.00, 1.00
0.00,0.09,0.00, 0.25
0.00,0.09,0.00, 0.00
0.00,0.09,0.00, 0.00
0.00,0.07,0.00, 0.00
0.00,0.07,0.00, 0.00
0.00,0.09,0.00, 0.75
0.00,0.09,0.00, 0.00
0.00,0.09,0.00, 0.50
0.00,0.09,0.00, 0.00
0.00,0.07,0.00, 0.00
0.00,0.07,0.00, 0.00
0.00,0.07,0.00, 0.00
0.00,0.08,0.00, 0.50
0.00,0.08,0.00, 0.50
0.00,0.09,0.00, 0.50
0.00,0.09,0.00, 0.00
0.00,0.11,0.00, 1.25
0.00,0.11,0.00, 1.25
0.00,0.12,0.00, 0.25
0.00,0.11,0.00, 0.00
0.00,0.22,0.00, 5.48
0.00,0.51,0.00, 14.97
0.00,0.75,0.00, 12.01
0.00,1.01,0.00, 13.00
0.00,1.36,0.00, 16.99
0.00,1.72,0.00, 18.49
0.00,2.12,0.00, 19.99
0.00,2.55,0.00, 21.00
0.00,2.95,0.00, 20.25
0.32,3.33,15.76, 19.00
1.12,3.70,39.64, 18.25
1.68,4.06,28.17, 18.25
2.31,4.41,31.45, 17.50
2.31,4.41,31.45, 17.50
2.83,4.74,26.08, 16.25
3.21,5.03,19.10, 14.76
3.63,5.36,20.97, 16.24
4.02,5.69,19.52, 16.50
4.15,6.02,6.69, 16.75
4.13,6.28,0.00, 13.26
4.13,6.47,0.00, 9.26
4.13,6.64,0.00, 8.50
4.13,6.64,0.00, 8.50
4.13,6.72,0.00, 3.77
4.13,6.75,0.00, 1.76
4.13,6.78,0.00, 1.50
4.13,6.80,0.00, 0.75
4.13,6.76,0.00, 0.00
4.13,6.73,0.00, 0.00
4.13,6.73,0.00, 0.00
4.13,6.73,0.00, 0.00
4.13,6.73,0.00, 0.00
4.13,6.69,0.00, 0.00
4.13,6.68,0.00, 0.00
4.13,6.72,0.00, 1.49
4.13,6.72,0.00, 0.01
4.13,6.65,0.00, 0.00
4.13,6.59,0.00, 0.00
4.13,6.53,0.00, 0.00
4.13,6.47,0.00, 0.00
4.13,6.36,0.00, 0.00
4.13,6.32,0.00, 0.00
4.13,6.30,0.00, 0.00
4.13,6.31,0.00, 0.50
4.13,6.31,0.00, 0.00
4.13,6.32,0.00, 1.00
4.13,6.30,0.00, 0.00
4.13,6.28,0.00, 0.00
4.13,6.24,0.00, 0.00
4.13,6.19,0.00, 0.00
4.13,6.16,0.00, 0.00
4.13,6.12,0.00, 0.00
4.13,6.11,0.00, 0.00
4.13,6.05,0.00, 0.00
4.13,5.99,0.00, 0.00
4.13,5.94,0.00, 0.00
4.13,5.88,0.00, 0.00
4.13,5.81,0.00, 0.00
4.13,5.76,0.00, 0.00
4.13,5.74,0.00, 0.00
4.13,5.73,0.00, 0.00
4.13,5.71,0.00, 0.00
4.13,5.67,0.00, 0.00
4.13,5.62,0.00, 0.00
4.13,5.62,0.00, 0.00
4.13,5.54,0.00, 0.00
4.13,5.48,0.00, 0.00
4.13,5.47,0.00, 0.00
4.13,5.46,0.00