3.50,0.00,0.00, 0.00
0.02,0.06,0.00, 2.99
0.02,0.06,0.00, 0.01
0.02,0.06,0.00, 0.00
0.02,0.06,0.00, 0.00
0.02,0.06,0.00, 0.25
0.00,0.06,0.00, 0.00
0.00,0.05,0.00, 0.00
0.02,0.08,0.99, 1.74
0.00,0.07,0.00, 0.00
0.00,0.07,0.00, 0.00
0.00,0.08,0.00, 0.50
0.00,0.07,0.00, 0.00
0.00,0.08,0.00, 0.50
0.00,0.08,0.00, 0.00
0.00,0.06,0.00, 0.00
0.00,0.07,0.00, 0.50
0.00,0.07,0.00, 0.00
0.00,0.08,0.00, 0.50
0.00,0.07,0.00, 0.00
0.00,0.08,0.00, 0.50
0.00,0.07,0.00, 0.00
0.00,0.07,0.00, 0.00
0.00,0.08,0.00, 0.50
0.00,0.08,0.00, 0.00
0.00,0.07,0.00, 0.00
0.00,0.08,0.00, 0.50
0.00,0.08,0.00, 0.00
0.00,0.08,0.00, 0.00
0.00,0.08,0.00, 0.00
0.00,0.09,0.00, 0.50
0.00,0.09,0.00, 0.00
0.02,0.11,0.99, 1.00
0.02,0.11,0.01, 0.00
0.00,0.14,0.00, 1.49
0.00,0.14,0.00, 0.01
0.02,0.14,0.99, 0.00
0.00,0.13,0.00, 0.00
0.02,0.13,0.99, 0.00
0.05,0.14,1.49, 0.50
0.09,0.14,1.99, 0.00
0.05,0.16,0.00, 1.00
0.09,0.16,1.97, 0.00
0.09,0.16,0.03, 0.00
0.07,0.16,0.00, 0.00
0.09,0.16,0.99, 0.00
0.14,0.13,2.48, 0.00
0.14,0.11,0.04, 0.00
0.16,0.12,0.99, 0.50
0.16,0.11,0.01, 0.00
0.14,0.09,0.00, 0.00
0.11,0.09,0.00, 0.00
0.11,0.07,0.00, 0.00
0.11,0.07,0.00, 0.00
0.07,0.09,0.00, 0.75
0.07,0.07,0.00, 0.00
0.09,0.06,0.99, 0.00
0.05,0.05,0.00, 0.00
0.07,0.05,0.99, 0.00
0.05,0.05,0.00, 0.00
0.05,0.05,0.00, 0.00
0.02,0.05,0.00, 0.00
0.05,0.05,1.48, 0.50
0.00,0.09,0.00, 1.99
0.00,0.11,0.00, 0.51
0.00,0.08,0.00, 0.00
0.00,0.09,0.00, 0.50
0.00,0.09,0.00, 0.00
0.00,0.07,0.00, 0.00
0.11,0.05,5.42, 0.00
0.07,0.05,0.00, 0.00
0.07,0.06,0.00, 1.00
0.11,0.07,1.97, 0.25
0.07,0.06,0.00, 0.00
0.05,0.05,0.00, 0.00
0.07,0.07,0.99, 0.75
0.05,0.07,0.00, 0.00
0.05,0.05,0.00, 0.00
0.05,0.05,0.00, 0.00
0.05,0.05,0.00, 0.50
0.02,0.05,0.00, 0.00
0.05,0.05,1.48, 0.50
0.02,0.05,0.00, 0.00
0.02,0.05,0.00, 0.50
0.02,0.05,0.00, 0.00
0.00,0.08,0.00, 1.25
0.02,0.12,0.99, 2.25
0.00,0.15,0.00, 1.25
0.00,0.19,0.00, 1.75
0.00,0.24,0.00, 2.75
0.00,0.27,0.00, 1.50
0.52,2.63,25.62, 117.82
0.72,2.99,10.23, 18.12
0.92,3.39,10.00, 19.99
1.17,3.82,12.46, 21.25
1.28,4.28,5.60, 23.24
1.28,4.28,5.60, 23.24
1.28,4.28,5.60, 23.24
1.35,4.79,3.53, 25.49
1.35,4.79,3.53, 25.49
1.35,4.79,3.53, 25.49
1.35,4.79,3.53, 25.49
1.35,4.79,3.53, 25.49
1.35,4.79,3.53, 25.49
1.55,5.35,9.90, 27.74
3.10,8.25,76.51, 144.82
3.30,8.76,10.98, 26.19
3.39,9.81,4.60, 52.15
3.39,9.81,0.07, 0.19
3.39,9.81,0.00, 0.00
3.39,9.81,0.00, 0.00
3.39,9.81,0.00, 0.00
3.39,9.81,0.00, 0.00
3.39,9.81,0.00, 0.00
3.39,9.81,0.00, 0.00
3.39,9.81,0.00, 0.00
3.39,9.81,0.00, 0.00
3.39,9.81,0.00, 0.00
3.39,9.81,0.00, 0.00
3.39,9.81,0.00, 0.00
3.39,9.81,0.00, 0.00
3.39,9.81,0.00, 0.00
3.39,9.81,0.00, 0.00
3.39,9.81,0.00, 0.00
3.39,9.81,0.00, 0.00
3.39,9.81,0.00, 0.00
3.39,9.81,0.00, 0.00
3.39,9.81,0.00, 0.00
3.39,9.81,0.00, 0.00
3.39,9.81,0.00, 0.00
3.39,9.81,0.00, 0.00
3.39,9.81,0.00, 0.00
3.39,9.81,0.00, 0.00
3.39,9.81,0.00, 0.00
3.39,9.81,0.00, 0.00
3.39,9.81,0.00, 0.00
3.39,9.81,0.00, 0.00
3.39,9.81,0.00, 0.00
3.39,9.81,0.00, 0.00
3.39,9.81,0.00, 0.00
3.39,9.81,0.00, 0.00
3.39,9.81,0.00, 0.00
3.39,9.81,0.00, 0.00
3.39,9.81,0.00, 0.00
3.39,9.81,0.00, 0.00
3.39,9.81,0.00, 0.00
3.39,9.81,0.00, 0.00
3.39,9.81,0.00, 0.00
3.39,9.81,0.00, 0.00
3.39,9.81,0.00, 0.00
3.39,9.81,0.00, 0.00
3.39,9.81,0.00, 0.00
3.39,9.81,0.00, 0.00
3.39,9.81,0.00, 0.00
3.39,9.81,0.00, 0.00
3.39,9.81,0.00, 0.00
3.41,9.81,0.99, 0.00
3.41,9.81,0.99, 0.00
3.39,9.81,0.00, 0.00
3.39,9.81,0.00, 0.00
3.39,9.81,0.00, 0.00
3.39,9.81,0.00, 0.00
3.39,9.81,0.00, 0.00
3.39,9.81,0.00, 0.00
3.39,9.81,0.00, 0.00
3.39,9.78,0.00, 0.00
3.39,9.62,0.00, 0.00
3.39,9.41,0.00, 0.00
3.39,9.22,0.00, 0.00
3.39,9.02,0.00, 0.00
3.39,9.02,0.00, 0.00
3.39,8.74,0.00, 0.00
3.39,8.74,0.00, 0.00
3.39,8.46,0.00, 0.00
3.39,8.16,0.00, 0.00
3.39,8.16,0.00, 0.00
3.39,8.16,0.00, 0.00
3.39,8.16,0.00, 0.00
3.39,8.16,0.00, 0.00
3.39,8.16,0.00, 0.00
3.39,7.19,0.00, 0.00
3.39,7.19,0.00, 0.00
3.39,7.19,0.00, 0.00
3.39,7.19,0.00, 0.00
3.39,6.98,0.00, 0.00
3.39,6.88,0.00, 0.00
3.39,6.80,0.00, 0.00
3.39,6.36,0.00, 0.00
3.39,6.36,0.00, 0.00
3.39,6.36,0.00, 0.00
3.39,6.36,0.00, 0.00
3.39,6.28,0.00, 0.00
3.39,6.24,0.00, 0.00
3.39,6.20,0.00, 0.00
3.39,6.20,0.00, 0.00
3.39,6.02,0.00, 0.00
3.39,6.02,0.00, 0.00
3.39,6.02,0.00, 0.00
3.39,6.02,0.00, 0.00
3.39,6.02,0.00, 0.00
3.39,6.02,0.00, 0.00
3.39,6.02,0.00, 0.00
3.39,6.02,0.00, 0.00
3.39,6.02,0.00, 0.00
3.39,6.02,0.00, 0.00
3.39,6.02,0.00, 0.00
3.39,6.02,0.00, 0.00
3.39,6.02,0.00, 0.00
3.39,5.83,0.00, 0.00
3.39,5.83,0.00, 0.00
3.39,5.64,0.00, 0.00
3.39,5.64,0.00, 0.00
3.39,5.64,0.00, 0.00
3.39,5.64,0.00, 0.00
3.39,5.64,0.00, 0.00
3.39,5.64,0.00, 0.00
3.39,5.64,0.00, 0.00
3.39,5.26,0.00, 0.00
3.39,5.26,0.00, 0.00
3.39,5.26,0.00, 0.00
3.39,5.26,0.00, 0.00
3.39,5.26,0.00, 0.00
3.39,5.26,0.00, 0.00
3.39,5.26,0.00, 0.00
3.39,5.26,0.00, 0.00
3.39,5.26,0.00, 0.00
0.34,4.28,0.00, 0.00
0.47,4.11,6.40, 0.00
1.15,3.42,33.59, 0.00
0.20,1.61,0.00, 0.00
0.14,1.31,0.00, 0.00
0.14,1.31,0.00, 0.00
0.14,1.31,0.00, 0.00
0.14,0.74,0.00, 0.00
0.14,0.74,0.00, 0.00
0.14,0.74,0.00, 0.00
0.14,0.74,0.00, 0.00
0.14,0.74,0.00, 0.00
0.14,0.74,0.00, 0.00
0.14,0.48,0.00, 0.00
0.14,0.48,0.00, 0.00
0.20,0.25,2.96, 0.00
0.20,0.25,2.96, 0.00
0.20,0.25,2.96, 0.00
0.14,0.06,0.00, 0.00
0.07,0.05,0.00, 0.00
0.07,0.05,0.00, 0.00
0.07,0.05,0.00, 0.00
0.07,0.05,0.00, 0.00
0.07,0.05,0.00, 0.00
0.05,0.05,0.00, 0.00
0.05,0.05,0.00, 0.50
0.05,0.05,0.00, 0.50
0.05,0.05,0.00, 0.50
0.05,0.05,0.00, 0.50
0.02,0.05,0.00, 0.00
0.05,0.07,1.48, 1.25
0.02,0.06,0.00, 0.00
0.00,0.12,0.00, 2.74
0.00,0.12,0.00, 2.74
0.00,0.12,0.00, 2.74
0.00,0.12,0.00, 2.74
0.00,0.12,0.00, 2.74
0.00,0.16,0.00, 2.00
0.00,0.20,0.00, 2.25
0.00,0.20,0.00, 2.25
0.00,0.20,0.00, 2.25
0.00,0.20,0.00, 2.25
0.00,0.23,0.00, 1.25
0.34,2.68,16.75, 122.31
0.34,2.68,16.75, 122.31
0.34,2.68,16.75, 122.31
0.34,2.68,16.75, 122.31
0.34,2.68,16.75, 122.31
0.34,2.68,16.75, 122.31
1.46,3.20,55.42, 26.60
1.89,4.26,22.00, 52.41
1.50,4.84,0.00, 29.09
3.41,8.19,94.10, 167.24
3.39,8.84,0.40, 32.99
3.39,8.84,0.40, 32.99
3.39,9.11,0.01, 13.82
3.39,9.31,0.00, 9.76
3.39,9.52,0.00, 10.50
3.39,9.74,0.00, 10.75
3.39,9.81,0.00, 3.53
3.39,9.81,0.00, 0.26
3.39,9.81,0.00, 0.00
3.39,9.81,0.00, 0.00
3.39,9.81,0.00, 0.00
3.39,9.81,0.00, 0.00
3.39,9.81,0.00, 0.00
3.39,9.81,0.00, 0.00
3.39,9.81,0.00, 0.00
3.39,9.81,0.00, 0.00
3.39,9.81,0.00, 0.00
3.39,9.81,0.00, 0.00
3.39,9.81,0.00, 0.00
3.39,9.81,0.00, 0.00
3.39,9.81,0.00, 0.00
3.39,9.81,0.00, 0.00
3.39,9.81,0.00, 0.00
3.39,9.81,0.00, 0.00
3.39,9.81,0.00, 0.00
3.39,9.81,0.00, 0.00
3.39,9.81,0.00, 0.00
3.39,9.81,0.00, 0.00
3.39,9.81,0.00, 0.00
3.39,9.81,0.00, 0.00
3.39,9.81,0.00, 0.00
3.39,9.81,0.00, 0.00
3.39,9.81,0.00, 0.00
3.39,9.81,0.00, 0.00
3.39,9.81,0.00, 0.00
3.39,9.81,0.00, 0.00
3.39,9.81,0.00, 0.00
3.39,9.81,0.00, 0.00
3.39,9.80,0.00, 0.00
3.39,9.73,0.00, 0.00
3.39,9.67,0.00, 0.00
3.39,9.56,0.00, 0.00
3.39,9.49,0.00, 0.00
3.39,9.45,0.00, 0.00
3.39,9.45,0.00, 0.00
3.39,9.45,0.00, 0.25
3.39,9.47,0.00, 0.50
3.39,9.47,0.00, 0.00
3.39,9.39,0.00, 0.00
3.39,9.28,0.00, 0.00
3.39,9.16,0.00, 0.00
3.39,9.06,0.00, 0.00
3.39,8.96,0.00, 0.00
3.39,8.93,0.00, 0.00
3.39,8.95,0.00, 1.00
3.39,8.97,0.00, 0.75
3.39,8.94,0.00, 0.00
3.39,8.89,0.00, 0.00
3.39,8.81,0.00, 0.00
3.39,8.81,0.00, 0.00
3.39,8.81,0.00, 0.00
3.39,8.81,0.00, 0.00
3.39,8.81,0.00, 0.00
3.39,8.81,0.00, 0.00
3.39,8.70,0.00, 0.00
3.39,8.55,0.00, 0.00
3.39,8.37,0.00, 0.00
3.39,7.84,0.00, 0.00
3.39,7.70,0.00, 0.00
3.39,7.53,0.00, 0.00
3.39,7.32,0.00, 0.00
3.39,7.05,0.00, 0.00
3.39,7.05,0.00, 0.00
3.39,6.81,0.00, 0.00
3.39,6.55,0.00, 0.00
3.39,6.34,0.00, 0.00
3.39,6.13,0.00, 0.00
3.39,5.95,0.00, 0.00
3.39,5.83,0.00, 0.00
3.39,5.68,0.00, 0.00
3.39,5.56,0.00, 0.00
3.39,5.40,0.00, 0.00
3.39,5.22,0.00, 0.00
3.39,5.03,0.00, 0.00
3.39,4.86,0.00, 0.00
3.39,4.71,0.00, 0.00
3.39,4.59,0.00, 0.00
3.39,4.59,0.00, 0.00
3.39,4.59,0.00, 0.00
3.39,4.59,0.00, 0.00
3.39,4.59,0.00, 0.00
3.39,4.59,0.00, 0.00
3.39,4.45,0.00, 0.00
3.39,4.34,0.00, 0.00
3.39,4.26,0.00, 0.00
0.00,3.85,0.00, 0.00
2.00,3.79,98.53, 0.00
3.10,3.85,55.64, 2.74
3.25,3.84,8.21, 0.00
3.25,3.84,8.21, 0.00
3.25,3.84,8.21, 0.00
3.25,3.84,8.21, 0.00
3.25,3.84,8.21, 0.00
3.25,3.84,8.21, 0.00
3.37,3.81,6.03, 0.00
3.05,3.81,0.00, 0.00
2.85,3.78,0.00, 0.00
2.65,3.38,0.00, 0.00
2.04,3.26,0.00, 0.00
1.75,2.85,0.00, 0.00
2.20,2.66,22.17, 0.00
2.20,2.66,22.17, 0.00
2.20,2.66,22.17, 0.00
2.20,2.66,22.17, 0.00
2.20,2.66,22.17, 0.00
2.20,2.66,22.17, 0.00
2.20,2.66,22.17, 0.00
2.04,2.48,0.00, 0.00
1.64,2.30,0.00, 0.00
1.28,2.14,0.00, 0.00
0.97,1.09,0.00, 0.00
0.85,0.89,0.00, 0.00
0.61,0.67,0.00, 0.00
0.56,0.47,0.00, 0.00
0.56,0.47,0.00, 0.00
0.56,0.47,0.00, 0.00
0.56,0.47,0.00, 0.00
0.56,0.47,0.00, 0.00
0.56,0.47,0.00, 0.00
0.56,0.47,0.00, 0.00
0.56,0.47,0.00, 0.00
0.54,0.30,0.00, 0.00
0.27,0.18,0.00, 0.00
0.00,0.09,0.00, 0.00
0.00,0.05,0.00, 0.00
0.05,0.05,2.46, 0.00
0.09,0.05,2.01, 0.00
0.05,0.05,0.00, 0.00
0.02,0.05,0.00, 0.00
0.02,0.05,0.00, 0.00
0.07,0.05,2.46, 0.50
0.09,0.06,1.02, 0.25
0.05,0.05,0.00, 0.00
0.05,0.05,0.00, 0.50
0.09,0.05,1.97, 0.00
0.05,0.05,0.00, 0.00
0.05,0.05,0.00, 0.00
0.02,0.05,0.00, 0.50
0.07,0.05,2.46, 0.00
0.05,0.05,0.00, 0.00
0.05,0.05,0.00, 0.00
0.05,0.05,0.00, 0.50
0.05,0.05,0.00, 0.00
0.00,0.12,0.00, 3.24
0.00,0.17,0.00, 2.75
0.00,0.21,0.00, 1.75
0.00,0.18,0.00, 0.00
0.00,0.14,0.00, 0.00
0.00,0.34,0.00, 10.21
0.00,0.34,0.00, 10.21
0.11,0.58,5.42, 11.74
0.45,0.95,16.83, 18.48
0.52,1.29,3.70, 17.25
0.58,1.62,3.01, 16.25
0.79,1.92,10.39, 15.00
1.12,2.22,16.41, 15.25
1.12,2.22,16.41, 15.25
1.35,2.54,11.57, 15.75
1.53,2.87,9.04, 16.25
1.95,3.17,20.82, 15.25
2.33,3.45,19.03, 14.00
2.69,3.68,18.02, 11.51
2.94,3.85,12.58, 8.51
2.94,3.85,12.58, 8.51
2.94,3.85,12.58, 8.51
3.19,4.01,12.50, 7.75
3.34,4.15,7.57, 7.25
3.34,4.15,7.57, 7.25
3.34,4.15,7.57, 7.25
3.34,4.15,7.57, 7.25
3.34,4.15,7.57, 7.25
3.34,4.15,7.57, 7.25
3.37,4.32,1.59, 8.25
3.39,4.88,1.01, 27.93
3.39,4.99,0.01, 6.08
3.39,5.26,0.00, 12.97
3.39,5.26,0.00, 12.97
3.39,5.26,0.00, 12.97
3.39,5.26,0.00, 12.97
3.39,5.26,0.00, 12.97
3.39,5.26,0.00, 12.97
3.39,5.26,0.00, 12.97
3.39,5.26,0.00, 0.05
3.39,5.28,0.00, 1.25
3.39,5.28,0.00, 0.00
3.39,5.54,0.00, 12.95
3.39,5.57,0.00, 1.29
3.39,5.59,0.00, 1.25
3.39,5.59,0.00, 1.25
3.39,5.59,0.00, 1.25
3.39,5.59,0.00, 1.25
3.39,5.59,0.00, 1.25
3.39,5.59,0.00, 1.25
3.39,5.59,0.00, 1.25
3.39,5.62,0.00, 1.50
3.39,5.69,0.00, 3.49
3.39,5.70,0.00, 0.76
3.39,5.70,0.00, 0.76
3.39,5.70,0.00, 0.76
3.39,5.70,0.00, 0.76
3.39,5.64,0.00, 0.00
3.39,5.63,0.00, 0.00
3.39,5.56,0.00, 0.00
3.39,5.24,0.00, 0.00
3.39,5.12,0.00, 0.00
3.39,4.97,0.00, 0.00
3.39,4.82,0.00, 0.00
3.39,4.82,0.00, 0.00
3.39,4.82,0.00, 0.00
3.39,4.82,0.00, 0.00
3.39,4.82,0.00, 0.00
3.39,4.82,0.00, 0.00
3.39,4.68,0.00, 0.00
3.39,4.49,0.00, 0.00
3.39,4.34,0.00, 0.00
3.39,4.12,0.00, 0.00
3.39,4.12,0.00, 0.25
3.39,4.09,0.00, 0.00
3.39,4.06,0.00, 0.00
3.39,4.03,0.00, 0.00
3.39,4.03,0.00, 0.00
3.39,3.97,0.00, 0.00
3.39,3.97,0.00, 0.00
3.39,3.99,0.00, 0.75
3.39,3.99,0.00, 0.75
3.39,3.99,0.00, 0.75
3.39,4.03,0.00, 2.00
3.39,4.04,0.00, 0.51
3.39,4.12,0.00, 4.24
3.39,4.12,0.00, 0.02
3.39,4.12,0.00, 0.00
3.39,4.08,0.00, 0.00
3.39,4.03,0.00, 0.00
3.39,3.99,0.00, 0.00
3.39,3.96,0.00, 0.00
3.39,3.97,0.00, 0.50
3.39,3.95,0.00, 0.00
3.39,3.93,0.00, 0.00
3.39,3.89,0.00, 0.00
3.39,3.81,0.00, 0.00
3.39,3.72,0.00, 0.00
3.39,3.72,0.00, 0.00
3.39,3.64,0.00, 0.00
3.39,3.55,0.00, 0.00
3.39,3.55,0.00, 0.00
3.39,3.55,0.00, 0.00
3.39,3.55,0.00, 0.00
3.39,3.55,0.00, 0.00
3.39,3.55,0.00, 0.00
3.39,3.55,0.00, 0.00
3.39,3.55,0.00, 0.00
3.39,3.55,0.00, 0.00
3.39,3.55,0.00, 0.00
3.39,3.55,0.00, 0.00
3.39,3.55,0.00, 0.00
3.39,3.52,0.00, 0.00
3.39,3.49,0.00, 0.00
3.39,3.50,0.00, 0.50
3.39,3.10,0.00, 0.00
3.39,3.09,0.00, 0.00
3.39,3.06,0.00, 0.00
3.39,3.06,0.00, 0.00
3.39,3.06,0.00, 0.00
3.39,3.07,0.00, 0.50
3.39,3.07,0.00, 0.50
3.39,3.06,0.00, 0.00
3.39,3.03,0.00, 0.00
3.39,3.03,0.00, 0.00
3.39,3.03,0.00, 0.00
3.39,3.03,0.00, 0.00
3.39,3.03,0.00, 0.00
3.39,2.98,0.00, 0.00
3.39,2.98,0.00, 0.00
3.39,2.98,0.00, 0.00
3.39,2.93,0.00, 0.00
2.98,2.88,0.00, 0.00
1.86,2.37,0.00, 0.00
2.02,2.34,7.88, 0.00
1.80,2.26,0.00, 0.00
1.46,2.19,0.00, 0.00
1.12,2.13,0.00, 0.00
1.12,2.13,0.00, 0.00
1.12,2.13,0.00, 0.00
1.12,2.13,0.00, 0.00
1.12,2.13,0.00, 0.00
1.12,2.13,0.00, 0.00
1.12,2.13,0.00, 0.00
0.76,2.07,0.00, 0.00
0.38,1.93,0.00, 0.00
0.36,1.82,0.00, 0.00
0.02,0.89,0.00, 0.00
0.20,0.52,8.87, 0.00
0.18,0.38,0.00, 0.00
0.18,0.25,0.00, 0.00
0.07,0.14,0.00, 0.00
0.00,0.08,0.00, 0.00
0.07,0.07,3.45, 0.00
0.07,0.07,3.45, 0.00
0.07,0.07,3.45, 0.00
0.07,0.07,3.45, 0.00
0.07,0.07,3.45, 0.00
0.07,0.07,3.45, 0.00
0.07,0.07,3.45, 0.00
0.27,0.05,9.90, 0.00
0.14,0.05,0.00, 0.50
0.00,0.05,0.00, 0.00
0.00,0.05,0.00, 0.00
0.09,0.05,4.43, 0.50
0.14,0.06,2.53, 0.25
0.11,0.05,0.00, 0.00
0.02,0.05,0.00, 0.50
0.09,0.06,3.45, 0.25
0.07,0.06,0.00, 0.00
0.02,0.06,0.00, 0.00
0.05,0.06,1.48, 0.00
0.07,0.05,1.01, 0.00
0.07,0.08,0.01, 1.49
0.00,0.11,0.00, 2.00
0.00,0.11,0.00, 2.00
0.00,0.16,0.00, 2.25
0.00,0.17,0.00, 0.76
0.00,0.14,0.00, 0.00
0.00,0.12,0.00, 0.00
0.00,0.11,0.00, 0.00
0.09,0.09,4.43, 0.00
0.09,0.09,4.43, 0.00
0.00,0.27,0.00, 8.72
0.00,0.45,0.00, 9.25
0.00,0.75,0.00, 14.98
0.36,1.12,17.74, 17.99
0.36,1.12,17.74, 17.99
0.47,1.45,5.68, 16.75
0.45,1.75,0.00, 15.26
0.72,2.07,13.30, 15.50
1.17,2.33,22.36, 13.26
1.59,2.64,21.02, 15.49
1.73,2.99,7.21, 17.49
2.18,3.30,22.28, 15.26
2.76,3.63,28.90, 16.99
3.21,3.95,22.59, 15.75
3.41,4.22,10.19, 13.26
3.45,4.47,2.12, 12.50
3.45,4.47,2.12, 12.50
3.45,4.47,2.12, 12.50
3.45,4.47,2.12, 12.50
3.45,4.47,2.12, 12.50
3.45,4.47,2.12, 12.50
3.45,4.47,2.12, 12.50
3.45,4.47,2.12, 12.50
3.41,4.66,0.00, 9.76
3.41,4.92,0.00, 12.99
3.39,5.10,0.00, 8.77
3.39,5.72,0.00, 31.17
3.39,5.72,0.00, 31.17
3.39,5.72,0.00, 31.17
3.39,5.72,0.00, 31.17
3.39,5.72,0.00, 31.17
3.39,5.72,0.00, 31.17
3.39,5.77,0.00, 2.36
3.39,5.84,0.00, 3.50
3.39,5.83,0.00, 0.00
3.39,5.59,0.00, 0.00
3.39,5.59,0.00, 0.00
3.39,5.57,0.00, 0.00
3.39,5.52,0.00, 0.00
3.39,5.51,0.00, 0.00
3.39,5.43,0.00, 0.00
3.39,5.43,0.00, 0.00
3.39,5.43,0.00, 0.00
3.39,5.43,0.00, 0.00
3.39,5.32,0.00, 0.00
3.39,5.18,0.00, 0.00
3.39,5.02,0.00, 0.00
3.39,4.72,0.00, 0.00
3.39,4.70,0.00, 0.00
3.39,4.70,0.00, 0.00
3.39,4.68,0.00, 0.00
3.39,4.62,0.00, 0.00
3.39,4.53,0.00, 0.00
3.39,4.47,0.00, 0.00
3.39,4.36,0.00, 0.00
3.39,4.32,0.00, 0.00
3.39,4.32,0.00, 0.00
3.39,4.24,0.00, 0.00
3.39,4.24,0.00, 0.00
3.39,4.19,0.00, 0.00
3.39,4.18,0.00, 0.00
3.39,4.26,0.00, 4.23
3.39,4.44,0.00, 9.23
3.39,4.61,0.00, 8.00
3.39,4.61,0.00, 8.00
3.39,4.61,0.00, 8.00
3.39,4.61,0.00, 8.00
3.39,4.61,0.00, 8.00
3.39,4.61,0.00, 8.00
3.39,4.61,0.00, 8.00
3.39,4.61,0.00, 8.00
3.39,4.72,0.00, 6.01
3.39,4.78,0.00, 2.51
3.39,4.84,0.00, 3.00
3.39,4.84,0.00, 3.00
3.39,4.84,0.00, 3.00
3.39,4.84,0.00, 3.00
3.39,4.84,0.00, 3.00
3.39,4.84,0.00, 3.00
3.39,4.84,0.00, 3.00
3.39,4.86,0.00, 1.26
3.39,4.86,0.00, 1.26
3.39,4.86,0.00, 1.26
3.39,4.86,0.00, 1.26
3.39,4.86,0.00, 1.26
3.39,4.86,0.00, 1.26
3.39,4.86,0.00, 1.26
3.39,4.80,0.00, 0.00
3.39,4.80,0.00, 0.00
3.39,4.75,0.00, 0.00
3.39,4.61,0.00, 0.00
3.39,4.61,0.00, 0.00
3.39,4.16,0.00, 0.00
3.39,4.03,0.00, 0.00
3.39,3.95,0.00, 0.00
3.39,3.88,0.00, 0.00
3.39,3.88,0.00, 0.00
3.39,3.88,0.00, 0.00
3.39,3.88,0.00, 0.00
3.39,3.88,0.00, 0.00
3.39,3.88,0.00, 0.00
3.39,3.83,0.00, 0.00
3.39,3.83,0.00, 0.00
3.39,3.82,0.00, 0.00
3.39,3.78,0.00, 0.00
3.39,3.28,0.00, 0.00
3.39,2.92,0.00, 0.00
3.39,2.76,0.00, 0.00
3.39,2.76,0.00, 0.00
3.39,2.76,0.00, 0.00
3.39,2.76,0.00, 0.00
3.39,2.76,0.00, 0.00
3.39,2.76,0.00, 0.00
3.39,2.76,0.00, 0.00
3.39,2.76,0.00, 0.00
3.39,2.57,0.00, 0.00
3.39,2.40,0.00, 0.00
3.37,2.30,0.00, 0.00
2.63,1.69,0.00, 0.00
0.76,1.66,0.00, 0.00
0.16,1.58,0.00, 0.00
0.00,1.42,0.00, 0.00
0.09,1.30,4.43, 0.00
0.09,1.30,4.43, 0.00
0.09,1.30,4.43, 0.00
0.09,1.30,4.43, 0.00
0.09,1.30,4.43, 0.00
0.09,1.30,4.43, 0.00
0.45,1.17,17.80, 0.00
0.32,1.02,0.00, 0.00
0.32,1.02,0.00, 0.00
0.00,0.89,0.00, 0.00
0.05,0.16,2.46, 0.00
0.07,0.08,1.02, 0.00
0.00,0.06,0.00, 0.00
0.00,0.07,0.00, 0.50
0.09,0.06,4.43, 0.00
0.07,0.05,0.00, 0.00
0.05,0.06,0.00, 0.25
0.09,0.06,1.97, 0.00
0.07,0.06,0.00, 0.00
0.05,0.06,0.00, 0.00
0.07,0.05,0.99, 0.00
0.07,0.05,0.01, 0.50
0.00,0.08,0.00, 1.25
0.00,0.07,0.00, 0.00
0.00,0.07,0.00, 0.00
0.00,0.06,0.00, 0.00
0.00,0.06,0.00, 0.00
0.02,0.05,0.99, 0.00
0.09,0.05,3.46, 0.50
0.02,0.05,0.00, 0.00
0.05,0.05,1.48, 0.50
0.05,0.05,0.02, 0.00
0.05,0.05,0.00, 0.00
0.05,0.05,0.00, 0.00
0.09,0.05,1.97, 0.00
0.05,0.05,0.00, 0.00
0.02,0.05,0.00, 0.00
0.05,0.05,1.48, 0.00
0.05,0.05,1.48, 0.00
0.05,0.05,1.48, 0.00
0.05,0.05,1.48, 0.00
0.05,0.05,1.48, 0.00
0.05,0.05,1.48, 0.00
0.05,0.05,0.02, 0.50
0.02,0.05,0.00, 0.00
0.05,0.05,1.48, 0.00
0.00,0.32,0.00, 13.95
0.00,0.53,0.00, 10.26
0.29,0.80,14.29, 13.49
0.29,0.80,14.29, 13.49
0.52,1.07,11.54, 13.50
0.76,1.35,11.99, 13.75
1.15,1.62,19.39, 14.00
1.73,1.92,28.86, 14.75
2.18,2.28,22.59, 17.74
2.56,2.61,19.05, 16.75
2.85,2.93,14.57, 16.25
3.14,3.18,14.50, 12.26
3.39,3.43,12.53, 12.75
3.25,3.70,0.00, 13.25
3.25,3.70,0.00, 13.25
3.32,3.93,3.45, 11.51
3.37,4.14,2.51, 10.25
3.39,4.31,1.02, 8.51
3.39,4.49,0.02, 9.50
3.39,4.64,0.00, 7.01
3.39,4.72,0.00, 4.01
3.39,4.83,0.00, 5.74
3.39,4.90,0.00, 3.26
3.39,4.93,0.00, 2.00
3.39,4.93,0.00, 0.00
3.39,4.93,0.00, 0.25
3.39,4.93,0.00, 0.25
3.39,4.84,0.00, 0.00
3.39,4.75,0.00, 0.00
3.39,4.64,0.00, 0.00
3.39,4.50,0.00, 0.00
3.39,4.37,0.00, 0.00
3.39,4.28,0.00, 0.00
3.39,4.21,0.00, 0.00
3.39,4.19,0.00, 0.00
3.39,4.19,0.00, 0.00
3.39,4.19,0.00, 0.00
3.39,4.15,0.00, 0.00
3.39,4.11,0.00, 0.00
3.39,4.04,0.00, 0.00
3.39,3.99,0.00, 0.00
3.39,3.93,0.00, 0.00
3.39,3.93,0.00, 0.00
3.39,3.89,0.00, 0.00
3.39,3.88,0.00, 0.00
3.39,3.88,0.00, 0.50
3.39,3.88,0.00, 0.00
3.39,3.87,0.00, 0.00
3.39,3.84,0.00, 0.00
3.39,3.81,0.00, 0.00
3.39,3.77,0.00, 0.00
3.39,3.77,0.00, 0.00
3.39,3.74,0.00, 0.00
3.39,3.76,0.00, 0.50
3.39,3.76,0.00, 0.50
3.39,3.76,0.00, 0.50
3.39,3.76,0.00, 0.50
3.39,3.76,0.00, 0.50
3.39,3.76,0.00, 0.50
3.39,3.81,0.00, 2.24
3.39,3.86,0.00, 2.50
3.39,3.91,0.00, 2.25
3.39,3.99,0.00, 3.99
3.39,4.01,0.00, 1.01
3.39,4.03,0.00, 1.25
3.39,4.03,0.00, 1.25
3.39,4.03,0.00, 0.00
3.39,4.05,0.00, 1.00
3.39,4.07,0.00, 1.25
3.39,4.14,0.00, 2.99
3.39,4.14,0.00, 0.01
3.39,4.12,0.00, 0.00
3.39,4.09,0.00, 0.00
3.39,4.05,0.00, 0.00
3.39,4.01,0.00, 0.00
3.39,4.01,0.00, 0.25
3.39,3.99,0.00, 0.00
3.39,3.97,0.00, 0.00
3.39,3.97,0.00, 0.00
3.39,3.93,0.00, 0.00
3.39,3.88,0.00, 0.00
3.39,3.88,0.00, 0.00
3.39,3.88,0.00, 0.00
3.39,3.88,0.00, 0.00
3.39,3.88,0.00, 0.00
3.39,3.88,0.00, 0.00
3.39,3.85,0.00, 0.00
3.39,3.88,0.00, 1.49
3.39,3.88,0.00, 0.25
3.39,3.82,0.00, 0.00
3.39,3.78,0.00, 0.00
3.39,3.77,0.00, 0.00
3.39,3.73,0.00, 0.00
3.39,3.68,0.00, 0.00
3.39,3.66,0.00, 0.00
3.39,3.62,0.00, 0.00
3.39,3.60,0.00, 0.00
3.39,3.55,0.00, 0.00
3.39,3.55,0.00, 0.00
3.39,3.55,0.00, 0.00
3.39,3.55,0.00, 0.00
3.39,3.55,0.00, 0.00
3.39,3.51,0.00, 0.00
3.39,3.46,0.00, 0.00
3.39,3.41,0.00, 0.00
3.39,3.21,0.00, 0.00
3.39,3.13,0.00, 0.00
2.96,3.05,0.00, 0.00
2.96,3.05,0.00, 0.00
2.96,3.05,0.00, 0.00
2.96,3.05,0.00, 0.00
2.96,3.05,0.00, 0.00
2.96,3.05,0.00, 0.00
2.96,3.05,0.00, 0.00
2.96,3.05,0.00, 0.00
2.96,3.05,0.00, 0.00
2.96,3.05,0.00, 0.00
2.96,3.05,0.00, 0.00
2.96,3.05,0.00, 0.00
2.96,3.05,0.00, 0.00
2.96,3.05,0.00, 0.00
2.96,3.05,0.00, 0.00
2.96,3.05,0.00, 0.00
2.96,3.05,0.00, 0.00
2.96,3.05,0.00, 0.00
2.96,3.05,0.00, 0.00
2.96,3.05,0.00, 0.00
2.96,3.05,0.00, 0.00
2.96,3.05,0.00, 0.00
2.96,3.05,0.00, 0.00
2.96,3.05,0.00, 0.00
2.96,3.05,0.00, 0.00
2.96,3.05,0.00, 0.00
2.96,3.05,0.00, 0.00
0.47,2.87,0.00, 0.00
0.47,2.87,0.00, 0.00
0.00,2.69,0.00, 0.00
2.18,2.53,107.40, 0.00
0.02,0.05,0.00, 0.00
0.05,0.06,1.48, 0.50
0.07,0.05,1.01, 0.00
0.07,0.05,0.01, 0.00
0.07,0.05,0.01, 0.00
0.07,0.05,0.01, 0.00
0.07,0.05,0.01, 0.00
0.05,0.05,0.00, 0.00
0.02,0.05,0.00, 0.00
0.07,0.05,2.46, 0.50
0.07,0.05,0.04, 0.00
0.02,0.05,0.00, 0.00
0.05,0.05,1.48, 0.00
0.07,0.05,1.01, 0.00
0.05,0.05,0.00, 0.00
0.05,0.05,0.00, 0.00
0.05,0.05,0.00, 0.00
0.05,0.05,0.00, 0.50
0.05,0.05,0.00, 0.00
0.05,0.05,0.00, 0.00
0.02,0.05,0.00, 0.00
0.05,0.05,1.48, 0.00
0.07,0.05,1.01, 0.00
0.02,0.05,0.00, 0.00
0.02,0.05,0.00, 0.00
0.05,0.05,1.48, 0.00
0.05,0.05,0.02, 0.50
0.07,0.05,0.99, 0.00
0.07,0.05,0.99, 0.00
0.07,0.05,0.99, 0.00
0.00,0.30,0.00, 12.70
0.00,0.21,0.00, 0.00
0.00,0.44,0.00, 11.21
0.00,0.61,0.00, 8.51
0.00,0.76,0.00, 7.75
0.00,0.89,0.00, 6.75
0.00,1.10,0.00, 9.99
0.07,1.32,3.45, 11.25
0.07,1.32,3.45, 11.25
0.29,1.52,10.89, 10.00
0.63,1.72,16.91, 9.75
0.97,1.96,17.00, 12.24
1.35,2.18,18.97, 11.25
1.73,2.43,19.00, 12.25
2.11,2.70,19.00, 13.25
2.42,2.97,15.55, 13.75
2.65,3.26,11.56, 14.25
2.92,3.48,13.47, 11.26
2.92,3.48,13.47, 11.26
2.92,3.48,13.47, 11.26
2.92,3.48,13.47, 11.26
3.23,3.74,15.47, 12.74
3.41,3.97,9.10, 11.75
3.41,4.21,0.13, 12.00
3.39,4.57,0.00, 18.23
3.39,4.72,0.00, 7.29
3.39,4.88,0.00, 7.75
3.39,4.88,0.00, 7.75
3.39,5.03,0.00, 7.75
3.39,5.13,0.00, 5.01
3.39,5.22,0.00, 4.50
3.39,5.33,0.00, 5.50
3.39,5.40,0.00, 3.51
3.39,5.44,0.00, 2.01
3.39,5.47,0.00, 1.50
3.39,5.45,0.00, 0.00
3.39,5.40,0.00, 0.00
3.39,5.34,0.00, 0.00
3.39,5.22,0.00, 0.00
3.39,5.10,0.00, 0.00
3.39,4.97,0.00, 0.00
3.39,4.88,0.00, 0.00
3.39,4.80,0.00, 0.00
3.39,4.80,0.00, 0.00
3.37,4.78,0.00, 0.00
3.39,4.74,0.99, 0.00
3.39,4.73,0.01, 0.00
3.39,4.68,0.00, 0.00
3.39,4.62,0.00, 0.00
3.39,4.53,0.00, 0.00
3.39,4.41,0.00, 0.00
3.39,4.28,0.00, 0.00
3.39,4.19,0.00, 0.00
3.39,4.07,0.00, 0.00
3.39,4.00,0.00, 0.00
3.39,3.94,0.00, 0.00
3.39,3.93,0.00, 0.00
3.39,3.93,0.00, 0.00
3.39,3.92,0.00, 0.00
3.39,3.88,0.00, 0.00
3.39,3.85,0.00, 0.00
3.39,3.85,0.00, 0.00
3.39,3.81,0.00, 0.00
3.39,3.81,0.00, 0.00
3.39,3.81,0.00, 0.00
3.39,3.81,0.00, 0.00
3.39,3.81,0.00, 0.00
3.39,3.72,0.00, 0.00
3.39,3.66,0.00, 0.00
3.39,3.62,0.00, 0.00
3.39,3.57,0.00, 0.00
3.39,3.55,0.00, 0.00
3.39,3.55,0.00, 0.00
3.39,3.54,0.00, 0.00
3.39,3.51,0.00, 0.00
3.39,3.49,0.00, 0.00
3.39,3.45,0.00, 0.00
3.39,3.45,0.00, 0.00
3.39,3.45,0.00, 0.00
3.39,3.45,0.00, 0.00
3.39,3.45,0.00, 0.00
3.39,3.45,0.00, 0.00
3.39,3.45,0.00, 0.00
3.39,3.43,0.00, 0.00
3.39,3.47,0.00, 1.49
3.39,3.50,0.00, 1.75
3.39,3.62,0.00, 5.98
3.39,3.59,0.00, 0.00
3.39,3.55,0.00, 0.00
3.39,3.57,0.00, 0.50
3.39,3.62,0.00, 2.74
3.39,3.65,0.00, 1.75
3.39,3.70,0.00, 2.50
3.39,3.70,0.00, 2.50
3.39,3.74,0.00, 1.50
3.39,3.78,0.00, 2.00
3.39,3.80,0.00, 1.00
3.39,3.78,0.00, 0.00
3.37,3.78,0.00, 0.00
3.39,3.76,0.99, 0.00
3.39,3.74,0.01, 0.00
3.39,3.72,0.00, 0.00
3.39,3.72,0.00, 0.00
3.39,3.68,0.00, 0.00
3.39,3.67,0.00, 0.00
3.39,3.67,0.00, 0.00
3.39,3.62,0.00, 0.00
3.39,3.52,0.00, 0.00
3.39,3.41,0.00, 0.00
3.39,3.41,0.00, 0.00
3.39,3.30,0.00, 0.00
3.39,3.30,0.00, 0.00
3.39,3.30,0.00, 0.00
3.39,3.17,0.00, 0.00
3.39,3.07,0.00, 0.00
0.00,2.85,0.00, 0.00
3.50,2.57,172.43, 0.00
3.45,2.51,0.07, 0.00
3.41,2.45,0.00, 0.00
3.41,2.36,0.00, 0.00
3.41,2.36,0.00, 0.00
3.41,2.36,0.00, 0.00
2.40,2.29,0.00, 0.00
2.40,2.29,0.00, 0.00
0.00,2.18,0.00, 0.00
0.92,1.95,45.32, 0.00
2.56,1.60,81.46, 0.00
0.00,1.41,0.00, 0.00
0.00,1.19,0.00, 0.00
2.20,0.97,108.38, 0.00
1.06,0.84,0.00, 0.00
1.06,0.84,0.00, 0.00
1.06,0.84,0.00, 0.00
0.00,0.70,0.00, 0.00
0.88,0.54,43.35, 0.00
1.30,0.41,21.33, 0.00
1.30,0.41,21.33, 0.00
1.30,0.41,21.33, 0.00
0.58,0.08,0.00, 0.00
0.36,0.06,0.00, 0.00
0.00,0.05,0.00, 0.00
0.00,0.05,0.00, 0.50
0.29,0.05,14.29, 0.00
0.14,0.05,0.00, 0.00
0.14,0.05,0.00, 0.00
0.00,0.05,0.00, 0.00
0.00,0.05,0.00, 0.50
0.20,0.05,9.85, 0.00
0.05,0.05,0.00, 0.50
0.00,0.05,0.00, 0.00
0.11,0.05,5.42, 0.50
0.07,0.05,0.00, 0.00
0.00,0.05,0.00, 0.50
0.00,0.05,0.00, 0.50
0.07,0.06,3.45, 0.25
0.09,0.05,1.04, 0.00
0.02,0.05,0.00, 0.50
0.05,0.06,1.48, 0.25
0.05,0.06,1.48, 0.25
0.11,0.06,2.98, 0.00
0.02,0.06,0.00, 0.00
0.05,0.05,1.48, 0.00
0.05,0.05,0.02, 0.50
0.02,0.05,0.00, 0.00
0.05,0.05,1.48, 0.00
0.05,0.05,0.02, 0.00
0.05,0.05,0.00, 0.50
0.07,0.04,0.99, 0.00
0.05,0.05,0.00, 1.00
0.02,0.05,0.00, 0.00
0.07,0.05,2.46, 0.00
0.05,0.05,0.00, 0.50
0.05,0.05,0.00, 0.00
0.00,0.07,0.00, 0.75
0.00,0.09,0.00, 1.00
0.00,0.09,0.00, 1.00
0.00,0.09,0.00, 1.00
0.00,0.09,0.00, 1.00
0.00,0.11,0.00, 0.75
0.00,0.09,0.00, 0.00
0.00,0.10,0.00, 0.50
0.00,0.12,0.00, 1.00
0.00,0.14,0.00, 0.75
0.00,0.65,0.00, 25.91
0.00,0.53,0.00, 0.00
0.00,0.90,0.00, 18.43
0.00,1.16,0.00, 12.77
0.09,1.43,4.43, 13.75
0.23,1.66,6.96, 11.26
0.76,1.90,26.21, 12.00
1.10,2.18,17.14, 14.24
1.32,2.51,11.09, 15.99
1.84,2.80,25.78, 14.75
2.18,3.10,17.13, 15.00
2.51,3.41,16.51, 15.75
2.94,3.74,21.43, 16.50
3.30,4.07,18.05, 16.00
3.41,4.40,5.68, 16.75
3.39,4.68,0.00, 14.26
3.39,4.94,0.00, 12.76
3.39,5.11,0.00, 8.76
3.39,5.35,0.00, 11.74
3.39,5.52,0.00, 8.51
3.39,5.65,0.00, 6.51
3.39,5.65,0.00, 6.51
3.39,5.65,0.00, 6.51
3.39,5.76,0.00, 5.50
3.39,5.76,0.00, 5.50
3.39,5.76,0.00, 5.50
3.39,5.76,0.00, 5.50
3.39,5.76,0.00, 5.50
3.39,5.76,0.00, 5.50
3.39,5.76,0.00, 5.50
3.39,5.76,0.00, 5.50
3.39,5.76,0.00, 5.50
3.39,5.88,0.00, 6.00
3.39,5.91,0.00, 1.77
3.39,5.86,0.00, 0.00
3.39,4.76,0.00, 0.00
3.39,4.76,0.00, 0.00
3.39,4.76,0.00, 0.00
3.39,4.76,0.00, 0.00
3.39,4.76,0.00, 0.00
3.39,4.76,0.00, 0.00
3.39,4.81,0.00, 2.49
3.39,4.86,0.00, 2.75
3.39,4.86,0.00, 2.75
3.39,4.91,0.00, 2.50
3.39,4.68,0.00, 0.00
3.39,4.60,0.00, 0.00
3.39,4.60,0.00, 0.00
3.39,4.59,0.00, 0.00
3.39,4.55,0.00, 0.00
3.39,4.53,0.00, 0.00
3.39,4.53,0.00, 0.00
3.39,4.53,0.00, 0.00
3.39,4.49,0.00, 0.00
3.39,4.49,0.00, 0.00
3.39,4.49,0.00, 0.00
3.39,4.49,0.00, 0.00
3.39,4.49,0.00, 0.00
3.39,4.49,0.00, 0.00
3.39,4.49,0.00, 0.00
3.39,4.43,0.00, 0.00
3.39,4.43,0.00, 0.00
3.39,4.43,0.00, 0.00
3.39,4.43,0.00, 0.00
3.39,4.43,0.00, 0.00
3.39,4.35,0.00, 0.00
3.39,4.20,0.00, 0.00
3.39,3.87,0.00, 0.00
3.39,3.87,0.00, 0.00
3.39,3.85,0.00, 0.00
3.39,3.89,0.00, 1.99
3.39,3.96,0.00, 3.25
3.39,3.95,0.00, 0.00
3.39,3.95,0.00, 0.00
3.39,3.99,0.00, 2.24
3.39,4.03,0.00, 2.25
3.39,4.07,0.00, 1.50
3.39,4.07,0.00, 0.50
3.39,4.07,0.00, 0.00
3.39,4.11,0.00, 1.74
3.39,4.12,0.00, 0.75
3.39,4.10,0.00, 0.00
3.39,4.09,0.00, 0.00
3.39,4.03,0.00, 0.00
3.39,4.01,0.00, 0.00
3.39,3.97,0.00, 0.00
3.39,3.89,0.00, 0.00
3.39,3.82,0.00, 0.00
3.39,3.76,0.00, 0.00
3.39,3.69,0.00, 0.00
3.39,3.66,0.00, 0.00
3.39,3.66,0.00, 0.00
3.39,3.63,0.00, 0.00
3.39,3.59,0.00, 0.00
3.39,3.55,0.00, 0.00
3.39,3.48,0.00, 0.00
3.39,3.32,0.00, 0.00
3.39,3.14,0.00, 0.00
3.39,3.14,0.00, 0.00
3.39,2.92,0.00, 0.00
3.39,2.92,0.00, 0.00
3.39,2.66,0.00, 0.00
3.39,2.41,0.00, 0.00
0.00,2.26,0.00, 0.00
0.00,1.83,0.00, 0.00
3.50,1.53,172.43, 0.00
3.50,1.55,2.54, 0.50
2.76,1.54,0.00, 0.00
3.39,1.49,31.04, 0.00
3.39,1.49,31.04, 0.00
0.00,1.41,0.00, 0.00
0.00,1.26,0.00, 0.00
0.18,1.09,8.87, 0.00
2.87,1.00,132.65, 0.00
1.73,0.94,0.00, 0.00
0.00,0.81,0.00, 0.00
0.00,0.62,0.00, 0.00
1.01,0.49,49.76, 0.00
0.85,0.38,0.00, 0.00
0.85,0.38,0.00, 0.00
0.00,0.25,0.00, 0.00
0.00,0.16,0.00, 0.00
0.97,0.09,47.79, 0.00
0.36,0.06,0.00, 0.00
0.00,0.06,0.00, 0.00
0.29,0.06,14.29, 0.00
0.41,0.06,6.12, 0.00
0.00,0.05,0.00, 0.00
0.00,0.05,0.00, 0.00
0.00,0.05,0.00, 0.50
0.18,0.04,8.87, 0.00
0.14,0.05,0.00, 0.50
0.00,0.05,0.00, 0.00
0.00,0.05,0.00, 0.50
0.00,0.05,0.00, 0.50
0.00,0.05,0.00, 0.50
0.11,0.06,5.42, 0.25
0.09,0.05,0.00, 0.00
0.00,0.04,0.00, 0.00
0.00,0.05,0.00, 0.50
0.09,0.05,4.43, 0.50
0.09,0.05,0.07, 0.00
0.00,0.05,0.00, 0.00
0.02,0.05,0.99, 0.50
0.09,0.04,3.46, 0.00
0.09,0.06,0.05, 1.49
0.00,0.07,0.00, 0.25
0.00,0.09,0.00, 1.00
0.00,0.09,0.00, 0.25
0.00,0.09,0.00, 0.25
0.00,0.09,0.00, 0.00
0.00,0.09,0.00, 0.00
0.00,0.06,0.00, 0.00
0.07,0.05,3.45, 0.00
0.05,0.05,0.00, 0.00
0.05,0.05,0.00, 0.00
0.05,0.05,0.00, 0.00
0.05,0.05,0.00, 0.00
0.07,0.05,0.99, 0.00
0.07,0.05,0.99, 0.00
0.07,0.05,0.99, 0.00
0.05,0.05,0.00, 0.50
0.05,0.08,0.00, 1.25
0.00,0.14,0.00, 2.99
0.00,0.13,0.00, 0.00
0.00,0.17,0.00, 1.74
0.00,0.37,0.00, 9.97
0.00,0.67,0.00, 15.23
0.14,0.83,6.90, 8.03
0.14,0.95,0.10, 6.26
0.02,1.15,0.00, 9.99
0.41,1.36,19.21, 10.25
0.41,1.36,19.21, 10.25
0.41,1.36,19.21, 10.25
0.41,1.36,19.21, 10.25
0.85,1.63,21.96, 13.74
1.32,1.96,23.48, 16.49
1.75,2.28,21.53, 15.50
2.76,2.99,50.07, 35.92
3.14,3.33,19.46, 16.82
3.41,3.61,13.59, 13.76
3.41,3.95,0.20, 16.99
3.39,4.26,0.00, 15.51
3.39,4.51,0.00, 12.51
3.39,4.68,0.00, 8.51
3.39,4.78,0.00, 5.01
3.39,4.84,0.00, 3.01
3.39,4.84,0.00, 3.01
3.39,4.84,0.00, 3.01
3.39,4.84,0.00, 3.01
3.39,4.84,0.00, 3.01
3.39,4.86,0.00, 1.26
3.39,4.86,0.00, 1.26
3.39,4.86,0.00, 0.00
3.39,4.82,0.00, 0.00
3.39,4.90,0.00, 4.23
3.39,4.98,0.00, 3.50
3.39,4.97,0.00, 0.00
3.39,5.00,0.00, 1.49
3.39,5.00,0.00, 1.49
3.39,5.04,0.00, 2.00
3.39,4.98,0.00, 0.00
3.39,4.87,0.00, 0.00
3.39,4.76,0.00, 0.00
3.39,4.65,0.00, 0.00
3.39,4.58,0.00, 0.00
3.39,4.55,0.00, 0.00
3.39,4.55,0.00, 0.00
3.39,4.55,0.00, 0.00
3.39,4.55,0.00, 0.00
3.39,4.56,0.00, 0.50
3.39,4.55,0.00, 0.00
3.39,4.53,0.00, 0.00
3.39,4.36,0.00, 0.00
3.39,4.31,0.00, 0.00
3.39,4.22,0.00, 0.00
3.39,4.11,0.00, 0.00
3.39,4.02,0.00, 0.00
3.39,3.95,0.00, 0.00
3.39,3.91,0.00, 0.00
3.39,3.91,0.00, 0.00
3.39,3.88,0.00, 0.00
3.39,3.88,0.00, 0.00
3.39,3.92,0.00, 1.74
3.39,3.98,0.00, 3.00
3.39,4.00,0.00, 1.01
3.39,4.03,0.00, 1.50
3.39,4.07,0.00, 2.00
3.39,4.12,0.00, 2.50
3.39,4.16,0.00, 2.00
3.39,4.20,0.00, 2.25
3.39,4.20,0.00, 2.25
3.39,4.20,0.00, 2.25
3.39,4.23,0.00, 1.25
3.39,4.22,0.00, 0.00
3.39,4.24,0.00, 1.00
3.39,4.24,0.00, 0.00
3.39,4.21,0.00, 0.00
3.39,4.14,0.00, 0.00
3.39,4.11,0.00, 0.00
3.39,4.14,0.00, 1.49
3.39,4.12,0.00, 0.00
3.39,4.10,0.00, 0.00
3.39,4.07,0.00, 0.00
3.39,4.02,0.00, 0.00
3.39,3.95,0.00, 0.00
3.39,3.86,0.00, 0.00
3.39,3.74,0.00, 0.00
3.39,3.74,0.00, 0.00
3.39,3.63,0.00, 0.00
3.39,3.50,0.00, 0.00
3.39,3.36,0.00, 0.00
3.39,3.25,0.00, 0.00
3.39,3.15,0.00, 0.00
3.39,3.08,0.00, 0.00
3.39,3.08,0.00, 0.00
3.39,3.05,0.00, 0.00
3.39,2.99,0.00, 0.00
3.39,2.95,0.00, 0.00
3.39,2.88,0.00, 0.00
3.39,2.80,0.00, 0.00
3.39,2.72,0.00, 0.00
3.39,2.60,0.00, 0.00
3.39,2.49,0.00, 0.00
3.39,2.37,0.00, 0.00
3.39,2.37,0.00, 0.00
3.39,2.37,0.00, 0.00
3.39,2.24,0.00, 0.00
3.39,2.16,0.00, 0.00
3.39,2.09,0.00, 0.00
3.39,2.03,0.00, 0.00
1.08,1.94,0.00, 0.00
0.00,1.74,0.00, 0.00
2.33,1.60,114.79, 0.00
3.50,1.59,59.33, 0.00
3.01,1.58,0.00, 0.00
1.46,1.51,0.00, 0.00
0.00,1.39,0.00, 0.00
0.49,1.20,24.14, 0.00
0.97,1.12,24.00, 0.00
0.97,1.12,24.00, 0.00
0.36,1.04,0.00, 0.00
0.36,1.04,0.00, 0.00
0.00,0.92,0.00, 0.00
0.00,0.80,0.00, 0.00
0.32,0.68,15.76, 0.00
0.07,0.56,0.00, 0.00
0.00,0.44,0.00, 0.00
0.07,0.32,3.45, 0.00
0.25,0.24,8.92, 0.00
0.00,0.14,0.00, 0.00
0.18,0.07,8.87, 0.00
0.09,0.06,0.00, 0.00
0.09,0.06,0.00, 0.00
0.07,0.06,0.00, 0.00
0.07,0.06,0.00, 0.00
0.07,0.06,0.00, 0.00
0.02,0.06,0.00, 0.00
0.02,0.05,0.00, 0.00
0.09,0.05,3.45, 0.00
0.00,0.05,0.00, 0.50
0.00,0.05,0.00, 0.00
0.07,0.05,3.45, 0.00
0.05,0.05,0.00, 0.00
0.02,0.05,0.00, 0.50
0.05,0.05,1.48, 0.00
0.05,0.05,1.48, 0.00
0.05,0.05,1.48, 0.00
0.07,0.05,1.01, 0.00
0.02,0.05,0.00, 0.00
0.00,0.05,0.00, 0.00
0.05,0.05,2.46, 0.00
0.05,0.05,0.04, 0.00
0.02,0.05,0.00, 0.00
0.02,0.05,0.00, 0.00
0.07,0.05,2.46, 0.50
0.05,0.05,0.00, 0.00
0.05,0.05,0.00, 0.00
0.05,0.05,0.00, 0.00
0.02,0.05,0.00, 0.00
0.07,0.05,2.46, 0.00
0.07,0.05,2.46, 0.00
0.07,0.05,0.04, 0.50
0.07,0.05,0.00, 0.00
0.07,0.05,0.00, 0.50
0.05,0.05,0.00, 0.00
0.05,0.05,0.00, 0.00
0.05,0.05,0.00, 0.00
0.05,0.05,0.00, 0.00
0.05,0.05,0.00, 0.00
0.05,0.05,0.00, 0.00
0.02,0.05,0.00, 0.50
0.02,0.05,0.00, 0.50
0.07,0.05,2.46, 0.00
0.05,0.05,0.00, 0.00
0.05,0.05,0.00, 0.00
0.05,0.05,0.00, 0.50
0.05,0.05,0.00, 0.50
0.05,0.05,0.00, 0.00
0.05,0.05,0.00, 0.00
0.05,0.05,0.00, 0.00
0.05,0.05,0.00, 0.00
0.05,0.05,0.00, 0.00
0.05,0.05,0.00, 0.00
0.05,0.05,0.00, 0.00
0.05,0.05,0.00, 0.00
0.05,0.05,0.00, 0.00
0.05,0.06,0.00, 0.50
0.00,0.07,0.00, 0.25
0.00,0.11,0.00, 2.24
0.27,1.18,13.30, 53.06
0.38,1.44,5.61, 13.40
0.90,1.74,25.70, 14.75
1.53,2.07,31.41, 16.24
1.97,2.40,22.14, 17.00
2.11,2.78,7.22, 18.49
2.51,3.10,19.81, 16.26
2.51,3.10,19.81, 16.26
2.51,3.10,19.81, 16.26
3.07,3.43,27.88, 16.75
3.39,3.76,16.17, 16.50
3.39,4.07,0.24, 15.01
3.39,4.32,0.00, 12.76
3.39,4.51,0.00, 9.76
3.39,4.68,0.00, 8.01
3.39,4.77,0.00, 4.76
3.39,4.84,0.00, 3.26
3.39,4.84,0.00, 3.26
3.39,4.82,0.00, 0.00
3.39,4.82,0.00, 0.00
3.39,4.77,0.00, 0.00
3.39,4.74,0.00, 0.00
3.39,4.68,0.00, 0.00
3.39,4.60,0.00, 0.00
3.39,4.49,0.00, 0.00
3.39,4.36,0.00, 0.00
3.39,4.23,0.00, 0.00
3.39,4.09,0.00, 0.00
3.39,3.96,0.00, 0.00
3.39,3.91,0.00, 0.00
3.39,3.90,0.00, 0.00
3.39,3.90,0.00, 0.00
3.39,3.97,0.00, 3.49
3.39,4.03,0.00, 3.00
3.39,4.10,0.00, 3.00
3.39,4.11,0.00, 1.01
3.39,4.18,0.00, 2.99
3.39,4.22,0.00, 2.50
3.39,4.22,0.00, 2.50
3.39,4.31,0.00, 3.99
3.39,4.35,0.00, 2.01
3.39,4.35,0.00, 2.01
3.39,4.35,0.00, 2.01
3.39,4.37,0.00, 1.25
3.39,4.37,0.00, 1.25
3.39,4.37,0.00, 1.25
3.39,4.40,0.00, 1.50
3.39,4.44,0.00, 2.00
3.39,4.43,0.00, 0.00
3.39,4.42,0.00, 0.00
3.39,4.43,0.00, 0.50
3.39,4.42,0.00, 0.00
3.39,4.42,0.00, 0.00
3.39,4.40,0.00, 0.00
3.39,4.40,0.00, 0.00
3.39,4.30,0.00, 0.00
3.39,4.24,0.00, 0.00
3.39,4.17,0.00, 0.00
3.39,4.11,0.00, 0.00
3.39,4.05,0.00, 0.00
3.39,3.95,0.00, 0.00
3.39,3.86,0.00, 0.00
3.39,3.74,0.00, 0.00
3.39,3.74,0.00, 0.00
3.39,3.64,0.00, 0.00
3.39,3.64,0.00, 0.00
3.39,3.57,0.00, 0.00
3.39,3.57,0.00, 0.00
3.39,3.46,0.00, 0.00
3.39,3.40,0.00, 0.00
3.39,3.33,0.00, 0.00
3.39,3.27,0.00, 0.00
3.39,3.25,0.00, 0.00
3.39,3.24,0.00, 0.00
3.39,3.23,0.00, 0.00
3.39,3.18,0.00, 0.00
3.39,3.07,0.00, 0.00
3.39,3.00,0.00, 0.00
3.39,3.01,0.00, 0.75
3.39,3.01,0.00, 0.75
3.39,3.07,0.00, 2.74
3.39,3.11,0.00, 2.00
3.39,3.12,0.00, 0.51
3.39,3.13,0.00, 0.50
3.39,3.13,0.00, 0.25
3.39,3.11,0.00, 0.00
3.39,3.11,0.00, 0.00
3.39,3.05,0.00, 0.00
3.39,2.99,0.00, 0.00
3.39,2.95,0.00, 0.00
3.39,2.95,0.00, 0.50
3.39,2.95,0.00, 0.00
3.39,2.92,0.00, 0.00
3.39,2.88,0.00, 0.00
3.39,2.85,0.00, 0.00
2.49,2.75,0.00, 0.00
0.00,2.58,0.00, 0.00
0.00,2.58,0.00, 0.00
0.00,2.58,0.00, 0.00
2.96,2.29,145.82, 0.00
3.50,2.12,28.75, 0.00
3.23,2.03,0.00, 0.00
2.85,1.88,0.00, 0.00
0.00,1.67,0.00, 0.00
1.15,1.41,56.65, 0.00
1.95,1.22,40.24, 0.00
0.00,1.08,0.00, 0.00
0.05,0.92,2.46, 0.00
0.38,0.73,16.29, 0.00
0.38,0.73,16.29, 0.00
0.97,0.55,29.31, 0.00
0.00,0.41,0.00, 0.00
0.25,0.27,12.32, 0.00
1.01,0.15,37.62, 0.00
0.00,0.06,0.00, 0.00
0.00,0.06,0.00, 0.00
0.00,0.06,0.00, 0.00
0.00,0.06,0.00, 0.00
0.00,0.06,0.00, 0.00
0.00,0.06,0.00, 0.00
0.00,0.06,0.00, 0.00
0.00,0.06,0.00, 0.00
0.00,0.06,0.00, 0.00
0.00,0.06,0.00, 0.00
0.00,0.06,0.00, 0.00
0.00,0.06,0.00, 0.00
0.00,0.06,0.00, 0.00
0.00,0.06,0.00, 0.00
0.32,0.05,15.76, 0.00
0.14,0.05,0.00, 0.00
0.00,0.05,0.00, 0.00
0.07,0.05,3.45, 0.00
0.02,0.05,0.00, 0.50
0.00,0.05,0.00, 0.00
0.09,0.05,4.43, 0.00
0.07,0.05,0.00, 0.00
0.02,0.05,0.00, 0.50
0.07,0.05,2.46, 0.00
0.09,0.05,1.02, 0.00
0.02,0.05,0.00, 0.00
0.05,0.05,1.48, 0.00
0.05,0.05,1.48, 0.00
0.07,0.05,1.01, 0.00
0.02,0.05,0.00, 0.00
0.02,0.05,0.00, 0.00
0.05,0.05,1.48, 0.50
0.05,0.05,0.02, 0.00
0.05,0.05,0.00, 0.50
0.05,0.05,0.00, 0.00
0.02,0.05,0.00, 0.00
0.02,0.05,0.00, 0.00
0.07,0.05,2.46, 0.00
0.05,0.05,0.00, 0.50
0.05,0.05,0.00, 0.50
0.05,0.05,0.00, 0.00
0.02,0.05,0.00, 0.00
0.07,0.05,2.46, 0.50
0.07,0.05,2.46, 0.50
0.07,0.05,2.46, 0.50
0.07,0.05,2.46, 0.50
0.07,0.05,2.46, 0.50
0.07,0.04,0.04, 0.00
0.00,0.29,0.00, 12.95
0.00,0.17,0.00, 0.00
0.00,1.03,0.00, 42.84
0.09,1.27,4.43, 12.36
0.02,1.51,0.00, 12.00
0.02,1.51,0.00, 12.00
0.02,1.51,0.00, 12.00
0.02,1.51,0.00, 12.00
0.02,1.51,0.00, 12.00
0.02,1.51,0.00, 12.00
0.20,1.80,8.87, 14.49
0.20,1.80,8.87, 14.49
0.20,1.80,8.87, 14.49
0.90,2.12,34.62, 15.75
1.26,2.37,18.24, 12.76
3.28,3.74,99.78, 68.30
3.43,4.02,8.86, 14.20
3.43,4.02,8.86, 14.20
3.43,4.02,8.86, 14.20
3.43,4.02,8.86, 14.20
3.43,4.02,8.86, 14.20
3.43,4.02,8.86, 14.20
3.39,4.28,0.00, 13.00
3.39,4.43,0.00, 7.77
3.39,4.55,0.00, 6.01
3.39,4.86,0.00, 15.22
3.39,4.87,0.00, 0.55
3.39,4.95,0.00, 3.99
3.39,4.99,0.00, 2.01
3.39,4.95,0.00, 0.00
3.39,4.92,0.00, 0.00
3.39,4.93,0.00, 0.50
3.39,4.93,0.00, 0.50
3.39,4.93,0.00, 0.50
3.39,4.93,0.00, 0.50
3.39,4.93,0.00, 0.50
3.39,4.93,0.00, 0.50
3.39,4.93,0.00, 0.50
3.39,4.93,0.00, 0.50
3.39,4.93,0.00, 0.50
3.39,4.81,0.00, 0.00
3.39,4.72,0.00, 0.00
3.39,4.68,0.00, 0.00
3.39,4.65,0.00, 0.00
3.39,4.64,0.00, 0.00
3.39,4.63,0.00, 0.00
3.39,4.63,0.00, 0.00
3.39,4.62,0.00, 0.00
3.39,4.68,0.00, 2.74
3.39,4.68,0.00, 2.74
3.39,4.68,0.00, 2.74
3.39,4.68,0.00, 2.74
3.39,4.71,0.00, 1.75
3.39,4.74,0.00, 1.25
3.39,4.74,0.00, 0.25
3.39,4.71,0.00, 0.00
3.39,4.67,0.00, 0.00
3.39,4.66,0.00, 0.00
3.39,4.67,0.00, 0.50
3.39,4.70,0.00, 1.75
3.39,4.76,0.00, 2.75
3.39,4.86,0.00, 5.24
3.39,4.97,0.00, 5.25
3.39,5.10,0.00, 6.25
3.39,5.10,0.00, 6.25
3.39,5.10,0.00, 6.25
3.39,5.10,0.00, 6.25
3.39,5.10,0.00, 6.25
3.39,5.20,0.00, 5.25
3.39,5.20,0.00, 5.25
3.39,5.20,0.00, 5.25
3.39,5.20,0.00, 5.25
3.39,5.20,0.00, 5.25
3.39,5.28,0.00, 4.25
3.39,5.35,0.00, 3.00
3.39,5.31,0.00, 0.00
3.39,5.30,0.00, 0.00
3.39,5.21,0.00, 0.00
3.39,5.21,0.00, 0.00
3.39,5.21,0.00, 0.00
3.39,5.12,0.00, 0.00
3.39,5.02,0.00, 0.00
3.39,4.91,0.00, 0.00
3.39,4.72,0.00, 0.00
3.39,4.65,0.00, 0.00
3.39,4.59,0.00, 0.00
3.39,4.56,0.00, 0.00
3.39,4.52,0.00, 0.00
3.39,4.43,0.00, 0.00
3.39,4.35,0.00, 0.00
3.39,4.35,0.00, 0.00
3.39,4.25,0.00, 0.00
3.39,4.25,0.00, 0.00
3.39,4.25,0.00, 0.00
3.39,4.14,0.00, 0.00
3.39,4.03,0.00, 0.00
3.39,3.99,0.00, 0.00
3.39,3.93,0.00, 0.00
3.39,3.88,0.00, 0.00
3.39,3.84,0.00, 0.00
3.39,3.80,0.00, 0.00
3.39,3.78,0.00, 0.00
3.39,3.72,0.00, 0.00
3.39,3.64,0.00, 0.00
3.39,3.58,0.00, 0.00
3.39,3.53,0.00, 0.00
3.37,3.46,0.00, 0.00
3.37,3.46,0.00, 0.00
3.39,3.45,0.99, 0.00
3.39,3.43,0.01, 0.00
3.39,3.43,0.00, 0.00
3.39,3.39,0.00, 0.00
3.39,3.36,0.00, 0.00
3.39,3.28,0.00, 0.00
3.39,3.19,0.00, 0.00
3.39,3.08,0.00, 0.00
3.39,3.08,0.00, 0.00
3.39,2.99,0.00, 0.00
3.39,2.89,0.00, 0.00
3.39,2.81,0.00, 0.00
3.39,2.81,0.00, 0.00
3.39,2.69,0.00, 0.00
3.39,2.61,0.00, 0.00
3.39,2.61,0.00, 0.00
3.39,2.61,0.00, 0.00
3.39,2.61,0.00, 0.00
3.39,2.61,0.00, 0.00
3.39,2.61,0.00, 0.00
3.39,2.61,0.00, 0.00
3.39,2.61,0.00, 0.00
3.39,2.61,0.00, 0.00
3.39,2.61,0.00, 0.00
3.39,2.61,0.00, 0.00
3.39,2.61,0.00, 0.00
3.39,2.61,0.00, 0.00
3.39,2.50,0.00, 0.00
3.39,2.50,0.00, 0.00
3.39,2.50,0.00, 0.00
3.39,2.37,0.00, 0.00
3.39,2.22,0.00, 0.00
0.29,1.01,0.00, 0.00
0.00,0.95,0.00, 0.00
0.00,0.87,0.00, 0.00
0.00,0.75,0.00, 0.00
0.00,0.64,0.00, 0.00
0.00,0.56,0.00, 0.00
0.00,0.48,0.00, 0.00
0.00,0.43,0.00, 0.00
0.00,0.43,0.00, 0.00
0.00,0.43,0.00, 0.00
0.00,0.43,0.00, 0.00
0.00,0.43,0.00, 0.00
0.00,0.43,0.00, 0.00
0.00,0.43,0.00, 0.00
0.00,0.43,0.00, 0.00
0.00,0.43,0.00, 0.00
0.00,0.40,0.00, 0.00
0.00,0.41,0.00, 0.50
0.00,0.43,0.00, 0.75
0.97,1.37,47.79, 46.83
1.21,1.57,12.53, 10.38
1.41,1.74,10.04, 8.26
1.46,1.84,2.61, 5.26
1.46,1.84,2.61, 5.26
1.46,1.84,2.61, 5.26
1.53,1.90,3.49, 3.01
1.53,1.90,3.49, 3.01
1.62,1.96,4.49, 3.00
1.66,1.95,2.04, 0.00
1.37,1.98,0.00, 1.25
1.26,1.98,0.00, 0.00
1.77,1.97,25.12, 0.00
1.95,1.99,9.24, 1.25
1.77,1.99,0.00, 0.00
1.77,1.99,0.00, 0.00
1.77,1.99,0.00, 0.00
1.77,1.99,0.00, 0.00
1.93,1.97,7.88, 0.00
1.93,1.93,0.12, 0.00
1.75,1.88,0.00, 0.00
1.75,1.88,0.00, 0.00
1.71,1.83,0.00, 0.00
1.71,1.83,0.00, 0.00
1.71,1.83,0.00, 0.00
1.71,1.83,0.00, 0.00
1.71,1.83,0.00, 0.00
1.71,1.83,0.00, 0.00
1.71,1.83,0.00, 0.00
1.64,1.73,0.00, 0.00
1.64,1.73,0.00, 0.00
1.64,1.73,0.00, 0.00
1.44,1.57,0.00, 0.00
1.37,1.45,0.00, 0.00
0.79,0.85,0.00, 0.00
0.58,0.71,0.00, 0.00
0.52,0.62,0.00, 0.00
0.47,0.57,0.00, 0.00
0.36,0.50,0.00, 0.00
0.27,0.47,0.00, 0.00
0.16,0.41,0.00, 0.00
0.07,0