0.00,0.06,0.00, 2.99
0.00,0.06,0.00, 0.01
0.00,0.06,0.00, 0.00
0.00,0.06,0.00, 0.00
0.00,0.06,0.00, 0.00
0.00,0.06,0.00, 0.00
0.00,0.06,0.00, 0.00
0.00,0.06,0.00, 0.00
0.00,0.06,0.00, 0.00
0.00,0.05,0.00, 0.00
0.00,0.05,0.00, 0.50
0.00,0.05,0.00, 0.00
0.00,0.05,0.00, 0.00
0.00,0.05,0.00, 0.00
0.00,0.05,0.00, 0.00
0.00,0.06,0.00, 1.00
0.00,0.06,0.00, 0.00
0.00,0.05,0.00, 0.00
0.00,0.05,0.00, 0.50
0.00,0.05,0.00, 0.00
0.00,0.06,0.00, 0.75
0.00,0.05,0.00, 0.00
0.00,0.05,0.00, 0.50
0.00,0.06,0.00, 0.25
0.00,0.06,0.00, 0.00
0.00,0.06,0.00, 0.00
0.00,0.06,0.00, 0.00
0.00,0.06,0.00, 0.00
0.02,0.06,0.99, 0.00
0.00,0.06,0.00, 0.00
0.00,0.06,0.00, 0.00
0.00,0.07,0.00, 0.50
0.00,0.06,0.00, 0.00
0.00,0.07,0.00, 0.50
0.00,0.05,0.00, 0.00
0.00,0.05,0.00, 0.50
0.00,0.06,0.00, 0.25
0.00,0.06,0.00, 0.00
0.00,0.05,0.00, 0.00
0.00,0.06,0.00, 1.00
0.00,0.06,0.00, 0.00
0.00,0.07,0.00, 0.50
0.00,0.06,0.00, 0.00
0.00,0.06,0.00, 0.00
0.00,0.05,0.00, 0.00
0.00,0.05,0.00, 0.00
0.00,0.06,0.00, 0.75
0.00,0.06,0.00, 0.00
0.00,0.06,0.00, 0.00
0.00,0.06,0.00, 0.00
0.00,0.06,0.00, 0.00
0.00,0.06,0.00, 0.00
0.00,0.06,0.00, 0.00
0.00,0.06,0.00, 0.00
0.00,0.05,0.00, 0.00
0.00,0.06,0.00, 0.50
0.00,0.07,0.00, 0.25
0.00,0.05,0.00, 0.00
0.00,0.05,0.00, 0.00
0.00,0.05,0.00, 0.50
0.00,0.05,0.00, 0.00
0.00,0.05,0.00, 0.50
0.00,0.05,0.00, 0.00
0.00,0.05,0.00, 0.50
0.00,0.06,0.00, 0.25
0.00,0.06,0.00, 0.25
0.00,0.06,0.00, 0.00
0.00,0.05,0.00, 0.00
0.00,0.05,0.00, 0.50
0.00,0.06,0.00, 0.25
0.00,0.05,0.00, 0.00
0.00,0.05,0.00, 0.50
0.00,0.06,0.00, 0.25
0.00,0.06,0.00, 0.25
0.00,0.06,0.00, 0.25
0.00,0.06,0.00, 0.25
0.00,0.05,0.00, 0.00
0.00,0.05,0.00, 0.00
0.00,0.06,0.00, 1.00
0.00,0.06,0.00, 0.00
0.00,0.05,0.00, 0.00
0.00,0.05,0.00, 0.00
0.00,0.05,0.00, 0.50
0.00,0.05,0.00, 0.50
0.00,0.06,0.00, 0.25
0.00,0.05,0.00, 0.00
0.00,0.06,0.00, 0.75
0.00,0.06,0.00, 0.00
0.00,0.07,0.00, 0.50
0.00,0.05,0.00, 0.00
0.00,0.05,0.00, 0.50
0.00,0.06,0.00, 0.25
0.00,0.05,0.00, 0.00
0.00,0.05,0.00, 0.50
0.00,0.05,0.00, 0.50
0.00,0.05,0.00, 0.50
0.00,0.06,0.00, 0.25
0.00,0.06,0.00, 0.25
0.00,0.06,0.00, 0.00
0.00,0.07,0.00, 0.50
0.00,0.05,0.00, 0.00
0.00,0.05,0.00, 0.00
0.00,0.06,0.00, 0.25
0.00,0.06,0.00, 0.00
0.00,0.06,0.00, 0.00
0.00,0.05,0.00, 0.00
0.00,0.06,0.00, 0.25
0.00,0.06,0.00, 0.25
0.00,0.06,0.00, 0.00
0.00,0.07,0.00, 0.50
0.00,0.06,0.00, 0.00
0.00,0.05,0.00, 0.00
0.00,0.06,0.00, 0.25
0.00,0.05,0.00, 0.00
0.00,0.05,0.00, 0.50
0.00,0.05,0.00, 0.00
0.00,0.05,0.00, 0.00
0.00,0.06,0.00, 1.00
0.00,0.06,0.00, 0.00
0.00,0.05,0.00, 0.00
0.00,0.05,0.00, 0.00
0.00,0.05,0.00, 0.00
0.00,0.05,0.00, 0.00
0.00,0.06,0.00, 0.25
0.00,0.05,0.00, 0.00
0.00,0.05,0.00, 0.50
0.00,0.06,0.00, 0.25
0.00,0.05,0.00, 0.00
0.00,0.05,0.00, 0.50
0.00,0.05,0.00, 0.50
0.00,0.05,0.00, 0.50
0.00,0.05,0.00, 0.50
0.00,0.05,0.00, 0.50
0.00,0.06,0.00, 0.25
0.00,0.05,0.00, 0.00
0.00,0.05,0.00, 0.00
0.00,0.05,0.00, 0.00
0.00,0.06,0.00, 0.25
0.00,0.05,0.00, 0.00
0.00,0.05,0.00, 0.50
0.00,0.06,0.00, 0.25
0.00,0.06,0.00, 0.25
0.00,0.06,0.00, 0.00
0.00,0.06,0.00, 0.00
0.00,0.06,0.00, 0.00
0.00,0.06,0.00, 0.00
0.00,0.05,0.00, 0.00
0.00,0.05,0.00, 0.50
0.00,0.06,0.00, 0.25
0.00,0.05,0.00, 0.00
0.00,0.05,0.00, 0.50
0.00,0.06,0.00, 0.25
0.00,0.05,0.00, 0.00
0.00,0.05,0.00, 0.50
0.00,0.06,0.00, 0.25
0.00,0.06,0.00, 0.00
0.00,0.06,0.00, 0.00
0.00,0.07,0.00, 0.50
0.00,0.10,0.00, 1.50
0.00,0.28,0.00, 9.22
0.00,0.37,0.00, 4.27
0.00,0.44,0.00, 3.75
0.00,0.44,0.00, 3.75
0.00,0.44,0.00, 3.75
0.00,0.51,0.00, 3.50
0.00,0.51,0.00, 3.50
0.00,0.60,0.00, 4.25
0.00,0.68,0.00, 4.00
0.00,0.75,0.00, 3.75
0.00,0.82,0.00, 3.50
0.00,0.84,0.00, 0.76
0.00,0.86,0.00, 1.00
0.00,0.88,0.00, 1.00
0.00,0.88,0.00, 0.00
0.00,0.89,0.00, 0.50
0.00,0.89,0.00, 0.00
0.00,0.89,0.00, 0.00
0.00,0.88,0.00, 0.00
0.00,0.88,0.00, 0.00
0.00,0.88,0.00, 0.00
0.00,0.90,0.00, 1.00
0.00,0.90,0.00, 0.25
0.00,0.89,0.00, 0.00
0.00,0.91,0.00, 1.00
0.00,0.91,0.00, 1.00
0.00,0.91,0.00, 1.00
0.00,0.91,0.00, 1.00
0.00,0.92,0.00, 0.50
0.00,0.92,0.00, 0.50
0.00,0.92,0.00, 0.50
0.00,0.92,0.00, 0.50
0.00,0.92,0.00, 0.00
0.00,0.93,0.00, 0.50
0.00,0.93,0.00, 0.50
0.00,0.93,0.00, 0.50
0.00,0.93,0.00, 0.50
0.00,0.93,0.00, 0.50
0.00,0.93,0.00, 0.50
0.00,1.02,0.00, 4.24
0.00,1.02,0.00, 4.24
0.00,1.02,0.00, 0.02
0.00,1.02,0.00, 0.00
0.00,1.00,0.00, 0.00
0.00,1.00,0.00, 0.00
0.00,1.00,0.00, 0.00
0.00,0.99,0.00, 0.00
0.00,0.99,0.00, 0.00
0.00,0.99,0.00, 0.00
0.00,0.99,0.00, 0.00
0.00,0.99,0.00, 0.00
0.00,0.99,0.00, 0.00
0.00,0.98,0.00, 0.00
0.00,0.98,0.00, 0.00
0.00,0.98,0.00, 0.00
0.00,0.98,0.00, 0.00
0.00,0.98,0.00, 0.00
0.00,1.00,0.00, 1.00
0.00,0.99,0.00, 0.00
0.00,1.00,0.00, 0.50
0.00,1.05,0.00, 2.49
0.00,1.08,0.00, 1.50
0.00,1.09,0.00, 0.75
0.00,1.10,0.00, 0.50
0.00,1.10,0.00, 0.50
0.00,1.10,0.00, 0.50
0.00,1.15,0.00, 2.49
0.00,1.15,0.00, 2.49
0.00,1.14,0.00, 0.00
0.00,1.14,0.00, 0.00
0.00,1.16,0.00, 1.25
0.00,1.17,0.00, 0.50
0.00,1.18,0.00, 0.50
0.00,1.19,0.00, 0.50
0.00,1.21,0.00, 0.75
0.00,1.24,0.00, 1.25
0.00,1.26,0.00, 1.25
0.00,1.29,0.00, 1.50
0.00,1.35,0.00, 2.99
0.00,1.35,0.00, 2.99
0.00,1.35,0.00, 2.99
0.00,1.40,0.00, 2.50
0.00,1.48,0.00, 3.99
0.00,1.54,0.00, 3.00
0.00,1.54,0.00, 3.00
0.00,1.54,0.00, 3.00
0.00,1.73,0.00, 9.48
0.00,1.73,0.00, 9.48
0.00,1.84,0.00, 5.27
0.00,1.96,0.00, 6.00
0.00,2.24,0.00, 13.97
0.00,2.40,0.00, 8.27
0.00,2.57,0.00, 8.50
0.00,2.74,0.00, 8.75
0.00,2.99,0.00, 11.99
0.00,3.24,0.00, 12.75
0.00,3.47,0.00, 11.75
0.00,3.70,0.00, 11.25
0.00,3.70,0.00, 11.25
0.00,3.70,0.00, 11.25
0.00,3.70,0.00, 11.25
0.00,3.89,0.00, 9.51
0.00,3.89,0.00, 9.51
0.00,3.89,0.00, 9.51
0.09,4.07,4.43, 9.25
0.29,4.19,9.92, 6.01
0.99,4.80,34.63, 30.41
0.99,4.80,34.63, 30.41
1.19,5.08,10.36, 13.81
1.30,5.14,5.57, 3.29
1.30,5.14,5.57, 3.29
1.30,5.14,5.57, 3.29
1.30,5.14,5.57, 3.29
1.30,5.14,5.57, 3.29
1.30,5.14,5.57, 3.29
1.30,5.14,5.57, 3.29
1.41,5.22,5.50, 3.50
1.41,5.22,5.50, 3.50
1.41,5.22,5.50, 3.50
1.41,5.22,5.50, 3.50
1.57,5.34,7.96, 5.99
1.62,5.39,2.58, 3.01
1.62,5.39,2.58, 3.01
1.62,5.39,2.58, 3.01
1.62,5.39,2.58, 3.01
1.77,5.64,7.43, 12.22
1.77,5.64,7.43, 12.22
1.75,5.76,0.00, 5.77
1.75,5.77,0.00, 0.77
1.77,5.90,0.99, 6.48
1.77,5.91,0.01, 0.52
1.77,5.89,0.00, 0.00
1.77,5.86,0.00, 0.00
1.77,5.86,0.00, 0.00
1.77,5.82,0.00, 0.00
1.75,5.78,0.00, 0.00
1.77,5.77,0.99, 0.00
1.77,5.72,0.01, 0.00
1.77,5.72,0.00, 0.25
1.77,5.72,0.00, 0.00
1.77,5.72,0.00, 0.00
1.77,5.69,0.00, 0.00
1.77,5.69,0.00, 0.00
1.77,5.64,0.00, 0.00
1.77,5.59,0.00, 0.00
1.77,5.55,0.00, 0.00
1.77,5.52,0.00, 0.00
1.77,5.48,0.00, 0.00
1.77,5.43,0.00, 0.00
1.77,5.36,0.00, 0.00
1.77,5.28,0.00, 0.00
1.77,5.28,0.00, 0.00
1.77,5.24,0.00, 0.00
1.77,5.18,0.00, 0.00
1.77,5.14,0.00, 0.00
1.77,5.07,0.00, 0.00
1.79,5.00,0.99, 0.00
1.77,4.94,0.00, 0.00
1.77,4.88,0.00, 0.00
1.79,4.83,0.99, 0.00
1.77,4.81,0.00, 0.00
1.77,4.78,0.00, 0.00
1.77,4.76,0.00, 0.00
1.79,4.72,0.99, 0.00
1.77,4.69,0.00, 0.00
1.77,4.65,0.00, 0.00
1.77,4.65,0.00, 0.00
1.77,4.65,0.00, 0.00
1.79,4.64,0.99, 0.00
1.79,4.64,0.01, 0.00
1.79,4.68,0.00, 1.74
1.77,4.68,0.00, 0.26
1.79,4.68,0.99, 0.00
1.77,4.68,0.00, 0.00
1.79,4.71,0.99, 1.25
1.77,4.74,0.00, 1.50
1.77,4.78,0.00, 2.00
1.77,4.82,0.00, 1.75
1.77,4.84,0.00, 1.25
1.79,4.89,0.99, 2.74
1.77,4.94,0.00, 2.50
1.79,5.00,0.99, 2.75
1.79,5.05,0.01, 2.50
1.77,5.07,0.00, 0.76
1.77,5.07,0.00, 0.50
1.77,5.09,0.00, 0.75
1.77,5.09,0.00, 0.75
1.79,5.07,0.99, 0.00
1.77,5.07,0.00, 0.00
1.79,5.03,0.99, 0.00
1.79,5.01,0.01, 0.00
1.77,5.01,0.00, 0.00
1.77,4.96,0.00, 0.00
1.79,4.93,0.99, 0.00
1.79,4.93,0.01, 0.00
1.79,4.93,0.01, 0.00
1.79,4.93,0.00, 0.00
1.79,4.90,0.00, 0.00
1.79,4.89,0.00, 0.00
1.79,4.89,0.00, 0.00
1.79,4.89,0.00, 0.00
1.79,4.86,0.00, 0.00
1.77,4.85,0.00, 0.00
1.79,4.83,0.99, 0.00
1.79,4.80,0.01, 0.00
1.77,4.82,0.00, 1.49
1.79,4.82,0.99, 0.00
1.79,4.84,0.01, 1.25
1.79,4.88,0.00, 1.75
1.77,4.89,0.00, 0.50
1.79,4.86,0.99, 0.00
1.79,4.84,0.01, 0.00
1.79,4.80,0.00, 0.00
1.79,4.80,0.00, 0.00
1.79,4.74,0.00, 0.00
1.77,4.74,0.00, 0.00
1.77,4.74,0.00, 0.00
1.79,4.73,0.99, 0.00
1.79,4.73,0.99, 0.00
1.79,4.76,0.01, 1.00
1.79,4.77,0.00, 0.75
1.79,4.77,0.00, 0.00
1.79,4.77,0.00, 0.00
1.77,4.76,0.00, 0.00
1.79,4.76,0.99, 0.00
1.79,4.76,0.01, 0.00
1.79,4.79,0.00, 1.74
1.79,4.84,0.00, 2.50
1.79,4.89,0.00, 2.25
1.79,4.89,0.00, 2.25
1.79,4.91,0.00, 1.25
1.79,4.93,0.00, 0.75
1.79,4.93,0.00, 0.50
1.79,4.91,0.00, 0.00
1.79,4.90,0.00, 0.00
1.79,4.85,0.00, 0.00
1.79,4.84,0.00, 0.00
1.79,4.84,0.00, 0.00
1.79,4.80,0.00, 0.00
1.79,4.77,0.00, 0.00
1.79,4.77,0.00, 0.00
1.79,4.77,0.00, 0.00
1.79,4.77,0.00, 0.00
1.79,4.74,0.00, 0.00
1.79,4.74,0.00, 0.00
1.79,4.74,0.00, 0.00
1.79,4.74,0.00, 0.00
1.79,4.74,0.00, 0.00
1.79,4.74,0.00, 0.00
1.79,4.71,0.00, 0.00
1.79,4.66,0.00, 0.00
1.79,4.63,0.00, 0.00
1.79,4.52,0.00, 0.00
1.79,4.49,0.00, 0.00
1.79,4.43,0.00, 0.00
1.79,4.39,0.00, 0.00
1.79,4.39,0.00, 0.00
1.79,4.35,0.00, 0.00
1.79,4.31,0.00, 0.00
1.79,4.31,0.00, 0.00
1.79,4.28,0.00, 0.00
1.79,4.22,0.00, 0.00
1.79,4.21,0.00, 0.00
1.79,4.24,0.00, 1.49
1.79,4.23,0.00, 0.00
1.79,4.22,0.00, 0.00
1.79,4.22,0.00, 0.00
1.79,4.24,0.00, 1.00
1.79,4.27,0.00, 1.50
1.79,4.27,0.00, 0.01
1.79,4.27,0.00, 0.00
1.79,4.27,0.00, 0.00
1.79,4.27,0.00, 0.00
1.79,4.27,0.00, 0.00
1.79,4.27,0.00, 0.00
1.79,4.28,0.00, 0.50
1.79,4.26,0.00, 0.00
1.79,4.27,0.00, 0.75
1.79,4.27,0.00, 0.75
1.79,4.26,0.00, 0.00
1.79,4.27,0.00, 0.50
1.79,4.28,0.00, 0.50
1.79,4.25,0.00, 0.00
1.79,4.24,0.00, 0.00
1.79,4.24,0.00, 0.00
1.79,4.23,0.00, 0.00
1.79,4.26,0.00, 1.25
1.79,4.23,0.00, 0.00
1.79,4.26,0.00, 1.00
1.79,4.26,0.00, 0.00
1.79,4.27,0.00, 0.75
1.79,4.27,0.00, 0.00
1.79,4.27,0.00, 0.00
1.79,4.27,0.00, 0.00
1.79,4.27,0.00, 0.00
1.79,4.27,0.00, 0.00
1.79,4.27,0.00, 0.00
1.79,4.26,0.00, 0.00
1.79,4.26,0.00, 0.00
1.79,4.22,0.00, 0.00
1.79,4.20,0.00, 0.00
1.79,4.20,0.00, 0.00
1.79,4.18,0.00, 0.00
1.79,4.18,0.00, 0.00
1.79,4.18,0.00, 0.00
1.79,4.18,0.00, 0.00
1.79,4.19,0.00, 0.50
1.79,4.19,0.00, 0.50
1.79,4.19,0.00, 0.00
1.79,4.19,0.00, 0.00
1.79,4.19,0.00, 0.00
1.79,4.10,0.00, 0.00
1.79,4.06,0.00, 0.00
1.79,4.02,0.00, 0.00
1.82,3.97,1.48, 0.00
1.79,3.93,0.00, 0.00
1.82,3.88,1.48, 0.00
1.82,3.85,0.02, 0.00
1.79,3.79,0.00, 0.00
1.79,3.74,0.00, 0.00
1.79,3.69,0.00, 0.00
0.54,3.62,0.00, 0.00
0.76,3.54,10.84, 0.00
1.66,3.38,44.50, 0.00
1.66,3.27,0.65, 0.00
1.17,3.18,0.00, 0.00
1.08,3.07,0.00, 0.00
1.30,2.93,10.84, 0.00
1.14,2.81,0.00, 0.00
0.92,2.66,0.00, 0.00
0.88,2.51,0.00, 0.00
0.90,2.35,0.99, 0.00
0.79,2.19,0.00, 0.00
0.58,2.03,0.00, 0.00
0.38,1.87,0.00, 0.00
0.29,1.65,0.00, 0.00
0.09,1.46,0.00, 0.00
0.00,1.26,0.00, 0.00
0.00,1.06,0.00, 0.00
0.00,0.85,0.00, 0.00
0.00,0.65,0.00, 0.00
0.00,0.49,0.00, 0.00
0.00,0.34,0.00, 0.00
0.00,0.20,0.00, 0.00
0.00,0.10,0.00, 0.00
0.00,0.10,0.00, 0.00
0.00,0.06,0.00, 0.00
0.31,0.07,15.27, 0.50
0.29,0.05,0.00, 0.00
0.11,0.06,0.00, 0.25
0.14,0.07,1.48, 0.50
0.16,0.07,1.01, 0.00
0.16,0.07,1.01, 0.00
0.16,0.07,1.01, 0.00
0.16,0.07,1.01, 0.00
0.16,0.07,1.01, 0.00
0.16,0.07,1.01, 0.00
0.00,0.07,0.00, 0.00
0.00,0.05,0.00, 0.00
0.00,0.05,0.00, 0.00
0.16,0.06,7.88, 0.75
0.11,0.06,0.00, 0.00
0.05,0.06,0.00, 0.00
0.00,0.06,0.00, 0.00
0.00,0.07,0.00, 0.50
0.02,0.06,0.99, 0.00
0.07,0.06,2.48, 0.00
0.07,0.06,2.48, 0.00
0.07,0.06,2.48, 0.00
0.11,0.06,2.01, 0.00
0.09,0.06,0.00, 0.00
0.05,0.06,0.00, 0.00
0.05,0.06,0.00, 0.00
0.02,0.06,0.00, 0.00
0.00,0.06,0.00, 0.00
0.00,0.06,0.00, 0.00
0.05,0.06,2.46, 0.00
0.09,0.06,2.01, 0.00
0.09,0.06,0.03, 0.00
0.07,0.07,0.00, 0.50
0.05,0.06,0.00, 0.00
0.00,0.06,0.00, 0.00
0.00,0.06,0.00, 0.00
0.00,0.06,0.00, 0.00
0.05,0.06,2.46, 0.00
0.05,0.06,2.46, 0.00
0.05,0.06,2.46, 0.00
0.07,0.05,1.02, 0.00
0.07,0.05,0.02, 0.50
0.07,0.06,0.00, 0.25
0.02,0.06,0.00, 0.00
0.02,0.06,0.00, 0.00
0.02,0.06,0.00, 0.00
0.02,0.06,0.00, 0.00
0.07,0.06,2.46, 0.00
0.05,0.05,0.00, 0.00
0.05,0.06,0.00, 1.00
0.05,0.07,0.00, 0.25
0.05,0.12,0.00, 2.74
0.07,0.19,0.99, 3.50
0.09,0.32,1.00, 6.49
0.02,0.42,0.00, 4.76
0.00,0.56,0.00, 6.99
0.00,0.70,0.00, 7.00
0.05,0.90,2.46, 9.99
0.05,1.05,0.04, 7.26
0.02,1.21,0.00, 8.50
0.00,1.39,0.00, 8.75
0.00,1.56,0.00, 8.25
0.00,1.70,0.00, 7.50
0.09,1.86,4.43, 7.75
0.14,2.02,2.53, 8.00
0.18,2.20,2.01, 9.00
0.18,2.20,2.01, 9.00
0.25,2.37,3.48, 8.25
0.34,2.53,4.48, 8.50
0.47,2.72,6.47, 9.00
0.47,2.72,6.47, 9.00
0.47,2.72,6.47, 9.00
0.47,2.72,6.47, 9.00
0.47,2.72,6.47, 9.00
0.65,2.87,8.96, 7.75
0.65,2.87,8.96, 7.75
0.65,2.87,8.96, 7.75
0.65,2.87,8.96, 7.75
0.65,2.87,8.96, 7.75
0.65,2.87,8.96, 7.75
0.65,2.87,8.96, 7.75
0.65,2.87,8.96, 7.75
0.65,2.87,8.96, 7.75
0.65,2.87,8.96, 7.75
0.81,3.02,8.01, 7.25
0.94,3.18,6.52, 8.25
1.62,3.84,33.60, 32.91
1.77,4.57,7.88, 36.74
1.77,4.64,0.12, 3.62
1.79,4.69,0.99, 2.01
1.77,4.74,0.00, 2.75
1.77,4.76,0.00, 0.76
1.77,4.64,0.00, 0.00
1.79,4.74,0.99, 4.73
1.79,4.74,0.99, 4.73
1.77,4.74,0.00, 0.27
1.77,4.74,0.00, 0.27
1.77,4.74,0.00, 0.27
1.77,4.74,0.00, 0.27
1.77,4.74,0.00, 0.27
1.77,4.74,0.00, 0.27
1.77,4.72,0.00, 0.00
1.77,4.72,0.00, 0.00
1.77,4.65,0.00, 0.00
1.77,4.40,0.00, 0.00
1.77,4.32,0.00, 0.00
1.77,4.24,0.00, 0.00
1.79,4.13,0.99, 0.00
1.77,4.09,0.00, 0.00
1.79,4.03,0.99, 0.00
1.79,3.97,0.01, 0.00
1.79,3.95,0.00, 0.00
1.79,3.95,0.00, 0.00
1.79,3.95,0.00, 0.00
1.79,3.95,0.00, 0.00
1.79,3.95,0.00, 0.00
1.79,3.95,0.00, 0.00
1.79,3.93,0.00, 0.00
1.79,3.93,0.00, 0.00
1.79,3.89,0.00, 0.00
1.79,3.95,0.00, 2.74
1.79,3.96,0.00, 0.51
1.79,3.98,0.00, 1.00
1.79,4.01,0.00, 1.25
1.79,4.04,0.00, 1.75
1.79,4.04,0.00, 1.75
1.79,4.07,0.00, 1.75
1.79,4.09,0.00, 0.50
1.79,4.07,0.00, 0.00
1.77,4.07,0.00, 0.00
1.79,4.04,0.99, 0.00
1.79,4.05,0.01, 0.50
1.79,4.05,0.01, 0.50
1.79,4.07,0.00, 0.75
1.79,4.10,0.00, 1.75
1.79,4.11,0.00, 0.50
1.79,4.11,0.00, 0.00
1.79,4.11,0.00, 0.00
1.79,4.09,0.00, 0.00
1.79,4.09,0.00, 0.00
1.79,4.06,0.00, 0.00
1.79,4.06,0.00, 0.00
1.79,4.05,0.00, 0.00
1.79,4.03,0.00, 0.00
1.79,4.05,0.00, 1.00
1.79,4.04,0.00, 0.00
1.79,4.04,0.00, 0.00
1.79,4.04,0.00, 0.00
1.79,4.05,0.00, 0.50
1.79,4.07,0.00, 1.00
1.79,4.11,0.00, 2.00
1.79,4.14,0.00, 1.25
1.79,4.14,0.00, 0.00
1.79,4.15,0.00, 1.00
1.79,4.18,0.00, 1.25
1.79,4.18,0.00, 0.00
1.79,4.18,0.00, 0.00
1.79,4.18,0.00, 0.00
1.79,4.18,0.00, 0.00
1.79,4.18,0.00, 0.00
1.79,4.18,0.00, 0.00
1.79,4.16,0.00, 0.00
1.79,4.14,0.00, 0.00
1.79,4.11,0.00, 0.00
1.79,4.07,0.00, 0.00
1.79,4.04,0.00, 0.00
1.79,4.01,0.00, 0.00
1.79,3.97,0.00, 0.00
1.79,3.91,0.00, 0.00
1.79,3.88,0.00, 0.00
1.79,3.87,0.00, 0.00
1.79,3.85,0.00, 0.00
1.79,3.82,0.00, 0.00
1.79,3.85,0.00, 1.00
1.79,3.85,0.00, 1.00
1.79,3.85,0.00, 0.25
1.82,3.84,1.48, 0.00
1.79,3.84,0.00, 0.00
1.79,3.84,0.00, 0.00
1.79,3.85,0.00, 0.75
1.79,3.82,0.00, 0.00
1.79,3.82,0.00, 0.00
1.79,3.84,0.00, 0.50
1.79,3.82,0.00, 0.00
1.79,3.82,0.00, 0.50
1.79,3.80,0.00, 0.00
1.79,3.80,0.00, 0.00
1.79,3.82,0.00, 1.00
1.79,3.85,0.00, 1.25
1.79,3.85,0.00, 1.25
1.79,3.85,0.00, 1.25
1.79,3.85,0.00, 1.25
1.79,3.85,0.00, 1.25
1.79,3.85,0.00, 1.25
1.79,3.85,0.00, 1.25
1.79,3.85,0.00, 1.25
1.79,3.85,0.00, 1.25
1.79,3.85,0.00, 1.25
1.79,3.82,0.00, 0.00
1.82,3.84,1.48, 0.50
1.79,3.85,0.00, 0.50
1.79,3.85,0.00, 0.50
1.79,3.94,0.00, 4.73
1.79,3.98,0.00, 2.01
1.79,4.03,0.00, 2.25
1.79,4.07,0.00, 2.50
1.79,4.13,0.00, 2.75
1.79,4.15,0.00, 1.26
1.82,4.20,1.48, 2.50
1.79,4.22,0.00, 1.01
1.79,4.26,0.00, 1.50
1.79,4.28,0.00, 1.50
1.79,4.31,0.00, 1.25
1.82,4.32,1.48, 0.75
1.82,4.34,0.02, 0.50
1.82,4.34,0.02, 0.50
1.79,4.34,0.00, 0.25
1.79,4.35,0.00, 0.50
1.82,4.36,1.48, 0.50
1.79,4.36,0.00, 0.00
1.79,4.34,0.00, 0.00
1.79,4.34,0.00, 0.00
1.79,4.34,0.00, 0.00
1.79,4.33,0.00, 0.00
1.82,4.32,1.48, 0.00
1.79,4.29,0.00, 0.00
1.79,4.26,0.00, 0.00
1.79,4.27,0.00, 0.75
1.79,4.26,0.00, 0.00
1.79,4.26,0.00, 0.00
1.79,4.23,0.00, 0.00
1.79,4.21,0.00, 0.00
1.79,4.21,0.00, 0.00
1.79,4.21,0.00, 0.00
1.79,4.21,0.00, 0.00
1.82,4.19,1.48, 0.00
1.82,4.19,1.48, 0.00
1.79,4.17,0.00, 0.00
1.79,4.16,0.00, 0.00
1.79,4.12,0.00, 0.00
1.79,4.12,0.00, 0.00
1.82,4.12,1.48, 0.00
1.79,4.09,0.00, 0.00
1.79,4.09,0.00, 0.00
1.79,4.07,0.00, 0.00
1.79,4.09,0.00, 0.50
1.82,4.09,1.48, 0.25
1.82,4.09,1.48, 0.25
1.79,4.09,0.00, 0.00
1.79,4.09,0.00, 0.00
1.79,4.09,0.00, 0.00
1.82,4.07,1.48, 0.00
1.79,4.09,0.00, 0.50
1.79,4.09,0.00, 0.50
1.79,4.09,0.00, 0.50
1.79,4.09,0.00, 0.50
1.79,4.09,0.00, 0.50
1.79,4.09,0.00, 0.50
1.79,4.09,0.00, 0.50
1.79,4.09,0.00, 0.50
1.79,4.10,0.00, 0.50
1.82,4.10,1.48, 0.25
1.82,4.07,0.02, 0.00
1.79,4.07,0.00, 0.00
1.79,4.07,0.00, 0.00
1.79,4.09,0.00, 0.75
1.79,4.09,0.00, 0.00
1.79,4.09,0.00, 0.00
1.79,4.09,0.00, 0.00
1.79,4.09,0.00, 0.00
1.79,4.09,0.00, 0.00
1.79,4.07,0.00, 0.00
1.79,4.07,0.00, 0.00
1.79,4.07,0.00, 0.00
1.79,4.07,0.00, 0.00
1.79,4.07,0.00, 0.00
1.79,4.07,0.00, 0.00
1.79,4.07,0.00, 0.00
1.79,4.07,0.00, 0.00
1.79,4.07,0.00, 0.00
1.79,4.07,0.00, 0.00
1.79,4.07,0.00, 0.50
1.82,4.09,1.48, 0.75
1.79,4.09,0.00, 0.00
1.79,4.09,0.00, 0.00
1.82,4.05,1.48, 0.00
1.79,4.03,0.00, 0.00
1.82,4.02,1.48, 0.00
1.82,4.01,0.02, 0.00
1.79,3.99,0.00, 0.00
1.79,3.99,0.00, 0.00
1.79,3.99,0.00, 0.00
1.79,3.99,0.00, 0.00
1.79,3.99,0.00, 0.00
1.79,3.99,0.00, 0.00
1.79,3.99,0.00, 0.00
1.79,3.99,0.00, 0.00
1.79,3.99,0.00, 0.00
1.79,3.99,0.00, 0.00
1.79,3.99,0.00, 0.00
1.79,3.99,0.00, 0.00
1.79,3.98,0.00, 0.00
1.79,3.98,0.00, 0.00
1.79,3.98,0.00, 0.00
1.79,3.96,0.00, 0.00
1.79,3.90,0.00, 0.00
1.41,3.05,0.00, 0.00
1.19,2.95,0.00, 0.00
1.26,2.81,3.45, 0.00
1.14,2.64,0.00, 0.00
0.85,2.48,0.00, 0.00
0.56,2.30,0.00, 0.00
0.49,2.06,0.00, 0.00
0.36,1.82,0.00, 0.00
0.34,1.59,0.00, 0.00
0.34,1.59,0.00, 0.00
0.34,1.59,0.00, 0.00
0.34,1.59,0.00, 0.00
0.34,1.59,0.00, 0.00
0.34,1.59,0.00, 0.00
0.34,1.59,0.00, 0.00
0.34,1.59,0.00, 0.00
0.34,1.59,0.00, 0.00
0.34,1.59,0.00, 0.00
0.34,1.59,0.00, 0.00
0.34,1.59,0.00, 0.00
0.34,1.59,0.00, 0.00
0.38,1.36,1.97, 0.00
0.36,1.12,0.00, 0.00
0.25,0.94,0.00, 0.00
0.11,0.05,0.00, 0.00
0.09,0.06,0.00, 0.25
0.09,0.06,0.00, 0.00
0.18,0.06,4.43, 0.00
0.18,0.06,4.43, 0.00
0.18,0.06,4.43, 0.00
0.18,0.06,4.43, 0.00
0.18,0.06,4.43, 0.00
0.18,0.06,0.07, 0.00
0.18,0.06,0.07, 0.00
0.18,0.06,0.07, 0.00
0.14,0.06,0.00, 0.00
0.14,0.05,0.00, 0.00
0.00,0.05,0.00, 0.50
0.20,0.06,9.85, 0.25
0.20,0.06,0.14, 0.00
0.20,0.06,0.00, 0.00
0.20,0.06,0.00, 0.00
0.20,0.06,0.00, 0.00
0.20,0.06,0.00, 0.00
0.20,0.06,0.00, 0.00
0.20,0.06,0.00, 0.00
0.20,0.06,0.00, 0.00
0.20,0.06,0.00, 0.00
0.20,0.06,0.00, 0.00
0.20,0.06,0.00, 0.00
0.20,0.06,0.00, 0.00
0.20,0.06,0.00, 0.00
0.20,0.06,0.00, 0.00
0.16,0.06,0.00, 0.00
0.14,0.05,0.00, 0.00
0.14,0.05,0.00, 0.00
0.11,0.06,0.00, 0.75
0.05,0.07,0.00, 0.50
0.00,0.05,0.00, 0.00
0.00,0.05,0.00, 0.00
0.09,0.05,4.43, 0.50
0.09,0.05,4.43, 0.50
0.09,0.05,4.43, 0.50
0.09,0.05,4.43, 0.50
0.09,0.05,4.43, 0.50
0.09,0.05,4.43, 0.50
0.09,0.05,4.43, 0.50
0.18,0.06,4.50, 0.25
0.18,0.06,4.50, 0.25
0.16,0.06,0.00, 0.00
0.16,0.06,0.00, 0.00
0.14,0.06,0.00, 0.00
0.16,0.07,0.99, 0.50
0.16,0.07,0.99, 0.50
0.14,0.06,0.00, 0.00
0.11,0.06,0.00, 0.00
0.02,0.06,0.00, 0.00
0.02,0.06,0.00, 0.00
0.02,0.06,0.00, 0.00
0.02,0.06,0.00, 0.00
0.02,0.06,0.00, 0.00
0.02,0.06,0.00, 0.00
0.02,0.06,0.00, 0.00
0.00,0.07,0.00, 0.50
0.07,0.09,3.45, 1.00
0.11,0.16,2.02, 3.49
0.09,0.97,0.00, 40.12
0.09,1.12,0.00, 7.87
0.11,1.30,0.99, 8.75
0.16,1.49,2.48, 9.75
0.22,1.66,2.99, 8.75
0.34,1.88,5.96, 10.49
0.45,2.10,5.51, 11.00
0.56,2.28,5.50, 9.51
0.70,2.46,6.98, 8.75
0.70,2.46,6.98, 8.75
0.96,2.66,12.91, 10.24
1.14,2.87,9.06, 10.25
1.14,2.87,9.06, 10.25
1.14,2.87,9.06, 10.25
1.14,2.87,9.06, 10.25
1.14,2.87,9.06, 10.25
1.14,2.87,9.06, 10.25
1.28,3.08,7.03, 10.25
1.28,3.08,7.03, 10.25
1.46,3.31,8.97, 11.74
1.64,3.51,9.00, 10.26
1.75,4.14,5.55, 31.17
1.75,4.18,0.08, 2.11
1.75,4.23,0.00, 2.50
1.75,4.24,0.00, 0.51
1.75,4.27,0.00, 1.25
1.75,4.24,0.00, 0.00
1.75,4.26,0.00, 0.50
1.75,4.26,0.00, 0.00
1.77,4.27,0.99, 0.50
1.77,4.26,0.01, 0.00
1.77,4.26,0.01, 0.00
1.77,4.27,0.00, 0.50
1.75,4.24,0.00, 0.00
1.77,4.22,0.99, 0.00
1.77,4.22,0.01, 0.00
1.77,4.22,0.01, 0.00
1.77,4.18,0.00, 0.00
1.77,4.19,0.00, 0.50
1.77,4.16,0.00, 0.00
1.77,4.14,0.00, 0.00
1.77,4.12,0.00, 0.00
1.79,4.10,0.99, 0.00
1.77,4.08,0.00, 0.00
1.77,4.11,0.00, 1.49
1.77,4.07,0.00, 0.00
1.77,4.10,0.00, 1.25
1.77,4.09,0.00, 0.00
1.77,4.10,0.00, 0.50
1.77,4.10,0.00, 0.50
1.77,4.10,0.00, 0.50
1.77,4.10,0.00, 0.00
1.77,4.07,0.00, 0.00
1.77,4.07,0.00, 0.00
1.77,4.07,0.00, 0.00
1.77,4.07,0.00, 0.00
1.79,4.07,0.99, 0.00
1.77,4.07,0.00, 0.00
1.79,4.09,0.99, 1.00
1.79,4.11,0.01, 1.25
1.79,4.12,0.00, 0.75
1.79,4.17,0.00, 2.24
1.77,4.18,0.00, 0.51
1.79,4.17,0.99, 0.00
1.79,4.19,0.01, 1.00
1.79,4.21,0.00, 1.00
1.77,4.22,0.00, 0.50
1.77,4.22,0.00, 0.00
1.79,4.22,0.99, 0.00
1.79,4.22,0.01, 0.00
1.79,4.20,0.00, 0.00
1.77,4.20,0.00, 0.00
1.79,4.21,0.99, 0.50
1.79,4.22,0.01, 0.50
1.79,4.23,0.00, 0.50
1.79,4.23,0.00, 0.00
1.79,4.26,0.00, 1.49
1.79,4.29,0.00, 1.50
1.77,4.28,0.00, 0.00
1.77,4.28,0.00, 0.00
1.77,4.28,0.00, 0.00
1.79,4.28,0.99, 0.00
1.79,4.29,0.01, 0.50
1.79,4.29,0.00, 0.00
1.79,4.29,0.00, 0.00
1.79,4.28,0.00, 0.00
1.79,4.30,0.00, 1.00
1.79,4.29,0.00, 0.00
1.79,4.29,0.00, 0.00
1.79,4.30,0.00, 0.75
1.79,4.28,0.00, 0.00
1.79,4.26,0.00, 0.00
1.79,4.26,0.00, 0.00
1.79,4.26,0.00, 0.00
1.79,4.28,0.00, 1.49
1.79,4.30,0.00, 1.00
1.79,4.31,0.00, 0.50
1.79,4.31,0.00, 0.00
1.79,4.31,0.00, 0.00
1.79,4.31,0.00, 0.00
1.79,4.30,0.00, 0.00
1.79,4.29,0.00, 0.00
1.79,4.29,0.00, 0.00
1.79,4.27,0.00, 0.00
1.79,4.27,0.00, 0.00
1.79,4.27,0.00, 0.00
1.79,4.24,0.00, 0.00
1.79,4.23,0.00, 0.00
1.79,4.21,0.00, 0.00
1.79,4.18,0.00, 0.00
1.79,4.16,0.00, 0.00
1.79,4.16,0.00, 0.00
1.79,4.14,0.00, 0.00
1.79,4.14,0.00, 0.50
1.79,4.14,0.00, 0.00
1.79,4.14,0.00, 0.00
1.79,4.15,0.00, 1.00
1.79,4.15,0.00, 0.00
1.79,4.15,0.00, 0.00
1.82,4.14,1.48, 0.00
1.79,4.14,0.00, 0.50
1.82,4.15,1.48, 0.25
1.82,4.15,1.48, 0.25
1.79,4.11,0.00, 0.00
1.79,4.11,0.00, 0.00
1.79,4.11,0.00, 0.00
1.79,4.09,0.00, 0.00
1.79,4.09,0.00, 0.00
1.79,4.07,0.00, 0.00
1.79,4.09,0.00, 1.25
1.79,4.09,0.00, 1.25
1.79,4.09,0.00, 1.25
1.79,4.07,0.00, 0.00
1.79,4.10,0.00, 1.74
1.79,4.08,0.00, 0.00
1.79,4.09,0.00, 0.25
1.79,4.07,0.00, 0.00
1.79,4.07,0.00, 0.00
1.79,4.07,0.00, 0.00
1.79,4.05,0.00, 0.00
1.79,4.04,0.00, 0.00
1.79,4.03,0.00, 0.00
1.79,4.03,0.00, 0.25
1.79,4.03,0.00, 0.00
1.79,4.03,0.00, 0.00
1.79,4.01,0.00, 0.00
1.79,3.99,0.00, 0.00
1.79,3.98,0.00, 0.00
1.79,3.98,0.00, 0.00
1.79,3.98,0.00, 0.00
1.79,3.98,0.00, 0.00
1.82,3.98,1.48, 0.00
1.79,3.99,0.00, 0.50
1.79,3.98,0.00, 0.00
1.79,3.98,0.00, 0.00
1.79,3.96,0.00, 0.00
1.79,3.96,0.00, 0.00
1.79,3.95,0.00, 0.00
1.79,3.92,0.00, 0.00
1.79,3.91,0.00, 0.00
1.79,3.90,0.00, 0.00
1.79,3.90,0.00, 0.00
1.79,3.84,0.00, 0.00
1.79,3.84,0.00, 0.00
1.79,3.83,0.00, 0.00
1.79,3.80,0.00, 0.00
1.79,3.80,0.00, 0.00
1.79,3.79,0.00, 0.00
1.79,3.79,0.00, 0.00
1.79,3.79,0.00, 0.00
1.79,3.79,0.00, 0.00
1.79,3.76,0.00, 0.00
1.79,3.76,0.00, 0.00
1.82,3.78,1.48, 1.00
1.79,3.80,0.00, 1.00
1.79,3.82,0.00, 0.50
1.79,3.84,0.00, 1.00
1.79,3.84,0.00, 0.00
1.79,3.84,0.00, 0.00
1.79,3.84,0.00, 0.00
1.79,3.84,0.00, 0.00
1.79,3.84,0.00, 0.00
1.79,3.84,0.00, 0.00
1.79,3.84,0.00, 0.00
1.79,3.85,0.00, 0.75
1.79,3.85,0.00, 0.00
1.79,3.85,0.00, 0.00
1.79,3.85,0.00, 0.00
1.79,3.79,0.00, 0.00
1.79,3.79,0.00, 0.00
1.82,3.76,1.48, 0.00
1.79,3.78,0.00, 0.50
1.79,3.78,0.00, 0.00
1.79,3.74,0.00, 0.00
1.79,3.76,0.00, 0.50
1.82,3.76,1.48, 0.00
1.82,3.76,1.48, 0.00
1.82,3.76,1.48, 0.00
1.82,3.76,1.48, 0.00
1.82,3.76,1.48, 0.00
1.82,3.76,1.48, 0.00
1.82,3.76,1.48, 0.00
1.79,3.74,0.00, 0.00
1.79,3.74,0.00, 0.00
1.79,3.76,0.00, 0.50
1.79,3.76,0.00, 0.50
1.79,3.84,0.00, 3.99
1.79,3.84,0.00, 0.26
1.79,3.84,0.00, 0.26
1.79,3.84,0.00, 0.26
1.79,3.84,0.00, 0.26
1.79,3.84,0.00, 0.26
1.79,3.84,0.00, 0.26
1.79,3.84,0.00, 0.26
1.79,3.84,0.00, 0.26
1.79,3.84,0.00, 0.26
1.79,3.84,0.00, 0.26
1.79,3.84,0.00, 0.26
1.79,3.85,0.00, 0.50
1.79,3.85,0.00, 0.50
1.79,3.85,0.00, 0.50
1.79,3.85,0.00, 0.50
1.79,3.85,0.00, 0.50
1.79,3.85,0.00, 0.50
1.79,3.85,0.00, 0.50
1.79,3.85,0.00, 0.50
1.79,3.85,0.00, 0.50
1.79,3.85,0.00, 0.50
1.79,3.85,0.00, 0.50
1.79,3.85,0.00, 0.50
1.79,3.85,0.00, 0.50
1.79,3.85,0.00, 0.50
1.79,3.85,0.00, 0.50
1.79,3.85,0.00, 0.00
1.79,3.85,0.00, 0.00
1.82,3.80,1.48, 0.00
1.79,3.47,0.00, 0.00
1.79,3.41,0.00, 0.00
0.63,3.37,0.00, 0.00
1.41,3.27,38.43, 0.00
1.79,3.23,19.29, 0.00
1.66,3.17,0.00, 0.00
0.94,3.10,0.00, 0.00
1.35,3.02,20.20, 0.00
1.37,2.96,1.28, 0.00
1.37,2.96,1.28, 0.00
1.37,2.96,1.28, 0.00
1.37,2.96,1.28, 0.00
1.37,2.96,1.28, 0.00
1.10,2.88,0.00, 0.00
1.10,2.88,0.00, 0.00
1.10,2.88,0.00, 0.00
1.08,2.77,0.00, 0.00
1.03,2.66,0.00, 0.00
0.70,1.83,0.00, 0.00
0.70,1.83,0.00, 0.00
0.70,1.83,0.00, 0.00
0.70,1.83,0.00, 0.00
0.70,1.83,0.00, 0.00
0.58,1.60,0.00, 0.00
0.61,1.40,1.48, 0.00
0.61,1.20,0.02, 0.00
0.67,0.46,2.96, 0.00
0.67,0.31,0.04, 0.00
0.67,0.19,0.00, 0.00
0.65,0.12,0.00, 0.00
0.63,0.05,0.00, 0.00
0.58,0.05,0.00, 0.00
0.40,0.05,0.00, 0.00
0.22,0.05,0.00, 0.50
0.14,0.06,0.00, 0.25
0.18,0.06,1.97, 0.00
0.18,0.06,1.97, 0.00
0.16,0.06,0.00, 0.00
0.16,0.06,0.00, 0.00
0.16,0.06,0.00, 0.00
0.16,0.06,0.00, 0.00
0.16,0.06,0.00, 0.00
0.16,0.06,0.00, 0.00
0.16,0.06,0.00, 0.00
0.09,0.05,0.00, 0.00
0.09,0.05,0.00, 0.00
0.07,0.05,0.00, 0.50
0.05,0.05,0.00, 0.00
0.07,0.06,0.99, 0.75
0.07,0.06,0.99, 0.75
0.07,0.06,0.99, 0.75
0.05,0.06,0.00, 0.00
0.09,0.06,1.97, 0.00
0.16,0.05,3.48, 0.00
0.16,0.05,3.48, 0.00
0.11,0.05,0.00, 0.50
0.11,0.05,0.00, 0.50
0.11,0.05,0.00, 0.50
0.09,0.05,0.00, 0.00
0.09,0.05,0.00, 0.00
0.11,0.05,0.99, 0.00
0.14,0.05,1.49, 0.00
0.16,0.06,1.01, 0.75
0.18,0.06,1.00, 0.00
0.16,0.06,0.00, 0.00
0.14,0.05,0.00, 0.00
0.11,0.05,0.00, 0.00
0.11,0.05,0.00, 0.50
0.11,0.06,0.00, 0.50
0.11,0.06,0.00, 0.00
0.14,0.06,1.48, 0.00
0.14,0.06,0.02, 0.00
0.14,0.06,0.02, 0.00
0.14,0.06,0.00, 0.00
0.14,0.06,0.00, 0.00
0.14,0.06,0.00, 0.00
0.14,0.06,0.00, 0.00
0.11,0.05,0.00, 0.00
0.05,0.05,0.00, 0.00
0.05,0.05,0.00, 0.00
0.02,0.06,0.00, 1.00
0.02,0.06,0.00, 0.00
0.11,0.06,4.43, 0.00
0.14,0.06,1.54, 0.00
0.14,0.08,0.02, 1.00
0.18,0.17,1.97, 4.49
0.22,0.37,2.00, 9.73
0.07,0.59,0.00, 11.00
0.07,0.76,0.00, 8.76
0.09,0.94,0.99, 8.75
0.09,1.12,0.01, 9.25
0.16,1.33,3.45, 10.25
0.16,1.33,3.45, 10.25
0.16,1.33,3.45, 10.25
0.16,1.33,3.45, 10.25
0.16,1.33,3.45, 10.25
0.16,1.33,3.45, 10.25
0.25,1.58,4.48, 12.74
0.25,1.58,4.48, 12.74
0.25,1.85,0.07, 13.50
0.25,1.85,0.07, 13.50
0.25,1.85,0.07, 13.50
0.25,1.85,0.07, 13.50
0.25,1.85,0.07, 13.50
0.29,2.05,1.97, 9.76
0.85,2.99,27.62, 46.86
0.96,3.13,5.83, 7.64
0.96,3.13,5.83, 7.64
1.64,3.87,33.59, 36.39
1.64,3.87,33.59, 36.39
1.64,3.87,33.59, 36.39
1.77,3.98,6.90, 5.61
1.77,3.98,6.90, 5.61
1.77,3.98,6.90, 5.61
1.77,3.98,6.90, 5.61
1.77,3.98,6.90, 5.61
1.77,3.98,6.90, 5.61
1.77,4.08,0.10, 5.25
1.77,4.08,0.10, 5.25
1.77,4.08,0.10, 5.25
1.77,4.17,0.00, 4.50
1.77,4.25,0.00, 4.00
1.77,4.51,0.00, 12.72
1.77,4.57,0.00, 3.53
1.77,4.60,0.00, 1.26
1.77,4.62,0.00, 1.25
1.77,4.62,0.00, 0.00
1.77,4.64,0.00, 1.00
1.77,4.64,0.00, 1.00
1.77,4.70,0.00, 2.99
1.79,4.72,0.99, 0.76
1.79,4.73,0.01, 0.50
1.79,4.70,0.00, 0.00
1.79,4.71,0.00, 0.50
1.79,4.71,0.00, 0.00
1.79,4.71,0.00, 0.00
1.79,4.71,0.00, 0.00
1.79,4.71,0.00, 0.00
1.77,4.71,0.00, 0.00
1.79,4.70,0.99, 0.00
1.77,4.68,0.00, 0.00
1.79,4.64,0.99, 0.00
1.79,4.61,0.01, 0.00
1.79,4.59,0.00, 0.00
1.79,4.57,0.00, 0.00
1.82,4.55,1.48, 0.00
1.79,4.54,0.00, 0.00
1.79,4.54,0.00, 0.00
1.79,4.52,0.00, 0.00
1.79,4.52,0.00, 0.00
1.79,4.52,0.00, 0.00
1.79,4.52,0.00, 0.00
1.79,4.51,0.00, 0.00
1.79,4.54,0.00, 1.74
1.79,4.57,0.00, 1.75
1.79,4.56,0.00, 0.00
1.79,4.60,0.00, 1.49
1.79,4.60,0.00, 0.25
1.77,4.61,0.00, 0.50
1.79,4.62,0.99, 0.75
1.79,4.64,0.01, 0.50
1.79,4.64,0.00, 0.50
1.79,4.64,0.00, 0.00
1.79,4.64,0.00, 0.00
1.79,4.64,0.00, 0.00
1.79,4.64,0.00, 0.00
1.82,4.65,1.48, 1.00
1.79,4.64,0.00, 0.00
1.79,4.67,0.00, 1.25
1.79,4.68,0.00, 0.25
1.79,4.68,0.00, 0.00
1.79,4.72,0.00, 1.99
1.79,4.74,0.00, 1.25
1.79,4.74,0.00, 0.25
1.79,4.76,0.00, 0.75
1.79,4.76,0.00, 0.00
1.82,4.78,1.48, 1.00
1.79,4.79,0.00, 0.50
1.79,4.79,0.00, 0.00
1.79,4.79,0.00, 0.00
1.79,4.80,0.00, 0.25
1.79,4.80,0.00, 0.25
1.79,4.80,0.00, 0.25
1.79,4.80,0.00, 0.25
1.79,4.81,0.00, 0.50
1.79,4.81,0.00, 0.00
1.79,4.80,0.00, 0.00
1.79,4.74,0.00, 0.00
1.79,4.74,0.00, 0.00
1.79,4.74,0.00, 0.00
1.79,4.70,0.00, 0.00
1.79,4.70,0.00, 0.00
1.79,4.64,0.00, 0.00
1.79,4.61,0.00, 0.00
1.79,4.61,0.00, 0.00
1.79,4.61,0.00, 0.00
1.79,4.59,0.00, 0.00
1.79,4.58,0.00, 0.00
1.79,4.57,0.00, 0.00
1.79,4.56,0.00, 0.00
1.79,4.56,0.00, 0.00
1.79,4.56,0.00, 0.00
1.79,4.55,0.00, 0.00
1.79,4.56,0.00, 0.00
1.79,4.57,0.00, 0.50
1.79,4.55,0.00, 0.00
1.79,4.55,0.00, 0.50
1.79,4.54,0.00, 0.00
1.82,4.53,1.48, 0.00
1.79,4.51,0.00, 0.00
1.79,4.51,0.00, 0.00
1.79,4.49,0.00, 0.00
1.79,4.49,0.00, 0.00
1.79,4.49,0.00, 0.00
1.79,4.49,0.00, 0.00
1.79,4.49,0.00, 0.00
1.79,4.52,0.00, 1.25
1.79,4.49,0.00, 0.00
1.79,4.52,0.00, 1.00
1.79,4.54,0.00, 1.25
1.79,4.52,0.00, 0.00
1.82,4.53,1.48, 0.50
1.82,4.54,0.02, 0.50
1.79,4.53,0.00, 0.00
1.79,4.54,0.00, 0.50
1.79,4.54,0.00, 0.50
1.79,4.55,0.00, 0.25
1.79,4.53,0.00, 0.00
1.79,4.52,0.00, 0.00
1.79,4.53,0.00, 0.50
1.79,4.51,0.00, 0.00
1.82,4.49,1.48, 0.00
1.79,4.49,0.00, 0.00
1.79,4.49,0.00, 0.00
1.79,4.49,0.00, 0.00
1.79,4.49,0.00, 0.00
1.79,4.49,0.00, 0.00
1.79,4.49,0.00, 0.00
1.79,4.49,0.00, 0.00
1.79,4.49,0.00, 0.00
1.82,4.51,1.48, 0.50
1.79,4.49,0.00, 0.00
1.79,4.47,0.00, 0.00
1.79,4.47,0.00, 0.00
1.79,4.47,0.00, 0.00
1.79,4.41,0.00, 0.00
1.82,4.43,1.48, 1.00
1.79,4.43,0.00, 0.00
1.79,4.43,0.00, 0.00
1.79,4.43,0.00, 0.00
1.79,4.39,0.00, 0.00
1.79,4.38,0.00, 0.00
1.79,4.38,0.00, 0.00
1.79,4.38,0.00, 0.00
1.79,4.38,0.00, 0.00
1.79,4.38,0.00, 0.00
1.79,4.38,0.00, 0.00
1.79,4.38,0.00, 0.00
1.79,4.38,0.00, 0.00
1.79,4.38,0.00, 0.00
1.79,4.38,0.00, 0.00
1.79,4.39,0.00, 0.50
1.79,4.36,0.00, 0.00
1.79,4.36,0.00, 0.00
1.79,4.36,0.00, 0.00
1.79,4.36,0.00, 0.00
1.79,4.36,0.00, 0.00
1.79,4.36,0.00, 0.00
1.79,4.36,0.00, 0.00
1.79,4.36,0.00, 0.00
1.79,4.38,0.00, 0.50
1.79,4.24,0.00, 0.00
1.79,4.26,0.00, 0.50
1.79,4.26,0.00, 0.25
1.79,4.26,0.00, 0.25
1.79,4.26,0.00, 0.25
1.79,4.26,0.00, 0.25
1.79,4.26,0.00, 0.25
1.79,4.26,0.00, 0.25
1.79,4.26,0.00, 0.25
1.79,4.26,0.00, 0.25
1.79,4.26,0.00, 0.25
1.79,4.26,0.00, 0.25
1.79,4.26,0.00, 0.25
1.79,4.26,0.00, 0.25
1.79,4.26,0.00, 0.25
1.79,4.26,0.00, 0.25
1.79,4.24,0.00, 0.00
1.79,4.24,0.00, 0.00
1.79,4.24,0.00, 0.00
1.79,4.24,0.00, 0.00
1.79,4.24,0.00, 0.00
1.79,4.24,0.00, 0.00
1.79,4.24,0.00, 0.00
1.79,4.24,0.00, 0.00
1.79,4.27,0.00, 1.25
1.79,4.09,0.00, 0.00
1.82,4.01,1.48, 0.00
1.82,4.01,1.48, 0.00
1.82,4.01,1.48, 0.00
1.82,4.01,1.48, 0.00
1.82,4.01,1.48, 0.00
1.82,4.01,1.48, 0.00
1.82,4.01,1.48, 0.00
1.82,4.01,1.48, 0.00
1.82,3.99,0.02, 0.00
1.82,3.99,0.02, 0.00
1.82,3.98,0.00, 0.00
1.82,3.97,0.00, 0.00
1.79,3.84,0.00, 0.00
1.79,3.84,0.00, 0.00
1.79,3.82,0.00, 0.00
1.79,3.82,0.00, 0.00
1.79,3.84,0.00, 0.50
1.79,3.84,0.00, 0.50
1.79,3.84,0.00, 0.50
1.79,3.84,0.00, 0.50
1.79,3.84,0.00, 0.50
1.79,3.84,0.00, 0.50
1.79,3.84,0.00, 0.50
1.79,3.84,0.00, 0.50
1.79,3.84,0.00, 0.50
1.79,3.84,0.00, 0.50
1.79,3.84,0.00, 0.50
1.79,3.82,0.00, 0.00
1.79,3.82,0.00, 0.00
1.79,3.82,0.00, 0.00
1.79,3.78,0.00, 0.00
1.32,3.58,0.00, 0.00
1.35,3.53,1.48, 0.00
1.41,3.48,2.98, 0.00
1.32,3.43,0.00, 0.00
1.19,3.38,0.00, 0.00
1.17,3.33,0.00, 0.00
1.17,3.27,0.00, 0.00
1.05,3.18,0.00, 0.00
0.92,3.11,0.00, 0.00
0.92,3.11,0.00, 0.00
0.83,2.98,0.00, 0.00
0.76,2.87,0.00, 0.00
0.63,2.72,0.00, 0.00
0.63,2.72,0.00, 0.00
0.45,2.53,0.00, 0.00
0.34,2.37,0.00, 0.00
0.34,2.37,0.00, 0.00
0.25,2.18,0.00, 0.00
0.09,1.99,0.00, 0.00
0.00,1.76,0.00, 0.00
0.00,1.55,0.00, 0.00
0.00,1.32,0.00, 0.00
0.00,1.12,0.00, 0.00
0.00,1.12,0.00, 0.00
0.00,0.94,0.00, 0.00
0.00,0.72,0.00, 0.00
0.00,0.72,0.00, 0.00
0.00,0.72,0.00, 0.00
0.00,0.72,0.00, 0.00
0.00,0.72,0.00, 0.00
0.00,0.72,0.00, 0.00
0.00,0.72,0.00, 0.00
0.00,0.72,0.00, 0.00
0.00,0.72,0.00, 0.00
0.00,0.72,0.00, 0.00
0.00,0.72,0.00, 0.00
0.00,0.72,0.00, 0.00
0.00,0.72,0.00, 0.00
0.00,0.56,0.00, 0.00
0.00,0.56,0.00, 0.00
0.07,0.41,3.45, 0.00
0.16,0.25,4.48, 0.00
0.00,0.05,0.00, 0.00
0.00,0.05,0.00, 0.00
0.00,0.05,0.00, 0.00
0.00,0.05,0.00, 0.00
0.00,0.05,0.00, 0.00
0.00,0.05,0.00, 0.00
0.00,0.05,0.00, 0.00
0.00,0.05,0.00, 0.00
0.00,0.05,0.00, 0.00
0.00,0.05,0.00, 0.00
0.00,0.05,0.00, 0.00
0.00,0.05,0.00, 0.00
0.00,0.05,0.00, 0.00
0.00,0.05,0.00, 0.00
0.00,0.05,0.00, 0.00
0.00,0.05,0.00, 0.00
0.00,0.05,0.00, 0.00
0.00,0.05,0.00, 0.00
0.00,0.05,0.00, 0.00
0.20,0.05,9.85, 0.50
0.20,0.06,0.14, 0.25
0.18,0.06,0.00, 0.00
0.16,0.05,0.00, 0.00
0.16,0.05,0.00, 0.00
0.11,0.05,0.00, 0.00
0.00,0.05,0.00, 0.50
0.00,0.06,0.00, 0.25
0.09,0.06,4.43, 0.00
0.18,0.06,4.50, 0.00
0.18,0.06,0.07, 0.00
0.20,0.06,0.99, 0.00
0.18,0.06,0.00, 0.00
0.16,0.06,0.00, 0.00
0.18,0.07,0.99, 0.50
0.18,0.07,0.01, 0.00
0.16,0.06,0.00, 0.00
0.18,0.05,0.99, 0.00
0.18,0.05,0.99, 0.00
0.18,0.05,0.01, 0.50
0.18,0.06,0.00, 0.25
0.16,0.09,0.00, 1.50
0.16,0.09,0.00, 1.50
0.16,0.09,0.00, 1.50
0.16,0.09,0.00, 1.50
0.16,0.09,0.00, 1.50
0.09,0.14,0.00, 2.50
0.00,0.32,0.00, 8.98
0.00,0.56,0.00, 12.24
0.11,1.01,5.42, 22.21
0.09,1.26,0.00, 12.78
0.14,1.53,2.46, 13.25
0.16,1.81,1.02, 14.00
0.18,2.09,1.00, 13.75
0.29,2.35,5.43, 13.25
0.45,2.61,7.96, 12.75
0.54,2.84,4.55, 11.75
0.70,3.06,7.95, 11.00
0.94,3.30,11.94, 11.75
0.94,3.30,11.94, 11.75
0.94,3.30,11.94, 11.75
0.94,3.30,11.94, 11.75
0.94,3.30,11.94, 11.75
0.94,3.30,11.94, 11.75
0.94,3.30,11.94, 11.75
0.94,3.30,11.94, 11.75
0.94,3.30,11.94, 11.75
0.94,3.30,11.94, 11.75
0.94,3.30,11.94, 11.75
0.94,3.30,11.94, 11.75
0.94,3.30,11.94, 11.75
1.10,3.51,8.06, 10.75
1.23,3.71,6.52, 10.00
1.39,3.88,7.98, 8.26
1.77,4.72,18.84, 42.13
1.77,4.75,0.28, 1.65
1.77,4.86,0.00, 5.49
1.77,4.92,0.00, 3.01
1.77,4.95,0.00, 1.75
1.77,5.00,0.00, 2.25
1.77,5.01,0.00, 0.26
1.77,5.01,0.00, 0.26
1.77,4.99,0.00, 0.00
1.77,4.99,0.00, 0.00
1.77,4.99,0.00, 0.00
1.77,4.99,0.00, 0.00
1.77,4.98,0.00, 0.00
1.79,4.94,0.99, 0.00
1.77,4.94,0.00, 0.00
1.79,4.93,0.99, 0.00
1.77,4.93,0.00, 0.00
1.77,4.86,0.00, 0.00
1.77,4.86,0.00, 0.00
1.77,4.86,0.00, 0.00
1.77,4.86,0.00, 0.00
1.77,4.82,0.00, 0.00
1.77,4.82,0.00, 0.00
1.79,4.82,0.99, 0.00
1.79,4.82,0.99, 0.00
1.79,4.84,0.01, 0.50
1.77,4.84,0.00, 0.25
1.79,4.80,0.99, 0.00
1.79,4.80,0.99, 0.00
1.79,4.80,0.99, 0.00
1.77,4.77,0.00, 0.00
1.77,4.77,0.00, 0.00
1.79,4.78,0.99, 0.50
1.79,4.77,0.01, 0.00
1.79,4.76,0.00, 0.00
1.79,4.80,0.00, 1.74
1.79,4.82,0.00, 1.25
1.79,4.85,0.00, 1.00
1.79,4.86,0.00, 1.00
1.79,4.86,0.00, 0.00
1.79,4.88,0.00, 1.00
1.79,4.86,0.00, 0.00
1.79,4.89,0.00, 1.00
1.79,4.89,0.00, 1.00
1.79,4.86,0.00, 0.00
1.79,4.86,0.00, 0.00
1.79,4.86,0.00, 0.00
1.79,4.88,0.00, 1.00
1.79,4.91,0.00, 1.50
1.79,4.89,0.00, 0.00
1.79,4.92,0.00, 1.74
1.79,4.92,0.00, 1.74
1.79,4.92,0.00, 1.74
1.79,4.91,0.00, 0.00
1.79,4.91,0.00, 0.00
1.79,4.93,0.00, 1.00
1.79,4.93,0.00, 0.00
1.79,4.94,0.00, 1.00
1.79,4.93,0.00, 0.00
1.79,4.93,0.00, 0.00
1.79,4.95,0.00, 1.00
1.79,4.93,0.00, 0.00
1.79,4.93,0.00, 0.00
1.79,4.91,0.00, 0.00
1.79,4.92,0.00, 0.50
1.79,4.90,0.00, 0.00
1.79,4.90,0.00, 0.00
1.79,4.90,0.00, 0.00
1.79,4.91,0.00, 0.50
1.77,4.91,0.00, 0.00
1.79,4.92,0.99, 0.50
1.77,4.91,0.00, 0.00
1.79,4.90,0.99, 0.00
1.79,4.88,0.01, 0.00
1.79,4.86,0.00, 0.00
1.79,4.83,0.00, 0.00
1.79,4.84,0.00, 0.50
1.79,4.82,0.00, 0.00
1.79,4.82,0.00, 0.00
1.79,4.81,0.00, 0.00
1.79,4.81,0.00, 0.00
1.79,4.80,0.00, 0.00
1.79,4.76,0.00, 0.00
1.79,4.76,0.00, 0.00
1.79,4.74,0.00, 0.00
1.79,4.74,0.00, 0.00
1.79,4.74,0.00, 0.00
1.79,4.74,0.00, 0.00
1.79,4.72,0.00, 0.00
1.82,4.71,1.48, 0.00
1.82,4.68,0.02, 0.00
1.79,4.61,0.00, 0.00
1.79,4.60,0.00, 0.00
1.79,4.57,0.00, 0.00
1.79,4.57,0.00, 0.00
1.79,4.54,0.00, 0.00
1.82,4.55,1.48, 0.50
1.82,4.56,0.02, 0.75
1.82,4.54,0.00, 0.00
1.79,4.53,0.00, 0.00
1.79,4.52,0.00, 0.00
1.82,4.52,1.48, 0.00
1.79,4.52,0.00, 0.00
1.79,4.52,0.00, 0.00
1.79,4.51,0.00, 0.00
1.79,4.52,0.00, 0.50
1.79,4.52,0.00, 0.50
1.79,4.52,0.00, 0.50
1.79,4.52,0.00, 0.50
1.79,4.49,0.00, 0.00
1.79,4.48,0.00, 0.00
1.79,4.48,0.00, 0.00
1.79,4.45,0.00, 0.00
1.79,4.44,0.00, 0.00
1.82,4.43,1.48, 0.00
1.82,4.43,1.48, 0.00
1.82,4.41,0.02, 0.00
1.79,4.41,0.00, 0.00
1.82,4.41,1.48, 0.00
1.79,4.38,0.00, 0.00
1.79,4.39,0.00, 0.50
1.79,4.38,0.00, 0.00
1.79,4.36,0.00, 0.00
1.82,4.32,1.48, 0.00
1.82,4.32,1.48, 0.00
1.82,4.32,1.48, 0.00
1.82,4.32,1.48, 0.00
1.79,4.31,0.00, 0.00
1.79,4.31,0.00, 0.00
1.79,4.31,0.00, 0.00
1.79,4.31,0.00, 0.00
1.79,4.31,0.00, 0.00
1.79,4.31,0.00, 0.00
1.79,4.31,0.00, 0.00
1.79,4.31,0.00, 0.00
1.79,4.31,0.00, 0.00
1.79,4.30,0.00, 0.00
1.79,4.24,0.00, 0.00
1.79,4.10,0.00, 0.00
1.79,3.93,0.00, 0.00
1.79,3.93,0.00, 0.00
1.79,3.91,0.00, 0.00
1.79,3.92,0.00, 0.50
1.82,3.89,1.48, 0.00
1.79,3.88,0.00, 0.00
1.79,3.86,0.00, 0.00
1.79,3.87,0.00, 0.50
1.79,3.87,0.00, 0.50
1.79,3.87,0.00, 0.50
1.79,3.87,0.00, 0.50
1.79,3.87,0.00, 0.50
1.79,3.87,0.00, 0.50
1.79,3.87,0.00, 0.00
1.79,3.87,0.00, 0.00
1.79,3.88,0.00, 0.75
1.79,3.88,0.00, 0.75
1.79,3.88,0.00, 0.75
1.79,3.88,0.00, 0.75
1.79,3.88,0.00, 0.75
1.79,3.88,0.00, 0.75
1.79,3.88,0.00, 0.75
1.79,3.88,0.00, 0.75
1.79,3.88,0.00, 0.75
1.79,3.88,0.00, 0.75
1.79,3.88,0.00, 0.75
1.79,3.88,0.00, 0.75
1.79,3.88,0.00, 0.75
1.79,3.88,0.00, 0.75
1.79,3.88,0.00, 0.00
1.79,3.88,0.00, 0.00
1.79,3.88,0.00, 0.00
1.79,3.88,0.00, 0.00
1.79,3.88,0.00, 0.00
1.79,3.88,0.00, 0.00
1.79,3.88,0.00, 0.00
1.79,3.88,0.00, 0.00
1.79,3.88,0.00, 0.00
1.79,3.88,0.00, 0.00
1.79,3.88,0.00, 0.00
1.79,3.88,0.00, 0.00
1.79,3.88,0.00, 0.00
1.79,3.88,0.00, 0.00
1.79,3.88,0.00, 0.00
1.79,3.88,0.00, 0.00
1.79,3.88,0.00, 0.00
1.79,3.88,0.00, 0.00
1.79,3.88,0.00, 0.00
1.79,3.88,0.00, 0.00
1.79,3.88,0.00, 0.00
1.79,3.88,0.00, 0.00
1.79,3.88,0.00, 0.00
1.79,3.88,0.00, 0.00
1.79,3.88,0.00, 0.00
1.79,3.88,0.00, 0.00
1.79,3.88,0.00, 0.00
1.79,3.88,0.00, 0.00
1.79,3.88,0.00, 0.00
1.79,3.88,0.00, 0.00
1.79,3.88,0.00, 0.00
1.79,3.88,0.00, 0.00
1.79,3.88,0.00, 0.00
1.79,3.88,0.00, 0.00
1.79,3.88,0.00, 0.00
1.79,3.88,0.00, 0.00
1.79,3.88,0.00, 0.00
1.79,3.88,0.00, 0.00
1.79,3.88,0.00, 0.00
1.79,3.88,0.00, 0.00
1.79,3.88,0.00, 0.00
1.79,3.88,0.00, 0.00
1.82,3.72,1.48, 0.00
1.82,3.72,1.48, 0.00
1.82,3.72,1.48, 0.00
1.82,3.72,1.48, 0.00
1.82,3.72,1.48, 0.00
1.82,3.72,1.48, 0.00
1.82,3.72,1.48, 0.00
1.82,3.72,1.48, 0.00
1.82,3.72,1.48, 0.00
1.82,3.72,1.48, 0.00
1.82,3.72,1.48, 0.00
1.82,3.72,1.48, 0.00
1.82,3.72,1.48, 0.00
1.82,3.72,1.48, 0.00
1.82,3.72,1.48, 0.00
1.82,3.72,1.48, 0.00
1.82,3.58,0.02, 0.00
1.62,3.35,0.00, 0.00
1.62,3.35,0.00, 0.00
0.38,1.15,0.00, 0.00
0.20,0.06,0.00, 0.00
0.22,0.06,0.99, 0.00
0.20,0.06,0.00, 0.00
0.22,0.06,0.99, 0.00
0.14,0.06,0.00, 0.00
0.14,0.06,0.00, 0.00
0.00,0.05,0.00, 0.00
0.00,0.05,0.00, 0.00
0.07,0.05,3.45, 0.50
0.18,0.05,5.47, 0.00
0.18,0.05,0.08, 0.00
0.20,0.05,0.99, 0.50
0.20,0.06,0.01, 0.25
0.18,0.06,0.00, 0.00
0.20,0.06,0.99, 0.00
0.18,0.06,0.00, 0.00
0.16,0.06,0.00, 0.00
0.16,0.06,0.00, 0.00
0.16,0.05,0.00, 0.00
0.18,0.05,0.99, 0.00
0.18,0.05,0.01, 0.50
0.18,0.06,0.00, 0.25
0.18,0.06,0.00, 0.00
0.18,0.06,0.00, 0.00
0.20,0.06,0.99, 0.00
0.20,0.06,0.99, 0.00
0.18,0.06,0.00, 0.00
0.16,0.06,0.00, 0.00
0.16,0.06,0.00, 0.00
0.16,0.06,0.00, 0.00
0.05,0.05,0.00, 0.00
0.00,0.05,0.00, 0.50
0.00,0.05,0.00, 0.50
0.00,0.05,0.00, 0.50
0.00,0.05,0.00, 0.50
0.00,0.05,0.00, 0.50
0.00,0.05,0.00, 0.50
0.00,0.05,0.00, 0.50
0.07,0.06,3.45, 0.25
0.16,0.06,4.48, 0.00
0.16,0.06,0.07, 0.00
0.16,0.06,0.00, 0.00
0.16,0.06,0.00, 0.00
0.16,0.06,0.00, 0.00
0.16,0.06,0.00, 0.00
0.16,0.05,0.00, 0.00
0.16,0.05,0.00, 0.00
0.16,0.05,0.00, 0.00
0.16,0.05,0.00, 0.00
0.16,0.05,0.00, 0.00
0.16,0.05,0.00, 0.00
0.16,0.05,0.00, 0.00
0.16,0.05,0.00, 0.50
0.16,0.05,0.00, 0.50
0.16,0.05,0.00, 0.50
0.16,0.06,0.00, 0.25
0.07,0.06,0.00, 0.00
0.07,0.06,0.00, 0.00
0.07,0.06,0.00, 0.00
0.07,0.06,0.00, 0.00
0.07,0.06,0.00, 0.00
0.07,0.06,0.00, 0.00
0.00,0.12,0.00, 2.74
0.00,0.14,0.00, 1.26
0.00,0.20,0.00, 2.99
0.00,0.95,0.00, 37.37
0.00,1.13,0.00, 9.10
0.00,1.13,0.00, 9.10
0.00,1.13,0.00, 9.10
0.00,1.13,0.00, 9.10
0.00,1.13,0.00, 9.10
0.00,1.13,0.00, 9.10
0.00,1.13,0.00, 9.10
0.00,1.32,0.00, 9.50
0.00,1.32,0.00, 9.50
0.00,1.32,0.00, 9.50
0.00,1.53,0.00, 10.50
0.00,1.76,0.00, 11.75
0.76,3.34,37.44, 78.26
0.88,3.53,6.46, 9.75
1.01,3.70,6.50, 9.00
1.19,3.88,8.96, 8.75
1.35,4.00,8.01, 5.76
1.48,4.15,6.52, 7.74
1.48,4.15,6.52, 7.74
1.59,4.28,5.52, 6.50
1.59,4.28,5.52, 6.50
1.73,4.38,6.98, 5.01
1.73,4.38,6.98, 5.01
1.73,4.38,6.98, 5.01
1.77,4.49,2.07, 5.75
1.77,4.49,2.07, 5.75
1.77,4.49,2.07, 5.75
1.77,4.49,2.07, 5.75
1.77,4.69,0.03, 9.74
1.77,4.69,0.03, 9.74
1.77,4.69,0.03, 9.74
1.77,4.69,0.03, 9.74
1.77,4.69,0.03, 9.74
1.77,4.69,0.03, 9.74
1.77,4.69,0.03, 9.74
1.77,4.82,0.00, 6.51
1.77,5.12,0.00, 15.22
1.77,5.12,0.00, 0.06
1.77,5.07,0.00, 0.00
1.77,5.07,0.00, 0.00
1.77,5.07,0.00, 0.00
1.77,5.07,0.00, 0.00
1.79,5.07,0.99, 0.00
1.77,5.06,0.00, 0.00
1.79,5.06,0.99, 0.00
1.77,5.07,0.00, 0.50
1.79,5.07,0.99, 0.50
1.79,5.09,0.01, 0.50
1.79,5.12,0.00, 1.99
1.77,5.12,0.00, 0.01
1.79,5.12,0.99, 0.00
1.77,5.15,0.00, 1.25
1.77,5.15,0.00, 1.25
1.77,5.15,0.00, 1.25
1.79,5.17,0.99, 1.00
1.79,5.17,0.01, 0.00
1.79,5.18,0.00, 0.75
1.79,5.18,0.00, 0.00
1.79,5.19,0.00, 0.50
1.79,5.16,0.00, 0.00
1.79,5.16,0.00, 0.00
1.79,5.16,0.00, 0.00
1.79,5.16,0.00, 0.00
1.79,5.13,0.00, 0.00
1.79,5.11,0.00, 0.00
1.79,5.10,0.00, 0.00
1.79,5.10,0.00, 0.00
1.79,5.09,0.00, 0.00
1.79,5.08,0.00, 0.00
1.79,5.08,0.00, 0.00
1.79,5.08,0.00, 0.00
1.79,5.07,0.00, 0.00
1.79,5.07,0.00, 0.50
1.79,5.06,0.00, 0.00
1.79,5.06,0.00, 0.00
1.79,5.05,0.00, 0.00
1.79,5.00,0.00, 0.00
1.79,4.98,0.00, 0.00
1.79,4.96,0.00, 0.00
1.79,4.95,0.00, 0.00
1.79,4.92,0.00, 0.00
1.82,4.93,1.48, 0.75
1.79,4.91,0.00, 0.00
1.79,4.89,0.00, 0.00
1.82,4.89,1.48, 0.00
1.82,4.88,0.02, 0.00
1.79,4.89,0.00, 0.50
1.82,4.86,1.48, 0.00
1.79,4.87,0.00, 0.25
1.79,4.87,0.00, 0.25
1.79,4.87,0.00, 0.25
1.79,4.86,0.00, 0.00
1.79,4.85,0.00, 0.00
1.79,4.87,0.00, 1.00
1.82,4.85,1.48, 0.00
1.79,4.86,0.00, 0.50
1.79,4.86,0.00, 0.25
1.79,4.86,0.00, 0.25
1.82,4.86,1.48, 0.00
1.79,4.86,0.00, 0.00
1.79,4.86,0.00, 0.00
1.79,4.84,0.00, 0.00
1.79,4.85,0.00, 0.50
1.79,4.83,0.00, 0.00
1.79,4.85,0.00, 1.00
1.79,4.86,0.00, 0.50
1.82,4.86,1.48, 0.25
1.79,4.89,0.00, 1.00
1.79,4.88,0.00, 0.00
1.79,4.88,0.00, 0.00
1.82,4.89,1.48, 0.50
1.79,4.88,0.00, 0.00
1.79,4.85,0.00, 0.00
1.79,4.84,0.00, 0.00
1.79,4.84,0.00, 0.00
1.79,4.84,0.00, 0.00
1.79,4.84,0.00, 0.00
1.79,4.84,0.00, 0.00
1.79,4.84,0.00, 0.00
1.82,4.86,1.48, 1.00
1.82,4.86,1.48, 1.00
1.82,4.86,0.02, 0.25
1.79,4.86,0.00, 0.00
1.79,4.79,0.00, 0.00
1.79,4.79,0.00, 0.00
1.82,4.78,1.48, 0.00
1.82,4.78,0.02, 0.00
1.79,4.76,0.00, 0.00
1.79,4.76,0.00, 0.50
1.82,4.73,1.48, 0.00
1.82,4.73,1.48, 0.00
1.82,4.74,0.02, 0.50
1.79,4.71,0.00, 0.00
1.82,4.68,1.48, 0.00
1.82,4.68,1.48, 0.00
1.82,4.68,0.02, 0.00
1.82,4.65,0.00, 0.00
1.79,4.64,0.00, 0.00
1.79,4.64,0.00, 0.50
1.79,4.64,0.00, 0.50
1.79,4.64,0.00, 0.00
1.79,4.62,0.00, 0.00
1.82,4.61,1.48, 0.00
1.82,4.61,0.02, 0.00
1.82,4.57,0.00, 0.00
1.82,4.56,0.00, 0.00
1.82,4.52,0.00, 0.00
1.82,4.54,0.00, 1.00
1.82,4.54,0.00, 1.00
1.82,4.53,0.00, 0.00
1.82,4.54,0.00, 0.50
1.82,4.54,0.00, 0.00
1.79,4.54,0.00, 0.00
1.82,4.53,1.48, 0.00
1.82,4.52,0.02, 0.00
1.79,4.52,0.00, 0.00
1.79,4.51,0.00, 0.00
1.79,4.51,0.00, 0.00
1.79,4.51,0.00, 0.00
1.79,4.51,0.00, 0.00
1.79,4.52,0.00, 0.75
1.82,4.53,1.48, 0.50
1.82,4.53,1.48, 0.50
1.82,4.49,0.02, 0.00
1.82,4.51,0.00, 0.50
1.82,4.51,0.00, 0.50
1.82,4.51,0.00, 0.00
1.82,4.49,0.00, 0.00
1.79,4.48,0.00, 0.00
1.82,4.47,1.48, 0.00
1.79,4.47,0.00, 0.00
1.79,4.46,0.00, 0.00
1.82,4.47,1.48, 0.50
1.79,4.46,0.00, 0.00
1.82,4.44,1.48, 0.00
1.82,4.41,0.02, 0.00
1.82,4.39,0.00, 0.00
1.82,4.36,0.00, 0.00
1.82,4.36,0.00, 0.00
1.79,4.36,0.00, 0.00
1.82,4.33,1.48, 0.00
1.82,4.33,1.48, 0.00
1.82,4.33,1.48, 0.00
1.82,4.33,1.48, 0.00
1.82,4.33,0.02, 0.00
1.79,4.31,0.00, 0.00
1.79,4.33,0.00, 0.75
1.79,4.33,0.00, 0.00
1.82,4.32,1.48, 0.00
1.82,4.34,0.02, 1.00
1.82,4.34,0.02, 1.00
1.82,4.34,0.02, 1.00
1.82,4.34,0.02, 1.00
1.82,4.32,0.00, 0.00
1.82,4.34,0.00, 0.50
1.79,4.35,0.00, 0.75
1.79,4.39,0.00, 1.75
1.82,4.39,1.48, 0.01
1.82,4.38,0.02, 0.00
1.82,4.38,0.02, 0.00
1.82,4.38,0.02, 0.00
1.82,4.38,0.02, 0.00
1.82,4.38,0.02, 0.00
1.82,4.38,0.02, 0.00
1.82,4.38,0.02, 0.00
1.79,4.39,0.00, 0.50
1.79,4.39,0.00, 0.50
1.79,4.39,0.00, 0.50
1.79,4.39,0.00, 0.50
1.79,4.39,0.00, 0.50
1.82,4.39,1.48, 0.00
1.82,4.39,0.02, 0.00
1.79,4.39,0.00, 0.25
1.79,4.30,0.00, 0.00
1.79,4.20,0.00, 0.00
1.82,4.18,1.48, 0.00
1.82,4.17,0.02, 0.00
1.82,4.19,0.00, 1.00
1.82,4.19,0.00, 1.00
1.82,4.22,0.00, 1.25
1.82,4.23,0.00, 0.75
1.82,4.24,0.00, 0.75
1.79,4.27,0.00, 1.00
1.79,4.27,0.00, 1.00
1.82,4.24,1.48, 0.00
1.82,4.24,0.02, 0.00
1.82,4.27,0.00, 1.00
1.82,4.27,0.00, 1.00
1.82,4.27,0.00, 1.00
1.79,4.28,0.00, 0.75
1.79,4.28,0.00, 0.00
1.79,4.29,0.00, 0.50
1.79,4.26,0.00, 0.00
1.82,4.21,1.48, 0.00
1.82,4.16,0.02, 0.00
1.82,4.16,0.00, 0.00
1.82,4.11,0.00, 0.00
1.82,4.07,0.00, 0.00
1.82,4.01,0.00, 0.00
1.82,4.01,0.00, 0.00
1.82,3.97,0.00, 0.00
1.82,3.90,0.00, 0.00
1.79,3.84,0.00, 0.00
1.79,3.77,0.00, 0.00
1.79,3.69,0.00, 0.00
0.00,3.55,0.00, 0.00
0.00,3.55,0.00, 0.00
1.26,3.44,62.07, 0.00
1.75,3.43,25.05, 0.00
1.21,3.32,0.00, 0.00
0.74,3.19,0.00, 0.00
1.19,3.07,22.17, 0.00
0.90,2.95,0.00, 0.00
0.79,2.81,0.00, 0.00
0.79,2.81,0.00, 0.00
0.79,2.81,0.00, 0.00
0.65,2.64,0.00, 0.00
0.65,2.64,0.00, 0.00
0.65,2.64,0.00, 0.00
0.65,2.64,0.00, 0.00
0.65,2.64,0.00, 0.00
0.65,2.64,0.00, 0.00
0.65,2.64,0.00, 0.00
0.56,2.49,0.00, 0.00
0.61,2.28,2.46, 0.00
0.38,2.09,0.00, 0.00
0.43,1.00,2.46, 0.00
0.40,0.83,0.00, 0.00
0.36,0.67,0.00, 0.00
0.34,0.53,0.00, 0.00
0.34,0.38,0.00, 0.00
0.25,0.25,0.00, 0.00
0.22,0.17,0.00, 0.00
0.25,0.09,1.48, 0.00
0.22,0.04,0.00, 0.00
0.25,0.02,1.48, 0.00
0.31,0.05,2.98, 1.25
0.25,0.05,0.00, 0.00
0.09,0.05,0.00, 0.50
0.09,0.06,0.00, 0.25
0.09,0.06,0.00, 0.00
0.09,0.06,0.00, 0.00
0.22,0.06,6.40, 0.00
0.16,0.06,0.00, 0.00
0.11,0.05,0.00, 0.00
0.07,0.05,0.00, 0.00
0.07,0.05,0.00, 0.00
0.00,0.05,0.00, 0.00
0.00,0.05,0.00, 0.00
0.00,0.05,0.00, 0.00
0.18,0.05,8.87, 0.50
0.14,0.06,0.00, 0.25
0.14,0.06,0.00, 0.25
0.14,0.06,0.00, 0.25
0.14,0.06,0.00, 0.25
0.14,0.06,0.00, 0.25
0.14,0.06,0.00, 0.25
0.14,0.06,0.00, 0.25
0.25,0.06,5.42, 0.00
0.25,0.06,5.42, 0.00
0.25,0.06,5.42, 0.00
0.18,0.06,0.00, 0.00
0.18,0.06,0.00, 0.00
0.25,0.06,3.45, 0.00
0.09,0.05,0.00, 0.00
0.00,0.05,0.00, 0.00
0.00,0.06,0.00, 0.75
0.00,0.06,0.00, 0.75
0.11,0.06,5.42, 0.00
0.11,0.06,5.42, 0.00
0.16,0.05,2.54, 0.00
0.16,0.05,0.04, 0.00
0.14,0.05,0.00, 0.00
0.14,0.05,0.00, 0.00
0.14,0.05,0.00, 0.00
0.14,0.05,0.00, 0.00
0.14,0.05,0.00, 0.00
0.14,0.05,0.00, 0.00
0.14,0.05,0.00, 0.00
0.11,0.04,0.00, 0.00
0.11,0.04,0.00, 0.00
0.11,0.04,0.00, 0.00
0.14,0.05,1.48, 0.50
0.05,0.05,0.00, 0.50
0.16,0.05,5.42, 0.00
0.02,0.05,0.00, 0.00
0.00,0.05,0.00, 0.50
0.00,0.05,0.00, 0.50
0.00,0.05,0.00, 0.50
0.00,0.05,0.00, 0.50
0.00,0.05,0.00, 0.50
0.00,0.05,0.00, 0.50
0.00,0.05,0.00, 0.50
0.00,0.06,0.00, 0.25
0.02,0.05,0.99, 0.00
0.09,0.05,3.46, 0.50
0.00,0.33,0.00, 13.95
0.00,0.33,0.00, 13.95
0.00,0.45,0.00, 5.78
0.00,0.58,0.00, 6.50
0.00,0.74,0.00, 7.75
0.00,0.91,0.00, 9.00
0.00,1.09,0.00, 8.75
0.00,1.33,0.00, 11.74
0.16,1.57,7.88, 12.00
0.34,1.83,8.98, 13.00
0.34,1.83,8.98, 13.00
0.34,1.83,8.98, 13.00
0.34,1.83,8.98, 13.00
0.34,1.83,8.98, 13.00
0.45,2.07,5.55, 12.00
0.45,2.07,5.55, 12.00
0.58,2.27,6.49, 10.26
0.72,2.51,6.99, 11.74
1.32,3.39,29.66, 44.38
1.50,3.55,9.30, 7.88
1.64,3.70,7.03, 7.25
1.75,3.82,5.52, 6.00
1.75,3.82,5.52, 6.00
1.77,3.93,1.07, 5.50
1.75,4.03,0.00, 5.25
1.77,4.12,0.99, 4.50
1.77,4.19,0.01, 3.50
1.77,4.19,0.01, 3.50
1.77,4.26,0.00, 3.50
1.77,4.26,0.00, 3.50
1.77,4.32,0.00, 3.00
1.77,4.32,0.00, 3.00
1.77,4.39,0.00, 3.75
1.77,4.39,0.00, 3.75
1.77,4.39,0.00, 3.75
1.77,4.49,0.00, 4.75
1.77,4.49,0.00, 4.75
1.79,4.56,0.99, 3.50
1.79,4.56,0.99, 3.50
1.79,4.56,0.99, 3.50
1.79,4.56,0.99, 3.50
1.79,4.56,0.99, 3.50
1.77,4.62,0.00, 3.00
1.79,4.73,0.99, 5.49
1.79,4.74,0.01, 0.77
1.79,4.70,0.00, 0.00
1.79,4.72,0.00, 1.00
1.79,4.76,0.00, 1.75
1.79,4.80,0.00, 2.25
1.79,4.84,0.00, 1.75
1.79,4.84,0.00, 1.75
1.79,4.85,0.00, 0.75
1.79,4.85,0.00, 0.00
1.79,4.88,0.00, 1.25
1.79,4.89,0.00, 1.00
1.79,4.93,0.00, 2.00
1.79,4.95,0.00, 1.00
1.79,4.95,0.00, 1.00
1.79,4.98,0.00, 1.25
1.79,5.02,0.00, 2.25
1.79,5.04,0.00, 0.76
1.79,5.04,0.00, 0.76
1.79,5.04,0.00, 0.76
1.79,5.07,0.00, 1.75
1.79,5.11,0.00, 2.00
1.79,5.12,0.00, 0.51
1.79,5.15,0.00, 1.50
1.79,5.19,0.00, 2.00
1.79,5.24,0.00, 2.25
1.82,5.27,1.48, 1.25
1.79,5.31,0.00, 2.50
1.79,5.32,0.00, 0.51
1.79,5.37,0.00, 2.24
1.82,5.40,1.48, 1.50
1.79,5.42,0.00, 1.00
1.79,5.43,0.00, 0.75
1.79,5.43,0.00, 0.00
1.79,5.46,0.00, 1.25
1.79,5.47,0.00, 0.50
1.79,5.49,0.00, 1.00
1.79,5.49,0.00, 1.00
1.79,5.49,0.00, 1.00
1.79,5.49,0.00, 1.00
1.79,5.49,0.00, 1.00
1.79,5.49,0.00, 1.00
1.79,5.49,0.00, 1.00
1.79,5.49,0.00, 1.00
1.79,5.49,0.00, 1.00
1.79,5.49,0.00, 0.00
1.82,5.51,1.48, 0.75
1.82,5.52,0.02, 0.75
1.82,5.55,0.00, 1.75
1.79,5.56,0.00, 0.50
1.79,5.57,0.00, 0.50
1.79,5.61,0.00, 1.50
1.79,5.61,0.00, 0.50
1.79,5.60,0.00, 0.00
1.82,5.59,1.48, 0.00
1.82,5.58,0.02, 0.00
1.79,5.58,0.00, 0.00
1.82,5.55,1.48, 0.00
1.82,5.52,0.02, 0.00
1.79,5.51,0.00, 0.00
1.79,5.51,0.00, 0.00
1.79,5.51,0.00, 0.00
1.79,5.51,0.00, 0.00
1.79,5.52,0.00, 0.50
1.79,5.52,0.00, 0.00
1.79,5.49,0.00, 0.00
1.79,5.49,0.00, 0.00
1.79,5.47,0.00, 0.00
1.79,5.46,0.00, 0.00
1.79,5.45,0.00, 0.00
1.79,5.43,0.00, 0.00
1.79,5.43,0.00, 0.00
1.82,5.41,1.48, 0.00
1.79,5.40,0.00, 0.00
1.79,5.39,0.00, 0.00
1.79,5.38,0.00, 0.00
1.79,5.38,0.00, 0.00
1.79,5.36,0.00, 0.00
1.79,5.36,0.00, 0.00
1.79,5.34,0.00, 0.00
1.82,5.31,1.48, 0.00
1.79,5.31,0.00, 0.00
1.82,5.27,1.48, 0.00
1.79,5.24,0.00, 0.00
1.82,5.21,1.48, 0.00
1.82,5.21,1.48, 0.00
1.82,5.21,1.48, 0.00
1.79,5.15,0.00, 0.00
1.82,5.12,1.48, 0.00
1.79,5.11,0.00, 0.00
1.79,5.09,0.00, 0.00
1.82,5.06,1.48, 0.00
1.82,5.07,0.02, 1.00
1.79,5.06,0.00, 0.00
1.79,5.07,0.00, 1.00
1.79,5.08,0.00, 0.25
1.82,5.07,1.48, 0.00
1.79,5.06,0.00, 0.00
1.79,5.06,0.00, 0.00
1.79,5.03,0.00, 0.00
1.79,5.02,0.00, 0.00
1.79,5.01,0.00, 0.00
1.79,4.99,0.00, 0.00
1.82,4.97,1.48, 0.00
1.82,4.97,1.48, 0.00
1.82,4.97,1.48, 0.00
1.82,4.97,1.48, 0.00
1.79,4.96,0.00, 0.00
1.79,4.96,0.00, 0.00
1.79,4.96,0.00, 0.00
1.79,4.95,0.00, 0.00
1.82,4.91,1.48, 0.00
1.79,4.85,0.00, 0.00
1.79,4.86,0.00, 0.50
1.82,4.83,1.48, 0.00
1.82,4.84,0.02, 0.50
1.82,4.83,0.00, 0.00
1.79,4.84,0.00, 0.50
1.79,4.84,0.00, 0.50
1.82,4.81,1.48, 0.00
1.82,4.81,1.48, 0.00
1.79,4.79,0.00, 0.00
1.79,4.79,0.00, 0.00
1.79,4.79,0.00, 0.00
1.79,4.79,0.00, 0.00
1.79,4.79,0.00, 0.00
1.79,4.79,0.00, 0.00
1.79,4.79,0.00, 0.00
1.79,4.79,0.00, 0.00
1.79,4.79,0.00, 0.00
1.79,4.79,0.00, 0.00
1.82,4.77,1.48, 0.00
1.82,4.77,1.48, 0.00
1.79,4.75,0.00, 0.00
1.82,4.70,1.48, 0.00
1.82,4.70,1.48, 0.00
1.79,4.65,0.00, 0.00
1.79,4.65,0.00, 0.00
1.79,4.65,0.00, 0.00
1.79,4.65,0.00, 0.00
1.79,4.65,0.00, 0.00
1.79,4.65,0.00, 0.00
1.79,4.65,0.00, 0.00
1.82,4.62,1.48, 0.00
1.82,4.62,1.48, 0.00
1.79,4.62,0.00, 0.00
1.79,4.62,0.00, 0.00
1.82,4.64,1.48, 0.50
1.82,4.62,0.02, 0.00
1.82,4.56,0.00, 0.00
1.82,4.53,0.00, 0.00
1.82,4.52,0.00, 0.00
1.82,4.52,0.00, 0.00
1.82,4.52,0.00, 0.00
1.82,4.49,0.00, 0.00
1.82,4.49,0.00, 0.00
1.82,4.49,0.00, 0.00
1.82,4.49,0.00, 0.00
1.82,4.47,0.00, 0.00
1.82,4.47,0.00, 0.00
1.82,4.47,0.00, 0.00
1.82,4.45,0.00, 0.00
1.82,4.47,0.00, 0.75
1.82,4.48,0.00, 0.50
1.82,4.47,0.00, 0.00
1.82,4.48,0.00, 0.50
1.82,4.49,0.00, 0.50
1.82,4.47,0.00, 0.00
1.82,4.49,0.00, 1.00
1.79,4.51,0.00, 1.25
1.79,4.52,0.00, 0.25
1.82,4.52,1.48, 0.00
1.82,4.52,1.48, 0.00
1.82,4.52,0.02, 0.00
1.82,4.52,0.02, 0.00
1.82,4.51,0.00, 0.00
1.82,4.52,0.00, 0.50
1.82,4.52,0.00, 0.50
1.82,4.53,0.00, 0.50
1.82,4.53,0.00, 0.50
1.82,4.53,0.00, 0.00
1.82,4.53,0.00, 0.00
1.79,4.53,0.00, 0.00
1.82,4.51,1.48, 0.00
1.82,4.52,0.02, 0.50
1.82,4.52,0.02, 0.50
1.82,4.52,0.02, 0.50
1.82,4.49,0.00, 0.00
1.82,4.49,0.00, 0.00
1.82,4.49,0.00, 0.00
1.82,4.49,0.00, 0.00
1.82,4.45,0.00, 0.00
1.79,4.42,0.00, 0.00
1.79,4.42,0.00, 0.00
1.82,4.40,1.48, 0.00
1.82,4.33,0.02, 0.00
1.82,4.29,0.00, 0.00
1.82,4.26,0.00, 0.00
1.82,4.20,0.00, 0.00
1.82,4.18,0.00, 0.00
1.82,4.15,0.00, 0.00
1.82,4.06,0.00, 0.00
1.82,4.06,0.00, 0.00
1.82,4.06,0.00, 0.00
1.82,4.06,0.00, 0.00
1.82,4.06,0.00, 0.00
1.82,4.06,0.00, 0.00
1.82,4.06,0.00, 0.00
1.82,4.06,0.00, 0.00
1.82,4.06,0.00, 0.00
1.79,4.02,0.00, 0.00
1.79,4.02,0.00, 0.00
1.79,4.02,0.00, 0.00
1.82,3.95,1.48, 0.00
1.82,3.87,0.02, 0.00
1.82,3.87,0.02, 0.00
1.82,3.87,0.02, 0.00
1.82,3.87,0.02, 0.00
1.82,3.87,0.02, 0.00
1.19,3.31,0.00, 0.00
1.17,3.18,0.00, 0.00
0.99,3.05,0.00, 0.00
0.90,2.64,0.00, 0.00
0.81,2.48,0.00, 0.00
0.70,2.32,0.00, 0.00
0.72,2.14,0.99, 0.00
0.63,1.94,0.00, 0.00
0.58,1.72,0.00, 0.00
0.58,1.54,0.00, 0.00
0.58,1.33,0.00, 0.00
0.54,1.16,0.00, 0.00
0.47,0.99,0.00, 0.00
0.47,0.84,0.00, 0.00
0.38,0.71,0.00, 0.00
0.29,0.61,0.00, 0.00
0.29,0.61,0.00, 0.00
0.31,0.49,0.99, 0.00
0.25,0.40,0.00, 0.00
0.25,0.30,0.00, 0.00
0.25,0.30,0.00, 0.00
0.25,0.30,0.00, 0.00
0.29,0.22,1.97, 0.00
0.27,0.15,0.00, 0.00
0.22,0.05,0.00, 0.00
0.25,0.04,1.48, 0.00
0.22,0.05,0.00, 1.00
0.16,0.06,0.00, 0.25
0.22,0.06,2.96, 0.00
0.22,0.06,2.96, 0.00
0.22,0.06,2.96, 0.00
0.25,0.07,1.52, 0.50
0.25,0.07,1.52, 0.50
0.16,0.06,0.00, 0.00
0.16,0.06,0.00, 0.00
0.16,0.06,0.00, 0.00
0.18,0.05,0.99, 0.00
0.11,0.04,0.00, 0.00
0.00,0.05,0.00, 1.00
0.00,0.05,0.00, 1.00
0.00,0.05,0.00, 1.00
0.00,0.05,0.00, 1.00
0.00,0.06,0.00, 0.25
0.00,0.06,0.00, 0.25
0.00,0.06,0.00, 0.25
0.07,0.06,3.45, 0.00
0.22,0.06,7.44, 0.00
0.16,0.04,0.00, 0.00
0.16,0.04,0.00, 0.00
0.18,0.05,0.99, 0.50
0.18,0.05,0.99, 0.50
0.18,0.05,0.99, 0.50
0.18,0.05,0.99, 0.50
0.18,0.05,0.99, 0.50
0.18,0.05,0.99, 0.50
0.18,0.05,0.99, 0.50
0.18,0.05,0.01, 0.00
0.18,0.05,0.01, 0.00
0.18,0.05,0.01, 0.00
0.18,0.05,0.01, 0.00
0.18,0.05,0.01, 0.00
0.18,0.05,0.01, 0.00
0.18,0.05,0.01, 0.00
0.18,0.05,0.01, 0.00
0.18,0.05,0.01, 0.00
0.18,0.05,0.01, 0.00
0.18,0.05,0.00, 0.00
0.18,0.05,0.00, 0.00
0.18,0.05,0.00, 0.00
0.18,0.05,0.00, 0.00
0.18,0.05,0.00, 0.00
0.18,0.05,0.00, 0.00
0.18,0.05,0.00, 0.00
0.18,0.05,0.00, 0.00
0.18,0.05,0.00, 0.00
0.18,0.05,0.00, 0.50
0.16,0.05,0.00, 0.00
0.00,0.05,0.00, 0.50
0.16,0.05,7.88, 0.00
0.16,0.05,0.12, 0.50
0.05,0.16,0.00, 5.23
0.00,0.26,0.00, 5.25
0.00,0.54,0.00, 13.72
0.00,0.80,0.00, 13.00
0.05,1.02,2.46, 11.01
0.07,1.50,1.02, 24.20
0.18,1.79,5.43, 14.29
0.18,1.79,5.43, 14.29
0.18,1.79,5.43, 14.29
0.14,2.36,0.00, 28.20
0.14,2.36,0.00, 28.20
0.27,2.61,6.40, 12.56
0.40,2.86,6.50, 12.50
0.40,2.86,6.50, 12.50
0.81,3.28,20.29, 21.47
1.03,3.48,11.14, 9.79
1.03,3.48,11.14, 9.79
1.03,3.48,11.14, 9.79
1.21,3.67,9.03, 9.50
1.39,3.82,9.00, 7.26
1.57,3.95,9.00, 7.00
1.75,4.51,9.00, 27.67
1.75,4.61,0.13, 4.83
1.77,4.66,0.99, 3.01
1.75,4.75,0.00, 4.25
1.77,4.80,0.99, 2.26
1.77,4.86,0.01, 3.00
1.77,4.88,0.00, 1.01
1.77,4.92,0.00, 2.25
1.77,4.95,0.00, 1.75
1.77,5.00,0.00, 2.25
1.77,5.02,0.00, 1.00
1.79,5.02,0.99, 0.00
1.77,5.03,0.00, 0.50
1.77,5.06,0.00, 1.25
1.77,5.09,0.00, 1.75
1.79,5.10,0.99, 0.50
1.77,5.11,0.00, 0.75
1.77,5.14,0.00, 1.00
1.77,5.14,0.00, 0.50
1.79,5.18,0.99, 1.99
1.79,5.22,0.01, 1.50
1.79,5.28,0.00, 2.99
1.79,5.31,0.00, 2.00
1.79,5.34,0.00, 1.00
1.77,5.35,0.00, 0.75
1.79,5.36,0.99, 0.75
1.77,5.36,0.00, 0.00
1.77,5.36,0.00, 0.00
1.79,5.36,0.99, 0.00
1.79,5.36,0.01, 0.00
1.79,5.38,0.00, 1.00
1.79,5.36,0.00, 0.00
1.79,5.38,0.00, 0.50
1.79,5.39,0.00, 0.50
1.79,5.36,0.00, 0.00
1.79,5.36,0.00, 0.00
1.79,5.39,0.00, 1.00
1.79,5.38,0.00, 0.00
1.79,5.40,0.00, 1.25
1.79,5.41,0.00, 0.50
1.79,5.39,0.00, 0.00
1.79,5.39,0.00, 0.00
1.82,5.35,1.48, 0.00
1.79,5.32,0.00, 0.00
1.79,5.27,0.00, 0.00
1.79,5.24,0.00, 0.00
1.79,5.22,0.00, 0.00
1.79,5.19,0.00, 0.00
1.79,5.20,0.00, 0.50
1.82,5.21,1.48, 0.50
1.79,5.23,0.00, 1.00
1.82,5.26,1.48, 1.75
1.82,5.30,0.02, 1.50
1.79,5.32,0.00, 1.00
1.79,5.33,0.00, 0.75
1.82,5.34,1.48, 0.50
1.79,5.35,0.00, 0.25
1.79,5.34,0.00, 0.00
1.79,5.34,0.00, 0.00
1.79,5.34,0.00, 0.00
1.82,5.38,1.48, 1.74
1.79,5.36,0.00, 0.00
1.79,5.38,0.00, 0.50
1.82,5.39,1.48, 0.75
1.82,5.35,0.02, 0.00
1.82,5.33,0.00, 0.00
1.79,5.31,0.00, 0.00
1.82,5.30,1.48, 0.00
1.82,5.31,0.02, 0.50
1.82,5.31,0.00, 0.00
1.82,5.31,0.00, 0.00
1.79,5.32,0.00, 0.50
1.82,5.30,1.48, 0.00
1.82,5.27,0.02, 0.00
1.79,5.24,0.00, 0.00
1.79,5.21,0.00, 0.00
1.82,5.16,1.48, 0.00
1.79,5.12,0.00, 0.00
1.79,5.09,0.00, 0.00
1.79,5.05,0.00, 0.00
1.82,5.05,1.48, 0.00
1.79,5.02,0.00, 0.00
1.82,4.99,1.48, 0.00
1.82,4.99,0.02, 0.00
1.82,4.97,0.00, 0.00
1.79,4.94,0.00, 0.00
1.82,4.94,1.48, 0.00
1.82,4.95,0.02, 0.25
1.82,4.95,0.02, 0.25
1.82,4.96,0.00, 0.50
1.82,4.95,0.00, 0.00
1.79,4.99,0.00, 2.24
1.82,5.02,1.48, 1.50
1.82,5.11,0.02, 4.24
1.79,5.07,0.00, 0.00
1.82,5.09,1.48, 1.00
1.82,5.10,0.02, 0.50
1.79,5.11,0.00, 0.25
1.82,5.11,1.48, 0.00
1.82,5.07,0.02, 0.00
1.82,5.07,0.02, 0.00
1.82,5.07,0.02, 0.00
1.79,5.07,0.00, 0.00
1.82,5.05,1.48, 0.00
1.82,5.02,0.02, 0.00
1.79,5.02,0.00, 0.00
1.82,5.01,1.48, 0.00
1.82,5.01,1.48, 0.00
1.82,5.01,1.48, 0.00
1.82,5.01,1.48, 0.00
1.82,5.01,1.48, 0.00
1.82,5.01,1.48, 0.00
1.82,4.98,0.02, 0.00
1.79,4.95,0.00, 0.00
1.79,4.94,0.00, 0.00
1.82,4.93,1.48, 0.00
1.79,4.93,0.00, 0.00
1.79,4.89,0.00, 0.00
1.79,4.89,0.00, 0.00
1.79,4.88,0.00, 0.00
1.82,4.83,1.48, 0.00
1.79,4.81,0.00, 0.00
1.79,4.81,0.00, 0.00
1.79,4.81,0.00, 0.00
1.79,4.81,0.00, 0.00
1.79,4.81,0.00, 0.00
1.79,4.81,0.00, 0.00
1.79,4.81,0.00, 0.00
1.82,4.82,1.48, 0.50
1.79,4.80,0.00, 0.00
1.79,4.80,0.00, 0.00
1.79,4.80,0.00, 0.00
1.79,4.80,0.00, 0.00
1.79,4.80,0.00, 0.00
1.79,4.80,0.00, 0.00
1.79,4.80,0.00, 0.00
1.79,4.80,0.00, 0.00
1.79,4.80,0.00, 0.00
1.79,4.80,0.00, 0.00
1.79,4.80,0.00, 0.00
1.79,4.80,0.00, 0.00
1.79,4.80,0.00, 0.00
1.79,4.80,0.00, 0.00
1.79,4.80,0.00, 0.00
1.79,4.80,0.00, 0.00
1.82,4.80,1.48, 0.00
1.82,4.80,1.48, 0.00
1.82,4.81,0.02, 0.50
1.82,4.81,0.02, 0.50
1.82,4.81,0.02, 0.50
1.82,4.81,0.02, 0.50
1.82,4.81,0.02, 0.50
1.82,4.81,0.02, 0.50
1.82,4.81,0.02, 0.50
1.82,4.78,0.00, 0.00
1.82,4.78,0.00, 0.00
1.82,4.78,0.00, 0.00
1.82,4.78,0.00, 0.00
1.82,4.78,0.00, 0.00
1.82,4.78,0.00, 0.00
1.82,4.78,0.00, 0.00
1.82,4.61,0.00, 0.00
1.82,4.61,0.00, 0.00
1.82,4.61,0.00, 0.00
1.82,4.61,0.00, 0.00
1.82,4.61,0.00, 0.00
1.82,4.61,0.00, 0.00
1.82,4.61,0.00, 0.00
1.82,4.60,0.00, 0.00
1.82,4.60,0.00, 0.00
1.82,4.60,0.00, 0.00
1.82,4.60,0.00, 0.00
1.82,4.60,0.00, 0.00
1.82,4.60,0.00, 0.00
1.82,4.60,0.00, 0.00
1.82,4.60,0.00, 0.00
1.82,4.60,0.00, 0.00
1.82,4.52,0.00, 0.00
1.82,4.52,0.00, 0.00
1.82,4.52,0.00, 0.00
1.82,4.52,0.00, 0.00
1.82,4.52,0.00, 0.00
1.82,4.52,0.00, 0.00
1.82,4.52,0.00, 0.00
1.82,4.52,0.00, 0.00
1.82,4.52,0.00, 0.00
1.82,4.52,0.00, 0.00
1.82,4.52,0.00, 0.00
1.82,4.52,0.00, 0.00
1.82,4.52,0.00, 0.00
1.82,4.52,0.00, 0.00
1.82,4.45,0.00, 0.00
1.82,4.45,0.00, 0.00
1.82,4.35,0.00, 0.00
1.82,4.29,0.00, 0.00
1.82,4.20,0.00, 0.00
1.79,4.20,0.00, 0.00
1.79,4.20,0.00, 0.00
1.79,4.20,0.00, 0.00
1.79,4.20,0.00, 0.00
1.82,4.22,1.48, 0.50
1.82,4.23,0.02, 0.75
1.82,4.23,0.02, 0.75
1.82,4.23,0.02, 0.75
1.82,4.23,0.02, 0.75
1.82,4.23,0.02, 0.75
1.82,4.23,0.02, 0.75
1.82,4.23,0.02, 0.75
1.82,4.23,0.02, 0.75
1.82,4.23,0.02, 0.75
1.82,4.23,0.00, 0.00
1.79,4.17,0.00, 0.00
1.82,4.13,1.48, 0.00
1.82,3.99,0.02, 0.00
1.82,3.99,0.02, 0.00
1.82,3.91,0.00, 0.00
1.82,3.91,0.00, 0.00
1.82,3.91,0.00, 0.00
1.82,3.91,0.00, 0.00
1.82,3.91,0.00, 0.00
1.82,3.91,0.00, 0.00
1.82,3.91,0.00, 0.00
1.82,3.88,0.00, 0.00
1.82,3.84,0.00, 0.00
1.82,3.83,0.00, 0.00
1.82,3.83,0.00, 0.00
1.82,3.83,0.00, 0.00
1.82,3.83,0.00, 0.00
1.82,3.83,0.00, 0.00
1.82,3.83,0.00, 0.00
1.82,3.83,0.00, 0.00
1.32,3.45,0.00, 0.00
1.19,3.37,0.00, 0.00
1.19,3.37,0.00, 0.00
1.19,3.37,0.00, 0.00
1.19,3.37,0.00, 0.00
1.19,3.37,0.00, 0.00
1.19,3.37,0.00, 0.00
1.19,3.37,0.00, 0.00
1.19,3.37,0.00, 0.00
1.19,3.37,0.00, 0.00
1.19,3.37,0.00, 0.00
1.19,3.37,0.00, 0.00
1.19,3.37,0.00, 0.00
1.19,3.37,0.00, 0.00
1.19,3.37,0.00, 0.00
1.19,3.37,0.00, 0.00
1.19,3.37,0.00, 0.00
1.19,3.37,0.00, 0.00
1.19,3.37,0.00, 0.00
1.19,3.37,0.00, 0.00
1.19,3.37,0.00, 0.00
1.19,3.37,0.00, 0.00
1.19,3.37,0.00, 0.00
1.19,3.37,0.00, 0.00
1.19,3.37,0.00, 0.00
1.19,3.37,0.00, 0.00
1.19,3.37,0.00, 0.00
1.19,3.37,0.00, 0.00
1.19,3.37,0.00, 0.00
1.19,3.37,0.00, 0.00
1.19,3.37,0.00, 0.00
1.19,3.37,0.00, 0.00
1.19,3.37,0.00, 0.00
1.19,3.37,0.00, 0.00
1.19,3.37,0.00, 0.00
1.39,3.30,9.85, 0.00
1.39,3.30,9.85, 0.00
1.39,3.30,9.85, 0.00
1.39,3.30,9.85, 0.00
1.39,3.30,9.85, 0.00
1.39,3.30,9.85, 0.00
1.39,3.30,9.85, 0.00
1.39,3.30,9.85, 0.00
1.39,3.30,9.85, 0.00
1.39,3.30,9.85, 0.00
1.39,3.30,9.85, 0.00
1.39,3.30,9.85, 0.00
1.39,3.30,9.85, 0.00
1.39,3.30,9.85, 0.00
0.85,2.99,0.00, 0.00
0.85,2.99,0.00, 0.00
0.85,2.99,0.00, 0.00
0.85,2.99,0.00, 0.00
0.85,2.99,0.00, 0.00
0.85,2.99,0.00, 0.00
0.85,2.99,0.00, 0.00
0.85,2.99,0.00, 0.00
0.85,2.99,0.00, 0.00
0.85,2.99,0.00, 0.00
0.74,2.93,0.00, 0.00
0.74,2.93,0.00, 0.00
0.74,2.93,0.00, 0.00
0.74,2.93,0.00, 0.00
0.74,2.93,0.00, 0.00
0.74,2.93,0.00, 0.00
0.74,2.93,0.00, 0.00
0.74,2.93,0.00, 0.00
0.74,2.93,0.00, 0.00
0.20,0.06,0.00, 0.00
0.18,0.06,0.00, 0.00
0.18,0.06,0.00, 0.00
0.18,0.06,0.00, 0.00
0.18,0.06,0.00, 0.00
0.18,0.06,0.00, 0.00
0.18,0.06,0.00, 0.00
0.18,0.06,0.00, 0.00
0.18,0.06,0.00, 0.00
0.18,0.06,0.00, 0.00
0.18,0.06,0.00, 0.00
0.18,0.06,0.00, 0.00
0.18,0.06,0.00, 0.00
0.18,0.06,0.00, 0.00
0.18,0.06,0.00, 0.00
0.18,0.06,0.00, 0.00
0.18,0.05,0.00, 0.00
0.18,0.05,0.00, 0.50
0.18,0.05,0.00, 0.50
0.18,0.05,0.00, 0.50
0.18,0.05,0.00, 0.50
0.18,0.05,0.00, 0.50
0.18,0.05,0.00, 0.50
0.00,0.43,0.00, 18.43
0.00,0.43,0.00, 18.43
0.00,0.43,0.00, 18.43
0.00,0.43,0.00, 18.43
0.00,0.43,0.00, 18.43
0.00,0.43,0.00, 18.43
0.00,0.43,0.00, 18.43
0.00,0.43,0.00, 18.43
0.00,0.43,0.00, 18.43
0.00,0.43,0.00, 18.43
0.00,0.63,0.00, 10.28
0.00,0.63,0.00, 10.28
0.00,0.63,0.00, 10.28
0.00,0.63,0.00, 10.28
0.00,0.63,0.00, 10.28
0.00,0.63,0.00, 10.28
0.00,0.63,0.00, 10.28
0.00,0.63,0.00, 10.28
0.00,0.63,0.00, 10.28
0.00,0.63,0.00, 10.28
0.00,0.63,0.00, 10.28
0.00,0.85,0.00, 11.00
0.00,2.28,0.00, 71.28
0.00,2.28,0.00, 71.28
0.00,2.28,0.00, 71.28
0.00,2.28,0.00, 71.28
0.00,2.28,0.00, 71.28
0.00,2.28,0.00, 71.28
1.10,3.78,54.19, 74.99
1.10,3.78,54.19, 74.99
1.10,3.78,54.19, 74.99
1.10,3.78,54.19, 74.99
1.10,3.78,54.19, 74.99
1.10,3.78,54.19, 74.99
1.10,3.78,54.19, 74.99
1.10,3.78,54.19, 74.99
1.10,3.78,54.19, 74.99
1.10,3.78,54.19, 74.99
1.77,4.64,33.80, 42.87
1.77,4.69,0.50, 2.90
1.77,4.69,0.50, 2.90
1.77,4.69,0.50, 2.90
1.77,4.69,0.50, 2.90
1.77,4.69,0.50, 2.90
1.77,4.69,0.50, 2.90
1.77,4.69,0.50, 2.90
1.77,4.69,0.50, 2.90
1.77,4.69,0.50, 2.90
1.77,4.69,0.50, 2.90
1.79,4.95,0.99, 12.71
1.79,4.95,0.99, 12.71
1.79,4.95,0.99, 12.71
1.79,5.17,0.01, 11.26
1.77,5.20,0.00, 1.78
1.79,5.32,0.99, 5.74
1.79,5.28,0.01, 0.00
1.79,5.27,0.00, 0.00
1.79,5.24,0.00, 0.00
1.79,5.24,0.00, 0.00
1.79,5.19,0.00, 0.00
1.79,5.18,0.00, 0.00
1.79,5.18,0.00, 0.00
1.79,5.15,0.00, 0.00
1.79,5.14,0.00, 0.00
1.79,5.15,0.00, 0.25
1.79,5.15,0.00, 0.25
1.79,5.18,0.00, 1.25
1.79,5.18,0.00, 1.25
1.79,5.18,0.00, 0.00
1.79,5.15,0.00, 0.00
1.79,5.14,0.00, 0.00
1.79,5.12,0.00, 0.00
1.82,5.11,1.48, 0.00
1.79,5.08,0.00, 0.00
1.79,5.07,0.00, 0.00
1.82,5.06,1.48, 0.00
1.79,5.06,0.00, 0.00
1.79,5.07,0.00, 0.50
1.79,5.09,0.00, 1.00
1.82,5.07,1.48, 0.00
1.82,5.09,0.02, 0.75
1.82,5.10,0.00, 0.50
1.82,5.11,0.00, 0.25
1.82,5.11,0.00, 0.25
1.82,5.14,0.00, 1.50
1.82,5.17,0.00, 1.75
1.82,5.17,0.00, 1.75
1.82,5.17,0.00, 0.01
1.79,5.18,0.00, 0.25
1.82,5.19,1.48, 1.00
1.82,5.19,0.02, 0.00
1.79,5.18,0.00, 0.00
1.79,5.18,0.00, 0.00
1.79,5.18,0.00, 0.00
1.82,5.18,1.48, 0.50
1.79,5.18,0.00, 0.00
1.79,5.19,0.00, 0.50
1.82,5.18,1.48, 0.00
1.82,5.18,0.02, 0.00
1.82,5.20,0.00, 1.00
1.79,5.18,0.00, 0.00
1.79,5.19,0.00, 0.50
1.82,5.18,1.48, 0.00
1.82,5.18,0.02, 0.00
1.82,5.18,0.02, 0.00
1.82,5.16,0.00, 0.00
1.79,5.16,0.00, 0.00
1.82,5.15,1.48, 0.00
1.79,5.14,0.00, 0.00
1.79,5.14,0.00, 0.00
1.82,5.11,1.48, 0.00
1.82,5.12,0.02, 0.50
1.82,5.12,0.00, 0.00
1.82,5.10,0.00, 0.00
1.82,5.10,0.00, 0.00
1.82,5.10,0.00, 0.00
1.82,5.10,0.00, 0.00
1.82,5.09,0.00, 0.00
1.82,5.07,0.00, 0.00
1.79,5.09,0.00, 0.50
1.82,5.07,1.48, 0.00
1.82,5.07,1.48, 0.00
1.82,5.06,0.02, 0.00
1.82,5.05,0.00, 0.00
1.79,5.05,0.00, 0.00
1.79,5.03,0.00, 0.00
1.79,5.03,0.00, 0.00
1.79,5.02,0.00, 0.00
1.82,4.98,1.48, 0.00
1.82,4.97,0.02, 0.00
1.82,4.93,0.00, 0.00
1.82,4.93,0.00, 0.00
1.82,4.90,0.00, 0.00
1.82,4.90,0.00, 0.00
1.82,4.90,0.00, 0.00
1.82,4.90,0.00, 0.00
1.79,4.90,0.00, 0.00
1.82,4.88,1.48, 0.00
1.82,4.88,0.02, 0.00
1.82,4.85,0.00, 0.00
1.79,4.86,0.00, 0.50
1.82,4.84,1.48, 0.00
1.82,4.82,0.02, 0.00
1.82,4.81,0.00, 0.00
1.79,4.81,0.00, 0.00
1.82,4.81,1.48, 0.00
1.82,4.82,0.02, 0.50
1.82,4.82,0.00, 0.25
1.79,4.78,0.00, 0.00
1.82,4.79,1.48, 0.50
1.82,4.79,0.02, 0.00
1.82,4.79,0.02, 0.00
1.82,4.76,0.00, 0.00
1.82,4.76,0.00, 0.00
1.82,4.76,0.00, 0.00
1.82,4.74,0.00, 0.00
1.82,4.73,0.00, 0.00
1.82,4.70,0.00, 0.00
1.82,4.71,0.00, 0.50
1.82,4.72,0.00, 0.50
1.82,4.72,0.00, 0.50
1.82,4.70,0.00, 0.00
1.82,4.71,0.00, 0.25
1.82,4.68,0.00, 0.00
1.82,4.68,0.00, 0.00
1.82,4.68,0.00, 0.00
1.82,4.68,0.00, 0.50
1.82,4.66,0.00, 0.00
1.82,4.68,0.00, 0.50
1.82,4.69,0.00, 0.50
1.82,4.69,0.00, 0.00
1.79,4.68,0.00, 0.00
1.82,4.71,1.48, 1.25
1.82,4.70,0.02, 0.00
1.82,4.70,0.00, 0.00
1.82,4.72,0.00, 1.25
1.82,4.70,0.00, 0.00
1.82,4.66,0.00, 0.00
1.82,4.67,0.00, 0.25
1.82,4.67,0.00, 0.25
1.82,4.67,0.00, 0.00
1.82,4.67,0.00, 0.00
1.82,4.68,0.00, 0.75
1.82,4.68,0.00, 0.75
1.82,4.68,0.00, 0.75
1.82,4.67,0.00, 0.00
1.82,4.66,0.00, 0.00
1.82,4.65,0.00, 0.00
1.79,4.66,0.00, 0.50
1.82,4.64,1.48, 0.00
1.82,4.61,0.02, 0.00
1.82,4.61,0.02, 0.00
1.82,4.64,0.00, 1.00
1.82,4.64,0.00, 1.00
1.79,4.62,0.00, 0.00
1.82,4.65,1.48, 1.25
1.82,4.66,0.02, 0.50
1.79,4.66,0.00, 0.00
1.79,4.66,0.00, 0.00
1.82,4.66,1.48, 0.00
1.82,4.65,0.02, 0.00
1.82,4.65,0.02, 0.00
1.82,4.65,0.02, 0.00
1.82,4.65,0.02, 0.00
1.82,4.61,0.00, 0.00
1.79,4.60,0.00, 0.00
1.82,4.60,1.48, 0.00
1.82,4.57,0.02, 0.00
1.82,4.55,0.00, 0.00
1.82,4.53,0.00, 0.00
1.82,4.53,0.00, 0.00
1.82,4.53,0.00, 0.00
1.82,4.53,0.00, 0.00
1.82,4.53,0.00, 0.00
1.82,4.52,0.00, 0.00
1.82,4.52,0.00, 0.00
1.82,4.52,0.00, 0.00
1.82,4.52,0.00, 0.00
1.82,4.52,0.00, 0.00
1.82,4.52,0.00, 0.00
1.82,4.52,0.00, 0.00
1.82,4.52,0.00, 0.00
1.82,4.49,0.00, 0.00
1.82,4.49,0.00, 0.00
1.82,4.49,0.00, 0.00
1.79,4.49,0.00, 0.00
1.82,4.46,1.48, 0.00
1.82,4.40,0.02, 0.00
1.82,4.40,0.00, 0.00
1.82,4.36,0.00, 0.00
1.82,4.32,0.00, 0.00
1.82,4.32,0.00, 0.00
1.84,4.30,0.99, 0.00
1.82,4.28,0.00, 0.00
1.82,4.26,0.00, 0.00
1.82,4.26,0.00, 0.00
1.82,4.26,0.00, 0.00
1.82,4.26,0.00, 0.00
1.82,4.26,0.00, 0.00
1.82,4.27,0.00, 0.50
1.82,4.27,0.00, 0.50
1.82,4.27,0.00, 0.50
1.82,4.27,0.00, 0.50
1.82,4.27,0.00, 0.50
1.82,4.27,0.00, 0.50
1.82,4.27,0.00, 0.50
1.82,4.24,0.00, 0.00
1.82,4.24,0.00, 0.00
1.82,4.21,0.00, 0.00
1.79,3.99,0.00, 0.00
1.79,3.99,0.00, 0.00
1.79,3.99,0.00, 0.00
1.79,3.99,0.00, 0.00
1.30,3.72,0.00, 0.00
1.30,3.72,0.00, 0.00
1.30,3.72,0.00, 0.00
1.30,3.72,0.00, 0.00
1.30,3.72,0.00, 0.00
1.30,3.72,0.00, 0.00
1.30,3.72,0.00, 0.00
1.30,3.72,0.00, 0.00
1.30,3.72,0.00, 0.00
1.37,3.59,3.45, 0.00
1.19,3.50,0.00, 0.00
1.01,3.22,0.00, 0.00
0.72,1.85,0.00, 0.00
0.65,1.58,0.00, 0.00
0.63,1.35,0.00, 0.00
0.58,1.13,0.00, 0.00
0.56,0.90,0.00, 0.00
0.56,0.71,0.00, 0.00
0.56,0.71,0.00, 0.00
0.56,0.71,0.00, 0.00
0.56,0.71,0.00, 0.00
0.54,0.53,0.00, 0.00
0.49,0.37,0.00, 0.00
0.43,0.25,0.00, 0.00
0.34,0.03,0.00, 0.00
0.31,0.01,0.00, 0.00
0.27,0.05,0.00, 1.74
0.27,0.05,0.00, 1.74
0.27,0.05,0.00, 1.74
0.27,0.05,0.00, 1.74
0.27,0.05,0.00, 1.74
0.27,0.05,0.00, 1.74
0.27,0.05,0.00, 1.74
0.27,0.05,0.00, 1.74
0.27,0.05,0.00, 1.74
0.27,0.05,0.00, 1.74
0.27,0.05,0.00, 1.74
0.11,0.05,0.00, 0.50
0.11,0.06,0.00, 0.25
0.22,0.06,5.42, 0.00
0.25,0.05,1.56, 0.00
0.18,0.05,0.00, 0.50
0.18,0.05,0.00, 0.50
0.18,0.05,0.00, 0.50
0.18,0.05,0.00, 0.50
0.18,0.05,0.00, 0.50
0.18,0.05,0.00, 0.50
0.22,0.06,1.97, 0.25
0.20,0.06,0.00, 0.00
0.20,0.06,0.00, 0.00
0.20,0.06,0.00, 0.00
0.18,0.06,0.00, 0.00
0.07,0.06,0.00, 0.00
0.00,0.06,0.00, 0.00
0.00,0.06,0.00, 0.00
0.00,0.06,0.00, 0.00
0.00,0.06,0.00, 0.00
0.00,0.06,0.00, 0.00
0.00,0.06,0.00, 0.00
0.00,0.06,0.00, 0.00
0.00,0.06,0.00, 0.00
0.00,0.06,0.00, 0.00
0.00,0.06,0.00, 0.00
0.00,0.06,0.00, 0.00
0.00,0.06,0.00, 0.00
0.00,0.06,0.00, 0.00
0.00,0.06,0.00, 0.00
0.00,0.06,0.00, 0.00
0.00,0.05,0.00, 0.00
0.00,0.05,0.00, 0.00
0.11,0.05,5.42, 0.50
0.29,0.25,8.95, 9.72
0.38,1.81,4.57, 77.75
0.49,2.03,5.49, 11.00
0.49,2.03,5.49, 11.00
0.49,2.03,5.49, 11.00
0.49,2.03,5.49, 11.00
0.49,2.03,5.49, 11.00
0.49,2.03,5.49, 11.00
0.61,2.24,5.99, 10.50
0.74,2.47,6.49, 11.75
0.88,2.70,6.99, 11.50
1.57,3.63,34.10, 46.62
1.73,3.77,8.38, 6.90
1.75,3.89,1.11, 6.00
1.75,3.89,1.11, 6.00
1.75,3.89,1.11, 6.00
1.75,3.89,1.11, 6.00
1.75,3.89,1.11, 6.00
1.75,3.89,1.11, 6.00
1.75,3.89,1.11, 6.00
1.75,4.03,0.02, 7.00
1.75,4.03,0.02, 7.00
1.77,4.15,0.99, 6.00
1.77,4.27,0.01, 6.00
1.79,4.75,0.99, 23.93
1.77,4.80,0.00, 2.33
1.77,4.86,0.00, 3.25
1.77,4.86,0.00, 3.25
1.77,4.86,0.00, 3.25
1.77,4.86,0.00, 3.25
1.77,4.86,0.00, 3.25
1.77,4.86,0.00, 3.25
1.79,4.94,0.99, 4.00
1.79,5.02,0.01, 4.25
1.77,5.10,0.00, 3.50
1.79,5.22,0.99, 6.24
1.79,5.23,0.01, 0.52
1.79,5.28,0.00, 2.49
1.79,5.29,0.00, 0.51
1.79,5.29,0.00, 0.00
1.79,5.29,0.00, 0.00
1.79,5.27,0.00, 0.00
1.79,5.24,0.00, 0.00
1.79,5.22,0.00, 0.00
1.79,5.22,0.00, 0.25
1.79,5.19,0.00, 0.00
1.79,5.19,0.00, 0.00
1.79,5.19,0.00, 0.00
1.82,5.19,1.48, 0.00
1.79,5.18,0.00, 0.00
1.79,5.16,0.00, 0.00
1.82,5.17,1.48, 0.25
1.82,5.17,1.48, 0.25
1.79,5.18,0.00, 0.25
1.79,5.17,0.00, 0.00
1.82,5.17,1.48, 0.00
1.82,5.16,0.02, 0.00
1.82,5.13,0.00, 0.00
1.82,5.15,0.00, 1.00
1.82,5.11,0.00, 0.00
1.82,5.12,0.00, 0.25
1.82,5.10,0.00, 0.00
1.82,5.10,0.00, 0.00
1.79,5.11,0.00, 0.50
1.82,5.09,1.48, 0.00
1.82,5.10,0.02, 0.50
1.82,5.10,0.02, 0.50
1.79,5.09,0.00, 0.00
1.79,5.09,0.00, 0.00
1.82,5.09,1.48, 0.00
1.82,5.08,0.02, 0.00
1.82,5.07,0.00, 0.00
1.79,5.07,0.00, 0.00
1.79,5.07,0.00, 0.00
1.82,5.04,1.48, 0.00
1.82,5.05,0.02, 0.50
1.82,5.05,0.02, 0.50
1.82,5.05,0.02, 0.50
1.82,5.06,0.00, 0.25
1.82,5.07,0.00, 0.50
1.82,5.10,0.00, 1.75
1.82,5.11,0.00, 0.26
1.82,5.12,0.00, 1.00
1.79,5.12,0.00, 0.00
1.79,5.12,0.00, 0.00
1.82,5.14,1.48, 1.00
1.82,5.15,0.02, 0.25
1.82,5.16,0.00, 0.75
1.82,5.16,0.00, 0.00
1.82,5.18,0.00, 1.00
1.79,5.20,0.00, 1.00
1.82,5.22,1.48, 0.75
1.82,5.24,0.02, 0.75
1.82,5.24,0.00, 0.50
1.82,5.26,0.00, 0.50
1.82,5.28,0.00, 1.00
1.82,5.28,0.00, 1.00
1.82,5.28,0.00, 0.25
1.79,5.28,0.00, 0.00
1.79,5.30,0.00, 0.75
1.82,5.27,1.48, 0.00
1.82,5.26,0.02, 0.00
1.82,5.24,0.00, 0.00
1.82,5.24,0.00, 0.00
1.82,5.20,0.00, 0.00
1.82,5.20,0.00, 0.00
1.82,5.17,0.00, 0.00
1.82,5.17,0.00, 0.00
1.82,5.17,0.00, 0.00
1.82,5.17,0.00, 0.00
1.82,5.15,0.00, 0.00
1.82,5.16,0.00, 0.50
1.82,5.13,0.00, 0.00
1.82,5.11,0.00, 0.00
1.82,5.11,0.00, 0.00
1.82,5.09,0.00, 0.00
1.82,5.05,0.00, 0.00
1.82,5.04,0.00, 0.00
1.82,5.04,0.00, 0.00
1.82,5.03,0.00, 0.00
1.82,5.01,0.00, 0.00
1.82,5.02,0.00, 0.50
1.82,5.00,0.00, 0.00
1.82,4.97,0.00, 0.00
1.82,4.96,0.00, 0.00
1.84,4.94,0.99, 0.00
1.82,4.94,0.00, 0.00
1.82,4.94,0.00, 0.00
1.82,4.91,0.00, 0.00
1.82,4.91,0.00, 0.00
1.82,4.90,0.00, 0.00
1.82,4.90,0.00, 0.00
1.82,4.88,0.00, 0.00
1.82,4.88,0.00, 0.00
1.82,4.86,0.00, 0.00
1.82,4.85,0.00, 0.00
1.82,4.85,0.00, 0.00
1.82,4.85,0.00, 0.00
1.84,4.85,0.99, 0.00
1.82,4.84,0.00, 0.00
1.82,4.82,0.00, 0.00
1.82,4.82,0.00, 0.00
1.82,4.82,0.00, 0.50
1.82,4.82,0.00, 0.00
1.82,4.82,0.00, 0.00
1.82,4.82,0.00, 0.00
1.82,4.81,0.00, 0.00
1.82,4.82,0.00, 0.50
1.82,4.80,0.00, 0.00
1.84,4.81,0.99, 0.50
1.84,4.81,0.99, 0.50
1.82,4.77,0.00, 0.00
1.82,4.77,0.00, 0.00
1.82,4.74,0.00, 0.00
1.82,4.72,0.00, 0.00
1.82,4.70,0.00, 0.00
1.82,4.70,0.00, 0.00
1.82,4.70,0.00, 0.00
1.82,4.70,0.00, 0.00
1.82,4.70,0.00, 0.00
1.82,4.70,0.00, 0.00
1.82,4.70,0.00, 0.00
1.82,4.70,0.00, 0.00
1.82,4.70,0.00, 0.00
1.82,4.70,0.00, 0.00
1.82,4.66,0.00, 0.00
1.82,4.65,0.00, 0.00
1.82,4.64,0.00, 0.00
1.82,4.60,0.00, 0.00
1.82,4.59,0.00, 0.00
1.82,4.55,0.00, 0.00
1.82,4.55,0.00, 0.00
1.82,4.53,0.00, 0.00
1.82,4.53,0.00, 0.00
1.82,4.49,0.00, 0.00
1.82,4.49,0.00, 0.00
1.82,4.47,0.00, 0.00
1.82,4.49,0.00, 1.00
1.82,4.52,0.00, 1.25
1.82,4.51,0.00, 0.00
1.82,4.53,0.00, 1.00
1.82,4.53,0.00, 0.25
1.82,4.55,0.00, 1.25
1.82,4.55,0.00, 0.00
1.82,4.55,0.00, 0.00
1.82,4.55,0.00, 0.00
1.82,4.55,0.00, 0.00
1.82,4.55,0.00, 0.00
1.82,4.55,0.00, 0.00
1.82,4.55,0.00, 0.00
1.82,4.55,0.00, 0.00
1.82,4.55,0.00, 0.00
1.82,4.55,0.00, 0.00
1.82,4.55,0.00, 0.00
1.82,4.59,0.00, 1.49
1.82,4.60,0.00, 0.75
1.82,4.60,0.00, 0.75
1.82,4.60,0.00, 0.75
1.82,4.60,0.00, 0.75
1.82,4.86,0.00, 12.96
1.82,4.92,0.00, 3.04
1.82,4.96,0.00, 2.00
1.82,4.97,0.00, 0.51
1.82,4.99,0.00, 1.00
1.82,5.00,0.00, 0.50
1.82,5.03,0.00, 1.50
1.82,5.04,0.00, 0.50
1.82,5.03,0.00, 0.00
1.82,5.06,0.00, 1.74
1.82,5.17,0.00, 5.24
1.82,5.17,0.00, 5.24
1.82,5.18,0.00, 0.77
1.82,5.18,0.00, 0.77
1.82,5.18,0.00, 0.77
1.82,5.18,0.00, 0.77
1.82,5.17,0.00, 0.00
1.82,5.15,0.00, 0.00
1.82,5.15,0.00, 0.00
1.82,5.16,0.00, 0.75
1.82,5.16,0.00, 0.75
1.82,5.16,0.00, 0.75
1.82,5.16,0.00, 0.75
1.82,5.16,0.00, 0.75
1.82,5.16,0.00, 0.75
1.82,5.16,0.00, 0.75
1.82,5.16,0.00, 0.75
1.82,5.16,0.00, 0.75
1.82,5.16,0.00, 0.75
1.82,5.16,0.00, 0.75
1.82,5.16,0.00, 0.75
1.82,5.16,0.00, 0.75
1.82,5.16,0.00, 0.75
1.82,5.16,0.00, 0.75
1.82,5.16,0.00, 0.75
1.82,5.16,0.00, 0.75
1.82,5.16,0.00, 0.75
1.82,5.15,0.00, 0.00
1.82,5.15,0.00, 0.00
1.82,5.15,0.00, 0.00
1.82,5.15,0.00, 0.00
1.82,5.15,0.00, 0.00
1.82,5.15,0.00, 0.00
1.82,5.15,0.00, 0.00
1.82,5.15,0.00, 0.00
1.82,5.15,0.00, 0.00
1.82,5.15,0.00, 0.00
1.82,5.15,0.00, 0.00
1.82,5.15,0.00, 0.00
1.82,5.15,0.00, 0.00
1.82,5.15,0.00, 0.00
1.82,5.15,0.00, 0.00
1.82,5.15,0.00, 0.00
1.82,5.15,0.00, 0.00
1.82,5.15,0.00, 0.00
1.82,5.15,0.00, 0.00
1.82,5.15,0.00, 0.00
1.82,5.15,0.00, 0.00
1.82,5.15,0.00, 0.00
1.82,5.14,0.00, 0.00
1.82,5.14,0.00, 0.00
1.82,5.14,0.00, 0.00
1.82,5.14,0.00, 0.00
1.82,5.14,0.00, 0.00
1.82,5.14,0.00, 0.00
1.82,5.14,0.00, 0.00
1.82,5.14,0.00, 0.00
1.82,5.14,0.00, 0.00
1.82,5.14,0.00, 0.00
1.82,5.14,0.00, 0.00
1.82,5.12,0.00, 0.00
1.82,5.12,0.00, 0.00
1.82,5.12,0.00, 0.00
1.57,4.64,0.00, 0.00
1.03,4.11,0.00, 0.00
0.00,2.59,0.00, 0.00
0.00,2.41,0.00, 0.00
0.00,2.22,0.00, 0.00
0.00,2.22,0.00, 0.00
0.00,2.22,0.00, 0.00
0.00,2.22,0.00, 0.00
0.00,2.22,0.00, 0.00
0.00,2.22,0.00, 0.00
0.00,2.22,0.00, 0.00
0.00,2.03,0.00, 0.00
0.00,2.03,0.00, 0.00
0.00,2.03,0.00, 0.00
0.00,1.82,0.00, 0.00
0.00,1.82,0.00, 0.00
0.00,1.64,0.00, 0.00
0.00,0.50,0.00, 0.00
0.00,0.41,0.00, 0.00
0.00,0.41,0.00, 0.00
0.00,0.41,0.00, 0.00
0.00,0.41,0.00, 0.00
0.00,0.41,0.00, 0.00
0.00,0.41,0.00, 0.00
0.00,0.41,0.00, 0.00
0.00,0.23,0.00, 0.00
0.00,0.16,0.00, 0.00
0.00,0.16,0.00, 0.00
0.00,0.16,0.00, 0.00
0.00,0.16,0.00, 0.00
0.00,0.16,0.00, 0.00
0.00,0.16,0.00, 0.00
0.00,0.16,0.00, 0.00
0.00,0.16,0.00, 0.00
0.00,0.16,0.00, 0.00
0.00,0.16,0.00, 0.00
0.00,0.16,0.00, 0.00
0.00,0.16,0.00, 0.00
0.00,0.16,0.00, 0.00
0.00,0.16,0.00, 0.00
0.00,0.16,0.00, 0.00
0.00,0.16,0.00, 0.00
0.00,0.12,0.00, 0.00
0.00,0.12,0.00, 0.00
0.00,0.12,0.00, 0.00
0.00,0.12,0.00, 0.00
0.16,0.12,7.88, 0.00
0.16,0.09,0.12, 0.00
0.18,0.05,0.99, 0.00
0.18,0.05,0.99, 0.00
0.18,0.05,0.99, 0.00
0.18,0.05,0.99, 0.00
0.18,0.05,0.99, 0.00
0.18,0.05,0.99, 0.00
0.18,0.05,0.99, 0.00
0.18,0.05,0.99, 0.00
0.18,0.05,0.99, 0.00
0.18,0.05,0.99, 0.00
0.18,0.05,0.99, 0.00
0.18,0.05,0.99, 0.00
0.18,0.05,0.99, 0.00
0.16,0.05,0.00, 0.50
0.16,0.05,0.00, 0.50
0.16,0.05,0.00, 0.50
0.16,0.05,0.00, 0.50
0.16,0.05,0.00, 0.50
0.16,0.05,0.00, 0.50
0.16,0.05,0.00, 0.50
0.16,0.05,0.00, 0.50
0.16,0.05,0.00, 0.50
0.16,0.05,0.00, 0.50
0.16,0.05,0.00, 0.50
0.07,0.06,0.00, 0.25
0.00,0.06,0.00, 0.00
0.00,0.06,0.00, 0.00
0.07,0.06,3.45, 0.00
0.16,0.06,4.48, 0.00
0.09,0.06,0.00, 0.00
0.05,0.06,0.00, 0.00
0.05,0.05,0.00, 0.00
0.09,0.05,1.97, 0.50
0.09,0.05,1.97, 0.50
0.11,0.06,1.01, 0.25
0.14,0.05,1.49, 0.00
0.14,0.05,0.02, 0.50
0.09,0.07,0.00, 0.75
0.09,0.07,0.00, 0.75
0.09,0.07,0.00, 0.75
0.07,0.06,0.00, 0.00
0.07,0.06,0.00, 0.00
0.07,0.06,0.00, 0.00
0.05,0.06,0.00, 0.00
0.07,0.05,0.99, 0.00
0.11,0.05,1.99, 0.50
0.11,0.05,1.99, 0.50
0.09,0.06,0.00, 0.25
0.07,0.06,0.00, 0.00
0.07,0.06,0.00, 0.00
0.07,0.06,0.00, 0.00
0.07,0.06,0.00, 0.00
0.09,0.05,0.99, 0.00
0.09,0.05,0.01, 0.00
0.09,0.05,0.00, 0.50
0.09,0.05,0.00, 0.50
0.09,0.05,0.00, 0.50
0.09,0.05,0.00, 0.50
0.09,0.05,0.00, 0.50
0.09,0.05,0.00, 0.50
0.09,0.05,0.00, 0.50
0.09,0.05,0.00, 0.50
0.09,0.05,0.00, 0.50
0.09,0.05,0.00, 0.50
0.09,0.06,0.00, 0.25
0.07,0.06,0.00, 0.00
0.07,0.06,0.00, 0.00
0.07,0.06,0.00, 0.00
0.09,0.05,0.99, 0.00
0.09,0.05,0.01, 0.00
0.09,0.05,0.01, 0.00
0.11,0.05,0.99, 0.50
0.07,0.05,0.00, 0.00
0.09,0.05,0.99, 0.50
0.09,0.06,0.01, 0.25
0.07,0.05,0.00, 0.00
0.07,0.05,0.00, 0.50
0.07,0.06,0.00, 0.25
0.09,0.06,0.99, 0.00
0.09,0.06,0.99, 0.00
0.09,0.05,0.01, 0.00
0.09,0.05,0.00, 0.00
0.09,0.05,0.00, 0.50
0.07,0.05,0.00, 0.00
0.07,0.05,0.00, 0.50
0.07,0.06,0.00, 0.25
0.07,0.05,0.00, 0.00
0.07,0.05,0.00, 0.50
0.09,0.06,0.99, 0.25
0.07,0.06,0.00, 0.00
0.07,0.06,0.00, 0.00
0.07,0.05,0.00, 0.00
0.05,0.05,0.00, 0.00
0.05,0.05,0.00, 0.00
0.07,0.05,0.99, 0.50
0.07,0.05,0.01, 0.00
0.07,0.05,0.01, 0.00
0.07,0.05,0.00, 0.50
0.09,0.06,0.99, 0.25
0.07,0.05,0.00, 0.00
0.07,0.05,0.00, 0.00
0.07,0.05,0.00, 0.00
0.07,0.05,0.00, 0.00
0.07,0.05,0.00, 0.00
0.07,0.05,0.00, 0.50
0.07,0.05,0.00, 0.00
0.07,0.05,0.00, 0.00
0.07,0.06,0.00, 0.75
0.07,0.06,0.00, 0.00
0.07,0.06,0.00, 0.00
0.09,0.05,0.99, 0.00
0.07,0.05,0.00, 0.50
0.09,0.06,0.99, 0.25
0.07,0.07,0.00, 0.50
0.07,0.06,0.00, 0.00
0.05,0.06,0.00, 0.00
0.07,0.06,0.99, 0.00
0.05,0.05,0.00, 0.00
0.07,0.05,0.99, 0.50
0.07,0.05,0.99, 0.50
0.07,0.06,0.01, 0.25
0.09,0.05,0.99, 0.00
0.09,0.05,0.01, 0.00
0.09,0.05,0.01, 0.00
0.07,0.05,0.00, 0.50
0.07,0.06,0.00, 0.25
0.07,0.06,0.00, 0.25
0.07,0.06,0.00, 0.00
0.05,0.06,0.00, 0.00
0.05,0.05,0.00, 0.00
0.07,0.05,0.99, 0.50
0.07,0.06,0.01, 0.25
0.07,0.06,0.00, 0.00
0.07,0.06,0.00, 0.00
0.09,0.05,0.99, 0.00
0.07,0.05,0.00, 0.00
0.07,0.05,0.00, 0.50
0.05,0.05,0.00, 0.00
0.05,0.05,0.00, 0.00
0.07,0.05,0.99, 0.50
0.07,0.06,0.01, 0.25
0.05,0.05,0.00, 0.00
0.05,0.05,0.00, 0.50
0.07,0.06,0.99, 0.25
0.07,0.07,0.01, 0.50
0.07,0.07,0.01, 0.50
0.07,0.05,0.00, 0.00
0.07,0.05,0.00, 0.00
0.07,0.05,0.00, 0.50
0.07,0.05,0.00, 0.00
0.07,0.05,0.00, 0.50
0.07,0.06,0.00, 0.25
0.09,0.06,0.99, 0.00
0.07,0.06,0.00, 0.00
0.07,0.06,0.00, 0.00
0.07,0.06,0.00, 0.00
0.07,0.06,0.00, 0.00
0.07,0.06,0.00, 0.00
0.07,0.06,0.00, 0.00
0.05,0.06,0.00, 0.00
0.09,0.06,1.97, 0.00
0.07,0.06,0.00, 0.00
0.05,0.06,0.00, 0.00
0.05,0.06,0.00, 0.00
0.05,0.06,0.00, 0.00
0.05,0.06,0.00, 0.00
0.07,0.05,0.99, 0.00
0.07,0.05,0.01, 0.50
0.09,0.05,0.99, 0.00
0.05,0.05,0.00, 0.50
0.05,0.05,0.00, 0.50
0.05,0.05,0.00, 0.50
0.05,0.05,0.00, 0.50
0.05,0.05,0.00, 0.50
0.05,0.06,0.00, 0.25
0.07,0.05,0.99, 0.0