6.68,0.00,0.00, 0.00
0.00,0.05,0.00, 2.74
0.00,0.05,0.00, 0.00
0.00,0.05,0.00, 0.00
0.00,0.06,0.00, 0.75
0.00,0.05,0.00, 0.00
0.00,0.05,0.00, 0.50
0.00,0.06,0.00, 0.25
0.00,0.05,0.00, 0.00
0.00,0.05,0.00, 0.00
0.02,0.05,0.99, 0.50
0.00,0.06,0.00, 0.25
0.00,0.06,0.00, 0.00
0.00,0.06,0.00, 0.00
0.00,0.06,0.00, 0.00
0.00,0.05,0.00, 0.00
0.00,0.05,0.00, 0.50
0.00,0.06,0.00, 0.25
0.00,0.06,0.00, 0.00
0.02,0.06,0.99, 0.00
0.00,0.06,0.00, 0.00
0.00,0.05,0.00, 0.00
0.00,0.05,0.00, 0.00
0.00,0.05,0.00, 0.50
0.00,0.05,0.00, 0.00
0.00,0.05,0.00, 0.50
0.00,0.06,0.00, 0.25
0.00,0.06,0.00, 0.00
0.00,0.05,0.00, 0.00
0.00,0.05,0.00, 0.50
0.00,0.05,0.00, 0.00
0.02,0.05,0.99, 0.00
0.00,0.05,0.00, 0.50
0.00,0.06,0.00, 0.25
0.00,0.05,0.00, 0.00
0.00,0.05,0.00, 0.50
0.00,0.06,0.00, 0.25
0.00,0.06,0.00, 0.00
0.00,0.06,0.00, 0.00
0.00,0.06,0.00, 0.00
0.00,0.06,0.00, 0.00
0.00,0.06,0.00, 0.00
0.00,0.05,0.00, 0.00
0.00,0.05,0.00, 0.00
0.00,0.06,0.00, 0.75
0.00,0.05,0.00, 0.00
0.00,0.05,0.00, 0.00
0.00,0.05,0.00, 0.50
0.00,0.06,0.00, 0.25
0.00,0.05,0.00, 0.00
0.20,0.06,9.85, 1.00
0.00,0.06,0.00, 0.00
0.00,0.05,0.00, 0.00
0.00,0.05,0.00, 0.00
0.00,0.05,0.00, 0.50
0.00,0.05,0.00, 0.00
0.00,0.05,0.00, 0.50
0.00,0.05,0.00, 0.00
0.00,0.05,0.00, 0.00
0.00,0.05,0.00, 0.00
0.00,0.05,0.00, 0.00
0.00,0.05,0.00, 0.00
0.00,0.05,0.00, 0.00
0.00,0.05,0.00, 0.50
0.02,0.05,0.99, 0.00
0.00,0.05,0.00, 0.50
0.00,0.05,0.00, 0.00
0.00,0.05,0.00, 0.50
0.00,0.06,0.00, 0.25
0.00,0.05,0.00, 0.00
0.00,0.05,0.00, 0.50
0.00,0.05,0.00, 0.50
0.00,0.05,0.00, 0.50
0.00,0.05,0.00, 0.50
0.00,0.05,0.00, 0.00
0.00,0.05,0.00, 0.00
0.00,0.06,0.00, 0.75
0.00,0.06,0.00, 0.00
0.00,0.05,0.00, 0.00
0.00,0.05,0.00, 0.50
0.00,0.06,0.00, 0.25
0.00,0.05,0.00, 0.00
0.00,0.05,0.00, 0.50
0.00,0.05,0.00, 0.00
0.00,0.05,0.00, 0.50
0.00,0.06,0.00, 0.25
0.00,0.06,0.00, 0.00
0.00,0.06,0.00, 0.00
0.00,0.06,0.00, 0.00
0.00,0.05,0.00, 0.00
0.00,0.05,0.00, 0.50
0.00,0.05,0.00, 0.00
0.00,0.05,0.00, 0.00
0.00,0.05,0.00, 0.00
0.00,0.06,0.00, 0.25
0.00,0.06,0.00, 0.25
0.00,0.06,0.00, 0.00
0.00,0.06,0.00, 0.00
0.00,0.05,0.00, 0.00
0.00,0.05,0.00, 0.00
0.00,0.06,0.00, 0.25
0.00,0.06,0.00, 0.00
0.00,0.05,0.00, 0.00
0.00,0.05,0.00, 0.00
0.00,0.05,0.00, 0.50
0.00,0.06,0.00, 0.25
0.00,0.05,0.00, 0.00
0.00,0.05,0.00, 0.00
0.00,0.05,0.00, 0.50
0.00,0.05,0.00, 0.00
0.00,0.05,0.00, 0.50
0.00,0.05,0.00, 0.50
0.00,0.05,0.00, 0.00
0.00,0.05,0.00, 0.00
0.00,0.05,0.00, 0.50
0.00,0.05,0.00, 0.00
0.00,0.05,0.00, 0.00
0.00,0.05,0.00, 0.00
0.00,0.05,0.00, 0.00
0.00,0.05,0.00, 0.50
0.00,0.05,0.00, 0.00
0.00,0.05,0.00, 0.00
0.00,0.05,0.00, 0.00
0.00,0.05,0.00, 0.00
0.00,0.05,0.00, 0.00
0.00,0.05,0.00, 0.00
0.00,0.05,0.00, 0.50
0.00,0.05,0.00, 0.00
0.00,0.05,0.00, 0.00
0.00,0.05,0.00, 0.00
0.00,0.05,0.00, 0.00
0.00,0.05,0.00, 0.50
0.00,0.05,0.00, 0.50
0.00,0.05,0.00, 0.50
0.00,0.05,0.00, 0.50
0.00,0.05,0.00, 0.50
0.00,0.05,0.00, 0.00
0.00,0.05,0.00, 0.00
0.00,0.05,0.00, 0.00
0.00,0.05,0.00, 0.00
0.00,0.05,0.00, 0.50
0.00,0.06,0.00, 0.25
0.00,0.06,0.00, 0.25
0.00,0.05,0.00, 0.00
0.00,0.05,0.00, 0.00
0.00,0.05,0.00, 0.50
0.00,0.05,0.00, 0.00
0.00,0.05,0.00, 0.00
0.00,0.05,0.00, 0.00
0.00,0.05,0.00, 0.00
0.00,0.05,0.00, 0.00
0.00,0.05,0.00, 0.00
0.00,0.05,0.00, 0.00
0.00,0.05,0.00, 0.50
0.00,0.06,0.00, 0.25
0.00,0.05,0.00, 0.00
0.00,0.07,0.00, 1.25
0.00,0.08,0.00, 0.50
0.00,0.10,0.00, 1.25
0.00,0.12,0.00, 0.75
0.00,0.17,0.00, 2.74
0.00,0.17,0.00, 2.74
0.00,0.17,0.00, 2.74
0.00,0.17,0.00, 2.74
0.00,0.17,0.00, 2.74
0.00,0.17,0.00, 2.74
0.00,0.27,0.00, 4.74
0.00,0.42,0.00, 7.49
0.00,0.56,0.00, 7.25
0.00,1.39,0.00, 41.13
0.00,1.39,0.00, 41.13
0.00,1.39,0.00, 41.13
0.00,1.39,0.00, 41.13
0.00,1.39,0.00, 41.13
0.00,1.39,0.00, 41.13
0.00,1.39,0.00, 41.13
0.00,1.39,0.00, 41.13
0.00,1.39,0.00, 41.13
0.00,1.39,0.00, 41.13
0.00,1.67,0.00, 14.10
0.00,1.94,0.00, 13.50
0.00,2.23,0.00, 14.50
0.00,5.91,0.00, 183.63
0.00,5.91,0.00, 183.63
0.00,5.91,0.00, 183.63
0.00,5.91,0.00, 183.63
0.00,5.91,0.00, 183.63
0.00,5.91,0.00, 183.63
0.00,6.30,0.00, 19.60
0.00,6.30,0.00, 19.60
0.00,6.30,0.00, 19.60
0.00,6.30,0.00, 19.60
0.00,6.30,0.00, 19.60
0.00,6.30,0.00, 19.60
0.00,6.30,0.00, 19.60
0.00,6.30,0.00, 19.60
0.00,6.30,0.00, 19.60
0.00,6.67,0.00, 18.75
0.00,6.67,0.00, 18.75
0.00,6.67,0.00, 18.75
0.00,6.67,0.00, 18.75
0.00,6.67,0.00, 18.75
0.00,6.67,0.00, 18.75
0.00,6.67,0.00, 18.75
0.00,6.67,0.00, 18.75
0.00,6.67,0.00, 18.75
0.00,6.67,0.00, 18.75
0.00,6.67,0.00, 18.75
0.00,6.67,0.00, 18.75
0.00,6.67,0.00, 18.75
0.00,7.03,0.00, 17.75
0.00,8.41,0.00, 69.31
0.00,9.52,0.00, 55.55
1.01,9.56,49.76, 1.70
1.01,9.56,49.76, 1.70
1.01,9.56,49.76, 1.70
1.01,9.56,49.76, 1.70
1.01,9.56,49.76, 1.70
1.01,9.56,49.76, 1.70
1.01,9.56,49.76, 1.70
1.01,9.56,49.76, 1.70
1.12,9.49,6.15, 0.00
1.12,9.49,6.15, 0.00
1.12,9.49,6.15, 0.00
1.12,9.49,6.15, 0.00
1.12,9.49,6.15, 0.00
1.12,9.49,6.15, 0.00
1.12,9.49,6.15, 0.00
1.12,9.49,6.15, 0.00
1.12,9.49,6.15, 0.00
1.12,9.49,6.15, 0.00
1.12,9.49,6.15, 0.00
1.12,9.49,6.15, 0.00
1.12,9.49,6.15, 0.00
1.30,9.38,8.96, 0.00
1.43,9.36,6.54, 0.00
1.63,9.01,9.95, 0.00
1.63,8.17,0.15, 0.00
1.63,8.10,0.00, 0.00
1.63,8.03,0.00, 0.00
1.61,7.94,0.00, 0.00
1.61,7.86,0.00, 0.00
1.63,7.77,0.99, 0.00
1.61,7.70,0.00, 0.00
1.61,7.62,0.00, 0.00
1.61,7.62,0.00, 0.00
1.61,7.62,0.00, 0.00
1.61,7.62,0.00, 0.00
1.61,7.62,0.00, 0.00
1.61,7.62,0.00, 0.00
1.61,7.57,0.00, 0.00
1.61,7.57,0.00, 0.00
1.61,7.52,0.00, 0.00
1.63,7.48,0.99, 0.00
1.61,7.35,0.00, 0.00
1.61,7.36,0.00, 0.50
1.63,7.36,0.99, 0.00
1.63,7.36,0.99, 0.00
1.63,7.36,0.99, 0.00
1.63,7.36,0.99, 0.00
1.63,7.36,0.01, 0.00
1.63,7.36,0.01, 0.00
1.63,7.36,0.01, 0.00
1.63,7.36,0.01, 0.00
1.63,7.36,0.01, 0.00
1.63,7.36,0.01, 0.00
1.63,7.36,0.01, 0.00
1.63,7.36,0.01, 0.00
1.61,7.40,0.00, 2.24
1.61,7.40,0.00, 2.24
1.61,7.40,0.00, 2.24
1.61,7.40,0.00, 2.24
1.61,7.40,0.00, 2.24
1.61,7.40,0.00, 2.24
1.61,7.40,0.00, 2.24
1.61,7.43,0.00, 1.25
1.61,7.43,0.00, 1.25
1.61,7.45,0.00, 1.25
1.61,7.56,0.00, 5.24
1.61,7.55,0.00, 0.00
1.61,7.51,0.00, 0.00
1.61,7.48,0.00, 0.00
1.61,7.43,0.00, 0.00
1.61,7.39,0.00, 0.00
1.61,7.36,0.00, 0.00
1.61,7.36,0.00, 0.00
1.61,7.35,0.00, 0.00
1.61,7.37,0.00, 1.25
1.61,7.39,0.00, 1.00
1.61,7.39,0.00, 1.00
1.61,7.39,0.00, 1.00
1.61,7.39,0.00, 1.00
1.61,7.39,0.00, 1.00
1.59,7.43,0.00, 1.75
1.59,7.43,0.00, 1.75
1.59,7.43,0.00, 1.75
1.59,7.43,0.00, 1.75
1.59,7.43,0.00, 1.75
1.59,7.43,0.00, 1.75
1.59,7.43,0.00, 1.75
1.59,7.43,0.00, 1.75
1.59,7.43,0.00, 1.75
1.59,7.43,0.00, 1.75
1.59,7.43,0.00, 1.75
1.59,7.43,0.00, 1.75
1.59,7.43,0.00, 1.75
1.59,7.43,0.00, 1.75
1.59,7.43,0.00, 1.75
1.59,7.43,0.00, 1.75
1.59,7.43,0.00, 1.75
1.59,7.43,0.00, 1.75
1.59,7.43,0.00, 1.75
1.59,7.43,0.00, 1.75
1.61,7.44,0.99, 0.75
1.61,7.44,0.99, 0.75
1.61,7.48,0.01, 1.75
1.61,7.60,0.00, 5.98
1.61,7.69,0.00, 4.75
1.61,7.69,0.00, 0.02
1.61,7.69,0.00, 0.02
1.61,7.69,0.00, 0.02
1.61,7.69,0.00, 0.02
1.61,7.69,0.00, 0.02
1.61,7.69,0.00, 0.02
1.61,7.69,0.00, 0.02
1.61,7.69,0.00, 0.02
1.61,7.70,0.00, 0.50
1.61,7.75,0.00, 2.49
1.61,7.81,0.00, 2.75
1.59,7.75,0.00, 0.00
1.59,7.75,0.00, 0.00
1.59,7.75,0.00, 0.00
1.59,7.75,0.00, 0.00
1.59,7.75,0.00, 0.00
1.59,7.75,0.00, 0.00
1.59,7.75,0.00, 0.00
1.59,7.75,0.00, 0.00
1.59,7.75,0.00, 0.00
1.59,7.75,0.00, 0.00
1.59,7.75,0.00, 0.00
1.59,7.75,0.00, 0.00
1.59,7.75,0.00, 0.00
1.59,7.75,0.00, 0.00
1.59,7.75,0.00, 0.00
1.59,7.75,0.00, 0.00
1.59,7.75,0.00, 0.00
1.59,7.75,0.00, 0.00
1.59,7.75,0.00, 0.00
1.59,7.75,0.00, 0.00
1.59,7.75,0.00, 0.00
1.59,7.75,0.00, 0.00
1.59,7.75,0.00, 0.00
1.59,7.75,0.00, 0.00
1.59,7.75,0.00, 0.00
1.59,7.75,0.00, 0.00
1.61,7.72,0.99, 0.00
1.61,7.68,0.01, 0.00
1.61,7.65,0.00, 0.00
1.61,7.65,0.00, 0.00
1.61,7.32,0.00, 0.00
1.61,7.28,0.00, 0.00
1.61,7.28,0.00, 0.00
1.32,7.26,0.00, 0.00
0.76,7.29,0.00, 1.49
1.37,7.27,30.05, 0.00
1.37,7.27,30.05, 0.00
1.54,7.28,8.82, 0.25
1.59,7.26,2.59, 0.00
1.61,7.26,1.02, 0.00
1.54,7.27,0.00, 0.50
1.41,7.28,0.00, 0.75
1.37,7.27,0.00, 0.00
1.37,7.24,0.00, 0.00
1.28,7.22,0.00, 0.00
1.28,7.22,0.00, 0.00
1.28,7.22,0.00, 0.00
1.28,7.22,0.00, 0.00
1.28,7.22,0.00, 0.00
1.28,7.22,0.00, 0.00
1.23,7.16,0.00, 0.00
1.28,7.14,2.46, 0.00
1.19,7.11,0.00, 0.00
1.19,6.79,0.00, 0.00
1.10,6.70,0.00, 0.00
1.07,6.62,0.00, 0.00
1.07,6.57,0.00, 0.00
1.03,6.51,0.00, 0.00
0.96,6.41,0.00, 0.00
0.96,6.41,0.00, 0.00
0.96,6.41,0.00, 0.00
0.96,6.41,0.00, 0.00
0.96,6.41,0.00, 0.00
0.96,6.41,0.00, 0.00
0.96,6.41,0.00, 0.00
0.96,6.41,0.00, 0.00
0.96,6.41,0.00, 0.00
0.96,6.41,0.00, 0.00
0.96,6.41,0.00, 0.00
0.96,6.41,0.00, 0.00
0.94,6.30,0.00, 0.00
0.94,6.30,0.00, 0.00
0.94,6.30,0.00, 0.00
0.80,6.18,0.00, 0.00
0.67,6.04,0.00, 0.00
0.00,2.97,0.00, 0.00
0.00,2.59,0.00, 0.00
0.00,2.19,0.00, 0.00
0.00,1.82,0.00, 0.00
0.00,1.82,0.00, 0.00
0.00,1.82,0.00, 0.00
0.00,1.82,0.00, 0.00
0.00,1.82,0.00, 0.00
0.00,1.82,0.00, 0.00
0.18,1.44,8.87, 0.00
0.18,1.44,8.87, 0.00
0.11,1.12,0.00, 0.00
0.15,0.82,1.97, 0.00
0.15,0.82,1.97, 0.00
0.06,0.01,0.00, 0.00
0.00,0.00,0.00, 0.00
0.00,0.00,0.00, 0.00
0.00,0.01,0.00, 0.50
0.00,0.05,0.00, 1.75
0.06,0.07,2.96, 1.25
0.04,0.06,0.00, 0.00
0.02,0.06,0.00, 0.00
0.02,0.06,0.00, 0.00
0.02,0.06,0.00, 0.00
0.02,0.06,0.00, 0.00
0.02,0.06,0.00, 0.00
0.02,0.06,0.00, 0.00
0.02,0.05,0.00, 0.00
0.02,0.05,0.00, 0.00
0.02,0.05,0.00, 0.00
0.02,0.05,0.00, 0.00
0.00,0.05,0.00, 0.00
0.00,0.05,0.00, 0.00
0.00,0.05,0.00, 0.00
0.00,0.05,0.00, 0.00
0.00,0.05,0.00, 0.00
0.00,0.05,0.00, 0.00
0.00,0.05,0.00, 0.00
0.02,0.06,0.99, 0.75
0.02,0.06,0.99, 0.75
0.02,0.06,0.99, 0.75
0.00,0.05,0.00, 0.00
0.04,0.06,1.97, 0.75
0.04,0.06,0.03, 0.00
0.04,0.06,0.03, 0.00
0.04,0.06,0.03, 0.00
0.04,0.06,0.03, 0.00
0.04,0.06,0.03, 0.00
0.04,0.06,0.03, 0.00
0.04,0.05,0.00, 0.00
0.04,0.05,0.00, 0.00
0.04,0.05,0.00, 0.00
0.04,0.05,0.00, 0.00
0.04,0.05,0.00, 0.00
0.04,0.05,0.00, 0.00
0.04,0.05,0.00, 0.00
0.04,0.05,0.00, 0.00
0.04,0.05,0.00, 0.00
0.04,0.05,0.00, 0.00
0.04,0.05,0.00, 0.00
0.04,0.05,0.00, 0.00
0.04,0.05,0.00, 0.00
0.04,0.05,0.00, 0.00
0.02,0.05,0.00, 0.50
0.00,0.05,0.00, 0.00
0.02,0.05,0.99, 0.00
0.00,0.06,0.00, 1.00
0.00,0.13,0.00, 3.49
0.00,0.13,0.00, 3.49
0.00,0.13,0.00, 3.49
0.00,0.13,0.00, 3.49
0.00,0.13,0.00, 3.49
0.00,0.13,0.00, 3.49
0.00,0.13,0.00, 3.49
0.00,0.22,0.00, 4.25
0.00,0.34,0.00, 6.24
0.00,0.50,0.00, 7.74
0.00,0.50,0.00, 7.74
0.00,0.50,0.00, 7.74
0.00,0.50,0.00, 7.74
0.00,0.50,0.00, 7.74
0.00,1.62,0.00, 55.82
0.00,1.62,0.00, 55.82
0.00,1.62,0.00, 55.82
0.00,1.90,0.00, 14.40
0.00,2.18,0.00, 14.00
0.00,2.18,0.00, 14.00
0.00,2.18,0.00, 14.00
0.00,2.18,0.00, 14.00
0.00,2.18,0.00, 14.00
0.00,2.18,0.00, 14.00
0.00,2.18,0.00, 14.00
0.00,2.18,0.00, 14.00
0.00,3.32,0.00, 56.59
0.00,3.52,0.00, 9.92
0.00,3.74,0.00, 11.00
0.24,4.95,11.82, 60.82
0.24,4.95,11.82, 60.82
0.24,4.95,11.82, 60.82
0.24,4.95,11.82, 60.82
0.24,4.95,11.82, 60.82
0.24,4.95,11.82, 60.82
0.24,4.95,11.82, 60.82
0.24,4.95,11.82, 60.82
0.40,5.11,8.06, 8.19
0.60,5.29,9.97, 8.75
0.60,5.29,9.97, 8.75
0.60,5.29,9.97, 8.75
0.60,5.29,9.97, 8.75
0.60,5.29,9.97, 8.75
0.78,5.49,9.01, 10.24
0.78,5.49,9.01, 10.24
0.78,5.49,9.01, 10.24
0.78,5.49,9.01, 10.24
0.78,5.49,9.01, 10.24
0.78,5.49,9.01, 10.24
0.78,5.49,9.01, 10.24
0.78,5.49,9.01, 10.24
0.78,5.49,9.01, 10.24
1.59,6.28,40.04, 38.89
1.61,6.36,1.57, 4.38
1.61,6.58,0.02, 10.98
1.61,6.70,0.00, 6.02
1.63,6.74,0.99, 2.26
1.61,6.77,0.00, 1.25
1.61,6.77,0.00, 0.00
1.61,6.80,0.00, 1.25
1.61,6.75,0.00, 0.00
1.61,6.76,0.00, 0.50
1.61,6.73,0.00, 0.00
1.61,6.71,0.00, 0.00
1.61,6.71,0.00, 0.00
1.61,6.71,0.00, 0.00
1.61,6.71,0.00, 0.00
1.61,6.71,0.00, 0.00
1.61,6.71,0.00, 0.00
1.61,6.71,0.00, 0.00
1.61,6.71,0.00, 0.00
1.61,6.71,0.00, 0.00
1.61,6.71,0.00, 0.00
1.61,6.70,0.00, 0.00
1.61,6.71,0.00, 0.50
1.61,6.70,0.00, 0.00
1.61,6.66,0.00, 0.00
1.61,6.66,0.00, 0.00
1.61,6.66,0.00, 0.00
1.61,6.66,0.00, 0.00
1.61,6.66,0.00, 0.00
1.61,6.66,0.00, 0.00
1.61,6.65,0.00, 0.00
1.61,6.65,0.00, 0.00
1.61,6.66,0.00, 0.75
1.61,6.61,0.00, 0.00
1.61,6.61,0.00, 0.00
1.63,6.61,0.99, 0.00
1.61,6.61,0.00, 0.50
1.61,6.61,0.00, 0.50
1.61,6.61,0.00, 0.50
1.61,6.61,0.00, 0.50
1.61,6.61,0.00, 0.50
1.61,6.61,0.00, 0.50
1.61,6.61,0.00, 0.50
1.61,6.61,0.00, 0.50
1.61,6.61,0.00, 0.50
1.61,6.61,0.00, 0.50
1.61,6.61,0.00, 0.50
1.61,6.61,0.00, 0.50
1.61,6.60,0.00, 0.00
1.61,6.59,0.00, 0.00
1.61,6.57,0.00, 0.00
1.61,6.49,0.00, 0.00
1.61,6.49,0.00, 0.00
1.61,6.49,0.00, 0.00
1.61,6.49,0.00, 0.00
1.61,6.49,0.00, 0.00
1.61,6.49,0.00, 0.00
1.61,6.51,0.00, 1.00
1.61,6.51,0.00, 0.00
1.61,6.52,0.00, 0.75
1.61,6.52,0.00, 0.00
1.61,6.52,0.00, 0.25
1.61,6.51,0.00, 0.00
1.61,6.51,0.00, 0.00
1.61,6.49,0.00, 0.00
1.61,6.51,0.00, 0.50
1.61,6.53,0.00, 1.50
1.61,6.55,0.00, 0.50
1.63,6.59,0.99, 1.99
1.61,6.61,0.00, 1.00
1.61,6.61,0.00, 1.00
1.61,6.63,0.00, 1.25
1.61,6.65,0.00, 1.00
1.61,6.65,0.00, 0.00
1.61,6.65,0.00, 0.00
1.61,6.65,0.00, 0.00
1.61,6.65,0.00, 0.00
1.61,6.65,0.00, 0.00
1.61,6.64,0.00, 0.00
1.61,6.64,0.00, 0.00
1.61,6.64,0.00, 0.00
1.61,6.64,0.00, 0.00
1.61,6.64,0.00, 0.00
1.61,6.64,0.00, 0.00
1.61,6.64,0.00, 0.00
1.63,6.61,0.99, 0.00
1.63,6.61,0.99, 0.00
1.61,6.62,0.00, 0.50
1.63,6.59,0.99, 0.00
1.63,6.59,0.99, 0.00
1.63,6.57,0.01, 0.00
1.63,6.57,0.01, 0.00
1.61,6.57,0.00, 0.00
1.61,6.55,0.00, 0.00
1.61,6.50,0.00, 0.00
1.61,6.48,0.00, 0.00
1.61,6.44,0.00, 0.00
1.63,6.44,0.99, 0.00
1.63,6.44,0.99, 0.00
1.63,6.44,0.99, 0.00
1.63,6.44,0.99, 0.00
1.61,6.45,0.00, 0.50
1.61,6.45,0.00, 0.50
1.61,6.43,0.00, 0.00
1.61,6.43,0.00, 0.00
1.61,6.43,0.00, 0.00
1.61,6.41,0.00, 0.00
1.61,6.36,0.00, 0.00
1.63,6.35,0.99, 0.00
1.61,6.36,0.00, 0.25
1.61,6.34,0.00, 0.00
1.61,6.34,0.00, 0.00
1.63,6.33,0.99, 0.00
1.61,6.32,0.00, 0.00
1.61,6.28,0.00, 0.00
1.61,6.28,0.00, 0.00
1.61,6.26,0.00, 0.00
1.61,6.26,0.00, 0.00
1.61,6.26,0.00, 0.00
1.61,6.26,0.00, 0.00
1.61,6.26,0.00, 0.00
1.61,6.26,0.00, 0.00
1.61,6.26,0.00, 0.00
1.61,6.26,0.00, 0.00
1.61,6.26,0.00, 0.00
1.61,6.26,0.00, 0.00
1.61,6.26,0.00, 0.00
1.61,6.26,0.00, 0.00
1.61,6.24,0.00, 0.00
1.63,6.21,0.99, 0.00
1.63,6.21,0.99, 0.00
1.61,6.19,0.00, 0.00
1.61,5.90,0.00, 0.00
1.63,5.88,0.99, 0.00
1.61,5.83,0.00, 0.00
1.61,5.78,0.00, 0.00
1.61,5.75,0.00, 0.00
1.61,5.75,0.00, 0.00
1.61,5.70,0.00, 0.00
1.61,5.68,0.00, 0.00
1.61,5.63,0.00, 0.00
1.16,5.60,0.00, 0.00
0.69,5.53,0.00, 0.00
1.30,5.49,30.05, 0.00
1.30,5.49,30.05, 0.00
1.30,5.49,30.05, 0.00
1.30,5.49,30.05, 0.00
1.30,5.49,30.05, 0.00
1.30,5.49,30.05, 0.00
1.48,5.45,9.31, 0.00
1.39,5.41,0.00, 0.00
1.41,5.39,0.99, 0.00
1.41,5.39,0.99, 0.00
1.41,5.39,0.99, 0.00
1.05,5.20,0.00, 0.00
0.96,5.14,0.00, 0.00
0.87,5.05,0.00, 0.00
0.80,4.95,0.00, 0.00
0.69,4.80,0.00, 0.00
0.49,4.65,0.00, 0.00
0.31,4.47,0.00, 0.00
0.02,4.28,0.00, 0.00
0.29,4.07,13.30, 0.00
0.31,3.84,1.18, 0.00
0.31,3.84,1.18, 0.00
0.31,3.84,1.18, 0.00
0.31,3.84,1.18, 0.00
0.31,3.84,1.18, 0.00
0.31,3.84,1.18, 0.00
0.31,3.84,1.18, 0.00
0.18,3.56,0.00, 0.00
0.18,3.24,0.00, 0.00
0.04,2.97,0.00, 0.00
0.09,1.43,2.46, 0.00
0.09,1.43,2.46, 0.00
0.09,1.43,2.46, 0.00
0.09,1.43,2.46, 0.00
0.09,1.43,2.46, 0.00
0.09,1.43,2.46, 0.00
0.09,1.43,2.46, 0.00
0.09,1.43,2.46, 0.00
0.09,1.43,2.46, 0.00
0.09,1.43,2.46, 0.00
0.09,1.43,2.46, 0.00
0.09,1.43,2.46, 0.00
0.09,1.43,2.46, 0.00
0.09,1.21,0.04, 0.00
0.11,1.00,0.99, 0.00
0.11,0.80,0.01, 0.00
0.11,0.80,0.01, 0.00
0.11,0.07,0.00, 0.00
0.06,0.06,0.00, 0.00
0.04,0.05,0.00, 0.00
0.00,0.05,0.00, 0.00
0.00,0.05,0.00, 0.00
0.00,0.05,0.00, 0.50
0.00,0.05,0.00, 0.00
0.09,0.05,4.43, 0.00
0.15,0.05,3.02, 0.50
0.15,0.05,3.02, 0.50
0.15,0.05,3.02, 0.50
0.15,0.05,3.02, 0.50
0.15,0.05,3.02, 0.50
0.15,0.05,3.02, 0.50
0.13,0.06,0.00, 0.25
0.09,0.06,0.00, 0.00
0.02,0.06,0.00, 0.00
0.04,0.05,0.99, 0.00
0.09,0.05,2.48, 0.00
0.09,0.06,0.04, 1.00
0.09,0.06,0.04, 1.00
0.06,0.05,0.00, 0.00
0.06,0.05,0.00, 0.00
0.02,0.05,0.00, 0.50
0.04,0.06,0.99, 0.25
0.02,0.06,0.00, 0.00
0.06,0.05,1.97, 0.00
0.06,0.05,0.03, 0.00
0.06,0.05,0.03, 0.00
0.06,0.05,0.03, 0.00
0.06,0.05,0.03, 0.00
0.06,0.05,0.03, 0.00
0.06,0.05,0.00, 0.00
0.04,0.05,0.00, 0.00
0.04,0.05,0.00, 0.00
0.06,0.06,0.99, 0.75
0.06,0.06,0.01, 0.00
0.04,0.06,0.00, 0.00
0.02,0.05,0.00, 0.00
0.02,0.05,0.00, 0.00
0.02,0.05,0.00, 0.00
0.02,0.05,0.00, 0.50
0.02,0.05,0.00, 0.00
0.02,0.05,0.00, 0.00
0.06,0.05,1.97, 0.00
0.06,0.05,0.03, 0.50
0.06,0.05,0.00, 0.00
0.04,0.05,0.00, 0.00
0.04,0.05,0.00, 0.00
0.02,0.05,0.00, 0.00
0.00,0.05,0.00, 0.00
0.00,0.10,0.00, 2.74
0.00,0.18,0.00, 4.00
0.00,0.26,0.00, 4.25
0.00,0.26,0.00, 4.25
0.00,0.26,0.00, 4.25
0.00,0.26,0.00, 4.25
0.00,0.26,0.00, 4.25
0.00,0.26,0.00, 4.25
0.00,0.26,0.00, 4.25
0.00,0.26,0.00, 4.25
0.00,0.26,0.00, 4.25
0.00,0.42,0.00, 7.49
0.00,0.55,0.00, 6.50
0.00,0.69,0.00, 7.25
0.00,1.94,0.00, 62.55
0.00,2.18,0.00, 12.18
0.00,2.41,0.00, 11.50
0.00,2.62,0.00, 10.25
0.00,2.87,0.00, 12.24
0.00,3.08,0.00, 10.76
0.00,3.31,0.00, 11.50
0.00,3.54,0.00, 11.25
0.00,3.74,0.00, 10.25
0.00,3.95,0.00, 10.25
0.00,3.95,0.00, 10.25
0.00,3.95,0.00, 10.25
0.00,3.95,0.00, 10.25
0.00,3.95,0.00, 10.25
0.00,3.95,0.00, 10.25
0.00,4.14,0.00, 9.75
0.00,4.14,0.00, 9.75
0.00,4.14,0.00, 9.75
0.00,4.36,0.00, 10.75
0.00,4.59,0.00, 11.50
0.51,5.43,25.12, 42.39
0.98,5.81,23.52, 19.09
1.10,5.99,6.26, 8.54
1.23,6.15,6.50, 8.50
1.37,6.34,6.99, 9.25
1.48,6.50,5.52, 8.00
1.57,6.64,4.52, 7.25
1.61,6.78,2.04, 7.00
1.61,6.88,0.03, 4.51
1.61,6.93,0.00, 3.01
1.61,6.98,0.00, 2.50
1.61,6.98,0.00, 0.01
1.61,6.98,0.00, 0.00
1.61,6.98,0.00, 0.00
1.61,7.02,0.00, 1.74
1.61,7.07,0.00, 2.25
1.61,7.11,0.00, 2.50
1.61,7.16,0.00, 2.25
1.61,7.20,0.00, 2.00
1.61,7.20,0.00, 2.00
1.61,7.20,0.00, 2.00
1.61,7.20,0.00, 2.00
1.61,7.20,0.00, 2.00
1.61,7.20,0.00, 2.00
1.61,7.20,0.00, 2.00
1.61,7.23,0.00, 1.75
1.61,7.30,0.00, 3.00
1.61,7.30,0.00, 3.00
1.61,7.30,0.00, 3.00
1.61,7.30,0.00, 3.00
1.61,7.30,0.00, 3.00
1.61,7.30,0.00, 3.00
1.61,7.31,0.00, 0.76
1.61,7.31,0.00, 0.76
1.61,7.53,0.00, 11.21
1.61,7.55,0.00, 0.54
1.61,7.57,0.00, 1.25
1.61,7.56,0.00, 0.00
1.61,7.55,0.00, 0.00
1.63,7.52,0.99, 0.00
1.61,7.50,0.00, 0.00
1.61,7.50,0.00, 0.00
1.61,7.50,0.00, 0.00
1.61,7.50,0.00, 0.00
1.61,7.50,0.00, 0.00
1.61,7.50,0.00, 0.00
1.61,7.50,0.00, 0.00
1.61,7.50,0.00, 0.00
1.61,7.47,0.00, 0.00
1.61,7.43,0.00, 0.00
1.61,7.43,0.00, 0.00
1.61,7.30,0.00, 0.00
1.61,7.27,0.00, 0.00
1.61,7.26,0.00, 0.00
1.61,7.26,0.00, 0.00
1.61,7.26,0.00, 0.00
1.61,7.26,0.00, 0.00
1.61,7.26,0.00, 0.00
1.61,7.26,0.00, 0.00
1.61,7.26,0.00, 0.00
1.61,7.26,0.00, 0.00
1.61,7.26,0.00, 0.00
1.61,7.27,0.00, 0.25
1.61,7.25,0.00, 0.00
1.63,7.20,0.99, 0.00
1.61,6.97,0.00, 0.00
1.63,6.94,0.99, 0.00
1.63,6.90,0.01, 0.00
1.63,6.89,0.00, 0.00
1.63,6.89,0.00, 0.00
1.63,6.89,0.00, 0.00
1.63,6.89,0.00, 0.00
1.63,6.89,0.00, 0.00
1.63,6.85,0.00, 0.00
1.63,6.85,0.00, 0.00
1.63,6.85,0.00, 0.00
1.63,6.85,0.00, 0.00
1.61,6.79,0.00, 0.00
1.61,6.75,0.00, 0.00
1.61,6.56,0.00, 0.00
1.61,6.52,0.00, 0.00
1.61,6.47,0.00, 0.00
1.61,6.43,0.00, 0.00
1.61,6.43,0.00, 0.00
1.61,6.43,0.00, 0.00
1.61,6.43,0.00, 0.00
1.61,6.43,0.00, 0.00
1.61,6.43,0.00, 0.00
1.61,6.43,0.00, 0.00
1.61,6.40,0.00, 0.00
1.61,6.39,0.00, 0.00
1.63,6.35,0.99, 0.00
1.63,6.27,0.01, 0.00
1.63,6.27,0.00, 0.00
1.63,6.27,0.00, 0.00
1.63,6.27,0.00, 0.00
1.61,6.24,0.00, 0.00
1.61,6.24,0.00, 0.00
1.61,6.24,0.00, 0.00
1.61,6.24,0.00, 0.00
1.61,6.24,0.00, 0.00
1.61,6.24,0.00, 0.00
1.61,6.24,0.00, 0.00
1.61,6.24,0.00, 0.00
1.61,6.24,0.00, 0.00
1.61,6.24,0.00, 0.00
1.61,6.24,0.00, 0.00
1.61,6.24,0.00, 0.00
1.61,6.24,0.00, 0.00
1.63,6.23,0.99, 0.00
1.63,6.23,0.99, 0.00
1.63,6.23,0.99, 0.00
1.61,6.18,0.00, 0.00
1.61,6.18,0.00, 0.00
1.61,6.18,0.00, 0.00
1.61,6.18,0.00, 0.00
1.61,6.18,0.00, 0.00
1.61,6.18,0.00, 0.00
1.61,6.18,0.00, 0.00
1.61,6.18,0.00, 0.00
1.61,6.18,0.00, 0.00
1.61,6.18,0.00, 0.00
1.61,6.18,0.00, 0.00
1.61,6.18,0.00, 0.00
1.61,6.18,0.00, 0.00
1.63,6.11,0.99, 0.00
1.63,6.11,0.99, 0.00
1.63,6.11,0.99, 0.00
1.63,6.11,0.99, 0.00
1.63,6.11,0.99, 0.00
1.63,6.11,0.99, 0.00
1.63,6.11,0.99, 0.00
1.63,6.11,0.99, 0.00
1.63,6.11,0.99, 0.00
1.63,6.11,0.99, 0.00
1.63,6.11,0.99, 0.00
1.63,6.11,0.99, 0.00
1.63,6.11,0.99, 0.00
1.63,6.11,0.99, 0.00
1.63,6.11,0.01, 0.00
1.61,6.11,0.00, 0.50
1.61,6.11,0.00, 0.50
1.61,6.11,0.00, 0.50
1.61,6.11,0.00, 0.50
1.61,6.11,0.00, 0.50
1.61,6.11,0.00, 0.50
1.61,6.11,0.00, 0.50
1.61,6.11,0.00, 0.50
1.63,6.22,0.99, 4.98
1.61,6.18,0.00, 0.00
1.61,6.18,0.00, 0.00
1.61,6.13,0.00, 0.00
1.61,6.13,0.00, 0.00
1.61,5.89,0.00, 0.00
1.61,5.88,0.00, 0.00
1.61,5.88,0.00, 0.00
1.61,5.88,0.00, 0.00
1.61,5.88,0.00, 0.00
1.61,5.88,0.00, 0.00
1.61,5.88,0.00, 0.00
1.63,5.88,0.99, 0.00
1.63,5.88,0.99, 0.00
1.63,5.84,0.01, 0.00
1.63,5.84,0.00, 0.00
1.63,5.78,0.00, 0.00
1.63,5.77,0.00, 0.00
1.61,5.76,0.00, 0.00
1.61,5.77,0.00, 0.50
1.61,5.73,0.00, 0.00
1.61,5.71,0.00, 0.00
1.61,5.66,0.00, 0.00
1.61,5.65,0.00, 0.00
1.61,5.65,0.00, 0.00
1.61,5.65,0.00, 0.00
1.61,5.61,0.00, 0.00
1.61,5.61,0.00, 0.00
1.61,5.61,0.00, 0.00
1.61,5.57,0.00, 0.00
1.61,5.55,0.00, 0.00
1.61,5.52,0.00, 0.00
1.61,5.53,0.00, 0.50
1.63,5.52,0.99, 0.00
1.63,5.52,0.99, 0.00
1.63,5.52,0.99, 0.00
1.63,5.52,0.99, 0.00
1.63,5.52,0.99, 0.00
1.63,5.52,0.99, 0.00
1.61,5.52,0.00, 0.00
1.61,5.52,0.00, 0.00
1.61,5.52,0.00, 0.00
1.61,5.49,0.00, 0.00
1.61,5.45,0.00, 0.00
1.61,5.24,0.00, 0.00
1.03,5.21,0.00, 0.00
1.37,5.15,16.75, 0.00
1.61,5.11,12.07, 0.00
1.61,5.11,12.07, 0.00
1.61,5.11,12.07, 0.00
1.61,5.11,12.07, 0.00
1.61,5.11,12.07, 0.00
1.61,5.11,12.07, 0.00
1.57,5.06,0.00, 0.00
1.54,5.03,0.00, 0.00
1.54,5.03,0.00, 0.00
1.45,5.01,0.00, 0.00
1.39,4.86,0.00, 0.00
1.32,4.80,0.00, 0.00
1.25,4.73,0.00, 0.00
1.21,4.65,0.00, 0.00
1.12,4.53,0.00, 0.00
1.01,4.40,0.00, 0.00
0.89,4.28,0.00, 0.00
0.76,4.13,0.00, 0.00
0.56,3.99,0.00, 0.00
0.56,3.99,0.00, 0.00
0.56,3.99,0.00, 0.00
0.56,3.99,0.00, 0.00
0.56,3.99,0.00, 0.00
0.56,3.99,0.00, 0.00
0.56,3.99,0.00, 0.00
0.56,3.99,0.00, 0.00
0.56,3.99,0.00, 0.00
0.38,3.84,0.00, 0.00
0.13,3.65,0.00, 0.00
0.15,3.48,0.99, 0.00
0.31,2.10,7.90, 0.00
0.31,1.89,0.12, 0.00
0.33,1.69,0.99, 0.00
0.33,1.46,0.01, 0.00
0.31,1.25,0.00, 0.00
0.33,1.04,0.99, 0.00
0.33,0.87,0.01, 0.00
0.36,0.71,1.48, 0.00
0.36,0.57,0.02, 0.00
0.33,0.44,0.00, 0.00
0.33,0.44,0.00, 0.00
0.33,0.34,0.00, 0.00
0.31,0.25,0.00, 0.00
0.31,0.25,0.00, 0.00
0.31,0.25,0.00, 0.00
0.31,0.25,0.00, 0.00
0.31,0.25,0.00, 0.00
0.31,0.25,0.00, 0.00
0.31,0.25,0.00, 0.00
0.31,0.25,0.00, 0.00
0.31,0.25,0.00, 0.00
0.31,0.25,0.00, 0.00
0.31,0.25,0.00, 0.00
0.31,0.25,0.00, 0.00
0.31,0.25,0.00, 0.00
0.31,0.14,0.00, 0.00
0.31,0.09,0.00, 0.00
0.31,0.05,0.00, 0.00
0.00,0.05,0.00, 0.00
0.00,0.05,0.00, 0.50
0.00,0.05,0.00, 0.00
0.00,0.05,0.00, 0.00
0.04,0.05,1.97, 0.00
0.20,0.05,7.91, 0.00
0.22,0.05,1.10, 0.50
0.22,0.06,0.02, 0.25
0.20,0.05,0.00, 0.00
0.15,0.05,0.00, 0.50
0.04,0.06,0.00, 0.25
0.00,0.05,0.00, 0.00
0.00,0.05,0.00, 0.00
0.00,0.05,0.00, 0.00
0.00,0.05,0.00, 0.00
0.04,0.05,1.97, 0.00
0.15,0.05,5.45, 0.50
0.15,0.05,5.45, 0.50
0.15,0.05,5.45, 0.50
0.15,0.05,5.45, 0.50
0.20,0.06,2.54, 0.25
0.20,0.06,0.04, 0.00
0.20,0.06,0.04, 0.00
0.20,0.06,0.04, 0.00
0.13,0.05,0.00, 0.00
0.00,0.05,0.00, 0.00
0.13,0.05,6.40, 0.00
0.13,0.05,6.40, 0.00
0.13,0.05,6.40, 0.00
0.13,0.05,6.40, 0.00
0.13,0.05,6.40, 0.00
0.13,0.05,6.40, 0.00
0.13,0.05,6.40, 0.00
0.13,0.05,0.09, 0.00
0.15,0.05,0.99, 0.00
0.09,0.05,0.00, 0.00
0.11,0.08,0.99, 1.74
0.11,0.16,0.01, 3.99
0.11,0.16,0.01, 3.99
0.11,0.16,0.01, 3.99
0.11,0.16,0.01, 3.99
0.11,0.16,0.01, 3.99
0.11,0.16,0.01, 3.99
0.11,0.16,0.01, 3.99
0.11,0.16,0.01, 3.99
0.02,0.28,0.00, 5.74
0.02,0.28,0.00, 5.74
0.00,0.39,0.00, 6.00
0.00,0.55,0.00, 7.49
0.00,1.68,0.00, 56.82
0.00,1.68,0.00, 56.82
0.00,1.68,0.00, 56.82
0.00,1.68,0.00, 56.82
0.00,1.68,0.00, 56.82
0.00,1.68,0.00, 56.82
0.00,1.68,0.00, 56.82
0.00,1.68,0.00, 56.82
0.00,1.68,0.00, 56.82
0.00,1.68,0.00, 56.82
0.00,1.68,0.00, 56.82
0.00,1.68,0.00, 56.82
0.00,2.29,0.00, 30.35
0.00,2.29,0.00, 30.35
0.00,2.58,0.00, 14.31
0.00,2.84,0.00, 13.25
1.37,5.11,67.49, 113.38
1.48,5.22,6.41, 5.40
1.57,5.32,4.53, 5.25
1.61,5.44,2.04, 6.00
1.61,5.44,2.04, 6.00
1.61,5.44,2.04, 6.00
1.61,5.44,2.04, 6.00
1.61,5.44,2.04, 6.00
1.61,5.44,2.04, 6.00
1.61,5.55,0.03, 5.25
1.61,5.55,0.03, 5.25
1.59,5.65,0.00, 5.50
1.61,5.73,0.99, 3.76
1.61,5.73,0.99, 3.76
1.61,5.73,0.99, 3.76
1.61,5.73,0.99, 3.76
1.59,6.02,0.00, 14.46
1.61,6.08,0.99, 3.04
1.61,6.11,0.01, 1.75
1.61,6.11,0.01, 1.75
1.61,6.11,0.01, 1.75
1.61,6.11,0.01, 1.75
1.61,6.11,0.01, 1.75
1.61,6.11,0.01, 1.75
1.61,6.11,0.01, 1.75
1.61,6.14,0.00, 1.25
1.61,6.14,0.00, 1.25
1.61,6.14,0.00, 1.25
1.61,6.14,0.00, 1.25
1.61,6.14,0.00, 1.25
1.61,6.14,0.00, 1.25
1.61,6.14,0.00, 1.25
1.61,6.14,0.00, 1.25
1.61,6.14,0.00, 1.25
1.61,6.14,0.00, 1.25
1.61,6.14,0.00, 1.25
1.61,6.14,0.00, 1.25
1.61,6.14,0.00, 1.25
1.61,6.14,0.00, 1.25
1.61,6.14,0.00, 0.00
1.61,6.14,0.00, 0.00
1.63,6.09,0.99, 0.00
1.63,5.81,0.01, 0.00
1.61,5.79,0.00, 0.00
1.61,5.81,0.00, 0.75
1.61,5.82,0.00, 0.75
1.61,5.81,0.00, 0.00
1.61,5.81,0.00, 0.00
1.61,5.81,0.00, 0.00
1.61,5.81,0.00, 0.00
1.61,5.81,0.00, 0.00
1.61,5.81,0.00, 0.00
1.61,5.80,0.00, 0.00
1.61,5.78,0.00, 0.00
1.61,5.76,0.00, 0.00
1.61,5.68,0.00, 0.00
1.61,5.66,0.00, 0.00
1.61,5.64,0.00, 0.00
1.61,5.61,0.00, 0.00
1.61,5.61,0.00, 0.00
1.61,5.61,0.00, 0.00
1.61,5.61,0.00, 0.00
1.61,5.61,0.00, 0.00
1.61,5.61,0.00, 0.00
1.63,5.61,0.99, 0.00
1.61,5.61,0.00, 0.00
1.61,5.62,0.00, 0.50
1.61,5.62,0.00, 0.50
1.61,5.62,0.00, 0.50
1.61,5.62,0.00, 0.50
1.61,5.62,0.00, 0.50
1.61,5.62,0.00, 0.00
1.61,5.61,0.00, 0.00
1.61,5.61,0.00, 0.00
1.61,5.61,0.00, 0.00
1.61,5.53,0.00, 0.00
1.61,5.53,0.00, 0.00
1.61,5.53,0.00, 0.00
1.61,5.52,0.00, 0.00
1.61,5.51,0.00, 0.00
1.61,5.51,0.00, 0.00
1.61,5.51,0.00, 0.00
1.61,5.52,0.00, 0.50
1.61,5.53,0.00, 0.50
1.61,5.53,0.00, 0.50
1.61,5.53,0.00, 0.50
1.61,5.53,0.00, 0.50
1.61,5.53,0.00, 0.50
1.61,5.53,0.00, 0.50
1.61,5.53,0.00, 0.00
1.61,5.50,0.00, 0.00
1.61,5.50,0.00, 0.00
1.61,5.47,0.00, 0.00
1.61,5.46,0.00, 0.00
1.61,5.45,0.00, 0.00
1.61,5.45,0.00, 0.00
1.61,5.45,0.00, 0.00
1.61,5.45,0.00, 0.00
1.61,5.43,0.00, 0.00
1.63,5.43,0.99, 0.00
1.63,5.43,0.99, 0.00
1.63,5.43,0.99, 0.00
1.63,5.43,0.99, 0.00
1.63,5.43,0.99, 0.00
1.63,5.43,0.99, 0.00
1.61,5.41,0.00, 0.00
1.61,5.44,0.00, 1.49
1.61,5.45,0.00, 0.50
1.61,5.49,0.00, 2.24
1.61,5.49,0.00, 2.24
1.61,5.49,0.00, 2.24
1.61,5.49,0.00, 2.24
1.61,5.49,0.00, 0.01
1.61,5.53,0.00, 1.49
1.63,5.51,0.99, 0.00
1.63,5.49,0.01, 0.00
1.61,5.48,0.00, 0.00
1.61,5.47,0.00, 0.00
1.61,5.47,0.00, 0.00
1.61,5.47,0.00, 0.00
1.61,5.47,0.00, 0.00
1.61,5.47,0.00, 0.00
1.61,5.47,0.00, 0.00
1.61,5.47,0.00, 0.00
1.61,5.47,0.00, 0.00
1.61,5.47,0.00, 0.00
1.61,5.47,0.00, 0.00
1.61,5.47,0.00, 0.00
1.61,5.47,0.00, 0.00
1.63,5.46,0.99, 0.00
1.61,5.45,0.00, 0.00
1.61,5.44,0.00, 0.00
1.61,5.63,0.00, 9.47
1.63,5.64,0.99, 0.53
1.63,5.66,0.01, 1.00
1.63,5.66,0.01, 1.00
1.63,5.66,0.01, 1.00
1.63,5.66,0.01, 1.00
1.63,5.66,0.01, 1.00
1.63,5.66,0.01, 1.00
1.63,5.66,0.01, 1.00
1.63,5.66,0.01, 1.00
1.63,5.66,0.01, 1.00
1.63,5.66,0.01, 1.00
1.63,5.66,0.01, 1.00
1.63,5.66,0.01, 1.00
1.63,5.66,0.01, 1.00
1.63,5.66,0.01, 1.00
1.63,5.66,0.01, 1.00
1.63,5.66,0.01, 1.00
1.63,5.66,0.01, 1.00
1.63,5.66,0.01, 1.00
1.63,5.66,0.01, 1.00
1.63,5.66,0.01, 1.00
1.63,5.66,0.00, 0.00
1.61,5.63,0.00, 0.00
1.63,5.62,0.99, 0.00
1.61,5.54,0.00, 0.00
1.61,5.52,0.00, 0.00
1.61,5.55,0.00, 1.49
1.61,5.59,0.00, 1.75
1.61,5.64,0.00, 2.50
1.61,5.64,0.00, 2.50
1.61,5.64,0.00, 2.50
1.61,5.64,0.00, 2.50
1.61,5.64,0.00, 2.50
1.61,5.64,0.00, 2.50
1.61,5.64,0.00, 2.50
1.61,5.66,0.00, 1.25
1.61,5.64,0.00, 0.00
1.61,5.62,0.00, 0.00
1.61,5.51,0.00, 0.00
1.63,5.48,0.99, 0.00
1.63,5.48,0.99, 0.00
1.63,5.46,0.01, 0.00
1.61,5.45,0.00, 0.00
1.61,5.44,0.00, 0.00
1.61,5.40,0.00, 0.00
1.61,5.40,0.00, 0.00
1.61,5.40,0.00, 0.00
1.61,5.40,0.00, 0.00
1.61,5.40,0.00, 0.00
1.61,5.40,0.00, 0.00
1.61,5.40,0.00, 0.00
1.61,5.40,0.00, 0.00
1.61,5.40,0.00, 0.00
1.61,5.40,0.00, 0.00
1.61,5.40,0.00, 0.00
1.61,5.40,0.00, 0.00
1.61,5.40,0.00, 0.00
1.61,5.40,0.00, 0.00
1.61,5.40,0.00, 0.00
1.61,5.40,0.00, 0.00
1.61,5.40,0.00, 0.00
1.61,5.40,0.00, 0.00
1.61,5.40,0.00, 0.00
1.61,5.40,0.00, 0.00
1.63,5.40,0.99, 0.00
1.63,5.40,0.99, 0.00
1.61,5.36,0.00, 0.00
1.61,5.18,0.00, 0.00
1.45,4.63,0.00, 0.00
1.54,4.60,4.43, 0.00
1.48,4.55,0.00, 0.00
1.39,4.51,0.00, 0.00
1.39,4.49,0.00, 0.00
1.37,4.43,0.00, 0.00
1.32,4.39,0.00, 0.00
1.32,4.34,0.00, 0.00
1.30,4.26,0.00, 0.00
1.30,4.26,0.00, 0.00
1.30,4.26,0.00, 0.00
1.30,4.26,0.00, 0.00
1.30,4.26,0.00, 0.00
1.30,4.26,0.00, 0.00
1.30,4.26,0.00, 0.00
1.25,4.20,0.00, 0.00
1.21,4.11,0.00, 0.00
1.16,4.06,0.00, 0.00
0.96,3.55,0.00, 0.00
0.96,3.41,0.00, 0.00
0.89,3.26,0.00, 0.00
0.83,3.10,0.00, 0.00
0.78,2.91,0.00, 0.00
0.71,2.72,0.00, 0.00
0.65,2.49,0.00, 0.00
0.60,2.27,0.00, 0.00
0.60,2.27,0.00, 0.00
0.60,2.27,0.00, 0.00
0.60,2.27,0.00, 0.00
0.60,2.27,0.00, 0.00
0.60,2.27,0.00, 0.00
0.60,2.27,0.00, 0.00
0.60,2.27,0.00, 0.00
0.54,2.05,0.00, 0.00
0.42,1.81,0.00, 0.00
0.49,1.56,3.45, 0.00
0.40,0.69,0.00, 0.00
0.36,0.55,0.00, 0.00
0.31,0.43,0.00, 0.00
0.33,0.31,0.99, 0.00
0.31,0.21,0.00, 0.00
0.29,0.14,0.00, 0.00
0.29,0.07,0.00, 0.00
0.29,0.05,0.00, 0.00
0.31,0.03,0.99, 0.00
0.31,0.02,0.01, 0.00
0.33,0.02,0.99, 0.00
0.33,0.02,0.01, 0.00
0.31,0.05,0.00, 1.74
0.24,0.05,0.00, 0.00
0.29,0.05,2.46, 0.50
0.18,0.05,0.00, 0.00
0.18,0.05,0.00, 0.50
0.09,0.05,0.00, 0.00
0.06,0.05,0.00, 0.00
0.06,0.05,0.00, 0.00
0.04,0.04,0.00, 0.00
0.04,0.05,0.00, 0.50
0.09,0.04,2.46, 0.00
0.00,0.05,0.00, 0.50
0.00,0.05,0.00, 0.50
0.00,0.05,0.00, 0.50
0.00,0.05,0.00, 0.50
0.00,0.05,0.00, 0.00
0.11,0.05,5.42, 0.50
0.18,0.06,3.53, 0.25
0.13,0.05,0.00, 0.00
0.11,0.05,0.00, 0.50
0.09,0.05,0.00, 0.00
0.09,0.05,0.00, 0.00
0.09,0.05,0.00, 0.50
0.09,0.05,0.00, 0.00
0.11,0.05,0.99, 0.00
0.15,0.05,1.99, 0.00
0.11,0.06,0.00, 0.25
0.11,0.06,0.00, 0.25
0.11,0.06,0.00, 0.25
0.11,0.06,0.00, 0.25
0.11,0.06,0.00, 0.25
0.02,0.06,0.00, 0.00
0.00,0.06,0.00, 0.00
0.02,0.05,0.99, 0.00
0.11,0.05,4.45, 0.00
0.11,0.05,0.07, 0.00
0.11,0.05,0.00, 0.50
0.09,0.06,0.00, 0.25
0.04,0.08,0.00, 1.00
0.04,0.08,0.00, 1.00
0.04,0.08,0.00, 1.00
0.04,0.08,0.00, 1.00
0.04,0.08,0.00, 1.00
0.04,0.08,0.00, 1.00
0.04,0.08,0.00, 1.00
0.00,0.08,0.00, 0.00
0.00,0.10,0.00, 1.00
0.00,0.12,0.00, 0.75
0.00,0.36,0.00, 12.21
0.00,0.36,0.00, 12.21
0.00,0.36,0.00, 12.21
0.00,0.36,0.00, 12.21
0.00,0.36,0.00, 12.21
0.00,0.36,0.00, 12.21
0.00,0.47,0.00, 5.28
0.00,0.47,0.00, 5.28
0.00,0.53,0.00, 3.26
0.00,0.62,0.00, 4.50
0.00,0.62,0.00, 4.50
0.00,1.42,0.00, 40.12
0.00,1.60,0.00, 8.86
0.00,1.82,0.00, 10.74
0.00,2.03,0.00, 10.75
0.00,2.26,0.00, 11.50
0.00,2.48,0.00, 11.25
0.00,2.72,0.00, 11.75
0.00,2.94,0.00, 11.25
0.00,3.14,0.00, 10.00
0.00,3.34,0.00, 9.50
0.04,3.56,1.97, 11.24
0.15,3.81,5.45, 12.25
0.22,4.12,3.53, 15.74
0.40,4.42,8.92, 15.00
0.58,4.72,9.00, 15.00
0.58,4.72,9.00, 15.00
0.71,5.02,6.54, 15.00
0.87,5.25,7.98, 11.51
1.05,5.45,8.98, 10.25
1.23,5.65,9.00, 9.75
1.41,5.84,9.00, 9.50
1.57,6.02,8.01, 9.00
1.61,6.20,2.09, 9.00
1.61,6.38,0.03, 9.00
1.61,6.47,0.00, 4.52
1.61,6.47,0.00, 4.52
1.61,6.47,0.00, 4.52
1.61,6.47,0.00, 4.52
1.61,6.47,0.00, 4.52
1.61,6.47,0.00, 4.52
1.61,6.47,0.00, 4.52
1.61,6.47,0.00, 4.52
1.61,6.47,0.00, 4.52
1.61,6.47,0.00, 4.52
1.61,6.47,0.00, 4.52
1.61,6.47,0.00, 4.52
1.61,6.47,0.00, 4.52
1.61,6.47,0.00, 4.52
1.61,6.47,0.00, 4.52
1.61,6.47,0.00, 4.52
1.61,6.47,0.00, 4.52
1.61,6.47,0.00, 4.52
1.61,6.47,0.00, 4.52
1.59,6.55,0.00, 4.00
1.61,6.59,0.99, 2.01
1.61,6.61,0.01, 0.75
1.63,6.49,0.99, 0.00
1.63,6.49,0.01, 0.00
1.63,6.49,0.00, 0.00
1.63,6.49,0.00, 0.50
1.63,6.49,0.00, 0.00
1.61,6.49,0.00, 0.00
1.61,6.48,0.00, 0.00
1.63,6.44,0.99, 0.00
1.63,6.41,0.01, 0.00
1.61,6.40,0.00, 0.00
1.63,6.39,0.99, 0.00
1.61,6.40,0.00, 0.50
1.61,6.43,0.00, 1.75
1.63,6.41,0.99, 0.00
1.63,6.41,0.99, 0.00
1.63,6.41,0.99, 0.00
1.63,6.41,0.01, 0.00
1.63,6.38,0.00, 0.00
1.61,6.36,0.00, 0.00
1.63,6.36,0.99, 0.00
1.63,6.35,0.01, 0.00
1.63,6.35,0.01, 0.00
1.63,6.35,0.01, 0.00
1.63,6.35,0.01, 0.00
1.63,6.35,0.01, 0.00
1.63,6.35,0.01, 0.00
1.63,6.35,0.01, 0.00
1.61,6.34,0.00, 0.00
1.63,6.33,0.99, 0.00
1.63,6.33,0.01, 0.00
1.63,6.09,0.00, 0.00
1.63,6.09,0.00, 0.00
1.61,6.05,0.00, 0.00
1.63,6.01,0.99, 0.00
1.61,6.01,0.00, 0.00
1.61,6.01,0.00, 0.00
1.61,6.01,0.00, 0.00
1.61,6.01,0.00, 0.00
1.61,6.01,0.00, 0.00
1.61,6.01,0.00, 0.00
1.61,6.01,0.00, 0.00
1.61,6.01,0.00, 0.00
1.61,6.01,0.00, 0.00
1.61,6.01,0.00, 0.00
1.61,6.01,0.00, 0.00
1.61,6.01,0.00, 0.00
1.61,6.01,0.00, 0.00
1.61,6.01,0.00, 0.00
1.63,5.97,0.99, 0.00
1.63,5.97,0.01, 0.00
1.63,5.91,0.00, 0.00
1.63,5.91,0.00, 0.00
1.63,5.57,0.00, 0.00
1.63,5.57,0.00, 0.00
1.63,5.57,0.00, 0.00
1.61,5.58,0.00, 0.75
1.61,5.55,0.00, 0.00
1.63,5.55,0.99, 0.00
1.61,5.52,0.00, 0.00
1.63,5.49,0.99, 0.00
1.63,5.45,0.01, 0.00
1.63,5.43,0.00, 0.00
1.63,5.43,0.00, 0.00
1.63,5.43,0.00, 0.00
1.63,5.43,0.00, 0.00
1.63,5.43,0.00, 0.00
1.63,5.39,0.00, 0.00
1.63,5.39,0.00, 0.00
1.63,5.39,0.00, 0.00
1.63,5.39,0.00, 0.00
1.63,5.39,0.00, 0.00
1.61,5.39,0.00, 0.00
1.61,5.39,0.00, 0.00
1.63,5.38,0.99, 0.00
1.63,5.36,0.01, 0.00
1.63,5.27,0.00, 0.00
1.61,5.25,0.00, 0.00
1.63,5.25,0.99, 0.00
1.63,5.20,0.01, 0.00
1.63,5.20,0.01, 0.00
1.63,5.18,0.00, 0.00
1.63,5.14,0.00, 0.00
1.63,5.12,0.00, 0.00
1.63,5.11,0.00, 0.00
1.61,5.09,0.00, 0.00
1.63,5.07,0.99, 0.00
1.63,5.05,0.01, 0.00
1.63,5.01,0.00, 0.00
1.63,5.01,0.00, 0.00
1.63,5.01,0.00, 0.00
1.63,5.01,0.00, 0.00
1.63,5.01,0.00, 0.00
1.63,5.01,0.00, 0.00
1.63,5.01,0.00, 0.00
1.63,4.98,0.00, 0.00
1.63,4.98,0.00, 0.00
1.61,4.93,0.00, 0.00
1.63,4.89,0.99, 0.00
1.61,4.85,0.00, 0.00
1.63,4.86,0.99, 0.50
1.63,4.84,0.01, 0.00
1.63,4.84,0.01, 0.00
1.63,4.84,0.01, 0.00
1.63,4.84,0.01, 0.00
1.63,4.84,0.01, 0.00
1.63,4.82,0.00, 0.00
1.61,4.81,0.00, 0.00
1.61,4.79,0.00, 0.00
1.63,4.80,0.99, 0.25
1.63,4.81,0.01, 0.50
1.63,4.80,0.00, 0.00
1.63,4.78,0.00, 0.00
1.63,4.78,0.00, 0.00
1.61,4.76,0.00, 0.00
1.61,4.76,0.00, 0.00
1.61,4.76,0.00, 0.00
1.63,4.74,0.99, 0.00
1.63,4.72,0.01, 0.00
1.63,4.70,0.00, 0.00
1.63,4.71,0.00, 0.50
1.63,4.71,0.00, 0.50
1.63,4.70,0.00, 0.00
1.63,4.70,0.00, 0.50
1.63,4.70,0.00, 0.00
1.61,4.68,0.00, 0.00
1.61,4.68,0.00, 0.00
1.63,4.66,0.99, 0.00
1.63,4.66,0.99, 0.00
1.63,4.66,0.99, 0.00
1.63,4.66,0.99, 0.00
1.63,4.66,0.99, 0.00
1.63,4.64,0.01, 0.00
1.63,4.61,0.00, 0.00
1.63,4.59,0.00, 0.00
1.63,4.56,0.00, 0.00
1.61,4.52,0.00, 0.00
1.63,4.49,0.99, 0.00
1.63,4.49,0.99, 0.00
1.61,4.46,0.00, 0.00
1.61,4.34,0.00, 0.00
1.63,4.25,0.99, 0.00
1.61,4.21,0.00, 0.00
1.61,4.16,0.00, 0.00
1.63,4.11,0.99, 0.00
1.61,4.09,0.00, 0.00
1.37,4.05,0.00, 0.00
0.87,4.02,0.00, 0.00
1.34,3.99,23.15, 0.00
1.41,3.99,3.79, 0.50
1.28,3.96,0.00, 0.00
1.39,3.95,5.42, 0.00
1.39,3.95,5.42, 0.00
1.37,3.96,0.00, 0.50
1.28,3.95,0.00, 0.00
1.34,3.92,2.96, 0.00
1.34,3.92,2.96, 0.00
1.28,3.90,0.00, 0.00
1.19,3.85,0.00, 0.00
1.16,3.82,0.00, 0.00
1.12,3.76,0.00, 0.00
1.05,3.69,0.00, 0.00
1.01,3.65,0.00, 0.00
1.01,3.58,0.00, 0.00
0.96,3.51,0.00, 0.00
0.94,3.45,0.00, 0.00
0.89,3.36,0.00, 0.00
0.80,3.25,0.00, 0.00
0.80,3.25,0.00, 0.00
0.80,3.25,0.00, 0.00
0.80,3.25,0.00, 0.00
0.80,3.25,0.00, 0.00
0.80,3.25,0.00, 0.00
0.71,3.15,0.00, 0.00
0.74,3.05,1.48, 0.00
0.71,2.93,0.00, 0.00
0.63,2.36,0.00, 0.00
0.58,2.22,0.00, 0.00
0.54,2.09,0.00, 0.00
0.54,2.09,0.00, 0.00
0.47,1.93,0.00, 0.00
0.38,1.77,0.00, 0.00
0.31,1.63,0.00, 0.00
0.29,1.49,0.00, 0.00
0.24,1.32,0.00, 0.00
0.18,1.14,0.00, 0.00
0.13,0.98,0.00, 0.00
0.06,0.79,0.00, 0.00
0.00,0.60,0.00, 0.00
0.00,0.41,0.00, 0.00
0.00,0.25,0.00, 0.00
0.00,0.25,0.00, 0.00
0.00,0.12,0.00, 0.00
0.00,0.08,0.00, 0.00
0.00,0.04,0.00, 0.00
0.02,0.02,0.99, 0.00
0.11,0.01,4.45, 0.00
0.20,0.01,4.50, 0.00
0.29,0.03,4.50, 1.00
0.18,0.05,0.00, 0.75
0.15,0.05,0.00, 0.50
0.09,0.05,0.00, 0.00
0.04,0.05,0.00, 0.00
0.04,0.05,0.00, 0.00
0.09,0.05,2.46, 0.50
0.02,0.05,0.00, 0.00
0.00,0.05,0.00, 0.50
0.00,0.05,0.00, 0.50
0.00,0.06,0.00, 0.25
0.09,0.06,4.43, 0.00
0.20,0.06,5.48, 0.00
0.20,0.06,5.48, 0.00
0.20,0.05,0.08, 0.00
0.13,0.05,0.00, 0.00
0.09,0.05,0.00, 0.00
0.00,0.05,0.00, 0.50
0.00,0.05,0.00, 0.50
0.00,0.05,0.00, 0.00
0.00,0.05,0.00, 0.00
0.02,0.06,0.99, 0.25
0.13,0.06,5.43, 0.00
0.18,0.06,2.54, 0.00
0.18,0.06,2.54, 0.00
0.18,0.06,2.54, 0.00
0.18,0.06,0.04, 0.00
0.13,0.06,0.00, 0.00
0.04,0.06,0.00, 0.00
0.00,0.06,0.00, 0.00
0.00,0.05,0.00, 0.00
0.00,0.05,0.00, 0.50
0.09,0.05,4.43, 0.00
0.13,0.05,2.04, 0.00
0.13,0.05,2.04, 0.00
0.13,0.05,2.04, 0.00
0.13,0.05,2.04, 0.00
0.13,0.05,2.04, 0.00
0.13,0.05,2.04, 0.00
0.13,0.05,2.04, 0.00
0.13,0.05,0.03, 0.00
0.11,0.05,0.00, 0.50
0.06,0.06,0.00, 0.25
0.09,0.05,1.48, 0.00
0.09,0.05,0.02, 0.50
0.09,0.05,0.00, 0.00
0.06,0.05,0.00, 0.00
0.04,0.05,0.00, 0.00
0.02,0.05,0.00, 0.50
0.04,0.09,0.99, 1.99
0.04,0.09,0.99, 1.99
0.04,0.09,0.99, 1.99
0.04,0.09,0.99, 1.99
0.04,0.09,0.99, 1.99
0.04,0.11,0.01, 1.00
0.02,0.15,0.00, 1.75
0.00,0.37,0.00, 10.97
0.00,0.45,0.00, 4.27
0.00,0.56,0.00, 5.25
0.00,0.63,0.00, 3.76
0.00,0.74,0.00, 5.24
0.00,0.88,0.00, 6.99
0.00,1.03,0.00, 7.75
0.00,1.21,0.00, 8.75
0.00,1.42,0.00, 10.74
0.00,1.63,0.00, 10.50
0.00,1.63,0.00, 10.50
0.00,1.85,0.00, 10.75
0.00,2.07,0.00, 10.75
0.00,2.28,0.00, 10.75
0.00,2.46,0.00, 9.01
0.00,2.63,0.00, 8.50
0.00,2.81,0.00, 9.00
0.00,2.81,0.00, 9.00
0.00,2.99,0.00, 9.00
0.00,3.20,0.00, 10.49
0.00,3.20,0.00, 10.49
0.00,3.42,0.00, 11.25
0.00,3.67,0.00, 12.50
0.00,3.90,0.00, 11.25
0.13,4.13,6.40, 11.50
0.36,4.34,11.43, 10.25
0.54,4.54,9.04, 10.25
0.71,4.74,8.51, 10.00
0.87,4.91,8.01, 8.51
0.96,5.07,4.55, 7.75
1.01,5.20,2.53, 6.75
1.14,5.28,6.44, 4.26
1.25,5.37,5.51, 4.25
1.25,5.37,5.51, 4.25
1.25,5.37,5.51, 4.25
1.25,5.37,5.51, 4.25
1.25,5.37,5.51, 4.25
1.25,5.37,5.51, 4.25
1.25,5.37,5.51, 4.25
1.34,5.43,4.51, 3.00
1.43,5.49,4.50, 3.00
1.48,5.54,2.53, 2.50
1.61,5.71,6.44, 8.48
1.61,5.71,6.44, 8.48
1.61,5.74,0.09, 1.77
1.63,5.72,0.99, 0.00
1.61,5.71,0.00, 0.00
1.63,5.70,0.99, 0.00
1.63,5.72,0.01, 1.25
1.63,5.76,0.00, 1.50
1.61,5.77,0.00, 0.50
1.63,5.76,0.99, 0.00
1.63,5.73,0.01, 0.00
1.61,5.74,0.00, 0.00
1.63,5.73,0.99, 0.00
1.63,5.73,0.01, 0.00
1.63,5.71,0.00, 0.00
1.63,5.66,0.00, 0.00
1.61,5.65,0.00, 0.00
1.61,5.65,0.00, 0.00
1.61,5.61,0.00, 0.00
1.63,5.60,0.99, 0.00
1.63,5.58,0.01, 0.00
1.63,5.55,0.00, 0.00
1.63,5.52,0.00, 0.00
1.63,5.45,0.00, 0.00
1.63,5.45,0.00, 0.00
1.63,5.39,0.00, 0.00
1.63,5.39,0.00, 0.00
1.63,5.32,0.00, 0.00
1.63,5.25,0.00, 0.00
1.61,5.18,0.00, 0.00
1.61,5.12,0.00, 0.00
1.63,5.07,0.99, 0.00
1.61,5.00,0.00, 0.00
1.61,5.00,0.00, 0.00
1.63,4.93,0.99, 0.00
1.63,4.93,0.99, 0.00
1.63,4.93,0.99, 0.00
1.63,4.93,0.99, 0.00
1.63,4.93,0.99, 0.00
1.63,4.93,0.99, 0.00
1.63,4.93,0.99, 0.00
1.63,4.89,0.01, 0.00
1.63,4.86,0.00, 0.00
1.63,4.80,0.00, 0.00
1.63,4.62,0.00, 0.00
1.61,4.61,0.00, 0.00
1.63,4.61,0.99, 0.00
1.61,4.59,0.00, 0.00
1.63,4.61,0.99, 1.25
1.63,4.61,0.01, 0.00
1.63,4.60,0.00, 0.00
1.63,4.61,0.00, 0.50
1.63,4.61,0.00, 0.00
1.63,4.61,0.00, 0.00
1.63,4.61,0.00, 0.00
1.63,4.61,0.00, 0.50
1.63,4.61,0.00, 0.00
1.63,4.61,0.00, 0.00
1.63,4.61,0.00, 0.00
1.63,4.61,0.00, 0.00
1.63,4.61,0.00, 0.00
1.63,4.61,0.00, 0.00
1.63,4.61,0.00, 0.00
1.63,4.61,0.00, 0.00
1.63,4.62,0.00, 0.50
1.63,4.62,0.00, 0.00
1.63,4.66,0.00, 1.74
1.63,4.66,0.00, 0.01
1.63,4.63,0.00, 0.00
1.63,4.63,0.00, 0.00
1.63,4.63,0.00, 0.00
1.63,4.63,0.00, 0.00
1.63,4.63,0.00, 0.00
1.61,4.64,0.00, 0.25
1.61,4.64,0.00, 0.25
1.61,4.64,0.00, 0.25
1.61,4.64,0.00, 0.25
1.61,4.64,0.00, 0.25
1.61,4.64,0.00, 0.25
1.61,4.64,0.00, 0.25
1.63,4.61,0.99, 0.00
1.63,4.57,0.01, 0.00
1.61,4.57,0.00, 0.00
1.61,4.57,0.00, 0.00
1.61,4.57,0.00, 0.00
1.61,4.57,0.00, 0.00
1.61,4.57,0.00, 0.00
1.61,4.57,0.00, 0.00
1.61,4.57,0.00, 0.00
1.61,4.57,0.00, 0.00
1.61,4.57,0.00, 0.00
1.61,4.57,0.00, 0.00
1.61,4.57,0.00, 0.00
1.61,4.57,0.00, 0.00
1.63,4.57,0.99, 0.00
1.63,4.61,0.01, 1.74
1.63,4.61,0.01, 1.74
1.63,4.61,0.01, 1.74
1.63,4.61,0.01, 1.74
1.63,4.61,0.01, 1.74
1.63,4.61,0.01, 1.74
1.63,4.61,0.01, 1.74
1.63,4.61,0.01, 1.74
1.63,4.61,0.01, 1.74
1.63,4.61,0.01, 1.74
1.63,4.64,0.00, 1.75
1.63,4.83,0.00, 9.22
1.63,4.83,0.00, 0.03
1.63,4.83,0.00, 0.03
1.63,4.83,0.00, 0.03
1.63,4.83,0.00, 0.03
1.63,4.83,0.00, 0.03
1.63,4.83,0.00, 0.03
1.63,4.83,0.00, 0.03
1.63,4.83,0.00, 0.03
1.63,4.83,0.00, 0.03
1.63,4.83,0.00, 0.03
1.63,4.83,0.00, 0.03
1.63,4.83,0.00, 0.03
1.63,4.83,0.00, 0.03
1.63,4.83,0.00, 0.03
1.63,4.76,0.00, 0.00
1.63,4.73,0.00, 0.00
1.63,4.73,0.00, 0.00
1.63,4.71,0.00, 0.00
1.63,4.26,0.00, 0.00
1.63,4.20,0.00, 0.00
1.63,4.11,0.00, 0.00
1.63,4.09,0.00, 0.00
1.61,4.07,0.00, 0.00
1.61,4.07,0.00, 0.00
1.61,4.07,0.00, 0.00
1.61,4.07,0.00, 0.00
1.61,4.07,0.00, 0.00
1.61,4.07,0.00, 0.00
1.63,4.05,0.99, 0.00
1.63,4.02,0.01, 0.00
1.63,4.01,0.00, 0.00
1.61,3.99,0.00, 0.00
1.63,3.96,0.99, 0.00
1.63,3.96,0.01, 0.00
1.63,3.91,0.00, 0.00
1.63,3.90,0.00, 0.00
1.63,3.88,0.00, 0.00
1.63,3.90,0.00, 1.00
1.63,3.92,0.00, 0.75
1.63,3.97,0.00, 2.24
1.63,3.99,0.00, 1.25
1.63,3.99,0.00, 1.25
1.63,4.05,0.00, 2.74
1.63,4.07,0.00, 1.50
1.63,4.07,0.00, 0.01
1.63,4.09,0.00, 0.50
1.63,4.07,0.00, 0.00
1.63,4.09,0.00, 1.00
1.63,4.09,0.00, 0.00
1.63,4.07,0.00, 0.00
1.63,4.07,0.00, 0.00
1.63,4.04,0.00, 0.00
1.63,4.04,0.00, 0.00
1.63,4.03,0.00, 0.00
1.63,4.04,0.00, 0.50
1.63,4.01,0.00, 0.00
1.61,4.01,0.00, 0.50
1.61,4.01,0.00, 0.50
1.39,3.98,0.00, 0.00
1.28,3.97,0.00, 0.00
1.61,3.96,16.26, 0.00
1.63,3.91,1.22, 0.00
1.57,3.90,0.00, 0.00
1.57,3.90,0.00, 0.00
1.57,3.90,0.00, 0.00
1.41,3.86,0.00, 0.00
1.54,3.85,6.40, 0.00
1.54,3.84,0.09, 0.00
1.50,3.80,0.00, 0.00
1.48,3.78,0.00, 0.00
1.43,3.74,0.00, 0.00
1.39,3.70,0.00, 0.00
1.39,3.65,0.00, 0.00
1.34,3.62,0.00, 0.00
1.28,3.57,0.00, 0.00
1.30,3.53,0.99, 0.00
1.25,3.49,0.00, 0.00
1.25,3.42,0.00, 0.00
1.19,3.38,0.00, 0.00
1.12,3.32,0.00, 0.00
1.12,3.24,0.00, 0.00
1.03,3.15,0.00, 0.00
1.01,3.09,0.00, 0.00
1.01,3.09,0.00, 0.00
1.01,3.09,0.00, 0.00
1.01,3.09,0.00, 0.00
0.98,3.01,0.00, 0.00
0.98,2.93,0.00, 0.00
0.92,2.84,0.00, 0.00
0.89,2.76,0.00, 0.00
0.85,2.68,0.00, 0.00
0.78,2.62,0.00, 0.00
0.71,2.55,0.00, 0.00
0.69,2.45,0.00, 0.00
0.63,2.38,0.00, 0.00
0.56,2.32,0.00, 0.00
0.49,2.24,0.00, 0.00
0.42,2.16,0.00, 0.00
0.38,2.08,0.00, 0.00
0.40,1.98,0.99, 0.00
0.40,1.88,0.01, 0.00
0.40,1.88,0.01, 0.00
0.40,1.88,0.01, 0.00
0.40,1.88,0.01, 0.00
0.40,1.88,0.01, 0.00
0.40,1.88,0.01, 0.00
0.45,1.81,2.46, 0.00
0.42,1.74,0.00, 0.00
0.38,1.67,0.00, 0.00
0.38,1.67,0.00, 0.00
0.38,1.67,0.00, 0.00
0.38,1.67,0.00, 0.00
0.38,1.67,0.00, 0.00
0.36,1.43,0.00, 0.00
0.33,1.35,0.00, 0.00
0.33,1.35,0.00, 0.00
0.33,1.25,0.00, 0.00
0.29,0.94,0.00, 0.00
0.27,0.87,0.00, 0.00
0.27,0.81,0.00, 0.00
0.27,0.81,0.00, 0.00
0.27,0.81,0.00, 0.00
0.27,0.81,0.00, 0.00
0.27,0.81,0.00, 0.00
0.27,0.81,0.00, 0.00
0.24,0.76,0.00, 0.00
0.22,0.69,0.00, 0.00
0.24,0.35,0.99, 0.00
0.24,0.28,0.01, 0.00
0.29,0.19,2.46, 0.00
0.31,0.12,1.02, 0.00
0.33,0.07,1.00, 0.00
0.31,0.04,0.00, 0.00
0.36,0.04,2.46, 0.00
0.38,0.05,1.02, 1.00
0.29,0.06,0.00, 0.25
0.24,0.05,0.00, 0.00
0.24,0.05,0.00, 0.50
0.22,0.06,0.00, 0.25
0.22,0.06,0.00, 0.00
0.22,0.06,0.00, 0.00
0.13,0.05,0.00, 0.00
0.13,0.05,0.00, 0.00
0.13,0.05,0.00, 0.00
0.13,0.05,0.00, 0.00
0.13,0.05,0.00, 0.00
0.13,0.05,0.00, 0.00
0.13,0.05,0.00, 0.00
0.11,0.05,0.00, 0.00
0.00,0.05,0.00, 0.00
0.00,0.05,0.00, 0.00
0.20,0.05,9.85, 0.50
0.20,0.05,0.14, 0.00
0.18,0.06,0.00, 1.00
0.15,0.05,0.00, 0.00
0.13,0.05,0.00, 0.00
0.00,0.05,0.00, 0.00
0.00,0.05,0.00, 0.50
0.00,0.05,0.00, 0.00
0.00,0.05,0.00, 0.00
0.00,0.05,0.00, 0.50
0.11,0.05,5.42, 0.00
0.11,0.05,5.42, 0.00
0.11,0.05,5.42, 0.00
0.11,0.05,5.42, 0.00
0.11,0.05,5.42, 0.00
0.11,0.05,5.42, 0.00
0.11,0.05,5.42, 0.00
0.11,0.05,5.42, 0.00
0.11,0.05,5.42, 0.00
0.11,0.05,5.42, 0.00
0.11,0.05,5.42, 0.00
0.11,0.05,5.42, 0.00
0.11,0.05,5.42, 0.00
0.22,0.05,5.50, 0.50
0.22,0.05,5.50, 0.50
0.18,0.05,0.00, 0.00
0.13,0.05,0.00, 0.00
0.00,0.05,0.00, 0.00
0.00,0.05,0.00, 0.00
0.06,0.05,2.96, 0.00
0.09,0.05,1.52, 0.00
0.09,0.05,0.02, 0.00
0.06,0.05,0.00, 0.50
0.00,0.05,0.00, 0.00
0.00,0.05,0.00, 0.50
0.00,0.06,0.00, 0.25
0.00,0.07,0.00, 0.50
0.02,0.09,0.99, 1.25
0.00,0.13,0.00, 2.00
0.00,0.22,0.00, 3.99
0.00,0.31,0.00, 5.00
0.00,0.45,0.00, 6.99
0.00,0.57,0.00, 5.75
0.04,0.72,1.97, 7.24
0.04,0.88,0.03, 8.00
0.00,1.08,0.00, 9.99
0.00,1.25,0.00, 9.00
0.00,1.25,0.00, 9.00
0.00,1.44,0.00, 9.25
0.00,1.44,0.00, 9.25
0.00,1.66,0.00, 10.99
0.00,1.66,0.00, 10.99
0.00,1.84,0.00, 9.01
0.00,2.07,0.00, 11.24
0.02,2.30,0.99, 11.50
0.04,2.51,1.00, 10.75
0.09,2.72,2.48, 10.75
0.18,2.91,4.47, 9.50
0.31,3.08,6.47, 8.01
0.42,3.25,5.51, 8.75
0.47,3.39,2.54, 7.26
0.47,3.39,2.54, 7.26
0.60,3.55,6.44, 7.75
0.74,3.68,6.99, 6.50
0.89,3.86,7.49, 8.99
1.03,4.03,7.01, 8.50
1.19,4.16,7.99, 6.76
1.34,4.32,7.51, 7.75
1.45,4.41,5.53, 4.76
1.52,4.53,3.53, 6.00
1.59,4.66,3.50, 6.25
1.61,4.75,1.04, 4.51
1.61,4.82,0.02, 3.50
1.61,4.90,0.00, 4.25
1.61,4.95,0.00, 2.51
1.61,4.95,0.00, 2.51
1.61,5.01,0.00, 3.00
1.61,5.01,0.00, 3.00
1.61,5.07,0.00, 2.50
1.61,5.10,0.00, 1.75
1.61,5.16,0.00, 3.00
1.61,5.18,0.00, 1.01
1.61,5.18,0.00, 1.01
1.61,5.18,0.00, 1.01
1.61,5.18,0.00, 1.01
1.61,5.18,0.00, 1.01
1.61,5.18,0.00, 1.01
1.63,5.25,0.99, 3.49
1.63,5.31,0.01, 3.00
1.61,5.40,0.00, 4.74
1.63,5.81,0.99, 20.19
1.61,5.88,0.00, 3.56
1.61,5.93,0.00, 2.75
1.61,5.98,0.00, 2.25
1.61,5.98,0.00, 0.01
1.61,5.98,0.00, 0.01
1.61,6.02,0.00, 1.99
1.61,6.04,0.00, 1.00
1.61,6.04,0.00, 1.00
1.63,6.08,0.99, 2.00
1.63,6.11,0.01, 1.50
1.61,6.15,0.00, 2.00
1.63,6.14,0.99, 0.00
1.63,6.12,0.01, 0.00
1.61,6.14,0.00, 0.50
1.61,6.14,0.00, 0.50
1.61,6.14,0.00, 0.50
1.61,6.14,0.00, 0.50
1.61,6.12,0.00, 0.00
1.63,6.11,0.99, 0.00
1.63,6.16,0.01, 2.24
1.63,6.15,0.00, 0.00
1.63,6.16,0.00, 0.25
1.63,6.14,0.00, 0.00
1.63,6.14,0.00, 0.00
1.63,6.14,0.00, 0.00
1.63,6.14,0.00, 0.00
1.63,6.14,0.00, 0.00
1.63,6.14,0.00, 0.00
1.63,6.11,0.00, 0.00
1.63,6.11,0.00, 0.00
1.61,6.11,0.00, 0.00
1.63,6.15,0.99, 2.24
1.63,6.18,0.01, 1.25
1.63,6.18,0.00, 0.00
1.63,6.16,0.00, 0.00
1.63,6.15,0.00, 0.00
1.63,6.14,0.00, 0.00
1.63,6.12,0.00, 0.00
1.63,6.12,0.00, 0.00
1.63,6.12,0.00, 0.00
1.63,6.12,0.00, 0.25
1.63,6.11,0.00, 0.00
1.63,6.10,0.00, 0.00
1.63,6.03,0.00, 0.00
1.63,6.01,0.00, 0.00
1.63,6.01,0.00, 0.00
1.63,6.01,0.00, 0.00
1.63,5.98,0.00, 0.00
1.63,5.95,0.00, 0.00
1.66,5.93,1.48, 0.00
1.66,5.93,1.48, 0.00
1.66,5.93,1.48, 0.00
1.66,5.93,1.48, 0.00
1.66,5.93,1.48, 0.00
1.66,5.93,1.48, 0.00
1.66,5.93,1.48, 0.00
1.66,5.93,1.48, 0.00
1.66,5.93,1.48, 0.00
1.66,5.93,1.48, 0.00
1.66,5.93,1.48, 0.00
1.63,5.88,0.00, 0.00
1.63,5.86,0.00, 0.00
1.63,5.86,0.00, 0.00
1.63,5.85,0.00, 0.00
1.63,5.59,0.00, 0.00
1.63,5.59,0.00, 0.00
1.61,5.58,0.00, 0.00
1.63,5.57,0.99, 0.00
1.63,5.57,0.01, 0.00
1.63,5.55,0.00, 0.00
1.61,5.55,0.00, 0.25
1.63,5.54,0.99, 0.00
1.63,5.54,0.01, 0.00
1.63,5.53,0.00, 0.00
1.63,5.52,0.00, 0.00
1.63,5.51,0.00, 0.00
1.63,5.51,0.00, 0.00
1.61,5.51,0.00, 0.00
1.63,5.49,0.99, 0.00
1.63,5.51,0.01, 1.00
1.63,5.51,0.00, 0.00
1.63,5.48,0.00, 0.00
1.63,5.48,0.00, 0.00
1.63,5.48,0.00, 0.00
1.63,5.47,0.00, 0.00
1.63,5.47,0.00, 0.00
1.63,5.46,0.00, 0.00
1.63,5.44,0.00, 0.00
1.63,5.41,0.00, 0.00
1.63,5.36,0.00, 0.00
1.63,5.33,0.00, 0.00
1.63,5.30,0.00, 0.00
1.63,5.24,0.00, 0.00
1.63,5.22,0.00, 0.00
1.63,5.18,0.00, 0.00
1.63,5.13,0.00, 0.00
1.63,5.10,0.00, 0.00
1.63,5.05,0.00, 0.00
1.63,5.01,0.00, 0.00
1.63,4.96,0.00, 0.00
1.63,4.91,0.00, 0.00
1.63,4.90,0.00, 0.00
1.63,4.90,0.00, 0.00
1.63,4.90,0.00, 0.00
1.63,4.90,0.00, 0.00
1.63,4.90,0.00, 0.00
1.63,4.90,0.00, 0.00
1.63,4.88,0.00, 0.00
1.63,4.86,0.00, 0.00
1.63,4.82,0.00, 0.00
1.61,4.76,0.00, 0.00
1.63,4.74,0.99, 0.00
1.61,4.74,0.00, 0.00
1.61,4.73,0.00, 0.00
1.63,4.73,0.99, 0.00
1.63,4.73,0.99, 0.00
1.63,4.73,0.99, 0.00
1.63,4.73,0.99, 0.00
1.63,4.74,0.01, 0.50
1.63,4.76,0.00, 0.50
1.63,4.74,0.00, 0.00
1.63,4.62,0.00, 0.00
1.63,4.62,0.00, 0.00
1.63,4.60,0.00, 0.00
1.63,4.55,0.00, 0.00
1.63,4.53,0.00, 0.00
1.63,4.53,0.00, 0.00
1.63,4.51,0.00, 0.00
1.63,4.51,0.00, 0.00
1.63,4.51,0.00, 0.00
1.63,4.51,0.00, 0.00
1.63,4.51,0.00, 0.00
1.63,4.51,0.00, 0.00
1.63,4.51,0.00, 0.00
1.63,4.47,0.00, 0.00
1.63,4.47,0.00, 0.00
1.63,4.47,0.00, 0.00
1.63,4.47,0.00, 0.00
1.63,4.47,0.00, 0.00
1.63,4.38,0.00, 0.00
1.63,4.34,0.00, 0.00
1.63,4.36,0.00, 1.00
1.63,4.38,0.00, 0.75
1.63,4.38,0.00, 0.00
1.63,4.39,0.00, 0.50
1.63,4.39,0.00, 0.25
1.63,4.38,0.00, 0.00
1.63,4.33,0.00, 0.00
1.61,4.30,0.00, 0.00
1.63,4.28,0.99, 0.00
1.63,4.24,0.01, 0.00
1.63,4.23,0.00, 0.00
1.63,4.19,0.00, 0.00
1.63,4.18,0.00, 0.00
1.63,4.16,0.00, 0.00
1.63,4.14,0.00, 0.00
1.63,4.14,0.00, 0.00
1.63,4.14,0.00, 0.00
1.63,4.14,0.00, 0.00
1.63,4.14,0.00, 0.00
1.63,4.14,0.00, 0.00
1.63,4.14,0.00, 0.00
1.63,4.14,0.00, 0.00
1.63,4.14,0.00, 0.00
1.63,4.11,0.00, 0.00
1.63,4.11,0.00, 0.50
1.63,4.06,0.00, 0.00
1.14,3.95,0.00, 0.00
1.59,3.95,22.17, 0.00
1.63,3.97,2.30, 1.25
1.61,3.96,0.00, 0.00
1.59,3.96,0.00, 0.00
1.48,3.93,0.00, 0.00
1.52,3.93,1.97, 0.00
1.54,3.89,1.01, 0.00
1.45,3.86,0.00, 0.00
1.45,3.86,0.00, 0.00
1.45,3.86,0.00, 0.00
1.41,3.82,0.00, 0.00
1.34,3.79,0.00, 0.00
1.34,3.76,0.00, 0.00
1.30,3.71,0.00, 0.00
1.23,3.66,0.00, 0.00
1.19,3.62,0.00, 0.00
1.19,3.62,0.00, 0.00
1.19,3.62,0.00, 0.00
1.19,3.62,0.00, 0.00
1.19,3.62,0.00, 0.00
1.19,3.62,0.00, 0.00
1.19,3.62,0.00, 0.00
1.19,3.62,0.00, 0.00
1.19,3.62,0.00, 0.00
1.14,3.55,0.00, 0.00
1.10,3.51,0.00, 0.00
1.07,3.45,0.00, 0.00
0.69,2.95,0.00, 0.00
0.65,2.87,0.00, 0.00
0.65,2.77,0.00, 0.00
0.65,2.77,0.00, 0.00
0.65,2.69,0.00, 0.00
0.63,2.59,0.00, 0.00
0.58,2.49,0.00, 0.00
0.49,2.40,0.00, 0.00
0.49,2.32,0.00, 0.00
0.63,2.26,6.90, 0.00
0.60,2.20,0.00, 0.00
0.63,2.12,1.48, 0.00
0.60,2.05,0.00, 0.00
0.60,2.05,0.00, 0.00
0.60,2.05,0.00, 0.00
0.60,2.05,0.00, 0.00
0.60,2.05,0.00, 0.00
0.60,2.05,0.00, 0.00
0.69,1.96,4.43, 0.00
0.69,1.96,4.43, 0.00
0.67,1.88,0.00, 0.00
0.63,1.78,0.00, 0.00
0.45,1.45,0.00, 0.00
0.45,1.41,0.00, 0.00
0.38,1.34,0.00, 0.00
0.36,1.26,0.00, 0.00
0.36,1.20,0.00, 0.00
0.33,1.14,0.00, 0.00
0.31,1.09,0.00, 0.00
0.31,1.03,0.00, 0.00
0.29,0.93,0.00, 0.00
0.29,0.88,0.00, 0.00
0.31,0.80,0.99, 0.00
0.31,0.80,0.99, 0.00
0.31,0.72,0.01, 0.00
0.29,0.63,0.00, 0.00
0.31,0.55,0.99, 0.00
0.33,0.45,1.00, 0.00
0.33,0.37,0.01, 0.00
0.36,0.28,1.48, 0.00
0.36,0.19,0.02, 0.00
0.38,0.16,0.99, 0.00
0.36,0.09,0.00, 0.00
0.36,0.05,0.00, 0.00
0.33,0.05,0.00, 0.00
0.31,0.04,0.00, 0.00
0.31,0.04,0.00, 0.00
0.31,0.04,0.00, 0.00
0.31,0.02,0.00, 0.00
0.31,0.05,0.00, 1.25
0.31,0.05,0.00, 1.25
0.31,0.05,0.00, 1.25
0.27,0.05,0.00, 0.50
0.27,0.05,0.00, 0.50
0.27,0.05,0.00, 0.50
0.27,0.05,0.00, 0.50
0.27,0.05,0.00, 0.50
0.27,0.06,0.00, 0.25
0.22,0.06,0.00, 0.00
0.18,0.05,0.00, 0.00
0.18,0.05,0.00, 0.00
0.00,0.05,0.00, 0.50
0.00,0.05,0.00, 0.50
0.00,0.05,0.00, 0.50
0.00,0.06,0.00, 0.25
0.11,0.06,5.42, 0.00
0.20,0.06,4.51, 0.00
0.18,0.05,0.00, 0.00
0.15,0.05,0.00, 0.00
0.15,0.05,0.00, 0.00
0.15,0.05,0.00, 0.00
0.15,0.05,0.00, 0.00
0.15,0.05,0.00, 0.00
0.13,0.05,0.00, 0.00
0.13,0.05,0.00, 0.00
0.13,0.05,0.00, 0.00
0.13,0.05,0.00, 0.00
0.13,0.05,0.00, 0.50
0.15,0.05,0.99, 0.00
0.00,0.05,0.00, 0.50
0.00,0.06,0.00, 0.25
0.00,0.06,0.00, 0.00
0.04,0.06,1.97, 0.00
0.15,0.06,5.45, 0.00
0.15,0.05,0.08, 0.00
0.15,0.05,0.00, 0.00
0.15,0.05,0.00, 0.00
0.18,0.05,1.48, 0.50
0.40,0.05,10.86, 0.00
0.18,0.05,0.00, 0.00
0.18,0.05,0.00, 0.00
0.13,0.06,0.00, 1.00
0.13,0.06,0.00, 1.00
0.13,0.06,0.00, 1.00
0.00,0.09,0.00, 1.50
0.00,0.16,0.00, 3.24
0.00,0.45,0.00, 14.46
0.00,0.60,0.00, 7.28
0.00,0.77,0.00, 8.74
0.00,0.77,0.00, 8.74
0.00,0.77,0.00, 8.74
0.00,0.77,0.00, 8.74
0.00,0.77,0.00, 8.74
0.00,0.77,0.00, 8.74
0.00,0.77,0.00, 8.74
0.00,0.99,0.00, 10.74
0.00,1.18,0.00, 10.00
0.00,1.38,0.00, 9.50
0.29,2.94,14.29, 78.00
0.45,3.11,8.09, 8.51
0.60,3.29,7.51, 9.00
0.60,3.29,7.51, 9.00
0.69,3.47,4.54, 9.50
0.69,3.63,0.07, 8.01
0.74,3.81,2.46, 8.75
0.74,3.81,2.46, 8.75
0.74,3.81,2.46, 8.75
0.74,3.81,2.46, 8.75
0.74,3.81,2.46, 8.75
0.74,3.81,2.46, 8.75
0.74,3.81,2.46, 8.75
0.85,3.95,5.46, 7.26
0.89,4.10,2.05, 7.25
1.01,4.22,5.94, 6.00
1.50,4.77,24.23, 27.42
1.59,4.88,4.79, 5.58
1.61,4.99,1.06, 5.25
1.61,5.07,0.02, 4.25
1.61,5.13,0.00, 3.00
1.61,5.19,0.00, 3.00
1.61,5.23,0.00, 2.00
1.61,5.22,0.00, 0.00
1.61,5.22,0.00, 0.00
1.61,5.22,0.00, 0.00
1.61,5.22,0.00, 0.00
1.61,5.22,0.00, 0.00
1.61,5.22,0.00, 0.00
1.61,5.22,0.00, 0.00
1.61,5.22,0.00, 0.00
1.61,5.22,0.00, 0.00
1.61,5.22,0.00, 0.00
1.61,5.22,0.00, 0.00
1.61,5.22,0.00, 0.00
1.61,5.22,0.00, 0.00
1.61,5.24,0.00, 1.00
1.63,5.29,0.99, 2.49
1.63,5.46,0.01, 8.48
1.63,5.48,0.00, 1.03
1.63,5.45,0.00, 0.00
1.63,5.47,0.00, 1.00
1.63,5.44,0.00, 0.00
1.63,5.40,0.00, 0.00
1.63,5.36,0.00, 0.00
1.63,5.34,0.00, 0.00
1.63,5.33,0.00, 0.00
1.63,5.31,0.00, 0.00
1.63,5.27,0.00, 0.00
1.63,5.23,0.00, 0.00
1.63,5.23,0.00, 0.00
1.63,5.23,0.00, 0.00
1.63,5.23,0.00, 0.00
1.63,5.23,0.00, 0.00
1.63,5.23,0.00, 0.00
1.63,5.23,0.00, 0.00
1.63,5.23,0.00, 0.00
1.63,5.18,0.00, 0.00
1.63,5.18,0.00, 0.00
1.63,5.15,0.00, 0.00
1.63,5.13,0.00, 0.00
1.63,4.96,0.00, 0.00
1.66,4.91,1.48, 0.00
1.63,4.88,0.00, 0.00
1.63,4.86,0.00, 0.00
1.63,4.84,0.00, 0.00
1.63,4.84,0.00, 0.00
1.63,4.87,0.00, 1.49
1.63,4.88,0.00, 0.25
1.63,4.88,0.00, 0.00
1.63,4.88,0.00, 0.00
1.63,4.88,0.00, 0.00
1.63,4.89,0.00, 0.50
1.63,4.86,0.00, 0.00
1.66,4.86,1.48, 0.00
1.66,4.84,0.02, 0.00
1.63,4.81,0.00, 0.00
1.63,4.78,0.00, 0.00
1.63,4.73,0.00, 0.00
1.63,4.73,0.00, 0.00
1.63,4.71,0.00, 0.00
1.63,4.69,0.00, 0.00
1.63,4.64,0.00, 0.00
1.63,4.62,0.00, 0.00
1.63,4.62,0.00, 0.00
1.63,4.61,0.00, 0.00
1.63,4.58,0.00, 0.00
1.63,4.54,0.00, 0.00
1.63,4.54,0.00, 0.00
1.63,4.54,0.00, 0.00
1.63,4.54,0.00, 0.00
1.63,4.50,0.00, 0.00
1.63,4.50,0.00, 0.00
1.63,4.50,0.00, 0.00
1.63,4.50,0.00, 0.00
1.63,4.50,0.00, 0.00
1.63,4.50,0.00, 0.00
1.63,4.50,0.00, 0.00
1.63,4.50,0.00, 0.00
1.63,4.50,0.00, 0.00
1.63,4.50,0.00, 0.00
1.63,4.47,0.00, 0.00
1.63,4.41,0.00, 0.00
1.63,4.35,0.00, 0.00
1.63,4.48,0.00, 6.48
1.63,4.50,0.00, 1.02
1.63,4.53,0.00, 1.50
1.63,4.49,0.00, 0.00
1.66,4.49,1.48, 0.00
1.63,4.47,0.00, 0.00
1.63,4.47,0.00, 0.00
1.63,4.45,0.00, 0.00
1.63,4.45,0.00, 0.00
1.63,4.47,0.00, 0.50
1.63,4.47,0.00, 0.50
1.63,4.48,0.00, 0.75
1.63,4.47,0.00, 0.00
1.63,4.46,0.00, 0.00
1.66,4.45,1.48, 0.00
1.63,4.45,0.00, 0.00
1.63,4.44,0.00, 0.00
1.63,4.41,0.00, 0.00
1.63,4.39,0.00, 0.00
1.66,4.39,1.48, 0.00
1.63,4.36,0.00, 0.00
1.66,4.34,1.48, 0.00
1.66,4.35,0.02, 0.75
1.66,4.35,0.02, 0.75
1.66,4.35,0.02, 0.75
1.63,4.35,0.00, 0.00
1.63,4.34,0.00, 0.00
1.63,4.35,0.00, 0.75
1.63,4.35,0.00, 0.75
1.63,4.35,0.00, 0.75
1.63,4.35,0.00, 0.75
1.63,4.35,0.00, 0.75
1.63,4.35,0.00, 0.00
1.66,4.35,1.48, 0.00
1.63,4.31,0.00, 0.00
1.63,4.12,0.00, 0.00
1.63,4.12,0.00, 0.00
1.63,4.12,0.00, 0.00
1.63,4.12,0.00, 0.00
1.63,4.06,0.00, 0.00
1.63,4.06,0.00, 0.00
1.63,4.04,0.00, 0.00
1.63,4.02,0.00, 0.00
1.63,3.93,0.00, 0.00
1.63,3.93,0.00, 0.00
1.63,3.92,0.00, 0.00
1.63,3.93,0.00, 0.50
1.63,3.95,0.00, 0.75
1.63,3.97,0.00, 1.25
1.63,3.97,0.00, 0.00
1.63,3.97,0.00, 0.00
1.63,3.97,0.00, 0.00
1.63,3.99,0.00, 1.00
1.63,3.99,0.00, 1.00
1.63,3.99,0.00, 0.00
1.63,4.01,0.00, 1.00
1.63,4.02,0.00, 0.50
1.63,4.03,0.00, 0.50
1.63,4.03,0.00, 0.50
1.63,4.03,0.00, 0.50
1.63,4.03,0.00, 0.50
1.63,4.03,0.00, 0.50
1.63,4.03,0.00, 0.50
1.63,4.03,0.00, 0.00
1.63,4.03,0.00, 0.00
1.63,4.03,0.00, 0.00
1.63,4.04,0.00, 0.50
1.66,4.02,1.48, 0.00
1.66,3.98,0.02, 0.00
1.63,3.95,0.00, 0.00
1.63,3.93,0.00, 0.00
1.63,3.93,0.00, 0.00
1.63,3.93,0.00, 0.00
1.63,3.90,0.00, 0.00
1.63,3.90,0.00, 0.00
1.63,3.90,0.00, 0.00
1.63,3.86,0.00, 0.00
1.63,3.86,0.00, 0.00
1.63,3.84,0.00, 0.00
1.63,3.85,0.00, 0.50
1.63,3.85,0.00, 0.00
1.63,3.83,0.00, 0.00
1.63,3.85,0.00, 1.00
1.63,3.86,0.00, 0.50
1.63,3.87,0.00, 0.50
1.63,3.86,0.00, 0.00
1.63,3.86,0.00, 0.00
1.63,3.84,0.00, 0.00
1.63,3.84,0.00, 0.00
1.63,3.85,0.00, 0.50
1.63,3.83,0.00, 0.00
1.63,3.81,0.00, 0.00
1.66,3.86,1.48, 2.24
1.63,3.78,0.00, 0.00
1.63,3.78,0.00, 0.00
1.63,3.78,0.00, 0.00
1.63,3.76,0.00, 0.00
1.66,3.73,1.48, 0.00
1.63,3.70,0.00, 0.00
1.39,3.68,0.00, 0.00
1.12,3.64,0.00, 0.00
1.59,3.64,23.15, 0.25
1.57,3.69,0.00, 2.24
1.52,3.68,0.00, 0.00
1.57,3.70,2.46, 1.00
1.43,3.70,0.00, 0.00
1.43,3.70,0.00, 0.00
1.43,3.72,0.00, 0.75
1.45,3.72,0.99, 0.00
1.45,3.72,0.99, 0.00
1.41,3.70,0.00, 0.00
1.37,3.69,0.00, 0.00
1.30,3.68,0.00, 0.00
1.32,3.66,0.99, 0.00
1.32,3.63,0.01, 0.00
1.34,3.58,0.99, 0.00
1.34,3.58,0.99, 0.00
1.32,3.57,0.00, 0.00
1.30,3.54,0.00, 0.00
1.28,3.51,0.00, 0.00
1.25,3.46,0.00, 0.00
1.23,3.43,0.00, 0.00
1.21,3.36,0.00, 0.00
1.21,3.36,0.00, 0.00
1.16,3.32,0.00, 0.00
1.10,3.24,0.00, 0.00
1.10,3.18,0.00, 0.00
1.03,3.15,0.00, 0.00
0.94,3.09,0.00, 0.00
0.89,3.03,0.00, 0.00
0.89,3.03,0.00, 0.00
0.85,2.98,0.00, 0.00
0.80,2.96,0.00, 0.00
0.76,2.91,0.00, 0.00
0.78,2.85,0.99, 0.00
0.80,2.80,1.00, 0.00
0.80,2.74,0.01, 0.00
0.74,2.64,0.00, 0.00
0.78,2.55,1.97, 0.00
0.87,2.47,4.46, 0.00
0.85,2.40,0.00, 0.00
0.83,2.32,0.00, 0.00
0.80,2.24,0.00, 0.00
0.80,2.24,0.00, 0.00
0.78,2.16,0.00, 0.00
0.76,2.08,0.00, 0.00
0.74,2.01,0.00, 0.00
0.69,1.91,0.00, 0.00
0.65,1.83,0.00, 0.00
0.63,1.75,0.00, 0.00
0.58,1.64,0.00, 0.00
0.51,1.54,0.00, 0.00
0.51,1.54,0.00, 0.00
0.51,1.54,0.00, 0.00
0.51,1.54,0.00, 0.00
0.51,1.54,0.00, 0.00
0.51,1.54,0.00, 0.00
0.51,1.54,0.00, 0.00
0.51,1.54,0.00, 0.00
0.51,1.54,0.00, 0.00
0.51,1.54,0.00, 0.00
0.49,1.45,0.00, 0.00
0.45,1.33,0.00, 0.00
0.40,1.18,0.00, 0.00
0.36,0.15,0.00, 0.00
0.33,0.06,0.00, 0.00
0.31,0.04,0.00, 0.00
0.31,0.04,0.00, 0.00
0.31,0.04,0.00, 0.00
0.31,0.04,0.00, 0.00
0.31,0.04,0.00, 0.00
0.31,0.04,0.00, 0.00
0.29,0.02,0.00, 0.00
0.29,0.02,0.00, 0.00
0.27,0.04,0.00, 0.75
0.31,0.05,1.97, 0.50
0.09,0.05,0.00, 0.00
0.06,0.05,0.00, 0.50
0.06,0.05,0.00, 0.00
0.11,0.05,2.46, 0.00
0.18,0.05,3.48, 0.50
0.18,0.05,3.48, 0.50
0.18,0.05,3.48, 0.50
0.18,0.05,3.48, 0.50
0.18,0.05,3.48, 0.50
0.18,0.05,3.48, 0.50
0.22,0.06,2.02, 0.25
0.24,0.06,1.02, 0.00
0.24,0.06,1.02, 0.00
0.24,0.06,1.02, 0.00
0.24,0.06,1.02, 0.00
0.24,0.06,1.02, 0.00
0.24,0.06,1.02, 0.00
0.09,0.06,0.00, 0.00
0.11,0.05,0.99, 0.00
0.11,0.05,0.99, 0.00
0.11,0.05,0.99, 0.00
0.11,0.05,0.99, 0.00
0.11,0.05,0.99, 0.00
0.11,0.05,0.99, 0.00
0.11,0.04,0.01, 0.00
0.11,0.04,0.01, 0.00
0.22,0.05,5.42, 1.00
0.22,0.06,0.08, 0.25
0.15,0.05,0.00, 0.00
0.18,0.05,1.48, 0.00
0.18,0.05,1.48, 0.00
0.20,0.05,1.01, 0.50
0.20,0.06,0.01, 0.25
0.18,0.06,0.00, 0.00
0.18,0.06,0.00, 0.00
0.15,0.06,0.00, 0.00
0.15,0.05,0.00, 0.00
0.15,0.05,0.00, 0.00
0.04,0.05,0.00, 0.00
0.00,0.05,0.00, 0.50
0.02,0.06,0.99, 0.25
0.13,0.06,5.43, 0.00
0.15,0.08,1.07, 1.00
0.18,0.12,1.49, 2.25
0.18,0.12,1.49, 2.25
0.09,0.17,0.00, 2.50
0.00,0.23,0.00, 2.75
0.00,0.31,0.00, 4.00
0.00,0.42,0.00, 5.49
0.00,0.57,0.00, 7.49
0.00,0.57,0.00, 7.49
0.00,0.57,0.00, 7.49
0.00,0.57,0.00, 7.49
0.00,0.57,0.00, 7.49
0.00,0.74,0.00, 8.25
0.00,0.74,0.00, 8.25
0.00,0.92,0.00, 9.50
0.00,1.12,0.00, 9.50
0.00,2.10,0.00, 48.86
0.00,2.28,0.00, 9.39
0.00,2.49,0.00, 10.75
0.00,2.70,0.00, 10.25
0.06,2.91,2.96, 10.75
0.20,3.12,6.94, 10.25
0.38,3.32,8.97, 10.00
0.38,3.32,8.97, 10.00
0.56,3.50,9.00, 9.00
0.71,3.64,7.52, 7.26
0.89,3.80,8.98, 7.75
1.03,3.95,7.03, 7.75
1.14,4.09,5.52, 6.75
1.14,4.09,5.52, 6.75
1.14,4.09,5.52, 6.75
1.14,4.09,5.52, 6.75
1.14,4.09,5.52, 6.75
1.14,4.09,5.52, 6.75
1.14,4.09,5.52, 6.75
1.25,4.26,5.50, 8.24
1.25,4.26,5.50, 8.24
1.25,4.26,5.50, 8.24
1.39,4.39,6.98, 6.51
1.45,4.52,3.06, 6.75
1.61,5.03,7.93, 25.43
1.63,5.06,1.10, 1.34
1.63,5.10,0.02, 2.25
1.61,5.15,0.00, 2.75
1.61,5.15,0.00, 2.75
1.61,5.15,0.00, 2.75
1.61,5.15,0.00, 2.75
1.61,5.15,0.00, 2.75
1.61,5.15,0.00, 2.75
1.63,5.22,0.99, 3.50
1.63,5.30,0.01, 3.75
1.63,5.30,0.01, 3.75
1.63,5.30,0.01, 3.75
1.63,5.30,0.01, 3.75
1.63,5.30,0.01, 3.75
1.63,5.30,0.01, 3.75
1.63,5.30,0.01, 3.75
1.63,5.30,0.01, 3.75
1.63,5.34,0.00, 2.01
1.63,5.34,0.00, 2.01
1.63,5.34,0.00, 2.01
1.63,5.49,0.00, 7.73
1.63,5.51,0.00, 0.53
1.63,5.45,0.00, 0.00
1.63,5.44,0.00, 0.00
1.63,5.44,0.00, 0.00
1.63,5.44,0.00, 0.00
1.63,5.44,0.00, 0.00
1.63,5.44,0.00, 0.00
1.63,5.44,0.00, 0.00
1.63,5.46,0.00, 1.00
1.63,5.46,0.00, 1.00
1.63,5.46,0.00, 0.00
1.63,5.47,0.00, 0.50
1.63,5.52,0.00, 2.49
1.63,5.52,0.00, 0.01
1.63,5.55,0.00, 1.49
1.63,5.59,0.00, 1.75
1.66,5.56,1.48, 0.00
1.63,5.57,0.00, 0.50
1.66,5.55,1.48, 0.00
1.63,5.52,0.00, 0.00
1.63,5.52,0.00, 0.00
1.63,5.52,0.00, 0.00
1.63,5.52,0.00, 0.00
1.63,5.52,0.00, 0.00
1.63,5.52,0.00, 0.00
1.63,5.52,0.00, 0.00
1.63,5.51,0.00, 0.00
1.63,5.51,0.00, 0.00
1.63,5.51,0.00, 0.00
1.63,5.40,0.00, 0.00
1.63,5.39,0.00, 0.00
1.63,5.39,0.00, 0.00
1.63,5.39,0.00, 0.00
1.63,5.39,0.00, 0.00
1.63,5.39,0.00, 0.00
1.63,5.39,0.00, 0.00
1.63,5.39,0.00, 0.00
1.63,5.39,0.00, 0.00
1.63,5.38,0.00, 0.00
1.63,5.34,0.00, 0.00
1.63,5.32,0.00, 0.00
1.63,5.23,0.00, 0.00
1.63,5.23,0.00, 0.00
1.63,5.23,0.00, 0.00
1.63,5.23,0.00, 0.00
1.63,5.19,0.00, 0.00
1.66,5.18,1.48, 0.00
1.63,5.16,0.00, 0.00
1.63,5.10,0.00, 0.00
1.63,5.10,0.00, 0.00
1.63,5.11,0.00, 0.50
1.63,5.11,0.00, 0.50
1.63,5.11,0.00, 0.00
1.66,5.09,1.48, 0.00
1.63,5.09,0.00, 0.00
1.63,5.07,0.00, 0.00
1.63,5.07,0.00, 0.00
1.63,5.04,0.00, 0.00
1.63,5.05,0.00, 0.50
1.63,5.04,0.00, 0.00
1.63,5.04,0.00, 0.00
1.63,5.05,0.00, 0.50
1.66,5.03,1.48, 0.00
1.63,5.02,0.00, 0.00
1.63,5.02,0.00, 0.00
1.63,5.00,0.00, 0.00
1.63,4.98,0.00, 0.00
1.63,4.96,0.00, 0.00
1.63,4.96,0.00, 0.00
1.63,4.96,0.00, 0.00
1.63,4.96,0.00, 0.00
1.63,4.96,0.00, 0.00
1.63,4.96,0.00, 0.00
1.63,4.96,0.00, 0.00
1.63,4.96,0.00, 0.00
1.63,4.96,0.00, 0.00
1.63,4.93,0.00, 0.00
1.63,4.93,0.00, 0.00
1.63,4.95,0.00, 0.50
1.66,4.84,1.48, 0.00
1.63,4.82,0.00, 0.00
1.66,4.77,1.48, 0.00
1.63,4.74,0.00, 0.00
1.63,4.72,0.00, 0.00
1.63,4.71,0.00, 0.00
1.63,4.69,0.00, 0.00
1.63,4.66,0.00, 0.00
1.63,4.62,0.00, 0.00
1.66,4.58,1.48, 0.00
1.63,4.55,0.00, 0.00
1.63,4.53,0.00, 0.00
1.63,4.49,0.00, 0.00
1.63,4.49,0.00, 0.00
1.66,4.48,1.48, 0.00
1.63,4.47,0.00, 0.00
1.63,4.43,0.00, 0.00
1.63,4.43,0.00, 0.00
1.63,4.43,0.00, 0.00
1.63,4.43,0.00, 0.00
1.63,4.43,0.00, 0.00
1.63,4.43,0.00, 0.00
1.63,4.42,0.00, 0.00
1.63,4.40,0.00, 0.00
1.63,4.40,0.00, 0.00
1.63,4.35,0.00, 0.00
1.63,4.35,0.00, 0.00
1.66,4.36,1.48, 0.50
1.63,4.35,0.00, 0.00
1.63,4.32,0.00, 0.00
1.63,4.27,0.00, 0.00
1.66,4.26,1.48, 0.00
1.66,4.21,0.02, 0.00
1.63,4.18,0.00, 0.00
1.63,4.18,0.00, 0.00
1.63,4.18,0.00, 0.00
1.66,4.16,1.48, 0.00
1.63,4.14,0.00, 0.00
1.63,4.14,0.00, 0.00
1.63,4.12,0.00, 0.00
1.63,4.11,0.00, 0.00
1.66,4.12,1.48, 0.50
1.66,4.12,1.48, 0.50
1.66,4.11,0.02, 0.00
1.66,4.11,0.00, 0.00
1.63,4.11,0.00, 0.00
1.63,4.12,0.00, 0.50
1.63,4.14,0.00, 0.50
1.63,4.15,0.00, 1.00
1.63,4.15,0.00, 1.00
1.63,4.14,0.00, 0.00
1.63,4.14,0.00, 0.00
1.63,4.15,0.00, 0.50
1.66,4.14,1.48, 0.00
1.66,4.14,0.02, 0.00
1.66,4.14,0.02, 0.00
1.63,4.12,0.00, 0.00
1.63,4.12,0.00, 0.00
1.63,4.12,0.00, 0.00
1.63,4.12,0.00, 0.00
1.63,4.10,0.00, 0.00
1.63,4.07,0.00, 0.00
1.66,4.03,1.48, 0.00
1.63,4.01,0.00, 0.00
1.63,3.98,0.00, 0.00
1.63,3.98,0.00, 0.00
1.63,3.98,0.00, 0.00
1.66,3.97,1.48, 0.00
1.66,3.96,0.02, 0.00
1.63,3.91,0.00, 0.00
1.63,3.88,0.00, 0.00
1.63,3.88,0.00, 0.00
1.63,3.88,0.00, 0.00
1.66,3.86,1.48, 0.00
1.63,3.84,0.00, 0.00
0.98,3.82,0.00, 0.00
1.25,3.82,13.30, 0.00
1.25,3.82,13.30, 0.00
1.25,3.82,13.30, 0.00
1.25,3.82,13.30, 0.00
1.25,3.82,13.30, 0.00
1.25,3.82,13.30, 0.00
1.25,3.82,13.30, 0.00
1.25,3.82,13.30, 0.00
1.54,3.81,14.48, 0.00
1.54,3.84,0.21, 1.25
1.57,3.86,1.48, 1.25
1.41,3.88,0.00, 0.75
1.41,3.88,0.00, 0.75
1.41,3.85,0.00, 0.00
1.39,3.82,0.00, 0.00
1.41,3.80,0.99, 0.00
1.41,3.80,0.01, 0.00
1.37,3.81,0.00, 0.50
1.34,3.80,0.00, 0.00
1.32,3.79,0.00, 0.00
1.30,3.76,0.00, 0.00
1.30,3.76,0.00, 0.00
1.25,3.73,0.00, 0.00
1.25,3.70,0.00, 0.00
1.25,3.67,0.00, 0.00
1.25,3.65,0.00, 0.00
1.28,3.62,1.48, 0.00
1.25,3.63,0.00, 0.50
1.19,3.63,0.00, 0.00
1.14,3.62,0.00, 0.00
1.14,3.62,0.00, 0.00
1.14,3.62,0.00, 0.00
1.14,3.62,0.00, 0.00
1.14,3.62,0.00, 0.00
1.14,3.62,0.00, 0.00
1.14,3.62,0.00, 0.00
1.14,3.59,0.00, 0.00
1.14,3.57,0.00, 0.00
1.12,3.52,0.00, 0.00
1.12,3.52,0.00, 0.00
1.12,3.52,0.00, 0.00
1.12,3.52,0.00, 0.00
1.12,3.52,0.00, 0.00
0.96,3.26,0.00, 0.00
0.89,3.17,0.00, 0.00
0.85,3.09,0.00, 0.00
0.56,2.32,0.00, 0.00
0.51,2.10,0.00, 0.00
0.49,1.89,0.00, 0.00
0.42,1.67,0.00, 0.00
0.33,1.45,0.00, 0.00
0.33,1.24,0.00, 0.00
0.36,1.02,1.48, 0.00
0.36,1.02,1.48, 0.00
0.36,0.82,0.02, 0.00
0.36,0.65,0.00, 0.00
0.36,0.49,0.00, 0.00
0.36,0.37,0.00, 0.00
0.36,0.37,0.00, 0.00
0.31,0.23,0.00, 0.00
0.27,0.12,0.00, 0.00
0.24,0.06,0.00, 0.00
0.20,0.03,0.00, 0.00
0.20,0.03,0.00, 0.00
0.15,0.02,0.00, 0.00
0.15,0.02,0.00, 0.00
0.15,0.02,0.00, 0.00
0.15,0.05,0.00, 1.25
0.18,0.05,1.48, 0.00
0.15,0.05,0.00, 0.50
0.15,0.05,0.00, 0.50
0.15,0.05,0.00, 0.50
0.15,0.05,0.00, 0.50
0.15,0.05,0.00, 0.50
0.15,0.05,0.00, 0.50
0.02,0.07,0.00, 0.75
0.13,0.06,5.42, 0.00
0.13,0.06,5.42, 0.00
0.24,0.06,5.50, 0.00
0.13,0.05,0.00, 0.00
0.20,0.05,3.45, 0.00
0.20,0.05,3.45, 0.00
0.20,0.05,3.45, 0.00
0.20,0.05,3.45, 0.00
0.20,0.05,3.45, 0.00
0.20,0.05,3.45, 0.00
0.20,0.05,3.45, 0.00
0.20,0.06,0.05, 0.25
0.22,0.06,0.99, 0.00
0.20,0.06,0.00, 0.00
0.15,0.05,0.00, 0.00
0.18,0.05,1.48, 0.00
0.18,0.05,0.02, 0.50
0.20,0.06,0.99, 0.25
0.18,0.06,0.00, 0.00
0.18,0.06,0.00, 0.00
0.18,0.06,0.00, 0.00
0.18,0.06,0.00, 0.00
0.15,0.06,0.00, 0.00
0.13,0.05,0.00, 0.00
0.11,0.05,0.00, 0.00
0.13,0.05,0.99, 0.00
0.15,0.05,1.00, 0.00
0.15,0.05,0.01, 0.50
0.15,0.05,0.00, 0.00
0.18,0.05,1.48, 0.00
0.18,0.05,1.48, 0.00
0.18,0.05,1.48, 0.00
0.18,0.05,1.48, 0.00
0.18,0.05,1.48, 0.00
0.15,0.05,0.00, 0.50
0.13,0.05,0.00, 0.00
0.11,0.05,0.00, 0.00
0.11,0.05,0.00, 0.00
0.11,0.05,0.00, 0.00
0.13,0.05,0.99, 0.50
0.15,0.05,1.00, 0.00
0.15,0.05,0.01, 0.00
0.15,0.05,0.00, 0.00
0.13,0.05,0.00, 0.00
0.13,0.05,0.00, 0.00
0.15,0.05,0.99, 0.50
0.15,0.05,0.01, 0.00
0.15,0.08,0.00, 1.25
0.18,0.11,1.48, 1.75
0.15,0.19,0.00, 3.99
0.13,0.30,0.00, 5.25
0.00,0.45,0.00, 7.49
0.00,0.45,0.00, 7.49
0.00,0.62,0.00, 8.50
0.00,0.77,0.00, 7.75
0.00,0.99,0.00, 10.49
0.00,0.99,0.00, 10.49
0.00,0.99,0.00, 10.49
0.00,0.99,0.00, 10.49
0.00,0.99,0.00, 10.49
0.00,0.99,0.00, 10.49
0.00,0.99,0.00, 10.49
0.00,1.16,0.00, 9.01
0.00,1.36,0.00, 9.50
0.00,1.52,0.00, 8.25
0.00,2.86,0.00, 66.54
0.00,3.06,0.00, 10.46
0.00,3.06,0.00, 10.46
0.00,3.06,0.00, 10.46
0.00,3.24,0.00, 9.01
0.11,3.43,5.42, 9.50
0.29,3.60,8.95, 8.50
0.51,3.76,10.97, 7.75
0.65,3.91,7.06, 7.75
0.76,4.09,5.52, 8.75
0.80,4.23,2.05, 7.26
0.80,4.23,2.05, 7.26
0.80,4.23,2.05, 7.26
0.80,4.23,2.05, 7.26
0.80,4.23,2.05, 7.26
0.80,4.23,2.05, 7.26
0.87,4.36,3.48, 6.25
0.92,4.45,2.51, 5.00
0.98,4.53,2.99, 3.51
1.41,4.82,21.23, 14.71
1.48,4.88,3.76, 3.04
1.57,4.91,4.49, 1.51
1.63,4.92,3.02, 0.50
1.63,4.96,0.04, 1.99
1.63,4.97,0.00, 0.51
1.63,4.98,0.00, 0.50
1.63,4.99,0.00, 0.75
1.63,5.02,0.00, 1.25
1.63,5.06,0.00, 2.00
1.63,5.11,0.00, 2.50
1.63,5.11,0.00, 2.50
1.63,5.11,0.00, 2.50
1.66,5.16,1.48, 2.50
1.63,5.21,0.00, 2.50
1.63,5.22,0.00, 0.51
1.63,5.26,0.00, 2.24
1.63,5.28,0.00, 0.76
1.66,5.29,1.48, 0.50
1.63,5.32,0.00, 1.75
1.63,5.32,0.00, 0.01
1.63,5.32,0.00, 0.01
1.63,5.32,0.00, 0.01
1.63,5.32,0.00, 0.01
1.63,5.32,0.00, 0.01
1.63,5.32,0.00, 0.01
1.63,5.34,0.00, 0.75
1.63,5.34,0.00, 0.75
1.63,5.34,0.00, 0.75
1.63,5.36,0.00, 1.25
1.63,5.38,0.00, 0.50
1.63,5.49,0.00, 5.48
1.63,5.49,0.00, 5.48
1.63,5.49,0.00, 5.48
1.63,5.49,0.00, 5.48
1.63,5.49,0.00, 5.48
1.63,5.49,0.00, 0.02
1.66,5.49,1.48, 0.00
1.66,5.49,0.02, 0.25
1.63,5.46,0.00, 0.00
1.66,5.48,1.48, 1.00
1.63,5.48,0.00, 0.00
1.63,5.48,0.00, 0.00
1.63,5.49,0.00, 0.50
1.63,5.52,0.00, 1.50
1.63,5.54,0.00, 1.00
1.66,5.56,1.48, 1.25
1.63,5.61,0.00, 2.25
1.63,5.64,0.00, 1.25
1.63,5.64,0.00, 1.25
1.63,5.64,0.00, 0.50
1.66,5.68,1.48, 1.50
1.63,5.68,0.00, 0.01
1.63,5.68,0.00, 0.00
1.63,5.64,0.00, 0.00
1.63,5.64,0.00, 0.00
1.63,5.64,0.00, 0.00
1.66,5.65,1.48, 0.50
1.63,5.64,0.00, 0.00
1.63,5.64,0.00, 0.00
1.63,5.64,0.00, 0.50
1.66,5.66,1.48, 1.00
1.66,5.68,0.02, 0.50
1.63,5.70,0.00, 1.00
1.66,5.68,1.48, 0.00
1.63,5.68,0.00, 0.50
1.66,5.70,1.48, 1.00
1.66,5.72,0.02, 0.75
1.66,5.72,0.00, 0.25
1.66,5.72,0.00, 0.25
1.66,5.72,0.00, 0.25
1.66,5.72,0.00, 0.25
1.66,5.72,0.00, 0.25
1.66,5.72,0.00, 0.25
1.66,5.72,0.00, 0.25
1.66,5.72,0.00, 0.25
1.66,5.72,0.00, 0.25
1.66,5.74,0.00, 1.00
1.66,5.74,0.00, 1.00
1.66,5.74,0.00, 1.00
1.66,5.72,0.00, 0.00
1.63,5.73,0.00, 0.50
1.66,5.64,1.48, 0.00
1.66,5.64,1.48, 0.00
1.66,5.64,1.48, 0.00
1.66,5.64,1.48, 0.00
1.66,5.64,1.48, 0.00
1.66,5.64,1.48, 0.00
1.66,5.64,1.48, 0.00
1.63,5.65,0.00, 0.50
1.63,5.62,0.00, 0.00
1.63,5.61,0.00, 0.00
1.63,5.67,0.00, 2.74
1.63,5.67,0.00, 2.74
1.63,5.64,0.00, 0.00
1.63,5.60,0.00, 0.00
1.63,5.60,0.00, 0.00
1.63,5.60,0.00, 0.00
1.63,5.60,0.00, 0.00
1.63,5.60,0.00, 0.00
1.63,5.60,0.00, 0.00
1.63,5.60,0.00, 0.00
1.63,5.60,0.00, 0.00
1.63,5.60,0.00, 0.00
1.63,5.60,0.00, 0.00
1.63,5.60,0.00, 0.00
1.63,5.60,0.00, 0.00
1.63,5.60,0.00, 0.00
1.63,5.60,0.00, 0.00
1.63,5.60,0.00, 0.00
1.66,5.61,1.48, 0.50
1.63,5.65,0.00, 1.99
1.66,5.66,1.48, 0.51
1.66,5.66,1.48, 0.51
1.66,5.66,1.48, 0.51
1.66,5.66,1.48, 0.51
1.66,5.66,1.48, 0.51
1.66,5.66,1.48, 0.51
1.66,5.66,1.48, 0.51
1.66,5.58,0.02, 0.00
1.66,5.57,0.00, 0.00
1.66,5.55,0.00, 0.00
1.66,5.55,0.00, 0.00
1.66,5.55,0.00, 0.00
1.66,5.55,0.00, 0.00
1.66,5.55,0.00, 0.00
1.66,5.55,0.00, 0.00
1.66,5.55,0.00, 0.00
1.66,5.55,0.00, 0.00
1.66,5.55,0.00, 0.00
1.66,5.55,0.00, 0.00
1.66,5.55,0.00, 0.00
1.66,5.55,0.00, 0.00
1.66,5.55,0.00, 0.00
1.66,5.55,0.00, 0.00
1.66,5.55,0.00, 0.00
1.66,5.55,0.00, 0.00
1.66,5.55,0.00, 0.00
1.66,5.55,0.00, 0.00
1.66,5.55,0.00, 0.00
1.63,5.48,0.00, 0.00
1.63,5.48,0.00, 0.00
1.63,5.48,0.00, 0.00
1.63,5.45,0.00, 0.00
1.63,5.45,0.00, 0.00
1.66,5.20,1.48, 0.00
1.66,5.18,0.02, 0.00
1.66,5.13,0.00, 0.00
1.63,5.07,0.00, 0.00
1.63,5.07,0.00, 0.00
1.63,5.07,0.00, 0.00
1.63,5.07,0.00, 0.00
1.63,5.07,0.00, 0.00
1.63,5.07,0.00, 0.00
1.63,5.07,0.00, 0.00
1.63,5.07,0.00, 0.00
1.63,5.07,0.00, 0.00
1.63,5.07,0.00, 0.00
1.63,5.07,0.00, 0.00
1.63,5.07,0.00, 0.00
1.63,5.07,0.00, 0.00
1.63,5.03,0.00, 0.00
1.66,4.96,1.48, 0.00
1.63,4.91,0.00, 0.00
1.66,4.81,1.48, 0.00
1.66,4.78,0.02, 0.00
1.63,4.80,0.00, 0.75
1.66,4.80,1.48, 0.00
1.63,4.80,0.00, 0.00
1.66,4.81,1.48, 0.50
1.63,4.82,0.00, 1.00
1.63,4.83,0.00, 0.25
1.63,4.83,0.00, 0.25
1.63,4.83,0.00, 0.25
1.63,4.83,0.00, 0.25
1.63,4.83,0.00, 0.25
1.63,4.83,0.00, 0.25
1.63,4.85,0.00, 1.00
1.63,4.85,0.00, 0.00
1.63,4.83,0.00, 0.00
1.63,4.78,0.00, 0.00
1.63,4.80,0.00, 1.00
1.63,4.80,0.00, 0.00
1.63,4.80,0.00, 0.00
1.63,4.80,0.00, 0.00
1.63,4.80,0.00, 0.00
1.63,4.80,0.00, 0.00
1.63,4.80,0.00, 0.00
1.63,4.80,0.00, 0.00
1.63,4.80,0.00, 0.00
1.63,4.80,0.00, 0.00
1.63,4.81,0.00, 0.50
1.66,4.82,1.48, 0.50
1.63,4.82,0.00, 0.00
1.66,4.81,1.48, 0.00
1.66,4.80,0.02, 0.00
1.66,4.78,0.00, 0.00
1.66,4.76,0.00, 0.00
1.63,4.78,0.00, 0.75
1.66,4.78,1.48, 0.00
1.66,4.78,0.02, 0.00
1.66,4.77,0.00, 0.00
1.66,4.74,0.00, 0.00
1.66,4.74,0.00, 0.00
1.63,4.72,0.00, 0.00
1.63,4.72,0.00, 0.00
1.63,4.72,0.00, 0.00
1.63,4.72,0.00, 0.00
1.63,4.72,0.00, 0.00
1.63,4.72,0.00, 0.00
1.63,4.72,0.00, 0.00
1.63,4.72,0.00, 0.00
1.63,4.70,0.00, 0.00
1.63,4.70,0.00, 0.00
1.63,4.66,0.00, 0.00
1.66,4.62,1.48, 0.00
1.63,4.53,0.00, 0.00
1.63,4.51,0.00, 0.00
1.66,4.48,1.48, 0.00
1.66,4.46,0.02, 0.00
1.63,4.44,0.00, 0.00
1.63,4.44,0.00, 0.00
1.66,4.42,1.48, 0.00
1.66,4.40,0.02, 0.00
