9.81,0.00,0.00, 0.00
0.00,0.06,0.00, 2.99
0.00,0.05,0.00, 0.00
0.00,0.05,0.00, 0.00
0.00,0.05,0.00, 0.50
0.00,0.05,0.00, 0.00
0.00,0.05,0.00, 0.00
0.00,0.05,0.00, 0.50
0.00,0.06,0.00, 0.25
0.00,0.06,0.00, 0.00
0.00,0.06,0.00, 0.00
0.00,0.06,0.00, 0.00
0.00,0.06,0.00, 0.00
0.00,0.06,0.00, 0.00
0.00,0.05,0.00, 0.00
0.00,0.05,0.00, 0.50
0.00,0.05,0.00, 0.00
0.00,0.05,0.00, 0.50
0.00,0.06,0.00, 0.25
0.00,0.06,0.00, 0.00
0.00,0.05,0.00, 0.00
0.00,0.05,0.00, 0.00
0.00,0.06,0.00, 1.00
0.00,0.06,0.00, 0.00
0.00,0.05,0.00, 0.00
0.00,0.05,0.00, 0.50
0.00,0.06,0.00, 0.25
0.00,0.06,0.00, 0.00
0.00,0.06,0.00, 0.00
0.00,0.06,0.00, 0.00
0.00,0.06,0.00, 0.00
0.00,0.06,0.00, 0.00
0.00,0.06,0.00, 0.00
0.00,0.06,0.00, 0.00
0.00,0.06,0.00, 0.00
0.00,0.06,0.00, 0.00
0.00,0.06,0.00, 0.00
0.00,0.05,0.00, 0.00
0.00,0.05,0.00, 0.50
0.00,0.05,0.00, 0.00
0.00,0.05,0.00, 0.50
0.00,0.05,0.00, 0.00
0.00,0.05,0.00, 0.50
0.00,0.06,0.00, 0.25
0.00,0.06,0.00, 0.00
0.00,0.06,0.00, 0.00
0.00,0.05,0.00, 0.00
0.00,0.05,0.00, 0.50
0.00,0.06,0.00, 0.25
0.00,0.06,0.00, 0.00
0.00,0.06,0.00, 0.00
0.00,0.05,0.00, 0.00
0.00,0.05,0.00, 0.50
0.00,0.06,0.00, 0.25
0.00,0.06,0.00, 0.00
0.00,0.06,0.00, 0.00
0.00,0.05,0.00, 0.00
0.00,0.05,0.00, 0.50
0.00,0.05,0.00, 0.00
0.00,0.05,0.00, 0.50
0.00,0.05,0.00, 0.00
0.00,0.05,0.00, 0.50
0.00,0.06,0.00, 0.25
0.00,0.06,0.00, 0.00
0.00,0.05,0.00, 0.00
0.00,0.05,0.00, 0.50
0.00,0.06,0.00, 0.25
0.00,0.05,0.00, 0.00
0.00,0.06,0.00, 1.00
0.00,0.06,0.00, 0.00
0.00,0.05,0.00, 0.00
0.00,0.05,0.00, 0.50
0.00,0.06,0.00, 0.25
0.00,0.06,0.00, 0.00
0.00,0.06,0.00, 0.00
0.00,0.05,0.00, 0.00
0.00,0.05,0.00, 0.50
0.00,0.06,0.00, 0.25
0.00,0.05,0.00, 0.00
0.00,0.05,0.00, 0.00
0.00,0.05,0.00, 0.50
0.00,0.05,0.00, 0.00
0.00,0.05,0.00, 0.50
0.00,0.06,0.00, 0.25
0.00,0.06,0.00, 0.00
0.00,0.05,0.00, 0.00
0.00,0.05,0.00, 0.50
0.00,0.06,0.00, 0.25
0.00,0.05,0.00, 0.00
0.00,0.05,0.00, 0.50
0.00,0.06,0.00, 0.25
0.00,0.05,0.00, 0.00
0.00,0.05,0.00, 0.50
0.00,0.06,0.00, 0.25
0.00,0.06,0.00, 0.00
0.00,0.05,0.00, 0.00
0.00,0.05,0.00, 0.00
0.00,0.05,0.00, 0.50
0.00,0.05,0.00, 0.00
0.00,0.05,0.00, 0.50
0.00,0.06,0.00, 0.25
0.00,0.06,0.00, 0.00
0.00,0.06,0.00, 0.00
0.00,0.05,0.00, 0.00
0.00,0.05,0.00, 0.00
0.00,0.05,0.00, 0.00
0.00,0.05,0.00, 0.50
0.00,0.05,0.00, 0.00
0.00,0.05,0.00, 0.50
0.00,0.06,0.00, 0.25
0.00,0.06,0.00, 0.00
0.00,0.06,0.00, 0.00
0.00,0.06,0.00, 0.00
0.00,0.06,0.00, 0.00
0.00,0.06,0.00, 0.00
0.00,0.05,0.00, 0.00
0.00,0.05,0.00, 0.50
0.00,0.06,0.00, 0.25
0.00,0.06,0.00, 0.00
0.00,0.05,0.00, 0.00
0.00,0.05,0.00, 0.50
0.00,0.06,0.00, 0.25
0.00,0.06,0.00, 0.00
0.00,0.06,0.00, 0.00
0.00,0.06,0.00, 0.00
0.00,0.05,0.00, 0.00
0.00,0.05,0.00, 0.50
0.00,0.06,0.00, 0.25
0.00,0.06,0.00, 0.00
0.00,0.06,0.00, 0.00
0.00,0.06,0.00, 0.00
0.00,0.05,0.00, 0.00
0.00,0.05,0.00, 0.50
0.00,0.06,0.00, 0.25
0.00,0.06,0.00, 0.00
0.00,0.06,0.00, 0.00
0.00,0.05,0.00, 0.00
0.00,0.05,0.00, 0.00
0.00,0.05,0.00, 0.50
0.00,0.06,0.00, 0.25
0.00,0.06,0.00, 0.00
0.00,0.06,0.00, 0.00
0.00,0.05,0.00, 0.00
0.00,0.05,0.00, 0.50
0.00,0.05,0.00, 0.00
0.00,0.05,0.00, 0.00
0.00,0.05,0.00, 0.00
0.00,0.05,0.00, 0.50
0.00,0.06,0.00, 0.25
0.00,0.07,0.00, 0.50
0.00,0.09,0.00, 0.75
0.00,0.08,0.00, 0.00
0.00,0.09,0.00, 0.50
0.00,0.11,0.00, 1.25
0.00,0.14,0.00, 1.25
0.00,0.17,0.00, 1.75
0.00,0.23,0.00, 2.75
0.00,0.29,0.00, 3.00
0.00,0.34,0.00, 2.25
0.00,0.40,0.00, 3.50
0.00,0.44,0.00, 2.01
0.00,0.48,0.00, 1.75
0.00,0.52,0.00, 2.00
0.00,0.56,0.00, 1.75
0.00,0.56,0.00, 0.50
0.00,0.56,0.00, 0.00
0.00,0.59,0.00, 1.25
0.00,0.60,0.00, 0.50
0.00,0.62,0.00, 0.75
0.00,0.63,0.00, 0.75
0.00,0.65,0.00, 1.00
0.00,0.79,0.00, 6.98
0.00,0.84,0.00, 2.27
0.00,0.90,0.00, 3.00
0.00,0.95,0.00, 3.00
0.00,1.03,0.00, 4.00
0.00,1.13,0.00, 5.00
0.00,1.23,0.00, 4.50
0.00,1.34,0.00, 5.50
0.00,1.47,0.00, 6.75
0.00,1.63,0.00, 8.24
0.00,1.80,0.00, 8.00
0.00,1.93,0.00, 6.75
0.00,2.09,0.00, 7.75
0.00,2.22,0.00, 7.00
0.00,2.40,0.00, 8.74
0.00,2.62,0.00, 10.74
0.00,2.85,0.00, 11.75
0.00,3.11,0.00, 13.00
0.00,3.40,0.00, 14.74
0.00,3.70,0.00, 14.50
0.00,3.97,0.00, 13.75
0.00,4.19,0.00, 11.01
0.00,4.44,0.00, 12.74
0.00,4.75,0.00, 15.24
0.00,5.07,0.00, 15.75
0.00,5.34,0.00, 13.76
0.00,5.66,0.00, 15.99
0.00,5.97,0.00, 15.75
0.00,6.24,0.00, 13.26
0.00,6.53,0.00, 14.74
0.00,6.81,0.00, 13.75
0.00,7.07,0.00, 13.25
0.00,7.35,0.00, 13.50
0.00,7.62,0.00, 13.75
0.00,7.87,0.00, 12.50
0.00,8.11,0.00, 12.00
0.00,8.35,0.00, 12.00
0.00,8.56,0.00, 10.75
0.00,8.80,0.00, 11.50
0.00,9.02,0.00, 11.25
0.00,9.25,0.00, 11.50
0.00,9.48,0.00, 11.25
0.00,9.62,0.00, 7.26
0.00,9.67,0.00, 2.52
0.00,9.73,0.00, 3.00
0.00,9.81,0.00, 3.75
0.00,9.81,0.00, 0.26
0.00,9.81,0.00, 0.00
0.00,9.81,0.00, 0.00
0.00,9.81,0.00, 0.00
0.00,9.81,0.00, 0.00
0.00,9.81,0.00, 0.00
0.05,9.81,2.46, 0.00
0.44,9.81,19.25, 0.00
0.84,9.81,19.99, 0.00
1.31,9.81,23.45, 0.00
1.83,9.81,25.96, 0.00
2.39,9.81,27.97, 0.00
2.90,9.81,25.54, 0.00
3.37,9.81,23.53, 0.00
3.89,9.81,25.96, 0.00
4.34,9.81,22.55, 0.00
4.63,9.81,14.62, 0.00
4.72,9.81,4.65, 0.00
4.72,9.81,0.07, 0.00
4.72,9.81,0.00, 0.00
4.72,9.81,0.00, 0.00
4.72,9.81,0.00, 0.00
4.72,9.81,0.00, 0.00
4.70,9.81,0.00, 0.00
4.72,9.81,0.99, 0.00
4.72,9.81,0.01, 0.00
4.72,9.81,0.00, 0.00
4.70,9.81,0.00, 0.00
4.70,9.81,0.00, 0.00
4.72,9.81,0.99, 0.00
4.70,9.81,0.00, 0.00
4.72,9.81,0.99, 0.00
4.72,9.81,0.01, 0.00
4.72,9.81,0.00, 0.00
4.72,9.81,0.00, 0.00
4.72,9.81,0.00, 0.00
4.72,9.81,0.00, 0.00
4.72,9.81,0.00, 0.00
4.72,9.81,0.00, 0.00
4.72,9.81,0.00, 0.00
4.72,9.81,0.00, 0.00
4.72,9.81,0.00, 0.00
4.72,9.81,0.00, 0.00
4.72,9.81,0.00, 0.00
4.72,9.81,0.00, 0.00
4.72,9.81,0.00, 0.00
4.72,9.81,0.00, 0.00
4.72,9.81,0.00, 0.00
4.72,9.81,0.00, 0.00
4.72,9.81,0.00, 0.00
4.72,9.81,0.00, 0.00
4.72,9.81,0.00, 0.00
4.72,9.81,0.00, 0.00
4.72,9.81,0.00, 0.00
4.72,9.81,0.00, 0.00
4.72,9.81,0.00, 0.00
4.72,9.81,0.00, 0.00
4.72,9.81,0.00, 0.00
4.72,9.81,0.00, 0.00
4.72,9.81,0.00, 0.00
4.72,9.81,0.00, 0.00
4.72,9.81,0.00, 0.00
4.72,9.81,0.00, 0.00
4.74,9.81,0.99, 0.00
4.74,9.81,0.01, 0.00
4.72,9.81,0.00, 0.00
4.72,9.81,0.00, 0.00
4.72,9.81,0.00, 0.00
4.72,9.81,0.00, 0.00
4.72,9.81,0.00, 0.00
4.72,9.81,0.00, 0.00
4.74,9.81,0.99, 0.00
4.72,9.81,0.00, 0.00
4.72,9.81,0.00, 0.00
4.72,9.81,0.00, 0.00
4.72,9.81,0.00, 0.00
4.72,9.81,0.00, 0.00
4.74,9.81,0.99, 0.00
4.72,9.81,0.00, 0.00
4.72,9.81,0.00, 0.00
4.72,9.81,0.00, 0.00
4.72,9.81,0.00, 0.00
4.74,9.81,0.99, 0.00
4.72,9.81,0.00, 0.00
4.72,9.81,0.00, 0.00
4.72,9.81,0.00, 0.00
4.72,9.81,0.00, 0.00
4.72,9.81,0.00, 0.00
4.72,9.81,0.00, 0.00
4.72,9.81,0.00, 0.00
4.72,9.81,0.00, 0.00
4.72,9.81,0.00, 0.00
4.72,9.81,0.00, 0.00
4.72,9.81,0.00, 0.00
4.72,9.81,0.00, 0.00
4.72,9.81,0.00, 0.00
4.72,9.81,0.00, 0.00
4.74,9.81,0.99, 0.00
4.72,9.81,0.00, 0.00
4.72,9.81,0.00, 0.00
4.72,9.81,0.00, 0.00
4.72,9.81,0.00, 0.00
4.72,9.81,0.00, 0.00
4.72,9.81,0.00, 0.00
4.72,9.81,0.00, 0.00
4.72,9.81,0.00, 0.00
4.72,9.81,0.00, 0.00
4.74,9.81,0.99, 0.00
4.74,9.81,0.99, 0.00
4.72,9.81,0.00, 0.00
4.72,9.81,0.00, 0.00
4.72,9.81,0.00, 0.00
4.72,9.81,0.00, 0.00
4.72,9.81,0.00, 0.00
4.72,9.81,0.00, 0.00
4.72,9.81,0.00, 0.00
4.72,9.81,0.00, 0.00
4.72,9.81,0.00, 0.00
4.72,9.81,0.00, 0.00
4.72,9.81,0.00, 0.00
4.72,9.81,0.00, 0.00
4.72,9.81,0.00, 0.00
4.72,9.81,0.00, 0.00
4.72,9.81,0.00, 0.00
4.72,9.81,0.00, 0.00
4.72,9.81,0.00, 0.00
4.72,9.81,0.00, 0.00
4.72,9.81,0.00, 0.00
4.72,9.81,0.00, 0.00
4.74,9.81,0.99, 0.00
4.74,9.81,0.01, 0.00
4.74,9.81,0.01, 0.00
4.74,9.81,0.01, 0.00
4.72,9.81,0.00, 0.00
4.72,9.81,0.00, 0.00
4.72,9.81,0.00, 0.00
4.72,9.77,0.00, 0.00
4.72,9.74,0.00, 0.00
4.72,9.73,0.00, 0.00
4.72,9.70,0.00, 0.00
4.72,9.69,0.00, 0.00
4.72,9.66,0.00, 0.00
4.72,9.61,0.00, 0.00
4.70,9.56,0.00, 0.00
4.72,9.55,0.99, 0.00
4.72,9.51,0.01, 0.00
4.72,9.50,0.00, 0.00
4.74,9.47,0.99, 0.00
4.72,9.42,0.00, 0.00
4.74,9.38,0.99, 0.00
4.72,9.33,0.00, 0.00
4.72,9.28,0.00, 0.00
4.74,9.26,0.99, 0.00
4.72,9.24,0.00, 0.00
4.72,9.24,0.00, 0.00
4.72,9.24,0.00, 0.00
4.72,9.22,0.00, 0.00
4.72,9.22,0.00, 0.00
4.72,9.23,0.00, 0.50
4.72,9.23,0.00, 0.00
4.72,9.19,0.00, 0.00
4.72,9.16,0.00, 0.00
4.74,9.10,0.99, 0.00
4.72,9.03,0.00, 0.00
4.72,9.01,0.00, 0.00
4.72,8.99,0.00, 0.00
4.72,8.98,0.00, 0.00
4.72,8.95,0.00, 0.00
4.72,8.93,0.00, 0.00
4.72,8.90,0.00, 0.00
4.72,8.83,0.00, 0.00
4.72,8.83,0.00, 0.00
4.72,8.83,0.00, 0.25
4.72,8.83,0.00, 0.25
4.74,8.70,0.99, 0.00
4.72,8.58,0.00, 0.00
4.72,8.51,0.00, 0.00
4.72,8.44,0.00, 0.00
4.72,8.42,0.00, 0.00
4.72,8.40,0.00, 0.00
4.72,8.38,0.00, 0.00
4.72,8.34,0.00, 0.00
4.72,8.29,0.00, 0.00
4.72,8.26,0.00, 0.00
4.72,8.25,0.00, 0.00
4.72,8.24,0.00, 0.00
4.72,8.23,0.00, 0.00
4.72,8.23,0.00, 0.00
4.72,8.22,0.00, 0.00
4.70,8.18,0.00, 0.00
4.70,8.15,0.00, 0.00
4.07,8.09,0.00, 0.00
3.91,7.97,0.00, 0.00
4.23,7.93,15.76, 0.00
4.58,7.88,17.47, 0.00
4.67,7.80,4.69, 0.00
4.67,7.80,4.69, 0.00
4.65,7.75,0.00, 0.00
4.38,7.68,0.00, 0.00
4.05,7.63,0.00, 0.00
3.73,7.56,0.00, 0.00
3.73,7.56,0.00, 0.00
3.62,7.47,0.00, 0.00
3.62,7.35,0.00, 0.00
3.60,7.20,0.00, 0.00
3.44,6.99,0.00, 0.00
3.10,6.76,0.00, 0.00
2.66,6.50,0.00, 0.00
2.32,6.20,0.00, 0.00
2.32,6.20,0.00, 0.00
2.32,6.20,0.00, 0.00
2.32,6.20,0.00, 0.00
2.32,6.20,0.00, 0.00
2.32,6.20,0.00, 0.00
2.32,6.20,0.00, 0.00
2.43,5.88,5.42, 0.00
2.54,5.36,5.50, 0.00
2.54,5.36,5.50, 0.00
2.30,4.88,0.00, 0.00
1.62,2.70,0.00, 0.00
1.62,2.70,0.00, 0.00
1.62,2.70,0.00, 0.00
1.62,2.70,0.00, 0.00
1.62,2.70,0.00, 0.00
1.62,2.70,0.00, 0.00
1.38,2.24,0.00, 0.00
1.04,1.82,0.00, 0.00
0.86,1.44,0.00, 0.00
0.03,0.25,0.00, 0.00
0.03,0.14,0.00, 0.00
0.01,0.05,0.00, 0.00
0.01,0.05,0.00, 0.00
0.00,0.04,0.00, 0.00
0.00,0.05,0.00, 0.50
0.00,0.05,0.00, 0.00
0.00,0.05,0.00, 0.50
0.00,0.06,0.00, 0.25
0.00,0.06,0.00, 0.00
0.00,0.06,0.00, 0.00
0.00,0.06,0.00, 0.00
0.00,0.06,0.00, 0.00
0.00,0.05,0.00, 0.00
0.00,0.05,0.00, 0.00
0.00,0.05,0.00, 0.50
0.00,0.05,0.00, 0.00
0.00,0.05,0.00, 0.00
0.00,0.05,0.00, 0.00
0.00,0.05,0.00, 0.00
0.00,0.05,0.00, 0.00
0.00,0.05,0.00, 0.00
0.00,0.05,0.00, 0.00
0.00,0.05,0.00, 0.00
0.00,0.05,0.00, 0.00
0.00,0.05,0.00, 0.00
0.00,0.05,0.00, 0.50
0.00,0.06,0.00, 0.25
0.00,0.06,0.00, 0.25
0.00,0.06,0.00, 0.25
0.00,0.06,0.00, 0.25
0.00,0.06,0.00, 0.25
0.00,0.06,0.00, 0.25
0.00,0.06,0.00, 0.00
0.00,0.06,0.00, 0.00
0.00,0.06,0.00, 0.00
0.00,0.06,0.00, 0.00
0.00,0.06,0.00, 0.00
0.00,0.06,0.00, 0.00
0.00,0.06,0.00, 0.00
0.00,0.06,0.00, 0.00
0.00,0.06,0.00, 0.00
0.00,0.06,0.00, 0.00
0.00,0.06,0.00, 0.00
0.00,0.06,0.00, 0.00
0.00,0.06,0.00, 0.00
0.00,0.06,0.00, 0.00
0.00,0.05,0.00, 0.00
0.00,0.05,0.00, 0.00
0.00,0.06,0.00, 0.75
0.00,0.06,0.00, 0.00
0.00,0.06,0.00, 0.00
0.00,0.24,0.00, 8.97
0.00,0.49,0.00, 12.49
0.00,0.75,0.00, 13.25
0.00,1.00,0.00, 12.00
0.00,1.25,0.00, 12.50
0.00,1.55,0.00, 15.24
0.00,1.92,0.00, 18.74
0.00,2.37,0.00, 21.99
0.00,2.79,0.00, 21.25
0.00,2.79,0.00, 21.25
0.00,2.79,0.00, 21.25
0.00,2.79,0.00, 21.25
0.00,2.79,0.00, 21.25
0.00,2.79,0.00, 21.25
0.00,2.79,0.00, 21.25
0.00,2.79,0.00, 21.25
0.00,3.21,0.00, 21.00
0.00,3.62,0.00, 20.75
0.00,3.62,0.00, 20.75
0.00,3.62,0.00, 20.75
0.00,3.62,0.00, 20.75
0.00,3.62,0.00, 20.75
0.00,3.62,0.00, 20.75
0.00,3.62,0.00, 20.75
0.00,3.62,0.00, 20.75
0.00,3.62,0.00, 20.75
0.00,3.62,0.00, 20.75
0.00,3.62,0.00, 20.75
0.00,3.62,0.00, 20.75
0.00,4.05,0.00, 21.00
0.00,4.05,0.00, 21.00
0.00,4.05,0.00, 21.00
0.00,6.04,0.00, 99.46
0.00,6.37,0.00, 16.80
1.00,9.81,49.26, 171.43
1.36,9.81,18.46, 0.63
1.74,9.81,18.99, 0.00
2.19,9.81,22.45, 0.00
2.63,9.81,22.01, 0.00
3.13,9.81,24.96, 0.00
3.13,9.81,24.96, 0.00
3.60,9.81,23.52, 0.00
4.07,9.81,23.50, 0.00
4.47,9.81,20.05, 0.00
4.47,9.81,20.05, 0.00
4.67,9.81,10.15, 0.00
4.74,9.81,3.60, 0.00
4.76,9.81,1.04, 0.00
4.76,9.81,0.02, 0.00
4.76,9.81,0.00, 0.00
4.74,9.81,0.00, 0.00
4.74,9.81,0.00, 0.00
4.76,9.81,0.99, 0.00
4.74,9.81,0.00, 0.00
4.76,9.81,0.99, 0.00
4.76,9.81,0.01, 0.00
4.74,9.81,0.00, 0.00
4.74,9.81,0.00, 0.00
4.74,9.81,0.00, 0.00
4.74,9.81,0.00, 0.00
4.74,9.81,0.00, 0.00
4.74,9.81,0.00, 0.00
4.74,9.81,0.00, 0.00
4.74,9.81,0.00, 0.00
4.74,9.81,0.00, 0.00
4.74,9.81,0.00, 0.00
4.74,9.81,0.00, 0.00
4.74,9.81,0.00, 0.00
4.74,9.81,0.00, 0.00
4.76,9.81,0.99, 0.00
4.74,9.81,0.00, 0.00
4.74,9.81,0.00, 0.00
4.74,9.81,0.00, 0.00
4.74,9.81,0.00, 0.00
4.74,9.81,0.00, 0.00
4.74,9.81,0.00, 0.00
4.74,9.81,0.00, 0.00
4.74,9.81,0.00, 0.00
4.74,9.81,0.00, 0.00
4.74,9.81,0.00, 0.00
4.74,9.81,0.00, 0.00
4.74,9.81,0.00, 0.00
4.74,9.81,0.00, 0.00
4.76,9.81,0.99, 0.00
4.74,9.81,0.00, 0.00
4.74,9.81,0.00, 0.00
4.74,9.81,0.00, 0.00
4.74,9.81,0.00, 0.00
4.74,9.81,0.00, 0.00
4.74,9.81,0.00, 0.00
4.74,9.81,0.00, 0.00
4.74,9.81,0.00, 0.00
4.72,9.81,0.00, 0.00
4.74,9.81,0.99, 0.00
4.74,9.81,0.01, 0.00
4.74,9.81,0.00, 0.00
4.74,9.81,0.00, 0.00
4.74,9.81,0.00, 0.00
4.74,9.81,0.00, 0.00
4.74,9.81,0.00, 0.00
4.74,9.81,0.00, 0.00
4.74,9.81,0.00, 0.00
4.74,9.81,0.00, 0.00
4.74,9.81,0.00, 0.00
4.74,9.81,0.00, 0.00
4.74,9.81,0.00, 0.00
4.74,9.81,0.00, 0.00
4.74,9.81,0.00, 0.00
4.74,9.81,0.00, 0.00
4.74,9.81,0.00, 0.00
4.74,9.81,0.00, 0.00
4.74,9.81,0.00, 0.00
4.74,9.81,0.00, 0.00
4.74,9.81,0.00, 0.00
4.74,9.81,0.00, 0.00
4.74,9.81,0.00, 0.00
4.74,9.81,0.00, 0.00
4.74,9.81,0.00, 0.00
4.74,9.81,0.00, 0.00
4.74,9.81,0.00, 0.00
4.74,9.81,0.00, 0.00
4.74,9.81,0.00, 0.00
4.74,9.81,0.00, 0.00
4.74,9.81,0.00, 0.00
4.74,9.81,0.00, 0.00
4.74,9.81,0.00, 0.00
4.74,9.81,0.00, 0.00
4.74,9.81,0.00, 0.00
4.74,9.81,0.00, 0.00
4.74,9.81,0.00, 0.00
4.74,9.81,0.00, 0.00
4.74,9.81,0.00, 0.00
4.74,9.81,0.00, 0.00
4.74,9.81,0.00, 0.00
4.74,9.81,0.00, 0.00
4.74,9.81,0.00, 0.00
4.72,9.81,0.00, 0.00
4.74,9.81,0.99, 0.00
4.74,9.81,0.01, 0.00
4.74,9.81,0.00, 0.00
4.74,9.81,0.00, 0.00
4.74,9.81,0.00, 0.00
4.74,9.81,0.00, 0.00
4.74,9.81,0.00, 0.00
4.74,9.81,0.00, 0.00
4.74,9.81,0.00, 0.00
4.74,9.81,0.00, 0.00
4.74,9.81,0.00, 0.00
4.74,9.81,0.00, 0.00
4.74,9.81,0.00, 0.00
4.74,9.81,0.00, 0.00
4.74,9.81,0.00, 0.00
4.74,9.81,0.00, 0.00
4.72,9.81,0.00, 0.00
4.72,9.81,0.00, 0.00
4.72,9.81,0.00, 0.00
4.72,9.81,0.00, 0.00
4.74,9.81,0.99, 0.00
4.74,9.81,0.01, 0.00
4.74,9.81,0.00, 0.00
4.74,9.81,0.00, 0.00
4.74,9.81,0.00, 0.00
4.74,9.81,0.00, 0.00
4.74,9.81,0.00, 0.00
4.74,9.81,0.00, 0.00
4.74,9.81,0.00, 0.00
4.74,9.81,0.00, 0.00
4.74,9.81,0.00, 0.00
4.74,9.81,0.00, 0.00
4.74,9.81,0.00, 0.00
4.74,9.81,0.00, 0.00
4.72,9.81,0.00, 0.00
4.72,9.81,0.00, 0.00
4.74,9.81,0.99, 0.00
4.72,9.81,0.00, 0.00
4.74,9.81,0.99, 0.00
4.72,9.81,0.00, 0.00
4.72,9.81,0.00, 0.00
4.74,9.81,0.99, 0.00
4.74,9.81,0.01, 0.00
4.74,9.81,0.01, 0.00
4.74,9.81,0.01, 0.00
4.74,9.81,0.01, 0.00
4.74,9.81,0.01, 0.00
4.74,9.81,0.01, 0.00
4.74,9.81,0.01, 0.00
4.74,9.81,0.01, 0.00
4.74,9.81,0.01, 0.00
4.74,9.81,0.01, 0.00
4.72,9.81,0.00, 0.00
4.72,9.81,0.00, 0.00
4.72,9.81,0.00, 0.00
4.74,9.81,0.99, 0.00
4.74,9.67,0.01, 0.00
4.74,9.67,0.01, 0.00
4.74,9.67,0.01, 0.00
4.74,9.67,0.01, 0.00
4.74,9.67,0.01, 0.00
4.74,9.67,0.01, 0.00
4.74,9.67,0.01, 0.00
4.72,9.65,0.00, 0.00
4.74,9.67,0.99, 0.75
4.74,9.68,0.01, 0.50
4.72,9.61,0.00, 0.00
4.74,9.60,0.99, 0.00
4.74,9.59,0.01, 0.00
4.74,9.60,0.00, 0.75
4.74,9.61,0.00, 0.50
4.72,9.60,0.00, 0.00
4.72,9.60,0.00, 0.00
4.72,9.59,0.00, 0.00
4.72,9.59,0.00, 0.00
4.72,9.57,0.00, 0.00
4.74,9.51,0.99, 0.00
4.74,9.42,0.01, 0.00
4.74,9.40,0.00, 0.00
4.74,9.40,0.00, 0.00
4.72,9.41,0.00, 0.50
4.74,9.42,0.99, 0.75
4.72,9.44,0.00, 1.00
4.74,9.43,0.99, 0.00
4.72,9.40,0.00, 0.00
4.74,9.33,0.99, 0.00
4.74,9.33,0.99, 0.00
4.72,9.24,0.00, 0.00
4.72,9.19,0.00, 0.00
4.74,9.14,0.99, 0.00
4.74,9.13,0.01, 0.00
4.00,9.09,0.00, 0.00
4.00,9.09,0.00, 0.00
4.00,9.09,0.00, 0.00
4.00,9.09,0.00, 0.00
4.00,9.09,0.00, 0.00
4.00,9.09,0.00, 0.00
4.00,9.09,0.00, 0.00
3.24,9.06,0.00, 0.00
3.35,9.07,5.42, 1.00
4.11,9.14,37.52, 3.24
4.14,9.40,2.03, 13.21
3.62,9.32,0.00, 0.00
3.62,9.32,0.00, 0.00
3.62,9.32,0.00, 0.00
3.62,9.32,0.00, 0.00
3.62,9.32,0.00, 0.00
3.33,9.19,0.00, 0.00
3.33,9.19,0.00, 0.00
3.19,9.06,0.00, 0.00
3.19,9.06,0.00, 0.00
3.19,9.06,0.00, 0.00
3.15,8.91,0.00, 0.00
1.18,7.65,0.00, 0.00
1.11,7.26,0.00, 0.00
1.11,7.26,0.00, 0.00
1.11,7.26,0.00, 0.00
1.11,7.26,0.00, 0.00
1.11,7.26,0.00, 0.00
1.11,7.26,0.00, 0.00
1.11,7.26,0.00, 0.00
1.02,6.78,0.00, 0.00
0.08,5.66,0.00, 0.00
0.00,5.04,0.00, 0.00
0.00,5.04,0.00, 0.00
0.00,5.04,0.00, 0.00
0.00,1.49,0.00, 0.00
0.00,1.49,0.00, 0.00
0.00,1.02,0.00, 0.00
0.00,0.63,0.00, 0.00
0.00,0.11,0.00, 0.00
0.00,0.11,0.00, 0.00
0.00,0.11,0.00, 0.00
0.00,0.01,0.00, 0.00
0.00,0.00,0.00, 0.00
0.00,0.05,0.00, 2.24
0.00,0.05,0.00, 0.51
0.00,0.06,0.00, 0.25
0.00,0.07,0.00, 0.50
0.00,0.07,0.00, 0.00
0.00,0.07,0.00, 0.00
0.00,0.06,0.00, 0.00
0.00,0.05,0.00, 0.00
0.00,0.04,0.00, 0.00
0.00,0.04,0.00, 0.00
0.00,0.04,0.00, 0.00
0.00,0.04,0.00, 0.00
0.00,0.04,0.00, 0.00
0.00,0.04,0.00, 0.00
0.00,0.04,0.00, 0.00
0.00,0.04,0.00, 0.00
0.00,0.04,0.00, 0.00
0.00,0.04,0.00, 0.00
0.00,0.04,0.00, 0.00
0.00,0.04,0.00, 0.00
0.00,0.05,0.00, 0.50
0.00,0.06,0.00, 0.75
0.00,0.06,0.00, 0.75
0.00,0.05,0.00, 0.00
0.00,0.05,0.00, 0.00
0.00,0.05,0.00, 0.00
0.00,0.05,0.00, 0.00
0.00,0.05,0.00, 0.00
0.00,0.05,0.00, 0.00
0.00,0.05,0.00, 0.00
0.00,0.05,0.00, 0.00
0.00,0.05,0.00, 0.00
0.00,0.05,0.00, 0.00
0.00,0.05,0.00, 0.00
0.00,0.05,0.00, 0.00
0.00,0.05,0.00, 0.00
0.00,0.05,0.00, 0.00
0.00,0.05,0.00, 0.00
0.00,0.05,0.00, 0.00
0.00,0.05,0.00, 0.00
0.00,0.05,0.00, 0.00
0.00,0.05,0.00, 0.00
0.00,0.05,0.00, 0.00
0.00,0.05,0.00, 0.00
0.00,0.05,0.00, 0.00
0.00,0.05,0.00, 0.00
0.00,0.05,0.00, 0.00
0.00,0.05,0.00, 0.00
0.00,0.05,0.00, 0.00
0.00,0.05,0.00, 0.00
0.00,0.05,0.00, 0.00
0.00,0.05,0.00, 0.50
0.00,0.05,0.00, 0.00
0.00,0.05,0.00, 0.00
0.00,0.05,0.00, 0.00
0.00,0.05,0.00, 0.00
0.00,0.05,0.00, 0.00
0.00,0.05,0.00, 0.00
0.00,0.05,0.00, 0.00
0.00,0.05,0.00, 0.00
0.00,0.05,0.00, 0.00
0.00,0.05,0.00, 0.00
0.00,0.08,0.00, 1.74
0.00,0.08,0.00, 1.74
0.00,0.08,0.00, 1.74
0.00,0.08,0.00, 1.74
0.00,0.08,0.00, 1.74
0.00,0.08,0.00, 1.74
0.00,0.08,0.00, 1.74
0.00,0.08,0.00, 1.74
0.00,0.08,0.00, 1.74
0.00,0.08,0.00, 1.74
0.00,0.08,0.00, 1.74
0.00,0.08,0.00, 1.74
0.00,0.08,0.00, 1.74
0.00,0.08,0.00, 1.74
0.00,0.08,0.00, 1.74
0.00,0.08,0.00, 1.74
0.00,0.08,0.00, 1.74
0.00,0.08,0.00, 1.74
0.00,0.08,0.00, 1.74
0.00,0.08,0.00, 1.74
0.00,0.08,0.00, 1.74
0.00,0.15,0.00, 3.49
0.00,0.15,0.00, 3.49
0.00,0.26,0.00, 5.49
0.00,3.03,0.00, 138.01
0.00,9.81,0.00, 338.26
0.00,9.81,0.00, 1.24
0.00,9.81,0.00, 0.00
0.00,9.81,0.00, 0.00
0.00,9.81,0.00, 0.00
0.19,9.81,9.36, 0.00
0.68,9.81,24.28, 0.00
1.22,9.81,26.96, 0.00
1.69,9.81,23.55, 0.00
1.69,9.81,23.55, 0.00
1.69,9.81,23.55, 0.00
1.69,9.81,23.55, 0.00
1.69,9.81,23.55, 0.00
1.69,9.81,23.55, 0.00
2.12,9.81,21.53, 0.00
2.12,9.81,21.53, 0.00
2.48,9.81,18.05, 0.00
2.86,9.81,18.99, 0.00
4.47,9.81,79.60, 0.00
4.70,9.81,12.50, 0.00
4.85,9.81,7.57, 0.00
4.85,9.81,0.11, 0.00
4.85,9.81,0.11, 0.00
4.85,9.81,0.00, 0.00
4.85,9.81,0.00, 0.00
4.85,9.81,0.00, 0.00
4.85,9.81,0.00, 0.00
4.85,9.81,0.00, 0.00
4.85,9.81,0.00, 0.00
4.85,9.81,0.00, 0.00
4.85,9.81,0.00, 0.00
4.83,9.81,0.00, 0.00
4.83,9.81,0.00, 0.00
4.83,9.81,0.00, 0.00
4.83,9.81,0.00, 0.00
4.83,9.81,0.00, 0.00
4.83,9.81,0.00, 0.00
4.83,9.81,0.00, 0.00
4.81,9.81,0.00, 0.00
4.81,9.81,0.00, 0.00
4.81,9.81,0.00, 0.00
4.81,9.81,0.00, 0.00
4.81,9.81,0.00, 0.00
4.81,9.81,0.00, 0.00
4.81,9.81,0.00, 0.00
4.81,9.81,0.00, 0.00
4.79,9.81,0.00, 0.00
4.79,9.81,0.00, 0.00
4.79,9.81,0.00, 0.00
4.79,9.81,0.00, 0.00
4.79,9.81,0.00, 0.00
4.79,9.81,0.00, 0.00
4.79,9.81,0.00, 0.00
4.81,9.81,0.99, 0.00
4.79,9.81,0.00, 0.00
4.79,9.81,0.00, 0.00
4.81,9.81,0.99, 0.00
4.79,9.81,0.00, 0.00
4.79,9.81,0.00, 0.00
4.79,9.81,0.00, 0.00
4.79,9.81,0.00, 0.00
4.79,9.81,0.00, 0.00
4.79,9.81,0.00, 0.00
4.79,9.81,0.00, 0.00
4.79,9.81,0.00, 0.00
4.79,9.81,0.00, 0.00
4.79,9.81,0.00, 0.00
4.79,9.81,0.00, 0.00
4.79,9.81,0.00, 0.00
4.79,9.81,0.00, 0.00
4.79,9.81,0.00, 0.00
4.79,9.81,0.00, 0.00
4.79,9.81,0.00, 0.00
4.76,9.81,0.00, 0.00
4.79,9.81,1.48, 0.00
4.79,9.81,0.02, 0.00
4.79,9.81,0.00, 0.00
4.79,9.81,0.00, 0.00
4.76,9.81,0.00, 0.00
4.79,9.81,1.48, 0.00
4.79,9.81,0.02, 0.00
4.79,9.81,0.00, 0.00
4.79,9.81,0.00, 0.00
4.79,9.81,0.00, 0.00
4.79,9.81,0.00, 0.00
4.79,9.81,0.00, 0.00
4.79,9.81,0.00, 0.00
4.79,9.81,0.00, 0.00
4.79,9.81,0.00, 0.00
4.79,9.81,0.00, 0.00
4.79,9.81,0.00, 0.00
4.79,9.81,0.00, 0.00
4.79,9.81,0.00, 0.00
4.79,9.81,0.00, 0.00
4.79,9.81,0.00, 0.00
4.79,9.81,0.00, 0.00
4.76,9.81,0.00, 0.00
4.76,9.81,0.00, 0.00
4.79,9.81,1.48, 0.00
4.79,9.81,0.02, 0.00
4.79,9.81,0.00, 0.00
4.79,9.81,0.00, 0.00
4.79,9.81,0.00, 0.00
4.76,9.81,0.00, 0.00
4.76,9.81,0.00, 0.00
4.76,9.81,0.00, 0.00
4.76,9.81,0.00, 0.00
4.76,9.81,0.00, 0.00
4.76,9.81,0.00, 0.00
4.76,9.81,0.00, 0.00
4.76,9.81,0.00, 0.00
4.76,9.81,0.00, 0.00
4.76,9.81,0.00, 0.00
4.76,9.81,0.00, 0.00
4.79,9.81,1.48, 0.00
4.79,9.81,1.48, 0.00
4.79,9.81,1.48, 0.00
4.76,9.81,0.00, 0.00
4.76,9.81,0.00, 0.00
4.76,9.81,0.00, 0.00
4.76,9.81,0.00, 0.00
4.76,9.81,0.00, 0.00
4.79,9.81,1.48, 0.00
4.76,9.81,0.00, 0.00
4.76,9.81,0.00, 0.00
4.76,9.81,0.00, 0.00
4.76,9.81,0.00, 0.00
4.76,9.81,0.00, 0.00
4.76,9.81,0.00, 0.00
4.76,9.81,0.00, 0.00
4.76,9.81,0.00, 0.00
4.79,9.81,1.48, 0.00
4.79,9.81,0.02, 0.00
4.79,9.81,0.02, 0.00
4.79,9.81,0.02, 0.00
4.79,9.81,0.02, 0.00
4.76,9.81,0.00, 0.00
4.76,9.81,0.00, 0.00
4.76,9.81,0.00, 0.00
4.76,9.81,0.00, 0.00
4.79,9.81,1.48, 0.00
4.76,9.81,0.00, 0.00
4.79,9.81,1.48, 0.00
4.74,9.81,0.00, 0.00
4.76,9.81,0.99, 0.00
4.76,9.81,0.01, 0.00
4.79,9.81,1.48, 0.00
4.76,9.81,0.00, 0.00
4.76,9.81,0.00, 0.00
4.76,9.81,0.00, 0.00
4.76,9.81,0.00, 0.00
4.76,9.81,0.00, 0.00
4.76,9.81,0.00, 0.00
4.76,9.81,0.00, 0.00
4.76,9.81,0.00, 0.00
4.76,9.81,0.00, 0.00
4.76,9.81,0.00, 0.00
4.76,9.81,0.00, 0.00
4.76,9.81,0.00, 0.00
4.63,9.81,0.00, 0.00
4.63,9.81,0.00, 0.00
4.76,9.81,6.40, 0.00
4.76,9.81,0.09, 0.00
4.76,9.81,0.00, 0.00
4.76,9.81,0.00, 0.00
4.76,9.81,0.00, 0.00
4.76,9.81,0.00, 0.00
4.76,9.81,0.00, 0.00
4.76,9.81,0.00, 0.00
4.76,9.81,0.00, 0.00
4.76,9.81,0.00, 0.00
4.76,9.81,0.00, 0.00
4.76,9.81,0.00, 0.00
4.76,9.81,0.00, 0.00
4.76,9.81,0.00, 0.00
4.76,9.81,0.00, 0.00
4.76,9.81,0.00, 0.00
4.76,9.81,0.00, 0.00
4.76,9.81,0.00, 0.00
4.76,9.81,0.00, 0.00
4.76,9.81,0.00, 0.00
4.76,9.81,0.00, 0.00
4.76,9.81,0.00, 0.00
4.76,9.81,0.00, 0.00
4.76,9.81,0.00, 0.00
4.76,9.81,0.00, 0.00
4.76,9.81,0.00, 0.00
4.76,9.81,0.00, 0.00
4.76,9.81,0.00, 0.00
4.76,9.81,0.00, 0.00
4.76,9.81,0.00, 0.00
4.76,9.81,0.00, 0.00
4.76,9.81,0.00, 0.00
4.76,9.81,0.00, 0.00
4.76,9.81,0.00, 0.00
4.76,9.81,0.00, 0.00
4.76,9.81,0.00, 0.00
4.76,9.81,0.00, 0.00
4.76,9.81,0.00, 0.00
4.76,9.81,0.00, 0.00
4.76,9.81,0.00, 0.00
4.76,9.81,0.00, 0.00
4.76,9.81,0.00, 0.00
4.76,9.81,0.00, 0.00
4.76,9.81,0.00, 0.00
4.76,9.81,0.00, 0.00
4.76,9.81,0.00, 0.00
4.76,9.81,0.00, 0.00
4.76,9.81,0.00, 0.00
4.76,9.81,0.00, 0.00
4.76,9.81,0.00, 0.00
4.76,9.81,0.00, 0.00
4.76,9.81,0.00, 0.00
4.76,9.81,0.00, 0.00
4.76,9.81,0.00, 0.00
4.76,9.81,0.00, 0.00
4.76,9.81,0.00, 0.00
4.76,9.81,0.00, 0.00
4.76,9.81,0.00, 0.00
4.76,9.81,0.00, 0.00
4.76,9.81,0.00, 0.00
4.76,9.81,0.00, 0.00
4.76,9.81,0.00, 0.00
4.76,9.81,0.00, 0.00
4.76,9.81,0.00, 0.00
4.74,9.81,0.00, 0.00
4.74,9.81,0.00, 0.00
4.76,9.81,0.99, 0.00
3.96,9.32,0.00, 0.00
3.91,9.28,0.00, 0.00
3.91,9.28,0.00, 0.00
3.91,9.28,0.00, 0.00
3.91,9.28,0.00, 0.00
3.91,9.28,0.00, 0.00
3.78,9.16,0.00, 0.00
3.78,9.16,0.00, 0.00
3.67,9.08,0.00, 0.00
3.42,8.96,0.00, 0.00
1.24,8.23,0.00, 0.00
0.00,7.95,0.00, 0.00
0.00,7.59,0.00, 0.00
0.00,7.18,0.00, 0.00
0.00,6.66,0.00, 0.00
0.00,6.10,0.00, 0.00
0.00,6.10,0.00, 0.00
0.00,6.10,0.00, 0.00
0.00,6.10,0.00, 0.00
0.00,6.10,0.00, 0.00
0.00,6.10,0.00, 0.00
0.00,6.10,0.00, 0.00
0.00,5.44,0.00, 0.00
0.00,4.77,0.00, 0.00
0.00,4.10,0.00, 0.00
0.00,1.12,0.00, 0.00
0.00,0.70,0.00, 0.00
0.00,0.32,0.00, 0.00
0.00,0.09,0.00, 0.00
0.00,0.03,0.00, 0.00
0.00,0.00,0.00, 0.00
0.00,0.05,0.00, 2.24
0.00,0.05,0.00, 0.51
0.00,0.05,0.00, 0.51
0.00,0.05,0.00, 0.51
0.00,0.05,0.00, 0.51
0.00,0.05,0.00, 0.51
0.00,0.05,0.00, 0.51
0.00,0.05,0.00, 0.51
0.00,0.05,0.00, 0.51
0.00,0.05,0.00, 0.51
0.00,0.05,0.00, 0.51
0.00,0.05,0.00, 0.51
0.00,0.05,0.00, 0.51
0.00,0.07,0.00, 0.75
0.00,0.07,0.00, 0.75
0.00,0.07,0.00, 0.00
0.00,0.07,0.00, 0.00
0.00,0.07,0.00, 0.00
0.00,0.07,0.00, 0.00
0.00,0.07,0.00, 0.00
0.00,0.07,0.00, 0.00
0.00,0.07,0.00, 0.00
0.00,0.06,0.00, 0.00
0.00,0.06,0.00, 0.00
0.00,0.06,0.00, 0.00
0.00,0.05,0.00, 0.00
0.00,0.05,0.00, 0.00
0.00,0.05,0.00, 0.50
0.00,0.05,0.00, 0.50
0.00,0.06,0.00, 0.25
0.00,0.06,0.00, 0.25
0.00,0.06,0.00, 0.25
0.00,0.06,0.00, 0.25
0.00,0.06,0.00, 0.25
0.00,0.06,0.00, 0.25
0.00,0.06,0.00, 0.25
0.00,0.05,0.00, 0.00
0.00,0.05,0.00, 0.00
0.00,0.05,0.00, 0.00
0.00,0.05,0.00, 0.00
0.00,0.05,0.00, 0.00
0.00,0.05,0.00, 0.00
0.00,0.05,0.00, 0.00
0.00,0.05,0.00, 0.00
0.00,0.05,0.00, 0.00
0.00,0.05,0.00, 0.00
0.00,0.05,0.00, 0.00
0.00,0.05,0.00, 0.00
0.00,0.05,0.00, 0.00
0.00,0.05,0.00, 0.00
0.00,0.05,0.00, 0.00
0.00,0.05,0.00, 0.00
0.00,0.05,0.00, 0.50
0.00,0.06,0.00, 0.25
0.00,0.06,0.00, 0.25
0.00,0.05,0.00, 0.00
0.00,0.06,0.00, 0.75
0.00,0.06,0.00, 0.75
0.00,0.06,0.00, 0.75
0.00,0.06,0.00, 0.75
0.00,0.06,0.00, 0.75
0.00,0.05,0.00, 0.00
0.00,0.05,0.00, 0.00
0.00,0.05,0.00, 0.50
0.00,0.05,0.00, 0.50
0.00,0.05,0.00, 0.50
0.00,0.06,0.00, 0.25
0.00,0.06,0.00, 0.25
0.00,0.06,0.00, 0.25
0.00,0.06,0.00, 0.25
0.00,0.06,0.00, 0.25
0.00,0.06,0.00, 0.25
0.00,0.06,0.00, 0.25
0.00,0.06,0.00, 0.25
0.00,0.06,0.00, 0.25
0.00,0.06,0.00, 0.25
0.00,0.06,0.00, 0.25
0.00,0.06,0.00, 0.25
0.00,0.06,0.00, 0.25
0.00,0.06,0.00, 0.25
0.00,0.06,0.00, 0.25
0.00,0.06,0.00, 0.25
0.00,0.11,0.00, 2.74
0.00,0.11,0.00, 2.74
0.00,0.11,0.00, 2.74
0.00,0.11,0.00, 2.74
0.00,0.29,0.00, 8.73
0.00,0.29,0.00, 8.73
0.00,0.29,0.00, 8.73
0.00,0.33,0.00, 2.02
0.00,0.94,0.00, 30.64
0.00,1.67,0.00, 36.23
0.00,1.67,0.00, 36.23
0.00,1.67,0.00, 36.23
0.00,1.67,0.00, 36.23
0.00,1.67,0.00, 36.23
0.00,1.67,0.00, 36.23
0.00,1.67,0.00, 36.23
0.00,1.67,0.00, 36.23
0.00,1.67,0.00, 36.23
0.00,1.67,0.00, 36.23
0.00,1.67,0.00, 36.23
0.00,1.67,0.00, 36.23
0.00,1.67,0.00, 36.23
0.00,1.67,0.00, 36.23
0.00,2.40,0.00, 36.50
0.00,2.40,0.00, 36.50
0.00,2.40,0.00, 36.50
0.00,2.40,0.00, 36.50
0.00,2.40,0.00, 36.50
0.00,2.40,0.00, 36.50
0.00,2.40,0.00, 36.50
0.00,2.84,0.00, 21.80
0.00,3.29,0.00, 22.75
0.00,8.87,0.00, 278.06
0.35,9.81,17.24, 47.85
1.11,9.81,37.69, 0.18
1.92,9.81,40.46, 0.00
2.77,9.81,42.47, 0.00
3.64,9.81,43.48, 0.00
3.64,9.81,43.48, 0.00
4.45,9.81,40.54, 0.00
4.94,9.81,24.74, 0.00
4.88,9.81,0.00, 0.00
4.88,9.81,0.00, 0.00
4.88,9.81,0.00, 0.00
4.88,9.81,0.00, 0.00
4.88,9.81,0.00, 0.00
4.88,9.81,0.00, 0.00
4.88,9.81,0.00, 0.00
4.88,9.81,0.00, 0.00
4.88,9.81,0.00, 0.00
4.88,9.81,0.00, 0.00
4.85,9.81,0.00, 0.00
4.83,9.81,0.00, 0.00
4.83,9.81,0.00, 0.00
4.83,9.81,0.00, 0.00
4.83,9.81,0.00, 0.00
4.83,9.81,0.00, 0.00
4.83,9.81,0.00, 0.00
4.83,9.81,0.00, 0.00
4.83,9.81,0.00, 0.00
4.83,9.81,0.00, 0.00
4.83,9.81,0.00, 0.00
4.81,9.81,0.00, 0.00
4.81,9.81,0.00, 0.00
4.81,9.81,0.00, 0.00
4.81,9.81,0.00, 0.00
4.81,9.81,0.00, 0.00
4.81,9.81,0.00, 0.00
4.79,9.81,0.00, 0.00
4.79,9.81,0.00, 0.00
4.81,9.81,0.99, 0.00
4.79,9.81,0.00, 0.00
4.79,9.81,0.00, 0.00
4.79,9.81,0.00, 0.00
4.79,9.81,0.00, 0.00
4.79,9.81,0.00, 0.00
4.81,9.81,0.99, 0.00
4.81,9.81,0.01, 0.00
4.79,9.81,0.00, 0.00
4.79,9.81,0.00, 0.00
4.79,9.81,0.00, 0.00
4.79,9.81,0.00, 0.00
4.79,9.81,0.00, 0.00
4.79,9.81,0.00, 0.00
4.79,9.81,0.00, 0.00
4.79,9.81,0.00, 0.00
4.79,9.81,0.00, 0.00
4.79,9.81,0.00, 0.00
4.79,9.81,0.00, 0.00
4.79,9.81,0.00, 0.00
4.79,9.81,0.00, 0.00
4.79,9.81,0.00, 0.00
4.79,9.81,0.00, 0.00
4.79,9.81,0.00, 0.00
4.79,9.81,0.00, 0.00
4.79,9.81,0.00, 0.00
4.79,9.81,0.00, 0.00
4.76,9.81,0.00, 0.00
4.79,9.81,1.48, 0.00
4.79,9.81,0.02, 0.00
4.79,9.81,0.00, 0.00
4.79,9.81,0.00, 0.00
4.79,9.81,0.00, 0.00
4.79,9.81,0.00, 0.00
4.79,9.81,0.00, 0.00
4.79,9.81,0.00, 0.00
4.79,9.81,0.00, 0.00
4.79,9.81,0.00, 0.00
4.79,9.81,0.00, 0.00
4.76,9.81,0.00, 0.00
4.76,9.81,0.00, 0.00
4.79,9.81,1.48, 0.00
4.79,9.81,1.48, 0.00
4.79,9.81,0.02, 0.00
4.76,9.81,0.00, 0.00
4.76,9.81,0.00, 0.00
4.79,9.81,1.48, 0.00
4.79,9.81,0.02, 0.00
4.79,9.81,0.02, 0.00
4.79,9.81,0.02, 0.00
4.79,9.81,0.00, 0.00
4.79,9.81,0.00, 0.00
4.76,9.81,0.00, 0.00
4.79,9.81,1.48, 0.00
4.76,9.81,0.00, 0.00
4.76,9.81,0.00, 0.00
4.76,9.81,0.00, 0.00
4.76,9.81,0.00, 0.00
4.76,9.81,0.00, 0.00
4.76,9.81,0.00, 0.00
4.79,9.81,1.48, 0.00
4.76,9.81,0.00, 0.00
4.79,9.81,1.48, 0.00
4.79,9.81,0.02, 0.00
4.76,9.81,0.00, 0.00
4.76,9.81,0.00, 0.00
4.76,9.81,0.00, 0.00
4.79,9.81,1.48, 0.00
4.79,9.81,1.48, 0.00
4.79,9.81,1.48, 0.00
4.79,9.81,1.48, 0.00
4.79,9.81,1.48, 0.00
4.79,9.81,1.48, 0.00
4.79,9.81,0.02, 0.00
4.79,9.81,0.02, 0.00
4.76,9.81,0.00, 0.00
4.76,9.81,0.00, 0.00
4.79,9.81,1.48, 0.00
4.76,9.81,0.00, 0.00
4.76,9.81,0.00, 0.00
4.79,9.81,1.48, 0.00
4.79,9.81,0.02, 0.00
4.76,9.81,0.00, 0.00
4.76,9.81,0.00, 0.00
4.76,9.81,0.00, 0.00
4.76,9.81,0.00, 0.00
4.76,9.78,0.00, 0.00
4.76,9.78,0.00, 0.00
4.76,9.78,0.00, 0.00
4.76,9.77,0.00, 0.00
4.79,9.76,1.48, 0.00
4.76,9.75,0.00, 0.00
4.76,9.75,0.00, 0.00
4.76,9.75,0.00, 0.00
4.76,9.75,0.00, 0.00
4.76,9.75,0.00, 0.00
4.76,9.74,0.00, 0.00
4.76,9.73,0.00, 0.00
4.79,9.72,1.48, 0.00
4.79,9.60,0.02, 0.00
4.76,9.55,0.00, 0.00
4.76,9.52,0.00, 0.00
4.76,9.52,0.00, 0.00
4.79,9.50,1.48, 0.00
4.79,9.50,1.48, 0.00
4.76,9.52,0.00, 1.00
4.76,9.55,0.00, 1.25
4.76,9.54,0.00, 0.00
4.76,9.52,0.00, 0.00
4.76,9.48,0.00, 0.00
4.76,9.45,0.00, 0.00
4.76,9.42,0.00, 0.00
4.76,9.36,0.00, 0.00
4.76,9.32,0.00, 0.00
4.76,9.27,0.00, 0.00
4.76,9.27,0.00, 0.00
4.76,9.27,0.00, 0.00
4.76,9.27,0.00, 0.00
4.76,9.27,0.00, 0.00
4.79,9.28,1.48, 0.50
4.76,9.29,0.00, 0.25
4.76,9.30,0.00, 0.50
4.76,9.15,0.00, 0.00
4.76,9.15,0.00, 0.00
4.76,9.16,0.00, 0.50
4.76,9.16,0.00, 0.50
4.76,9.16,0.00, 0.50
4.76,9.16,0.00, 0.50
4.76,9.16,0.00, 0.50
4.76,9.16,0.00, 0.50
4.76,9.16,0.00, 0.50
4.76,9.23,0.00, 2.99
4.76,9.26,0.00, 1.75
4.76,9.26,0.00, 0.26
4.76,9.09,0.00, 0.00
4.76,9.04,0.00, 0.00
4.74,9.01,0.00, 0.00
4.76,9.01,0.99, 0.00
4.76,9.03,0.01, 1.00
4.76,9.07,0.00, 2.00
4.76,9.09,0.00, 1.25
4.76,9.10,0.00, 0.50
4.76,9.09,0.00, 0.00
4.76,9.07,0.00, 0.00
4.76,9.07,0.00, 0.00
4.76,9.07,0.00, 0.00
4.76,9.07,0.00, 0.00
4.79,9.05,1.48, 0.00
4.76,9.04,0.00, 0.00
4.76,9.04,0.00, 0.00
4.76,9.04,0.00, 0.00
4.76,9.04,0.00, 0.00
4.76,9.03,0.00, 0.00
4.76,9.03,0.00, 0.00
4.76,9.01,0.00, 0.00
4.76,9.01,0.00, 0.00
4.76,9.01,0.00, 0.00
4.76,9.01,0.00, 0.00
4.76,9.01,0.00, 0.00
4.76,9.01,0.00, 0.00
4.76,9.01,0.00, 0.00
4.76,8.97,0.00, 0.00
4.76,8.97,0.00, 0.00
4.76,8.89,0.00, 0.00
4.76,8.84,0.00, 0.00
4.76,8.53,0.00, 0.00
4.76,8.46,0.00, 0.00
4.76,8.41,0.00, 0.00
4.76,8.34,0.00, 0.00
4.76,8.32,0.00, 0.00
4.76,8.34,0.00, 1.00
4.76,8.34,0.00, 1.00
4.76,8.34,0.00, 0.00
4.76,8.36,0.00, 1.25
4.74,8.36,0.00, 0.00
4.74,8.36,0.00, 0.00
4.74,8.36,0.00, 0.00
4.74,8.36,0.00, 0.00
4.74,8.36,0.00, 0.00
4.07,8.30,0.00, 0.00
4.07,8.30,0.00, 0.00
3.58,8.26,0.00, 0.00
3.58,8.26,0.00, 0.00
3.58,8.26,0.00, 0.00
3.58,8.26,0.00, 0.00
3.73,8.17,7.39, 0.00
4.52,8.09,39.03, 0.00
4.27,8.07,0.00, 0.00
4.05,7.98,0.00, 0.00
3.82,7.84,0.00, 0.00
3.58,7.68,0.00, 0.00
3.22,7.49,0.00, 0.00
2.68,7.28,0.00, 0.00
1.98,7.03,0.00, 0.00
0.97,6.72,0.00, 0.00
0.00,6.34,0.00, 0.00
0.00,5.90,0.00, 0.00
0.00,5.47,0.00, 0.00
0.00,5.47,0.00, 0.00
0.00,5.47,0.00, 0.00
0.00,5.47,0.00, 0.00
0.00,5.47,0.00, 0.00
0.00,5.47,0.00, 0.00
0.00,5.47,0.00, 0.00
0.00,5.47,0.00, 0.00
0.00,5.47,0.00, 0.00
0.00,5.47,0.00, 0.00
0.00,5.47,0.00, 0.00
0.00,5.00,0.00, 0.00
0.12,4.43,5.91, 0.00
0.12,4.43,5.91, 0.00
0.00,3.86,0.00, 0.00
0.00,0.01,0.00, 0.00
0.00,0.01,0.00, 0.00
0.00,0.05,0.00, 1.74
0.00,0.05,0.00, 0.01
0.00,0.05,0.00, 0.00
0.00,0.05,0.00, 0.50
0.00,0.07,0.00, 0.75
0.00,0.06,0.00, 0.00
0.00,0.06,0.00, 0.00
0.00,0.06,0.00, 0.00
0.00,0.05,0.00, 0.00
0.00,0.05,0.00, 0.50
0.00,0.05,0.00, 0.00
0.00,0.05,0.00, 0.50
0.00,0.05,0.00, 0.00
0.00,0.05,0.00, 0.00
0.00,0.05,0.00, 0.00
0.00,0.05,0.00, 0.50
0.00,0.05,0.00, 0.50
0.00,0.06,0.00, 0.25
0.00,0.05,0.00, 0.00
0.00,0.05,0.00, 0.00
0.00,0.05,0.00, 0.00
0.00,0.05,0.00, 0.00
0.00,0.05,0.00, 0.00
0.00,0.05,0.00, 0.00
0.00,0.05,0.00, 0.50
0.00,0.05,0.00, 0.00
0.00,0.05,0.00, 0.00
0.00,0.05,0.00, 0.00
0.00,0.05,0.00, 0.00
0.00,0.05,0.00, 0.00
0.00,0.05,0.00, 0.00
0.00,0.05,0.00, 0.50
0.00,0.06,0.00, 0.25
0.00,0.06,0.00, 0.00
0.00,0.06,0.00, 0.00
0.00,0.06,0.00, 0.00
0.00,0.06,0.00, 0.00
0.00,0.06,0.00, 0.00
0.00,0.05,0.00, 0.00
0.00,0.05,0.00, 0.50
0.00,0.05,0.00, 0.50
0.00,0.05,0.00, 0.50
0.00,0.05,0.00, 0.50
0.00,0.05,0.00, 0.50
0.00,0.05,0.00, 0.50
0.00,0.05,0.00, 0.50
0.00,0.05,0.00, 0.50
0.00,0.05,0.00, 0.50
0.00,0.05,0.00, 0.50
0.00,0.05,0.00, 0.50
0.00,0.05,0.00, 0.50
0.00,0.05,0.00, 0.50
0.00,0.05,0.00, 0.50
0.00,0.05,0.00, 0.50
0.00,0.05,0.00, 0.50
0.00,0.05,0.00, 0.50
0.00,0.05,0.00, 0.50
0.00,0.05,0.00, 0.50
0.00,0.05,0.00, 0.50
0.00,0.05,0.00, 0.50
0.00,0.05,0.00, 0.50
0.00,0.05,0.00, 0.50
0.00,0.05,0.00, 0.50
0.00,0.05,0.00, 0.50
0.00,0.05,0.00, 0.00
0.00,0.05,0.00, 0.00
0.00,0.04,0.00, 0.00
0.00,0.04,0.00, 0.00
0.00,0.04,0.00, 0.00
0.00,0.04,0.00, 0.00
0.00,0.04,0.00, 0.00
0.00,0.04,0.00, 0.00
0.00,0.04,0.00, 0.00
0.00,0.04,0.00, 0.00
0.00,0.04,0.00, 0.00
0.00,0.04,0.00, 0.00
0.00,0.04,0.00, 0.00
0.00,0.05,0.00, 0.50
0.00,0.50,0.00, 22.67
0.00,0.50,0.00, 22.67
0.00,0.50,0.00, 22.67
0.00,0.50,0.00, 22.67
0.00,0.50,0.00, 22.67
0.00,0.50,0.00, 22.67
0.00,0.64,0.00, 7.06
0.00,0.64,0.00, 7.06
0.00,3.86,0.00, 160.19
0.00,4.35,0.00, 25.25
0.00,6.47,0.00, 105.70
0.00,6.47,0.00, 105.70
0.00,6.47,0.00, 105.70
0.00,6.47,0.00, 105.70
0.00,6.47,0.00, 105.70
0.00,6.90,0.00, 22.06
0.00,7.35,0.00, 22.00
0.00,7.80,0.00, 22.50
0.00,7.80,0.00, 22.50
0.00,7.80,0.00, 22.50
0.00,7.80,0.00, 22.50
0.00,7.80,0.00, 22.50
0.00,7.80,0.00, 22.50
0.00,9.33,0.00, 76.30
0.14,9.64,6.90, 15.72
0.14,9.64,6.90, 15.72
0.73,9.80,29.17, 8.28
0.73,9.80,29.17, 8.28
3.82,9.81,152.66, 0.53
4.18,9.81,19.98, 0.00
4.83,9.81,32.32, 0.00
4.85,9.81,1.46, 0.00
4.85,9.81,1.46, 0.00
4.83,9.81,0.00, 0.00
4.83,9.81,0.00, 0.00
4.81,9.81,0.00, 0.00
4.81,9.81,0.00, 0.00
4.81,9.81,0.00, 0.00
4.81,9.81,0.00, 0.00
4.81,9.81,0.00, 0.00
4.81,9.81,0.00, 0.00
4.81,9.81,0.00, 0.00
4.81,9.81,0.00, 0.00
4.81,9.81,0.00, 0.00
4.81,9.81,0.00, 0.00
4.81,9.81,0.00, 0.00
4.81,9.81,0.00, 0.00
4.81,9.81,0.00, 0.00
4.81,9.81,0.00, 0.00
4.81,9.81,0.00, 0.00
4.81,9.81,0.00, 0.00
4.81,9.81,0.00, 0.00
4.81,9.81,0.00, 0.00
4.81,9.81,0.00, 0.00
4.81,9.81,0.00, 0.00
4.81,9.81,0.00, 0.00
4.81,9.81,0.00, 0.00
4.81,9.81,0.00, 0.00
4.81,9.81,0.00, 0.00
4.81,9.81,0.00, 0.00
4.81,9.81,0.00, 0.00
4.81,9.81,0.00, 0.00
4.81,9.81,0.00, 0.00
4.79,9.81,0.00, 0.00
4.79,9.81,0.00, 0.00
4.79,9.81,0.00, 0.00
4.79,9.81,0.00, 0.00
4.79,9.81,0.00, 0.00
4.79,9.81,0.00, 0.00
4.79,9.81,0.00, 0.00
4.79,9.81,0.00, 0.00
4.79,9.81,0.00, 0.00
4.79,9.81,0.00, 0.00
4.79,9.81,0.00, 0.00
4.79,9.81,0.00, 0.00
4.79,9.81,0.00, 0.00
4.79,9.81,0.00, 0.00
4.79,9.81,0.00, 0.00
4.79,9.81,0.00, 0.00
4.79,9.81,0.00, 0.00
4.79,9.81,0.00, 0.00
4.79,9.81,0.00, 0.00
4.79,9.81,0.00, 0.00
4.79,9.81,0.00, 0.00
4.79,9.81,0.00, 0.00
4.79,9.81,0.00, 0.00
4.79,9.81,0.00, 0.00
4.79,9.81,0.00, 0.00
4.79,9.81,0.00, 0.00
4.79,9.80,0.00, 0.00
4.79,9.77,0.00, 0.00
4.79,9.77,0.00, 0.00
4.79,9.77,0.00, 0.00
4.79,9.77,0.00, 0.00
4.79,9.77,0.00, 0.00
4.76,9.76,0.00, 0.00
4.76,9.76,0.00, 0.00
4.79,9.78,1.48, 1.25
4.79,9.81,0.02, 1.25
4.76,9.81,0.00, 0.00
4.76,9.81,0.00, 0.00
4.76,9.81,0.00, 0.00
4.76,9.81,0.00, 0.00
4.76,9.81,0.00, 0.00
4.79,9.81,1.48, 0.00
4.79,9.81,0.02, 0.00
4.79,9.81,0.00, 0.00
4.79,9.81,0.00, 0.00
4.79,9.81,0.00, 0.00
4.79,9.81,0.00, 0.00
4.76,9.81,0.00, 0.00
4.79,9.81,1.48, 0.00
4.79,9.81,1.48, 0.00
4.79,9.81,1.48, 0.00
4.76,9.81,0.00, 0.00
4.79,9.81,1.48, 0.00
4.76,9.81,0.00, 0.00
4.76,9.81,0.00, 0.00
4.76,9.81,0.00, 0.00
4.76,9.81,0.00, 0.00
4.76,9.81,0.00, 0.00
4.76,9.81,0.00, 0.00
4.76,9.80,0.00, 0.00
4.79,9.77,1.48, 0.00
4.76,9.72,0.00, 0.00
4.76,9.68,0.00, 0.00
4.76,9.65,0.00, 0.00
4.79,9.62,1.48, 0.00
4.79,9.62,1.48, 0.00
4.79,9.62,1.48, 0.00
4.79,9.62,1.48, 0.00
4.79,9.62,1.48, 0.00
4.79,9.60,0.02, 0.00
4.76,9.59,0.00, 0.00
4.76,9.59,0.00, 0.00
4.79,9.59,1.48, 0.00
4.79,9.54,0.02, 0.00
4.76,9.51,0.00, 0.00
4.76,9.50,0.00, 0.00
4.76,9.47,0.00, 0.00
4.76,9.43,0.00, 0.00
4.79,9.42,1.48, 0.00
4.76,9.39,0.00, 0.00
4.76,9.39,0.00, 0.00
4.76,9.36,0.00, 0.00
4.76,9.36,0.00, 0.00
4.76,9.37,0.00, 0.50
4.76,9.34,0.00, 0.00
4.76,9.29,0.00, 0.00
4.76,9.29,0.00, 0.00
4.76,9.29,0.00, 0.00
4.76,9.29,0.00, 0.00
4.76,9.29,0.00, 0.00
4.79,9.26,1.48, 0.00
4.79,9.26,1.48, 0.00
4.79,9.26,1.48, 0.00
4.79,9.26,1.48, 0.00
4.79,9.26,1.48, 0.00
4.76,9.26,0.00, 0.00
4.76,9.26,0.00, 0.00
4.76,9.26,0.00, 0.00
4.76,9.26,0.00, 0.00
4.76,9.26,0.00, 0.00
4.76,9.22,0.00, 0.00
4.76,9.25,0.00, 1.74
4.76,9.25,0.00, 1.74
4.76,9.25,0.00, 1.74
4.76,9.25,0.00, 1.74
4.76,9.25,0.00, 1.74
4.76,9.25,0.00, 1.74
4.76,9.25,0.00, 1.74
4.76,9.25,0.00, 1.74
4.76,9.25,0.00, 1.74
4.76,9.25,0.00, 1.74
4.76,9.25,0.00, 1.74
4.76,9.25,0.00, 1.74
4.76,9.25,0.00, 1.74
4.76,9.25,0.00, 1.74
4.76,9.25,0.00, 1.74
4.76,9.25,0.00, 1.74
4.76,9.25,0.00, 1.74
4.76,9.35,0.00, 5.24
4.76,9.35,0.00, 5.24
4.76,9.35,0.00, 5.24
4.76,9.35,0.00, 5.24
4.76,9.35,0.00, 5.24
4.76,9.35,0.00, 5.24
4.76,9.35,0.00, 5.24
4.76,9.35,0.00, 5.24
4.76,9.35,0.00, 5.24
4.76,9.35,0.00, 5.24
4.76,9.35,0.00, 5.24
4.76,9.35,0.00, 5.24
4.79,9.29,1.48, 0.00
4.76,9.26,0.00, 0.00
4.76,9.26,0.00, 0.00
4.76,9.26,0.00, 0.00
4.76,9.26,0.00, 0.00
4.76,9.26,0.00, 0.00
4.76,9.26,0.00, 0.00
4.76,9.26,0.00, 0.00
4.76,9.26,0.00, 0.00
4.76,9.26,0.00, 0.00
4.76,9.26,0.00, 0.00
4.76,9.26,0.00, 0.00
4.76,9.26,0.00, 0.00
4.76,9.26,0.00, 0.00
4.76,9.17,0.00, 0.00
4.76,9.17,0.00, 0.00
4.76,9.17,0.00, 0.00
4.76,9.17,0.00, 0.00
4.76,9.17,0.00, 0.00
4.76,9.17,0.00, 0.00
4.76,9.17,0.00, 0.00
4.76,9.17,0.00, 0.00
4.76,9.17,0.00, 0.00
4.76,8.89,0.00, 0.00
4.76,8.89,0.00, 0.00
4.76,8.89,0.00, 0.00
4.76,8.89,0.00, 0.00
4.76,8.89,0.00, 0.00
4.76,8.89,0.00, 0.00
4.76,8.89,0.00, 0.00
4.76,8.89,0.00, 0.00
4.76,8.89,0.00, 0.00
4.76,8.89,0.00, 0.00
4.76,8.89,0.00, 0.00
4.76,8.89,0.00, 0.00
4.76,8.89,0.00, 0.00
4.76,8.89,0.00, 0.00
4.76,8.62,0.00, 0.00
4.76,8.62,0.00, 0.00
4.76,8.47,0.00, 0.00
4.76,8.47,0.00, 0.00
4.76,8.47,0.00, 0.00
4.76,8.43,0.00, 0.00
4.14,8.23,0.00, 0.00
4.14,8.23,0.00, 0.00
4.14,8.23,0.00, 0.00
4.14,8.23,0.00, 0.00
4.14,8.23,0.00, 0.00
4.14,8.23,0.00, 0.00
4.14,8.23,0.00, 0.00
4.14,8.23,0.00, 0.00
4.14,8.23,0.00, 0.00
4.14,8.23,0.00, 0.00
4.14,8.23,0.00, 0.00
4.14,8.23,0.00, 0.00
4.14,8.23,0.00, 0.00
4.14,8.23,0.00, 0.00
4.14,8.23,0.00, 0.00
4.14,8.23,0.00, 0.00
4.14,8.23,0.00, 0.00
4.14,8.23,0.00, 0.00
4.14,8.23,0.00, 0.00
4.14,8.23,0.00, 0.00
4.14,8.23,0.00, 0.00
4.14,8.23,0.00, 0.00
4.14,8.23,0.00, 0.00
4.14,8.23,0.00, 0.00
4.14,8.23,0.00, 0.00
4.14,8.23,0.00, 0.00
4.41,8.24,13.30, 0.75
4.67,8.22,13.00, 0.00
4.67,8.22,13.00, 0.00
4.72,8.20,2.65, 0.00
0.00,1.59,0.00, 0.00
0.00,1.59,0.00, 0.00
0.00,1.59,0.00, 0.00
0.00,1.59,0.00, 0.00
0.00,1.59,0.00, 0.00
0.00,1.59,0.00, 0.00
0.00,1.59,0.00, 0.00
0.00,1.59,0.00, 0.00
0.00,1.59,0.00, 0.00
0.00,1.59,0.00, 0.00
0.00,1.28,0.00, 0.00
0.00,1.28,0.00, 0.00
0.00,1.28,0.00, 0.00
0.00,1.28,0.00, 0.00
0.00,1.28,0.00, 0.00
0.00,1.28,0.00, 0.00
0.00,1.28,0.00, 0.00
0.00,1.28,0.00, 0.00
0.00,1.28,0.00, 0.00
0.00,1.28,0.00, 0.00
0.00,1.28,0.00, 0.00
0.00,1.28,0.00, 0.00
0.00,1.28,0.00, 0.00
0.00,1.28,0.00, 0.00
0.00,1.00,0.00, 0.00
0.00,0.72,0.00, 0.00
0.00,0.72,0.00, 0.00
0.00,0.05,0.00, 0.00
0.00,0.05,0.00, 0.00
0.00,0.05,0.00, 0.00
0.00,0.05,0.00, 0.00
0.00,0.05,0.00, 0.00
0.00,0.05,0.00, 0.00
0.00,0.05,0.00, 0.00
0.00,0.06,0.00, 0.75
0.00,0.06,0.00, 0.75
0.00,0.06,0.00, 0.00
0.00,0.06,0.00, 0.00
0.00,0.05,0.00, 0.00
0.00,0.05,0.00, 0.00
0.00,0.05,0.00, 0.00
0.00,0.05,0.00, 0.00
0.00,0.05,0.00, 0.00
0.00,0.05,0.00, 0.00
0.00,0.05,0.00, 0.00
0.00,0.05,0.00, 0.00
0.00,0.05,0.00, 0.00
0.00,0.05,0.00, 0.00
0.00,0.05,0.00, 0.00
0.00,0.05,0.00, 0.00
0.00,0.05,0.00, 0.00
0.00,0.05,0.00, 0.00
0.00,0.05,0.00, 0.00
0.00,0.05,0.00, 0.00
0.00,0.05,0.00, 0.00
0.00,0.05,0.00, 0.00
0.00,0.05,0.00, 0.00
0.00,0.05,0.00, 0.00
0.00,0.05,0.00, 0.00
0.00,0.05,0.00, 0.00
0.00,0.05,0.00, 0.00
0.00,0.06,0.00, 0.75
0.00,0.06,0.00, 0.75
0.00,0.06,0.00, 0.75
0.00,0.06,0.00, 0.75
0.00,0.06,0.00, 0.75
0.00,0.06,0.00, 0.75
0.00,0.06,0.00, 0.75
0.00,0.05,0.00, 0.00
0.00,0.05,0.00, 0.00
0.00,0.05,0.00, 0.00
0.00,0.05,0.00, 0.00
0.00,0.05,0.00, 0.00
0.00,0.07,0.00, 1.25
0.00,0.07,0.00, 1.25
0.00,0.07,0.00, 1.25
0.00,0.07,0.00, 1.25
0.00,0.07,0.00, 1.25
0.00,0.07,0.00, 1.25
0.00,0.07,0.00, 1.25
0.00,0.06,0.00, 0.00
0.00,0.06,0.00, 0.00
0.00,0.06,0.00, 0.00
0.00,0.06,0.00, 0.00
0.00,0.06,0.00, 0.00
0.00,0.06,0.00, 0.00
0.00,0.06,0.00, 0.00
0.00,0.06,0.00, 0.00
0.00,0.06,0.00, 0.00
0.00,0.06,0.00, 0.00
0.00,0.06,0.00, 0.00
0.00,0.06,0.00, 0.00
0.00,0.06,0.00, 0.00
0.00,0.06,0.00, 0.00
0.00,0.06,0.00, 0.00
0.00,0.06,0.00, 0.00
0.00,0.06,0.00, 0.00
0.00,0.06,0.00, 0.00
0.00,0.06,0.00, 0.00
0.00,0.06,0.00, 0.00
0.00,0.06,0.00, 0.00
0.00,0.06,0.00, 0.00
0.00,0.06,0.00, 0.00
0.00,0.06,0.00, 0.00
0.00,0.06,0.00, 0.00
0.00,0.06,0.00, 0.00
0.00,0.06,0.00, 0.00
0.00,0.06,0.00, 0.00
0.00,0.06,0.00, 0.00
0.00,0.06,0.00, 0.00
0.00,0.06,0.00, 0.00
0.00,0.06,0.00, 0.00
0.00,0.06,0.00, 0.00
0.00,0.06,0.00, 0.00
0.00,0.06,0.00, 0.00
0.00,0.06,0.00, 0.00
0.00,0.06,0.00, 0.00
0.00,0.06,0.00, 0.00
0.00,0.06,0.00, 0.00
0.00,0.06,0.00, 0.00
0.00,0.06,0.00, 0.00
0.00,0.06,0.00, 0.00
0.00,0.06,0.00, 0.00
0.00,0.06,0.00, 0.00
0.00,0.06,0.00, 0.00
0.00,0.06,0.00, 0.00
0.00,0.06,0.00, 0.00
0.00,0.06,0.00, 0.00
0.00,0.06,0.00, 0.00
0.00,0.06,0.00, 0.00
0.00,0.06,0.00, 0.00
0.00,0.06,0.00, 0.00
0.00,0.06,0.00, 0.00
0.00,0.06,0.00, 0.00
0.00,0.06,0.00, 0.00
0.00,0.06,0.00, 0.00
0.00,0.06,0.00, 0.00
0.00,0.06,0.00, 0.00
0.00,0.06,0.00, 0.00
0.00,0.06,0.00, 0.00
0.00,0.06,0.00, 0.00
0.00,0.06,0.00, 0.00
0.00,0.06,0.00, 0.00
0.00,0.06,0.00, 0.00
0.00,0.06,0.00, 0.00
0.00,0.06,0.00, 0.00
0.00,0.06,0.00, 0.00
0.00,0.06,0.00, 0.00
0.00,0.08,0.00, 1.00
0.00,0.08,0.00, 1.00
0.00,0.17,0.00, 4.74
0.00,0.17,0.00, 4.74
0.00,0.17,0.00, 4.74
0.00,0.17,0.00, 4.74
0.00,0.17,0.00, 4.74
0.00,0.17,0.00, 4.74
0.00,0.17,0.00, 4.74
0.00,0.17,0.00, 4.74
0.00,0.17,0.00, 4.74
0.00,0.17,0.00, 4.74
0.00,0.17,0.00, 4.74
0.00,0.17,0.00, 4.74
0.00,0.17,0.00, 4.74
0.00,0.17,0.00, 4.74
0.00,9.81,0.00, 480.00
4.85,9.81,238.93, 1.76
4.85,9.81,3.51, 0.01
4.83,9.81,0.00, 0.00
4.81,9.81,0.00, 0.00
4.81,9.81,0.00, 0.00
4.81,9.81,0.00, 0.00
4.81,9.81,0.00, 0.00
4.81,9.81,0.00, 0.00
4.83,9.81,0.99, 0.00
4.83,9.81,0.01, 0.00
4.83,9.81,0.00, 0.00
4.83,9.81,0.00, 0.00
4.81,9.81,0.00, 0.00
4.83,9.81,0.99, 0.00
4.83,9.80,0.01, 0.00
4.81,9.81,0.00, 0.50
4.83,9.81,0.99, 0.00
4.83,9.81,0.01, 0.00
4.83,9.81,0.00, 0.00
4.81,9.81,0.00, 0.00
4.81,9.81,0.00, 0.00
4.81,9.81,0.00, 0.00
4.81,9.81,0.00, 0.00
4.81,9.81,0.00, 0.00
4.81,9.81,0.00, 0.00
4.83,9.81,0.99, 0.00
4.81,9.81,0.00, 0.00
4.81,9.81,0.00, 0.00
4.81,9.81,0.00, 0.00
4.81,9.81,0.00, 0.00
4.81,9.81,0.00, 0.00
4.81,9.81,0.00, 0.00
4.79,9.81,0.00, 0.00
4.81,9.81,0.99, 0.00
4.81,9.81,0.01, 0.00
4.81,9.81,0.00, 0.00
4.79,9.81,0.00, 0.00
4.79,9.81,0.00, 0.00
4.81,9.81,0.99, 0.00
4.81,9.81,0.01, 0.00
4.81,9.81,0.00, 0.00
4.81,9.81,0.00, 0.00
4.81,9.81,0.00, 0.00
4.81,9.81,0.00, 0.00
4.81,9.81,0.00, 0.00
4.81,9.81,0.00, 0.00
4.79,9.81,0.00, 0.00
4.79,9.81,0.00, 0.00
4.79,9.81,0.00, 0.00
4.79,9.81,0.00, 0.00
4.79,9.81,0.00, 0.00
4.79,9.81,0.00, 0.00
4.79,9.81,0.00, 0.00
4.79,9.81,0.00, 0.00
4.79,9.81,0.00, 0.00
4.79,9.81,0.00, 0.00
4.79,9.81,0.00, 0.00
4.79,9.81,0.00, 0.00
4.79,9.81,0.00, 0.00
4.81,9.81,0.99, 0.00
4.79,9.81,0.00, 0.00
4.79,9.81,0.00, 0.00
4.81,9.81,0.99, 0.00
4.79,9.81,0.00, 0.00
4.79,9.81,0.00, 0.00
4.81,9.81,0.99, 0.00
4.81,9.81,0.99, 0.00
4.81,9.81,0.99, 0.00
4.81,9.81,0.99, 0.00
4.81,9.81,0.99, 0.00
4.79,9.81,0.00, 0.00
4.81,9.81,0.99, 0.00
4.79,9.81,0.00, 0.00
4.79,9.81,0.00, 0.00
4.79,9.81,0.00, 0.00
4.79,9.81,0.00, 0.00
4.81,9.81,0.99, 0.00
4.79,9.81,0.00, 0.00
4.79,9.81,0.00, 0.00
4.79,9.81,0.00, 0.00
4.79,9.81,0.00, 0.00
4.79,9.81,0.00, 0.00
4.81,9.81,0.99, 0.00
4.79,9.80,0.00, 0.00
4.79,9.78,0.00, 0.00
4.79,9.78,0.00, 0.00
4.79,9.78,0.00, 0.00
4.79,9.78,0.00, 0.00
4.79,9.78,0.00, 0.00
4.81,9.77,0.99, 0.00
4.79,9.76,0.00, 0.00
4.79,9.76,0.00, 0.00
4.79,9.75,0.00, 0.00
4.79,9.74,0.00, 0.00
4.79,9.74,0.00, 0.00
4.79,9.74,0.00, 0.00
4.79,9.74,0.00, 0.00
4.79,9.74,0.00, 0.00
4.79,9.74,0.00, 0.00
4.79,9.74,0.00, 0.00
4.79,9.74,0.00, 0.00
4.79,9.74,0.00, 0.00
4.79,9.74,0.00, 0.00
4.79,9.74,0.00, 0.00
4.79,9.74,0.00, 0.00
4.79,9.74,0.00, 0.00
4.79,9.74,0.00, 0.00
4.79,9.74,0.00, 0.00
4.79,9.72,0.00, 0.00
4.79,9.71,0.00, 0.00
4.79,9.71,0.00, 0.00
4.79,9.71,0.00, 0.00
4.79,9.71,0.00, 0.00
4.79,9.71,0.00, 0.00
4.79,9.71,0.00, 0.00
4.79,9.71,0.00, 0.00
4.79,9.71,0.00, 0.00
4.81,9.69,0.99, 0.00
4.79,9.38,0.00, 0.00
4.81,9.33,0.99, 0.00
4.79,8.78,0.00, 0.00
4.79,8.78,0.00, 0.00
4.79,8.78,0.00, 0.00
4.79,8.78,0.00, 0.00
4.79,8.73,0.00, 0.00
4.79,8.73,0.00, 0.00
4.79,8.73,0.00, 0.00
4.79,8.73,0.00, 0.00
4.79,8.73,0.00, 0.00
4.79,8.73,0.00, 0.00
4.79,8.73,0.00, 0.00
4.79,8.73,0.00, 0.00
4.79,8.73,0.00, 0.00
4.79,8.73,0.00, 0.00
4.79,8.73,0.00, 0.00
4.79,8.73,0.00, 0.00
4.79,8.73,0.00, 0.00
4.79,8.73,0.00, 0.25
4.79,8.77,0.00, 1.50
4.79,8.85,0.00, 4.49
4.79,8.57,0.00, 0.00
4.76,8.51,0.00, 0.00
4.79,8.43,1.48, 0.00
4.79,8.36,0.02, 0.00
4.79,8.29,0.00, 0.00
4.79,8.25,0.00, 0.00
4.79,8.23,0.00, 0.00
4.81,8.26,0.99, 1.49
4.81,8.26,0.99, 1.49
4.81,8.26,0.99, 1.49
4.81,8.26,0.99, 1.49
4.81,8.26,0.99, 1.49
4.81,8.26,0.99, 1.49
4.81,8.26,0.99, 1.49
4.81,8.26,0.99, 1.49
4.81,8.26,0.99, 1.49
4.81,8.26,0.99, 1.49
4.81,8.26,0.99, 1.49
4.79,8.24,0.00, 0.00
4.79,8.22,0.00, 0.00
4.79,8.22,0.00, 0.00
4.79,8.23,0.00, 0.50
4.79,8.23,0.00, 0.50
4.79,8.22,0.00, 0.00
4.79,8.22,0.00, 0.00
4.79,8.25,0.00, 1.74
4.79,8.25,0.00, 0.01
4.79,8.25,0.00, 0.01
4.79,8.25,0.00, 0.00
4.79,8.25,0.00, 0.00
4.79,8.25,0.00, 0.00
4.79,8.25,0.00, 0.00
4.79,8.25,0.00, 0.00
4.79,8.25,0.00, 0.00
4.79,8.25,0.00, 0.00
4.79,8.25,0.00, 0.00
4.79,8.25,0.00, 0.00
4.79,8.25,0.00, 0.00
4.79,8.25,0.00, 0.00
4.79,8.25,0.00, 0.00
4.79,8.25,0.00, 0.00
4.79,8.25,0.00, 0.00
4.79,8.20,0.00, 0.00
4.79,8.10,0.00, 0.00
4.79,8.10,0.00, 0.00
4.79,8.10,0.00, 0.00
4.79,8.10,0.00, 0.00
4.79,8.10,0.00, 0.00
4.79,8.10,0.00, 0.00
4.79,8.10,0.00, 0.00
4.79,8.10,0.00, 0.00
4.79,8.10,0.00, 0.00
4.79,8.10,0.00, 0.00
4.79,8.10,0.00, 0.00
4.79,8.10,0.00, 0.00
4.79,8.10,0.00, 0.00
4.79,8.10,0.00, 0.00
4.79,8.10,0.00, 0.00
4.79,8.10,0.00, 0.00
4.79,8.10,0.00, 0.00
4.79,8.10,0.00, 0.00
4.79,8.10,0.00, 0.00
4.79,8.10,0.00, 0.00
4.79,8.10,0.00, 0.00
4.79,8.10,0.00, 0.00
4.79,8.10,0.00, 0.00
4.79,8.10,0.00, 0.00
4.79,8.10,0.00, 0.00
4.79,8.10,0.00, 0.00
4.79,8.10,0.00, 0.00
4.79,8.10,0.00, 0.00
4.79,8.10,0.00, 0.00
4.79,8.10,0.00, 0.00
4.79,8.10,0.00, 0.00
4.79,8.10,0.00, 0.00
4.79,8.10,0.00, 0.00
4.79,8.10,0.00, 0.00
4.79,8.10,0.00, 0.00
4.79,8.10,0.00, 0.00
4.79,8.10,0.00, 0.00
4.79,8.10,0.00, 0.00
4.79,8.10,0.00, 0.00
4.79,8.10,0.00, 0.00
4.79,8.10,0.00, 0.00
4.79,8.10,0.00, 0.00
4.79,8.10,0.00, 0.00
4.79,8.10,0.00, 0.00
4.79,8.10,0.00, 0.00
4.79,8.10,0.00, 0.00
4.79,8.10,0.00, 0.00
4.79,8.10,0.00, 0.00
4.79,8.10,0.00, 0.00
4.79,8.10,0.00, 0.00
4.79,8.10,0.00, 0.00
4.79,8.10,0.00, 0.00
4.79,8.07,0.00, 0.00
4.56,7.89,0.00, 0.00
4.56,7.89,0.00, 0.00
4.56,7.89,0.00, 0.00
4.56,7.89,0.00, 0.00
4.56,7.89,0.00, 0.00
4.56,7.89,0.00, 0.00
4.56,7.89,0.00, 0.00
4.56,7.89,0.00, 0.00
4.41,7.88,0.00, 0.00
4.41,7.88,0.00, 0.00
4.41,7.88,0.00, 0.00
0.00,0.05,0.00, 0.00
0.00,0.05,0.00, 0.00
0.00,0.06,0.00, 0.75
0.00,0.06,0.00, 0.00
0.00,0.06,0.00, 0.00
0.00,0.06,0.00, 0.00
0.00,0.06,0.00, 0.00
0.00,0.06,0.00, 0.00
0.00,0.06,0.00, 0.00
0.00,0.06,0.00, 0.00
0.00,0.06,0.00, 0.00
0.00,0.06,0.00, 0.00
0.00,0.06,0.00, 0.00
0.00,0.06,0.00, 0.00
0.00,0.06,0.00, 0.00
0.00,0.06,0.00, 0.00
0.00,0.06,0.00, 0.00
0.00,0.06,0.00, 0.00
0.00,0.06,0.00, 0.00
0.00,0.06,0.00, 0.00
0.00,0.06,0.00, 0.00
0.00,0.05,0.00, 0.00
0.00,0.05,0.00, 0.50
0.00,0.05,0.00, 0.00
0.00,0.05,0.00, 0.00
0.00,0.05,0.00, 0.00
0.00,0.05,0.00, 0.00
0.00,0.05,0.00, 0.00
0.00,0.05,0.00, 0.00
0.00,0.05,0.00, 0.00
0.00,0.05,0.00, 0.00
0.00,0.05,0.00, 0.00
0.00,0.05,0.00, 0.00
0.00,0.05,0.00, 0.00
0.00,0.05,0.00, 0.00
0.00,0.05,0.00, 0.00
0.00,0.05,0.00, 0.00
0.00,0.05,0.00, 0.00
0.00,0.05,0.00, 0.00
0.00,0.05,0.00, 0.00
0.00,0.05,0.00, 0.00
0.00,0.05,0.00, 0.00
0.00,0.05,0.00, 0.00
0.00,0.05,0.00, 0.00
0.00,0.05,0.00, 0.00
0.00,0.05,0.00, 0.00
0.00,0.05,0.00, 0.00
0.00,0.05,0.00, 0.00
0.00,0.05,0.00, 0.00
0.00,0.05,0.00, 0.00
0.00,0.05,0.00, 0.00
0.00,0.05,0.00, 0.00
0.00,0.05,0.00, 0.00
0.00,0.05,0.00, 0.00
0.00,0.05,0.00, 0.00
0.00,0.05,0.00, 0.00
0.00,0.05,0.00, 0.00
0.00,0.05,0.00, 0.00
0.00,0.05,0.00, 0.00
0.00,0.05,0.00, 0.00
0.00,0.05,0.00, 0.00
0.00,0.05,0.00, 0.00
0.00,0.05,0.00, 0.00
0.00,0.05,0.00, 0.00
0.00,0.05,0.00, 0.00
0.00,0.05,0.00, 0.00
0.00,0.05,0.00, 0.00
0.00,0.05,0.00, 0.00
0.00,0.05,0.00, 0.00
0.00,0.05,0.00, 0.00
0.00,0.05,0.00, 0.00
0.00,0.05,0.00, 0.00
0.00,0.05,0.00, 0.00
0.00,0.05,0.00, 0.00
0.00,0.63,0.00, 29.14
0.00,5.87,0.00, 261.15
0.00,6.27,0.00, 20.63
0.00,7.05,0.00, 39.18
0.00,7.43,0.00, 19.07
0.00,7.43,0.00, 19.07
0.00,7.43,0.00, 19.07
0.00,7.76,0.00, 16.51
0.00,7.76,0.00, 16.51
0.00,8.06,0.00, 15.01
0.00,8.06,0.00, 15.01
0.00,8.06,0.00, 15.01
0.00,8.33,0.00, 13.26
0.00,8.33,0.00, 13.26
0.00,9.60,0.00, 63.57
0.00,9.60,0.00, 63.57
0.00,9.60,0.00, 63.57
0.00,9.60,0.00, 63.57
0.00,9.60,0.00, 63.57
0.00,9.77,0.00, 8.95
0.00,9.77,0.00, 8.95
0.00,9.81,0.00, 1.78
0.00,9.81,0.00, 1.78
0.00,9.81,0.00, 1.78
0.00,9.81,0.00, 1.78
0.00,9.81,0.00, 1.78
0.00,9.81,0.00, 1.78
0.00,9.81,0.00, 1.78
0.00,9.81,0.00, 1.78
0.00,9.81,0.00, 1.78
0.00,9.81,0.00, 0.01
0.00,9.81,0.00, 0.01
1.89,9.81,93.11, 0.00
1.89,9.81,93.11, 0.00
1.89,9.81,93.11, 0.00
2.68,9.81,40.29, 0.00
4.90,9.81,109.96, 0.00
4.90,9.81,1.62, 0.00
4.88,9.81,0.00, 0.00
4.88,9.81,0.00, 0.00
4.88,9.81,0.00, 0.00
4.88,9.81,0.00, 0.00
4.88,9.81,0.00, 0.00
4.88,9.81,0.00, 0.00
4.88,9.81,0.00, 0.00
4.85,9.81,0.00, 0.00
4.85,9.81,0.00, 0.00
4.85,9.81,0.00, 0.00
4.85,9.81,0.00, 0.00
4.85,9.81,0.00, 0.00
4.85,9.81,0.00, 0.00
4.85,9.81,0.00, 0.00
4.85,9.81,0.00, 0.00
4.83,9.81,0.00, 0.00
4.83,9.81,0.00, 0.00
4.83,9.81,0.00, 0.00
4.85,9.81,0.99, 0.00
4.85,9.81,0.01, 0.00
4.85,9.81,0.00, 0.00
4.83,9.81,0.00, 0.00
4.85,9.81,0.99, 0.00
4.83,9.81,0.00, 0.00
4.85,9.81,0.99, 0.00
4.85,9.81,0.01, 0.00
4.83,9.81,0.00, 0.00
4.83,9.81,0.00, 0.00
4.83,9.81,0.00, 0.00
4.83,9.81,0.00, 0.00
4.83,9.81,0.00, 0.00
4.83,9.81,0.00, 0.00
4.83,9.81,0.00, 0.00
4.83,9.81,0.00, 0.00
4.83,9.81,0.00, 0.00
4.83,9.81,0.00, 0.00
4.83,9.81,0.00, 0.00
4.83,9.81,0.00, 0.00
4.83,9.81,0.00, 0.00
4.83,9.81,0.00, 0.00
4.83,9.81,0.00, 0.00
4.81,9.81,0.00, 0.00
4.83,9.81,0.99, 0.00
4.83,9.81,0.01, 0.00
4.81,9.81,0.00, 0.00
4.83,9.81,0.99, 0.00
4.83,9.81,0.99, 0.00
4.83,9.81,0.99, 0.00
4.83,9.81,0.99, 0.00
4.83,9.81,0.99, 0.00
4.83,9.81,0.99, 0.00
4.83,9.81,0.99, 0.00
4.83,9.81,0.01, 0.00
4.81,9.81,0.00, 0.00
4.81,9.81,0.00, 0.00
4.81,9.81,0.00, 0.00
4.81,9.81,0.00, 0.00
4.83,9.81,0.99, 0.00
4.83,9.81,0.01, 0.00
4.83,9.81,0.00, 0.00
4.81,9.81,0.00, 0.00
4.81,9.81,0.00, 0.00
4.81,9.81,0.00, 0.00
4.81,9.81,0.00, 0.00
4.83,9.81,0.99, 0.00
4.83,9.81,0.99, 0.00
4.83,9.81,0.99, 0.00
4.83,9.81,0.99, 0.00
4.81,9.81,0.00, 0.00
4.81,9.81,0.00, 0.00
4.81,9.81,0.00, 0.00
4.81,9.81,0.00, 0.00
4.81,9.81,0.00, 0.00
4.81,9.81,0.00, 0.00
4.81,9.81,0.00, 0.00
4.81,9.81,0.00, 0.00
4.81,9.81,0.00, 0.00
4.81,9.81,0.00, 0.00
4.81,9.81,0.00, 0.00
4.81,9.81,0.00, 0.00
4.81,9.81,0.00, 0.00
4.81,9.81,0.00, 0.00
4.81,9.81,0.00, 0.00
4.81,9.81,0.00, 0.00
4.81,9.81,0.00, 0.00
4.81,9.81,0.00, 0.00
4.81,9.81,0.00, 0.00
4.81,9.81,0.00, 0.00
4.81,9.81,0.00, 0.00
4.81,9.81,0.00, 0.00
4.81,9.81,0.00, 0.00
4.81,9.81,0.00, 0.00
4.81,9.81,0.00, 0.00
4.81,9.81,0.00, 0.00
4.81,9.81,0.00, 0.00
4.81,9.81,0.00, 0.00
4.83,9.81,0.99, 0.00
4.81,9.81,0.00, 0.00
4.81,9.81,0.00, 0.00
4.81,9.81,0.00, 0.00
4.81,9.81,0.00, 0.00
4.81,9.81,0.00, 0.00
4.81,9.81,0.00, 0.00
4.81,9.81,0.00, 0.00
4.79,9.81,0.00, 0.00
4.81,9.81,0.99, 0.00
4.81,9.81,0.01, 0.00
4.81,9.81,0.01, 0.00
4.81,9.77,0.00, 0.00
4.79,9.73,0.00, 0.00
4.81,9.66,0.99, 0.00
4.81,9.61,0.01, 0.00
4.81,9.53,0.00, 0.00
4.81,9.45,0.00, 0.00
4.81,9.39,0.00, 0.00
4.81,9.31,0.00, 0.00
4.81,9.24,0.00, 0.00
4.81,9.22,0.00, 0.00
4.81,9.23,0.00, 0.50
4.81,9.23,0.00, 0.50
4.81,9.23,0.00, 0.00
4.81,9.23,0.00, 0.00
4.81,9.24,0.00, 0.50
4.81,9.24,0.00, 0.50
4.81,9.24,0.00, 0.50
4.81,9.24,0.00, 0.50
4.81,9.24,0.00, 0.50
4.81,9.24,0.00, 0.50
4.81,9.24,0.00, 0.50
4.81,9.32,0.00, 3.74
4.79,9.27,0.00, 0.00
4.81,9.22,0.99, 0.00
4.79,9.11,0.00, 0.00
4.81,9.14,0.99, 1.49
4.79,9.20,0.00, 2.99
4.79,9.20,0.00, 2.99
4.79,9.20,0.00, 2.99
4.79,9.20,0.00, 2.99
4.79,9.20,0.00, 2.99
4.79,9.20,0.00, 2.99
4.79,9.20,0.00, 2.99
4.79,9.26,0.00, 3.00
4.79,9.27,0.00, 0.76
4.79,9.26,0.00, 0.00
4.79,9.07,0.00, 0.00
4.81,9.05,0.99, 0.00
4.79,9.01,0.00, 0.00
4.79,9.01,0.00, 0.00
4.79,9.01,0.00, 0.00
4.79,9.01,0.00, 0.00
4.81,8.97,0.99, 0.00
4.79,8.94,0.00, 0.00
4.81,8.89,0.99, 0.00
4.79,8.76,0.00, 0.00
4.79,8.76,0.00, 0.00
4.79,8.76,0.00, 0.00
4.79,8.76,0.00, 0.00
4.79,8.76,0.00, 0.00
4.79,8.76,0.00, 0.00
4.81,8.68,0.99, 0.00
4.79,8.67,0.00, 0.00
4.79,8.66,0.00, 0.00
4.79,8.70,0.00, 2.49
4.79,8.70,0.00, 2.49
4.79,8.70,0.00, 2.49
4.79,8.70,0.00, 2.49
4.79,8.70,0.00, 2.49
4.79,8.70,0.00, 2.49
4.81,8.68,0.99, 0.00
4.81,8.68,0.99, 0.00
4.81,8.68,0.99, 0.00
4.81,8.68,0.99, 0.00
4.81,8.68,0.99, 0.00
4.79,8.65,0.00, 0.00
4.79,8.65,0.00, 0.00
4.79,8.71,0.00, 3.24
4.79,8.68,0.00, 0.00
4.79,8.65,0.00, 0.00
4.79,8.63,0.00, 0.00
4.79,8.63,0.00, 0.00
4.79,8.59,0.00, 0.00
4.81,8.56,0.99, 0.00
4.79,8.52,0.00, 0.00
4.79,8.48,0.00, 0.00
4.79,8.42,0.00, 0.00
4.79,8.36,0.00, 0.00
4.79,8.31,0.00, 0.00
4.79,8.27,0.00, 0.00
4.79,8.23,0.00, 0.00
4.79,8.18,0.00, 0.00
4.79,8.18,0.00, 0.00
4.79,8.18,0.00, 0.00
4.79,8.18,0.00, 0.00
4.79,8.18,0.00, 0.00
4.79,8.18,0.00, 0.00
4.79,8.18,0.00, 0.00
4.79,8.14,0.00, 0.00
4.81,8.12,0.99, 0.00
4.81,8.12,0.99, 0.00
4.32,8.07,0.00, 0.00
4.32,8.07,0.00, 0.00
4.32,8.07,0.00, 0.00
4.32,8.07,0.00, 0.00
4.56,7.93,11.82, 0.00
4.56,7.93,11.82, 0.00
4.56,7.93,11.82, 0.00
4.70,7.91,7.07, 0.00
4.61,7.91,0.00, 0.00
3.84,7.76,0.00, 0.00
3.80,7.73,0.00, 0.00
3.76,7.68,0.00, 0.00
3.71,7.65,0.00, 0.00
3.60,7.59,0.00, 0.00
3.46,7.50,0.00, 0.00
3.26,7.40,0.00, 0.00
2.95,7.30,0.00, 0.00
2.95,7.30,0.00, 0.00
2.57,7.15,0.00, 0.00
2.57,7.15,0.00, 0.00
2.23,7.03,0.00, 0.00
1.89,6.86,0.00, 0.00
1.89,6.86,0.00, 0.00
1.89,6.86,0.00, 0.00
1.89,6.86,0.00, 0.00
1.89,6.86,0.00, 0.00
1.89,6.86,0.00, 0.00
1.13,6.44,0.00, 0.00
0.44,6.19,0.00, 0.00
0.44,6.19,0.00, 0.00
0.44,6.19,0.00, 0.00
0.00,5.92,0.00, 0.00
0.00,4.64,0.00, 0.00
0.00,4.27,0.00, 0.00
0.00,3.91,0.00, 0.00
0.00,3.55,0.00, 0.00
0.00,3.55,0.00, 0.00
0.00,3.55,0.00, 0.00
0.00,3.20,0.00, 0.00
0.00,2.84,0.00, 0.00
0.00,2.84,0.00, 0.00
0.00,2.84,0.00, 0.00
0.00,2.84,0.00, 0.00
0.00,2.84,0.00, 0.00
0.00,2.84,0.00, 0.00
0.00,2.49,0.00, 0.00
0.00,1.22,0.00, 0.00
0.00,0.94,0.00, 0.00
0.00,0.03,0.00, 0.00
0.00,0.00,0.00, 0.00
0.00,0.00,0.00, 0.00
0.00,0.00,0.00, 0.00
0.00,0.00,0.00, 0.00
0.00,0.00,0.00, 0.00
0.00,0.05,0.00, 2.74
0.00,0.07,0.00, 0.76
0.00,0.05,0.00, 0.00
0.00,0.05,0.00, 0.00
0.00,0.05,0.00, 0.00
0.00,0.05,0.00, 0.00
0.00,0.04,0.00, 0.00
0.00,0.05,0.00, 0.50
0.00,0.05,0.00, 0.00
0.00,0.05,0.00, 0.00
0.00,0.05,0.00, 0.50
0.00,0.06,0.00, 0.25
0.00,0.06,0.00, 0.00
0.00,0.05,0.00, 0.00
0.00,0.05,0.00, 0.50
0.00,0.05,0.00, 0.00
0.00,0.05,0.00, 0.00
0.00,0.05,0.00, 0.00
0.00,0.05,0.00, 0.00
0.00,0.05,0.00, 0.00
0.00,0.05,0.00, 0.00
0.00,0.05,0.00, 0.00
0.00,0.05,0.00, 0.50
0.00,0.05,0.00, 0.00
0.00,0.05,0.00, 0.00
0.00,0.05,0.00, 0.50
0.00,0.05,0.00, 0.00
0.00,0.05,0.00, 0.00
0.00,0.05,0.00, 0.50
0.00,0.05,0.00, 0.50
0.00,0.05,0.00, 0.50
0.00,0.05,0.00, 0.00
0.00,0.05,0.00, 0.00
0.00,0.04,0.00, 0.00
0.00,0.05,0.00, 0.50
0.00,0.05,0.00, 0.00
0.00,0.05,0.00, 0.00
0.00,0.05,0.00, 0.50
0.00,0.05,0.00, 0.00
0.00,0.05,0.00, 0.00
0.00,0.05,0.00, 0.50
0.00,0.05,0.00, 0.50
0.00,0.06,0.00, 0.25
0.00,0.05,0.00, 0.00
0.00,0.05,0.00, 0.50
0.00,0.05,0.00, 0.00
0.00,0.05,0.00, 0.00
0.00,0.05,0.00, 0.00
0.00,0.05,0.00, 0.00
0.00,0.05,0.00, 0.50
0.00,0.07,0.00, 0.75
0.00,0.08,0.00, 0.50
0.00,0.08,0.00, 0.50
0.00,0.08,0.00, 0.50
0.00,0.09,0.00, 0.75
0.00,0.09,0.00, 0.00
0.00,0.16,0.00, 2.99
0.00,0.23,0.00, 3.75
0.00,0.34,0.00, 5.49
0.00,0.44,0.00, 4.75
0.00,0.52,0.00, 4.50
0.00,0.65,0.00, 6.49
0.00,0.79,0.00, 6.75
0.00,0.94,0.00, 7.50
0.00,1.14,0.00, 9.99
0.00,1.37,0.00, 11.25
0.00,1.62,0.00, 12.99
0.00,1.93,0.00, 15.24
0.00,2.30,0.00, 18.24
0.00,2.63,0.00, 17.00
0.00,3.00,0.00, 18.25
0.00,3.36,0.00, 18.00
0.00,3.70,0.00, 16.75
0.00,4.02,0.00, 16.25
0.00,4.02,0.00, 16.25
0.00,4.31,0.00, 14.26
0.00,4.58,0.00, 13.75
0.00,4.85,0.00, 13.25
0.00,5.15,0.00, 15.24
0.00,5.39,0.00, 12.26
0.00,5.66,0.00, 13.50
0.00,5.66,0.00, 13.50
0.00,5.94,0.00, 13.75
0.00,6.19,0.00, 12.50
0.00,6.49,0.00, 14.74
0.00,6.76,0.00, 13.50
0.00,7.04,0.00, 14.25
0.00,7.35,0.00, 15.74
0.00,7.35,0.00, 15.74
0.00,7.68,0.00, 16.00
0.00,7.99,0.00, 15.75
0.00,8.26,0.00, 13.76
0.00,8.60,0.00, 16.74
0.00,8.78,0.00, 9.28
0.00,9.00,0.00, 10.74
0.00,9.00,0.00, 10.74
0.00,9.20,0.00, 10.00
0.00,9.43,0.00, 11.25
0.00,9.64,0.00, 10.75
0.00,9.76,0.00, 5.77
0.21,9.81,10.35, 2.76
0.55,9.81,16.90, 0.01
0.91,9.81,17.98, 0.00
1.29,9.81,18.99, 0.00
1.29,9.81,18.99, 0.00
1.74,9.81,22.45, 0.00
2.23,9.81,24.47, 0.00
2.77,9.81,26.96, 0.00
3.37,9.81,29.96, 0.00
3.37,9.81,29.96, 0.00
3.37,9.81,29.96, 0.00
3.37,9.81,29.96, 0.00
3.37,9.81,29.96, 0.00
3.37,9.81,29.96, 0.00
3.93,9.81,28.03, 0.00
3.93,9.81,28.03, 0.00
4.47,9.81,27.02, 0.00
4.47,9.81,27.02, 0.00
4.79,9.81,16.16, 0.00
4.88,9.81,4.67, 0.00
4.85,9.81,0.00, 0.00
4.85,9.81,0.00, 0.00
4.85,9.81,0.00, 0.00
4.83,9.81,0.00, 0.00
4.83,9.81,0.00, 0.00
4.85,9.81,0.99, 0.00
4.83,9.81,0.00, 0.00
4.83,9.81,0.00, 0.00
4.83,9.81,0.00, 0.00
4.83,9.81,0.00, 0.00
4.83,9.81,0.00, 0.00
4.83,9.81,0.00, 0.00
4.85,9.81,0.99, 0.00
4.81,9.81,0.00, 0.00
4.81,9.81,0.00, 0.00
4.83,9.81,0.99, 0.00
4.83,9.81,0.01, 0.00
4.83,9.81,0.00, 0.00
4.83,9.81,0.00, 0.00
4.83,9.81,0.00, 0.00
4.83,9.81,0.00, 0.00
4.83,9.81,0.00, 0.00
4.83,9.81,0.00, 0.00
4.83,9.81,0.00, 0.00
4.83,9.81,0.00, 0.00
4.83,9.81,0.00, 0.00
4.83,9.81,0.00, 0.00
4.83,9.81,0.00, 0.00
4.83,9.81,0.00, 0.00
4.83,9.79,0.00, 0.00
4.83,9.75,0.00, 0.00
4.81,9.49,0.00, 0.00
4.83,9.39,0.99, 0.00
4.83,9.36,0.01, 0.00
4.83,9.34,0.00, 0.00
4.83,9.29,0.00, 0.00
4.83,9.27,0.00, 0.00
4.83,9.27,0.00, 0.00
4.83,9.27,0.00, 0.00
4.83,9.27,0.00, 0.00
4.81,9.30,0.00, 1.00
4.81,9.32,0.00, 1.25
4.81,9.32,0.00, 1.25
4.81,9.32,0.00, 1.25
4.81,9.32,0.00, 1.25
4.83,9.37,0.99, 2.50
4.83,9.41,0.01, 1.75
4.83,9.41,0.01, 1.75
4.83,9.41,0.01, 1.75
4.83,9.41,0.01, 1.75
4.81,9.42,0.00, 0.75
4.81,9.53,0.00, 5.73
4.81,9.55,0.00, 0.52
4.81,9.48,0.00, 0.00
4.81,9.48,0.00, 0.00
4.81,9.48,0.00, 0.00
4.81,9.48,0.00, 0.00
4.81,9.48,0.00, 0.00
4.81,9.49,0.00, 0.50
4.81,9.49,0.00, 0.50
4.81,9.49,0.00, 0.50
4.81,9.48,0.00, 0.00
4.81,9.52,0.00, 2.24
4.81,9.55,0.00, 1.00
4.81,9.55,0.00, 0.25
4.81,9.59,0.00, 1.74
4.81,9.61,0.00, 1.50
4.81,9.69,0.00, 3.49
4.81,9.71,0.00, 1.26
4.81,9.74,0.00, 1.25
4.81,9.74,0.00, 0.00
4.81,9.73,0.00, 0.00
4.81,9.72,0.00, 0.00
4.81,9.72,0.00, 0.00
4.81,9.72,0.00, 0.00
4.81,9.70,0.00, 0.00
4.81,9.71,0.00, 0.25
4.81,9.71,0.00, 0.25
4.81,9.71,0.00, 0.25
4.81,9.71,0.00, 0.25
4.81,9.71,0.00, 0.00
4.81,9.73,0.00, 0.75
4.81,9.74,0.00, 0.50
4.81,9.74,0.00, 0.00
4.81,9.74,0.00, 0.00
4.81,9.74,0.00, 0.00
4.81,9.73,0.00, 0.00
4.81,9.72,0.00, 0.00
4.81,9.73,0.00, 0.25
4.81,9.73,0.00, 0.00
4.79,9.74,0.00, 0.50
4.81,9.74,0.99, 0.00
4.81,9.73,0.01, 0.00
4.81,9.69,0.00, 0.00
4.81,9.66,0.00, 0.00
4.81,9.65,0.00, 0.00
4.81,9.65,0.00, 0.00
4.81,9.62,0.00, 0.00
4.81,9.62,0.00, 0.00
4.81,9.62,0.00, 0.00
4.81,9.62,0.00, 0.00
4.81,9.63,0.00, 0.50
4.79,9.65,0.00, 0.75
4.81,9.64,0.99, 0.00
4.81,9.59,0.01, 0.00
4.81,9.59,0.01, 0.00
4.79,9.56,0.00, 0.00
4.79,9.55,0.00, 0.00
4.79,9.54,0.00, 0.00
4.81,9.55,0.99, 0.25
4.81,9.57,0.01, 1.00
4.81,9.54,0.00, 0.00
4.81,9.53,0.00, 0.00
4.81,9.53,0.00, 0.00
4.81,9.53,0.00, 0.00
4.79,9.51,0.00, 0.00
4.79,9.48,0.00, 0.00
4.81,9.45,0.99, 0.00
4.79,9.42,0.00, 0.00
4.81,9.39,0.99, 0.00
4.81,9.36,0.01, 0.00
4.81,9.34,0.00, 0.00
4.81,9.30,0.00, 0.00
4.81,9.28,0.00, 0.00
4.79,9.27,0.00, 0.00
4.81,9.27,0.99, 0.00
4.79,9.24,0.00, 0.00
4.79,9.23,0.00, 0.00
4.79,9.19,0.00, 0.00
4.81,9.16,0.99, 0.00
4.79,9.15,0.00, 0.00
4.81,9.11,0.99, 0.00
4.81,9.07,0.01, 0.00
4.81,9.07,0.01, 0.00
4.79,9.07,0.00, 0.00
4.81,9.03,0.99, 0.00
4.79,8.99,0.00, 0.00
4.79,8.94,0.00, 0.00
4.81,8.90,0.99, 0.00
4.79,8.83,0.00, 0.00
4.79,8.83,0.00, 0.00
4.81,8.79,0.99, 0.00
4.79,8.77,0.00, 0.00
4.81,8.77,0.99, 0.00
4.79,8.70,0.00, 0.00
4.81,8.67,0.99, 0.00
4.79,8.61,0.00, 0.00
4.79,8.61,0.00, 0.00
4.81,8.55,0.99, 0.00
4.81,8.54,0.01, 0.00
4.81,8.54,0.01, 0.00
4.81,8.54,0.01, 0.00
4.81,8.54,0.01, 0.00
4.81,8.54,0.01, 0.00
4.79,8.59,0.00, 2.49
4.79,8.59,0.00, 2.49
4.79,8.59,0.00, 2.49
4.79,8.59,0.00, 2.49
4.79,8.59,0.00, 2.49
4.79,8.55,0.00, 0.00
4.79,8.55,0.00, 0.00
4.81,8.54,0.99, 0.00
4.81,8.38,0.01, 0.00
4.79,8.25,0.00, 0.00
4.81,8.24,0.99, 0.00
4.79,8.19,0.00, 0.00
4.79,8.17,0.00, 0.00
4.79,8.13,0.00, 0.00
4.79,8.09,0.00, 0.00
4.79,8.05,0.00, 0.00
4.79,8.05,0.00, 0.00
4.79,8.04,0.00, 0.00
4.81,8.02,0.99, 0.00
4.79,8.03,0.00, 0.50
4.79,8.03,0.00, 0.50
4.79,8.03,0.00, 0.50
4.79,8.03,0.00, 0.50
4.79,8.03,0.00, 0.50
4.79,8.03,0.00, 0.50
4.79,8.03,0.00, 0.50
4.79,8.03,0.00, 0.00
4.79,8.03,0.00, 0.00
4.79,8.05,0.00, 0.50
3.31,7.99,0.00, 0.00
3.22,7.95,0.00, 0.00
3.71,7.93,24.14, 0.00
4.25,7.87,26.96, 0.00
4.61,7.90,18.13, 1.49
4.61,7.90,18.13, 1.49
4.72,7.91,5.69, 0.25
4.70,7.96,0.00, 2.74
4.61,7.97,0.00, 0.76
4.45,7.99,0.00, 1.00
4.16,7.97,0.00, 0.00
3.91,7.92,0.00, 0.00
3.67,7.87,0.00, 0.00
3.53,7.79,0.00, 0.00
3.46,7.70,0.00, 0.00
3.46,7.62,0.00, 0.00
3.44,7.55,0.00, 0.00
3.31,7.47,0.00, 0.00
3.31,7.47,0.00, 0.00
3.31,7.47,0.00, 0.00
3.31,7.47,0.00, 0.00
3.31,7.47,0.00, 0.00
3.31,7.47,0.00, 0.00
3.31,7.47,0.00, 0.00
3.31,7.47,0.00, 0.00
3.04,7.37,0.00, 0.00
2.63,7.27,0.00, 0.00
2.05,7.15,0.00, 0.00
0.44,6.32,0.00, 0.00
0.68,6.18,11.82, 0.00
0.46,6.03,0.00, 0.00
0.00,5.89,0.00, 0.00
0.00,5.76,0.00, 0.00
0.08,5.65,3.94, 0.00
0.21,5.52,6.46, 0.00
0.00,5.36,0.00, 0.00
0.00,5.36,0.00, 0.00
0.00,5.21,0.00, 0.00
0.00,5.03,0.00, 0.00
0.00,4.84,0.00, 0.00
0.00,4.84,0.00, 0.00
0.00,4.84,0.00, 0.00
0.00,4.84,0.00, 0.00
0.00,4.84,0.00, 0.00
0.00,4.84,0.00, 0.00
0.00,4.84,0.00, 0.00
0.00,4.64,0.00, 0.00
0.00,4.45,0.00, 0.00
0.00,4.24,0.00, 0.00
0.00,2.95,0.00, 0.00
0.00,2.64,0.00, 0.00
0.00,2.32,0.00, 0.00
0.00,2.01,0.00, 0.00
0.00,1.69,0.00, 0.00
0.00,1.38,0.00, 0.00
0.00,1.08,0.00, 0.00
0.00,0.79,0.00, 0.00
0.00,0.51,0.00, 0.00
0.00,0.29,0.00, 0.00
0.00,0.12,0.00, 0.00
0.00,0.04,0.00, 0.00
0.00,0.01,0.00, 0.00
0.00,0.00,0.00, 0.00
0.00,0.05,0.00, 2.74
0.00,0.06,0.00, 0.26
0.00,0.06,0.00, 0.00
0.00,0.06,0.00, 0.00
0.00,0.06,0.00, 0.00
0.00,0.06,0.00, 0.00
0.00,0.06,0.00, 0.00
0.00,0.06,0.00, 0.00
0.00,0.06,0.00, 0.00
0.00,0.06,0.00, 0.00
0.00,0.06,0.00, 0.00
0.00,0.05,0.00, 0.00
0.00,0.05,0.00, 0.00
0.00,0.05,0.00, 0.00
0.00,0.04,0.00, 0.00
0.00,0.05,0.00, 0.50
0.00,0.05,0.00, 0.00
0.00,0.05,0.00, 0.50
0.00,0.07,0.00, 0.75
0.00,0.06,0.00, 0.00
0.00,0.06,0.00, 0.00
0.00,0.06,0.00, 0.00
0.00,0.06,0.00, 0.00
0.00,0.06,0.00, 0.00
0.00,0.06,0.00, 0.00
0.00,0.06,0.00, 0.00
0.00,0.05,0.00, 0.00
0.00,0.05,0.00, 0.00
0.00,0.05,0.00, 0.00
0.00,0.05,0.00, 0.00
0.00,0.05,0.00, 0.00
0.00,0.05,0.00, 0.50
0.00,0.05,0.00, 0.00
0.00,0.05,0.00, 0.50
0.00,0.05,0.00, 0.50
0.00,0.05,0.00, 0.50
0.00,0.05,0.00, 0.50
0.00,0.05,0.00, 0.50
0.00,0.06,0.00, 0.25
0.00,0.06,0.00, 0.25
0.00,0.05,0.00, 0.00
0.00,0.05,0.00, 0.00
0.00,0.05,0.00, 0.00
0.00,0.05,0.00, 0.50
0.00,0.05,0.00, 0.50
0.00,0.06,0.00, 0.25
0.00,0.05,0.00, 0.00
0.00,0.05,0.00, 0.50
0.00,0.05,0.00, 0.50
0.00,0.06,0.00, 0.25
0.00,0.07,0.00, 0.50
0.00,0.08,0.00, 0.50
0.00,0.09,0.00, 0.75
0.00,0.09,0.00, 0.75
0.00,0.09,0.00, 0.75
0.00,0.09,0.00, 0.75
0.00,0.09,0.00, 0.75
0.00,0.09,0.00, 0.75
0.00,0.10,0.00, 0.50
0.00,0.10,0.00, 0.50
0.00,0.10,0.00, 0.50
0.00,0.13,0.00, 1.25
0.00,0.14,0.00, 0.50
0.00,1.08,0.00, 46.58
0.00,1.74,0.00, 33.30
0.00,2.10,0.00, 17.81
0.00,2.42,0.00, 16.50
0.00,2.42,0.00, 16.50
0.00,2.78,0.00, 17.50
0.00,3.10,0.00, 16.25
0.00,3.47,0.00, 18.24
0.00,3.82,0.00, 17.75
0.00,3.82,0.00, 17.75
0.00,3.82,0.00, 17.75
0.00,3.82,0.00, 17.75
0.00,3.82,0.00, 17.75
0.00,3.82,0.00, 17.75
0.00,4.18,0.00, 18.00
0.00,4.18,0.00, 18.00
0.00,4.18,0.00, 18.00
0.00,4.18,0.00, 18.00
0.00,4.18,0.00, 18.00
0.00,4.18,0.00, 18.00
0.00,4.18,0.00, 18.00
0.00,4.18,0.00, 18.00
0.00,4.18,0.00, 18.00
0.00,4.18,0.00, 18.00
0.00,4.18,0.00, 18.00
0.00,4.18,0.00, 18.00
0.00,4.18,0.00, 18.00
0.00,4.18,0.00, 18.00
0.00,4.52,0.00, 17.25
0.00,4.85,0.00, 16.00
0.00,6.78,0.00, 96.45
0.00,9.55,0.00, 138.10
0.00,9.65,0.00, 5.49
0.28,9.74,13.79, 4.75
0.62,9.81,16.95, 3.50
0.97,9.81,17.49, 0.01
0.97,9.81,17.49, 0.01
0.97,9.81,17.49, 0.01
0.97,9.81,17.49, 0.01
0.97,9.81,17.49, 0.01
0.97,9.81,17.49, 0.01
0.97,9.81,17.49, 0.01
1.31,9.81,17.01, 0.00
1.31,9.81,17.01, 0.00
1.69,9.81,18.97, 0.00
2.14,9.81,22.45, 0.00
4.32,9.81,107.73, 0.00
4.65,9.81,17.84, 0.00
4.81,9.81,8.14, 0.00
4.90,9.81,4.55, 0.00
4.88,9.81,0.00, 0.00
4.90,9.81,0.99, 0.00
4.90,9.81,0.01, 0.00
4.83,9.81,0.00, 0.00
4.76,9.81,0.00, 0.00
4.72,9.81,0.00, 0.00
4.67,9.81,0.00, 0.00
4.67,9.81,0.00, 0.00
4.67,9.81,0.00, 0.00
4.67,9.81,0.00, 0.00
4.67,9.81,0.00, 0.00
4.67,9.81,0.00, 0.00
4.67,9.81,0.00, 0.00
4.81,9.81,6.90, 0.00
4.85,9.81,2.07, 0.00
4.85,9.81,0.03, 0.00
4.85,9.81,0.00, 0.00
4.88,9.81,1.48, 0.00
4.85,9.81,0.00, 0.00
4.88,9.81,1.48, 0.00
4.85,9.81,0.00, 0.00
4.85,9.81,0.00, 0.00
4.85,9.81,0.00, 0.00
4.85,9.81,0.00, 0.00
4.85,9.81,0.00, 0.00
4.85,9.81,0.00, 0.00
4.85,9.78,0.00, 0.00
4.85,9.78,0.00, 0.00
4.85,9.78,0.00, 0.00
4.85,9.68,0.00, 0.00
4.85,9.68,0.00, 0.00
4.85,9.68,0.00, 0.00
4.85,9.59,0.00, 0.00
4.85,9.53,0.00, 0.00
4.85,9.49,0.00, 0.00
4.83,9.47,0.00, 0.00
4.85,9.49,0.99, 1.00
4.83,9.51,0.00, 1.00
4.83,9.51,0.00, 1.00
4.85,9.53,0.99, 1.25
4.83,9.56,0.00, 1.25
4.85,9.58,0.99, 0.75
4.85,9.58,0.99, 0.75
4.83,9.58,0.00, 0.00
4.83,9.58,0.00, 0.00
4.83,9.58,0.00, 0.00
4.83,9.59,0.00, 0.50
4.83,9.54,0.00, 0.00
4.83,9.52,0.00, 0.00
4.83,9.52,0.00, 0.00
4.83,9.52,0.00, 0.00
4.83,9.52,0.00, 0.00
4.83,9.52,0.00, 0.00
4.83,9.53,0.00, 0.50
4.83,9.52,0.00, 0.00
4.83,9.48,0.00, 0.00
4.83,9.35,0.00, 0.00
4.83,9.32,0.00, 0.00
4.83,9.31,0.00, 0.00
4.81,9.28,0.00, 0.00
4.83,9.22,0.99, 0.00
4.83,9.22,0.99, 0.00
4.83,9.20,0.01, 0.00
4.83,9.18,0.00, 0.00
4.83,9.16,0.00, 0.00
4.83,9.16,0.00, 0.00
4.83,9.16,0.00, 0.00
4.83,9.16,0.00, 0.00
4.83,9.16,0.00, 0.00
4.83,9.19,0.00, 1.25
4.83,9.20,0.00, 0.50
4.83,9.19,0.00, 0.00
4.83,9.20,0.00, 0.50
4.83,9.22,0.00, 0.75
4.83,9.24,0.00, 1.25
4.81,9.24,0.00, 0.00
4.83,9.22,0.99, 0.00
4.83,9.20,0.01, 0.00
4.83,9.20,0.00, 0.00
4.83,9.20,0.00, 0.00
4.83,9.20,0.00, 0.00
4.83,9.18,0.00, 0.00
4.83,9.21,0.00, 1.49
4.83,9.20,0.00, 0.00
4.83,9.21,0.00, 0.50
4.83,9.19,0.00, 0.00
4.83,9.17,0.00, 0.00
4.83,9.15,0.00, 0.00
4.83,9.14,0.00, 0.00
4.83,9.14,0.00, 0.00
4.83,9.13,0.00, 0.00
4.83,9.11,0.00, 0.00
4.83,9.12,0.00, 0.50
4.83,9.14,0.00, 1.00
4.83,9.14,0.00, 1.00
4.81,9.16,0.00, 1.25
4.83,9.16,0.99, 0.00
4.81,9.17,0.00, 0.50
4.81,9.15,0.00, 0.00
4.83,9.09,0.99, 0.00
4.83,9.07,0.01, 0.00
4.83,9.05,0.00, 0.00
4.83,9.06,0.00, 0.50
4.83,9.08,0.00, 1.25
4.83,9.13,0.00, 2.25
4.81,9.14,0.00, 0.26
4.83,9.16,0.99, 1.50
4.81,9.18,0.00, 0.50
4.81,9.19,0.00, 1.00
4.83,9.22,0.99, 1.00
4.83,9.22,0.99, 1.00
4.81,9.23,0.00, 0.75
4.81,9.23,0.00, 0.00
4.81,9.23,0.00, 0.00
4.81,9.23,0.00, 0.00
4.83,9.20,0.99, 0.00
4.83,9.16,0.01, 0.00
4.83,9.15,0.00, 0.00
4.83,9.07,0.00, 0.00
4.81,9.08,0.00, 0.50
4.81,9.05,0.00, 0.00
4.81,9.05,0.00, 0.00
4.83,9.01,0.99, 0.00
4.83,9.00,0.01, 0.00
4.83,9.00,0.01, 0.00
4.83,8.98,0.00, 0.00
4.81,8.97,0.00, 0.00
4.83,8.97,0.99, 0.00
4.81,8.94,0.00, 0.00
4.81,8.94,0.00, 0.00
4.83,8.93,0.99, 0.00
4.81,8.91,0.00, 0.00
4.81,8.91,0.00, 0.00
4.81,8.91,0.00, 0.00
4.83,8.90,0.99, 0.00
4.81,8.87,0.00, 0.00
4.81,8.89,0.00, 0.75
4.81,8.86,0.00, 0.00
4.81,8.85,0.00, 0.00
4.81,8.84,0.00, 0.00
4.81,8.81,0.00, 0.00
4.81,8.74,0.00, 0.00
4.81,8.65,0.00, 0.00
4.81,8.65,0.00, 0.00
4.81,8.65,0.00, 0.00
4.81,8.65,0.00, 0.00
4.83,8.55,0.99, 0.00
4.81,8.45,0.00, 0.00
4.81,8.38,0.00, 0.00
4.81,8.26,0.00, 0.00
4.81,8.22,0.00, 0.00
4.81,8.16,0.00, 0.00
4.81,8.10,0.00, 0.00
4.81,8.10,0.00, 0.00
4.81,8.10,0.00, 0.00
4.81,8.10,0.00, 0.00
4.81,8.10,0.00, 0.00
4.81,8.02,0.00, 0.00
4.81,8.02,0.00, 0.00
4.81,8.02,0.00, 0.00
4.81,8.02,0.00, 0.00
4.81,8.02,0.00, 0.00
4.81,8.02,0.00, 0.00
4.81,8.02,0.00, 0.00
4.81,7.97,0.00, 0.00
4.81,7.97,0.00, 0.00
4.81,7.97,0.00, 0.00
4.81,7.95,0.00, 0.00
4.83,7.94,0.99, 0.00
4.79,7.78,0.00, 0.00
4.81,7.83,0.99, 2.24
4.81,7.86,0.01, 1.25
4.81,7.88,0.00, 1.25
4.81,7.87,0.00, 0.00
4.81,7.87,0.00, 0.00
4.81,7.87,0.00, 0.00
4.81,7.82,0.00, 0.00
4.81,7.82,0.00, 0.00
4.81,7.78,0.00, 0.00
4.81,7.68,0.00, 0.00
4.81,7.68,0.00, 0.00
4.81,7.68,0.00, 0.00
4.81,7.68,0.00, 0.00
4.81,7.68,0.00, 0.00
4.81,7.68,0.00, 0.00
4.81,7.68,0.00, 0.00
4.81,7.68,0.00, 0.00
4.81,7.68,0.00, 0.00
4.81,7.36,0.00, 0.00
4.81,7.32,0.00, 0.00
4.81,7.27,0.00, 0.00
3.24,6.67,0.00, 0.00
2.72,6.48,0.00, 0.00
2.66,6.28,0.00, 0.00
2.95,6.07,14.29, 0.00
3.24,5.84,14.50, 0.00
3.24,5.84,14.50, 0.00
3.24,5.84,14.50, 0.00
3.24,5.84,14.50, 0.00
3.24,5.84,14.50, 0.00
3.24,5.84,14.50, 0.00
3.24,5.84,14.50, 0.00
3.24,5.84,14.50, 0.00
3.24,5.84,14.50, 0.00
3.24,5.84,14.50, 0.00
3.24,5.84,14.50, 0.00
3.33,5.64,4.65, 0.00
3.33,5.64,4.65, 0.00
3.33,5.64,4.65, 0.00
3.19,5.43,0.00, 0.00
2.88,5.20,0.00, 0.00
0.00,2.86,0.00, 0.00
0.00,2.53,0.00, 0.00
0.00,1.90,0.00, 0.00
0.00,1.61,0.00, 0.00
0.00,1.31,0.00, 0.00
0.00,1.03,0.00, 0.00
0.00,0.78,0.00, 0.00
0.00,0.56,0.00, 0.00
0.00,0.34,0.00, 0.00
0.00,0.16,0.00, 0.00
0.00,0.06,0.00, 0.00
0.00,0.06,0.00, 0.00
0.00,0.06,0.00, 0.00
0.00,0.06,0.00, 0.00
0.00,0.06,0.00, 0.00
0.00,0.06,0.00, 0.00
0.00,0.06,0.00, 0.00
0.00,0.06,0.00, 0.00
0.00,0.06,0.00, 0.00
0.00,0.06,0.00, 0.00
0.00,0.06,0.00, 0.00
0.00,0.06,0.00, 0.00
0.00,0.06,0.00, 0.00
0.00,0.03,0.00, 0.00
0.00,0.01,0.00, 0.00
0.00,0.01,0.00, 0.00
0.00,0.00,0.00, 0.00
0.00,0.00,0.00, 0.00
0.00,0.05,0.00, 2.24
0.00,0.05,0.00, 0.01
0.00,0.05,0.00, 0.00
0.00,0.05,0.00, 0.50
0.00,0.05,0.00, 0.00
0.00,0.05,0.00, 0.00
0.00,0.05,0.00, 0.00
0.00,0.05,0.00, 0.00
0.00,0.05,0.00, 0.00
0.00,0.05,0.00, 0.00
0.00,0.05,0.00, 0.00
0.00,0.05,0.00, 0.00
0.00,0.05,0.00, 0.00
0.00,0.05,0.00, 0.00
0.00,0.05,0.00, 0.00
0.00,0.05,0.00, 0.00
0.00,0.05,0.00, 0.00
0.00,0.05,0.00, 0.50
0.00,0.05,0.00, 0.00
0.00,0.05,0.00, 0.50
0.00,0.05,0.00, 0.00
0.00,0.04,0.00, 0.00
0.00,0.05,0.00, 0.50
0.00,0.05,0.00, 0.50
0.00,0.05,0.00, 0.50
0.00,0.05,0.00, 0.50
0.00,0.05,0.00, 0.50
0.00,0.05,0.00, 0.50
0.00,0.05,0.00, 0.00
0.00,0.05,0.00, 0.00
0.00,0.05,0.00, 0.00
0.00,0.05,0.00, 0.50
0.00,0.06,0.00, 0.25
0.00,0.05,0.00, 0.00
0.00,0.05,0.00, 0.50
0.00,0.05,0.00, 0.00
0.00,0.05,0.00, 0.00
0.00,0.05,0.00, 0.00
0.00,0.05,0.00, 0.00
0.00,0.05,0.00, 0.00
0.00,0.05,0.00, 0.00
0.00,0.05,0.00, 0.00
0.00,0.05,0.00, 0.00
0.00,0.05,0.00, 0.00
0.00,0.05,0.00, 0.00
0.00,0.05,0.00, 0.00
0.00,0.05,0.00, 0.00
0.00,0.05,0.00, 0.00
0.00,0.05,0.00, 0.00
0.00,0.05,0.00, 0.00
0.00,0.05,0.00, 0.00
0.00,0.04,0.00, 0.00
0.00,0.05,0.00, 0.50
0.00,0.22,0.00, 8.47
0.00,0.31,0.00, 4.51
0.00,0.31,0.00, 4.51
0.00,0.38,0.00, 4.00
0.00,0.38,0.00, 4.00
0.00,0.38,0.00, 4.00
0.00,0.38,0.00, 4.00
0.00,0.38,0.00, 4.00
0.00,0.38,0.00, 4.00
0.00,0.38,0.00, 4.00
0.00,0.46,0.00, 4.00
0.00,0.55,0.00, 4.50
0.00,0.72,0.00, 7.99
0.00,2.23,0.00, 75.50
0.00,2.53,0.00, 14.97
0.00,2.87,0.00, 17.24
0.00,2.87,0.00, 17.24
0.00,2.87,0.00, 17.24
0.00,2.87,0.00, 17.24
0.00,3.21,0.00, 17.25
0.00,3.21,0.00, 17.25
0.00,3.21,0.00, 17.25
0.00,3.53,0.00, 15.76
0.00,3.86,0.00, 16.50
0.00,5.11,0.00, 62.08
0.00,5.39,0.00, 14.18
0.00,5.71,0.00, 16.24
0.00,6.05,0.00, 16.75
0.00,6.38,0.00, 16.75
0.00,6.70,0.00, 16.00
0.00,7.01,0.00, 15.50
0.00,7.28,0.00, 13.26
0.00,7.28,0.00, 13.26
0.00,7.28,0.00, 13.26
0.00,7.28,0.00, 13.26
0.00,7.28,0.00, 13.26
0.00,7.28,0.00, 13.26
0.00,7.28,0.00, 13.26
0.00,7.53,0.00, 13.00
0.00,7.79,0.00, 12.75
0.00,8.01,0.00, 11.26
0.00,8.75,0.00, 36.66
0.00,8.89,0.00, 6.86
0.00,8.89,0.00, 6.86
0.00,8.89,0.00, 6.86
0.00,9.02,0.00, 7.00
0.00,9.20,0.00, 8.74
0.00,9.40,0.00, 9.75
0.28,9.52,13.79, 6.51
0.28,9.52,13.79, 6.51
1.31,9.76,50.95, 11.48
1.31,9.76,50.95, 11.48
1.98,9.80,33.76, 2.03
2.54,9.81,28.08, 0.75
3.04,9.81,25.05, 0.00
3.49,9.81,22.54, 0.00
3.96,9.81,23.49, 0.00
4.38,9.81,21.04, 0.00
4.70,9.81,16.07, 0.00
4.83,9.81,6.64, 0.00
4.85,9.81,1.08, 0.00
4.81,9.81,0.00, 0.00
4.85,9.81,1.97, 0.00
4.88,9.80,1.51, 0.00
4.92,9.78,1.99, 0.00
4.90,9.77,0.00, 0.00
4.90,9.76,0.00, 0.00
4.90,9.76,0.00, 0.00
4.90,9.76,0.00, 0.00
4.90,9.76,0.00, 0.00
4.90,9.76,0.00, 0.00
4.90,9.76,0.00, 0.00
4.90,9.76,0.00, 0.00
4.90,9.76,0.00, 0.00
4.90,9.77,0.00, 0.50
4.90,9.77,0.00, 0.50
4.90,9.77,0.00, 0.50
4.90,9.77,0.00, 0.50
4.88,9.74,0.00, 0.00
4.88,9.74,0.00, 0.00
4.88,9.53,0.00, 0.00
4.88,9.48,0.00, 0.00
4.88,9.24,0.00, 0.00
4.85,9.21,0.00, 0.00
4.88,9.20,1.48, 0.00
4.88,9.20,1.48, 0.00
4.88,9.20,1.48, 0.00
4.88,9.19,0.02, 0.00
4.88,9.18,0.00, 0.00
4.85,9.17,0.00, 0.00
4.85,9.14,0.00, 0.00
4.85,9.14,0.00, 0.00
4.85,9.15,0.00, 0.50
4.85,9.17,0.00, 1.50
4.85,9.21,0.00, 1.75
4.85,9.24,0.00, 1.50
4.85,9.26,0.00, 1.00
4.85,9.30,0.00, 1.75
4.88,9.30,1.48, 0.26
4.85,9.31,0.00, 0.50
4.85,9.31,0.00, 0.50
4.85,9.32,0.00, 0.75
4.85,9.32,0.00, 0.75
4.85,9.32,0.00, 0.00
4.85,9.35,0.00, 1.49
4.85,9.35,0.00, 1.49
4.85,9.35,0.00, 1.49
4.85,9.35,0.00, 1.49
4.85,9.35,0.00, 0.01
4.85,9.36,0.00, 0.25
4.83,9.35,0.00, 0.00
4.85,9.29,0.99, 0.00
4.85,9.25,0.01, 0.00
4.85,9.25,0.01, 0.00
4.85,9.25,0.01, 0.00
4.85,9.25,0.01, 0.00
4.85,9.25,0.01, 0.00
4.85,9.20,0.00, 0.00
4.85,9.15,0.00, 0.00
4.85,9.11,0.00, 0.00
4.85,9.11,0.00, 0.00
4.85,9.11,0.00, 0.00
4.85,9.12,0.00, 0.50
4.85,9.11,0.00, 0.00
4.85,9.10,0.00, 0.00
4.83,9.08,0.00, 0.00
4.83,9.05,0.00, 0.00
4.83,9.04,0.00, 0.00
4.83,9.03,0.00, 0.00
4.83,9.04,0.00, 0.50
4.83,9.04,0.00, 0.00
4.83,9.05,0.00, 0.50
4.83,9.05,0.00, 0.00
4.83,9.05,0.00, 0.00
4.85,9.05,0.99, 0.00
4.83,9.01,0.00, 0.00
4.83,8.98,0.00, 0.00
4.83,8.98,0.00, 0.00
4.83,8.97,0.00, 0.00
4.85,8.98,0.99, 0.50
4.85,9.01,0.01, 1.50
4.83,9.06,0.00, 2.50
4.83,9.06,0.00, 2.50
4.83,9.07,0.00, 0.26
4.83,9.06,0.00, 0.00
4.83,9.03,0.00, 0.00
4.83,9.06,0.00, 1.25
4.83,9.05,0.00, 0.00
4.83,9.03,0.00, 0.00
4.83,9.02,0.00, 0.00
4.83,9.01,0.00, 0.00
4.83,8.99,0.00, 0.00
4.83,8.99,0.00, 0.00
4.83,8.99,0.00, 0.00
4.83,8.99,0.00, 0.00
4.83,8.99,0.00, 0.00
4.83,8.99,0.00, 0.00
4.83,8.99,0.00, 0.00
4.83,8.99,0.00, 0.00
4.83,8.99,0.00, 0.00
4.83,8.99,0.00, 0.00
4.83,8.99,0.00, 0.00
4.83,8.99,0.00, 0.00
4.83,9.00,0.00, 0.50
4.83,8.99,0.00, 0.00
4.81,8.90,0.00, 0.00
4.83,8.88,0.99, 0.00
4.83,8.86,0.01, 0.00
4.81,8.87,0.00, 0.50
4.81,8.87,0.00, 0.50
4.81,8.87,0.00, 0.50
4.83,8.91,0.99, 1.75
4.83,8.91,0.01, 0.50
4.81,8.93,0.00, 0.50
4.83,8.93,0.99, 0.25
4.83,8.91,0.01, 0.00
4.83,8.85,0.00, 0.00
4.83,8.82,0.00, 0.00
4.83,8.79,0.00, 0.00
4.83,8.79,0.00, 0.00
4.83,8.76,0.00, 0.00
4.83,8.76,0.00, 0.00
4.83,8.76,0.00, 0.00
4.83,8.76,0.00, 0.00
4.83,8.76,0.00, 0.00
4.83,8.73,0.00, 0.00
4.83,8.71,0.00, 0.00
4.83,8.52,0.00, 0.00
4.83,8.51,0.00, 0.00
4.83,8.51,0.00, 0.25
4.83,8.50,0.00, 0.00
4.83,8.48,0.00, 0.00
4.81,8.45,0.00, 0.00
4.81,8.45,0.00, 0.00
4.81,8.45,0.00, 0.00
4.81,8.45,0.00, 0.00
4.81,8.45,0.00, 0.00
4.83,8.42,0.99, 0.00
4.83,8.40,0.01, 0.00
4.81,8.39,0.00, 0.00
4.83,8.29,0.99, 0.00
4.83,8.29,0.99, 0.00
4.83,8.29,0.99, 0.00
4.83,8.29,0.99, 0.00
4.81,8.29,0.00, 0.00
4.81,8.25,0.00, 0.00
4.81,8.24,0.00, 0.00
4.81,8.20,0.00, 0.00
4.83,8.20,0.99, 0.25
4.83,8.20,0.99, 0.25
4.83,8.20,0.99, 0.25
4.83,8.19,0.01, 0.00
4.83,8.17,0.00, 0.00
4.83,8.15,0.00, 0.00
4.83,8.11,0.00, 0.00
4.81,8.09,0.00, 0.00
4.81,8.05,0.00, 0.00
4.83,7.98,0.99, 0.00
4.83,7.93,0.01, 0.00
4.81,7.85,0.00, 0.00
4.83,7.82,0.99, 0.00
4.81,7.78,0.00, 0.00
4.81,7.74,0.00, 0.00
4.81,7.72,0.00, 0.00
4.83,7.68,0.99, 0.00
4.81,7.66,0.00, 0.00
4.81,7.68,0.00, 0.50
4.81,7.70,0.00, 1.25
4.81,7.70,0.00, 1.25
4.81,7.70,0.00, 0.25
4.81,7.72,0.00, 0.50
4.81,7.72,0.00, 0.50
4.81,7.72,0.00, 0.00
4.81,7.72,0.00, 0.50
4.81,7.72,0.00, 0.50
4.81,7.72,0.00, 0.50
4.81,7.72,0.00, 0.50
4.81,7.72,0.00, 0.50
4.81,7.72,0.00, 0.50
4.81,7.70,0.00, 0.00
4.81,7.67,0.00, 0.00
4.81,7.64,0.00, 0.00
4.81,7.55,0.00, 0.00
4.83,7.53,0.99, 0.00
4.83,7.53,0.99, 0.00
4.83,7.53,0.99, 0.00
4.83,7.53,0.99, 0.00
4.83,7.53,0.99, 0.00
4.83,7.53,0.99, 0.00
4.83,7.53,0.99, 0.00
4.81,7.56,0.00, 1.00
4.81,7.55,0.00, 0.00
4.81,7.55,0.00, 0.00
4.81,7.51,0.00, 0.00
4.81,7.50,0.00, 0.00
4.81,7.50,0.00, 0.00
4.81,7.48,0.00, 0.00
4.81,7.45,0.00, 0.00
4.81,7.45,0.00, 0.00
4.81,7.48,0.00, 1.49
4.81,7.48,0.00, 1.49
4.81,7.48,0.00, 1.49
4.81,7.48,0.00, 1.49
4.81,7.48,0.00, 1.49
4.81,7.48,0.00, 1.49
4.81,7.48,0.00, 1.49
4.81,7.52,0.00, 2.00
4.81,7.53,0.00, 0.51
4.83,7.53,0.99, 0.00
4.83,7.53,0.99, 0.00
4.83,7.53,0.99, 0.00
4.83,7.53,0.99, 0.00
4.83,7.53,0.99, 0.00
4.81,7.44,0.00, 0.00
4.81,7.45,0.00, 0.50
4.81,7.45,0.00, 0.00
4.81,7.43,0.00, 0.00
4.81,7.39,0.00, 0.00
4.81,7.37,0.00, 0.00
4.81,7.36,0.00, 0.00
4.81,7.36,0.00, 0.00
4.81,7.36,0.00, 0.00
4.81,7.36,0.00, 0.00
4.81,7.36,0.00, 0.00
4.81,7.36,0.00, 0.00
4.81,7.36,0.00, 0.00
4.81,7.36,0.00, 0.00
4.81,7.36,0.00, 0.00
4.81,7.36,0.00, 0.00
4.81,7.36,0.00, 0.00
4.81,7.36,0.00, 0.00
4.81,7.36,0.00, 0.00
4.81,7.36,0.00, 0.00
4.81,7.36,0.00, 0.50
4.81,7.36,0.00, 0.50
4.63,7.35,0.00, 0.00
4.54,7.31,0.00, 0.00
4.38,7.28,0.00, 0.00
4.38,7.28,0.00, 0.00
4.34,7.22,0.00, 0.00
4.29,7.18,0.00, 0.00
4.25,7.13,0.00, 0.00
4.25,7.13,0.00, 0.00
4.25,7.13,0.00, 0.00
4.25,7.13,0.00, 0.00
4.25,7.13,0.00, 0.00
4.23,7.07,0.00, 0.00
4.16,7.03,0.00, 0.00
4.16,7.03,0.00, 0.00
4.11,7.00,0.00, 0.00
3.60,6.75,0.00, 0.00
3.37,6.68,0.00, 0.00
3.06,6.60,0.00, 0.00
2.79,6.55,0.00, 0.00
2.48,6.49,0.00, 0.00
2.16,6.41,0.00, 0.00
1.89,6.34,0.00, 0.00
1.89,6.34,0.00, 0.00
1.67,6.30,0.00, 0.00
1.42,6.22,0.00, 0.00
1.15,6.16,0.00, 0.00
1.00,6.09,0.00, 0.00
0.95,6.01,0.00, 0.00
1.00,5.94,2.46, 0.00
1.00,5.86,0.04, 0.00
0.82,5.77,0.00, 0.00
0.82,5.77,0.00, 0.00
0.82,5.77,0.00, 0.00
0.82,5.77,0.00, 0.00
0.82,5.77,0.00, 0.00
0.55,5.70,0.00, 0.00
0.55,5.70,0.00, 0.00
0.41,5.63,0.00, 0.00
0.41,5.63,0.00