0.00,0.06,0.00, 3.24
0.00,0.06,0.00, 0.00
0.00,0.06,0.00, 0.00
0.00,0.05,0.00, 0.00
0.00,0.05,0.00, 0.50
0.00,0.05,0.00, 0.00
0.02,0.05,0.99, 0.00
0.00,0.05,0.00, 0.00
0.02,0.05,0.99, 0.00
0.00,0.05,0.00, 0.50
0.00,0.05,0.00, 0.00
0.00,0.05,0.00, 0.50
0.00,0.06,0.00, 0.25
0.00,0.06,0.00, 0.00
0.00,0.05,0.00, 0.00
0.00,0.05,0.00, 0.00
0.00,0.05,0.00, 0.00
0.00,0.05,0.00, 0.00
0.00,0.05,0.00, 0.50
0.00,0.06,0.00, 0.25
0.00,0.06,0.00, 0.00
0.00,0.06,0.00, 0.00
0.00,0.06,0.00, 0.00
0.00,0.06,0.00, 0.00
0.00,0.06,0.00, 0.00
0.00,0.06,0.00, 0.00
0.00,0.05,0.00, 0.00
0.00,0.05,0.00, 0.50
0.00,0.06,0.00, 0.25
0.00,0.06,0.00, 0.00
0.00,0.06,0.00, 0.00
0.00,0.06,0.00, 0.00
0.00,0.05,0.00, 0.00
0.00,0.05,0.00, 0.00
0.00,0.05,0.00, 0.00
0.00,0.05,0.00, 0.50
0.00,0.05,0.00, 0.00
0.00,0.05,0.00, 0.00
0.00,0.05,0.00, 0.00
0.00,0.05,0.00, 0.00
0.00,0.05,0.00, 0.00
0.00,0.05,0.00, 0.00
0.00,0.05,0.00, 0.50
0.00,0.06,0.00, 0.25
0.00,0.05,0.00, 0.00
0.00,0.06,0.00, 1.00
0.02,0.06,0.99, 0.00
0.00,0.05,0.00, 0.00
0.00,0.05,0.00, 0.50
0.00,0.06,0.00, 0.25
0.00,0.06,0.00, 0.00
0.00,0.05,0.00, 0.00
0.00,0.05,0.00, 0.50
0.00,0.06,0.00, 0.25
0.00,0.05,0.00, 0.00
0.00,0.05,0.00, 0.00
0.00,0.05,0.00, 0.50
0.00,0.06,0.00, 0.25
0.00,0.05,0.00, 0.00
0.00,0.05,0.00, 0.50
0.00,0.06,0.00, 0.25
0.00,0.06,0.00, 0.00
0.02,0.06,0.99, 0.00
0.00,0.05,0.00, 0.00
0.00,0.05,0.00, 0.50
0.00,0.06,0.00, 0.25
0.00,0.05,0.00, 0.00
0.00,0.05,0.00, 0.50
0.00,0.06,0.00, 0.25
0.00,0.06,0.00, 0.00
0.00,0.06,0.00, 0.00
0.00,0.06,0.00, 0.00
0.00,0.05,0.00, 0.00
0.00,0.05,0.00, 0.00
0.00,0.05,0.00, 0.50
0.00,0.06,0.00, 0.25
0.00,0.06,0.00, 0.00
0.00,0.05,0.00, 0.00
0.00,0.05,0.00, 0.00
0.00,0.05,0.00, 0.00
0.00,0.05,0.00, 0.00
0.00,0.05,0.00, 0.00
0.00,0.05,0.00, 0.00
0.00,0.06,0.00, 0.75
0.02,0.05,0.99, 0.00
0.00,0.05,0.00, 0.00
0.00,0.05,0.00, 0.50
0.00,0.06,0.00, 0.25
0.00,0.06,0.00, 0.00
0.00,0.06,0.00, 0.00
0.00,0.05,0.00, 0.00
0.00,0.05,0.00, 0.50
0.00,0.05,0.00, 0.00
0.00,0.05,0.00, 0.50
0.00,0.05,0.00, 0.00
0.00,0.05,0.00, 0.00
0.00,0.05,0.00, 0.00
0.00,0.05,0.00, 0.00
0.00,0.05,0.00, 0.50
0.00,0.06,0.00, 0.25
0.00,0.06,0.00, 0.00
0.00,0.06,0.00, 0.00
0.00,0.05,0.00, 0.00
0.00,0.05,0.00, 0.00
0.00,0.05,0.00, 0.00
0.00,0.05,0.00, 0.50
0.00,0.06,0.00, 0.25
0.00,0.05,0.00, 0.00
0.00,0.05,0.00, 0.00
0.00,0.06,0.00, 0.75
0.00,0.05,0.00, 0.00
0.00,0.05,0.00, 0.00
0.00,0.05,0.00, 0.50
0.00,0.05,0.00, 0.00
0.00,0.05,0.00, 0.00
0.00,0.05,0.00, 0.50
0.00,0.06,0.00, 0.25
0.00,0.06,0.00, 0.00
0.00,0.06,0.00, 0.00
0.00,0.06,0.00, 0.00
0.00,0.06,0.00, 0.00
0.00,0.05,0.00, 0.00
0.00,0.05,0.00, 0.50
0.00,0.05,0.00, 0.00
0.00,0.05,0.00, 0.50
0.00,0.06,0.00, 0.25
0.00,0.06,0.00, 0.00
0.00,0.05,0.00, 0.00
0.00,0.07,0.00, 1.25
0.00,0.07,0.00, 0.00
0.00,0.08,0.00, 0.50
0.00,0.08,0.00, 0.00
0.00,0.09,0.00, 0.25
0.00,0.09,0.00, 0.00
0.00,0.09,0.00, 0.00
0.00,0.09,0.00, 0.50
0.00,0.09,0.00, 0.00
0.00,0.13,0.00, 2.24
0.00,0.14,0.00, 0.51
0.00,0.17,0.00, 1.75
0.00,0.19,0.00, 0.75
0.00,0.21,0.00, 1.00
0.00,0.23,0.00, 1.25
0.00,0.25,0.00, 0.50
0.00,0.30,0.00, 2.49
0.00,0.31,0.00, 1.01
0.00,0.37,0.00, 2.49
0.00,0.41,0.00, 2.25
0.00,0.46,0.00, 2.50
0.00,0.54,0.00, 3.99
0.00,0.59,0.00, 2.51
0.00,0.64,0.00, 2.50
0.00,0.71,0.00, 3.50
0.00,0.80,0.00, 4.50
0.00,0.88,0.00, 4.00
0.00,0.98,0.00, 5.00
0.00,1.08,0.00, 4.75
0.00,1.14,0.00, 3.50
0.00,1.23,0.00, 4.25
0.00,1.34,0.00, 5.25
0.00,1.43,0.00, 4.75
0.02,1.50,0.99, 3.75
0.04,1.60,1.00, 4.50
0.11,1.68,3.46, 4.50
0.09,1.77,0.00, 4.50
0.06,1.84,0.00, 3.25
0.09,1.91,1.48, 3.50
0.15,1.99,2.98, 4.00
0.18,2.06,1.52, 3.25
0.15,2.11,0.00, 2.75
0.09,2.17,0.00, 3.00
0.04,2.26,0.00, 4.25
0.02,2.33,0.00, 3.50
0.02,2.33,0.00, 3.50
0.02,2.33,0.00, 3.50
0.02,2.33,0.00, 3.50
0.02,2.33,0.00, 3.50
0.02,2.33,0.00, 3.50
0.00,2.38,0.00, 3.00
0.00,2.47,0.00, 4.00
0.00,2.51,0.00, 2.51
0.00,3.01,0.00, 24.42
0.00,3.13,0.00, 6.32
0.02,3.26,0.99, 6.25
0.02,3.26,0.99, 6.25
0.04,3.39,1.00, 7.00
0.06,3.74,1.00, 17.21
0.11,3.91,2.48, 8.53
0.18,4.06,3.48, 7.25
0.24,4.23,3.01, 8.74
0.38,4.39,6.94, 8.25
0.51,4.56,6.51, 8.25
0.65,4.74,6.99, 8.75
0.72,4.88,3.55, 7.01
0.80,5.07,3.99, 9.99
0.80,5.07,3.99, 9.99
0.92,5.21,5.97, 6.76
1.01,5.39,4.52, 8.74
1.14,5.53,6.47, 7.50
1.14,5.53,6.47, 7.50
1.14,5.53,6.47, 7.50
1.14,5.53,6.47, 7.50
1.32,5.70,8.96, 8.25
1.32,5.70,8.96, 8.25
1.32,5.70,8.96, 8.25
1.50,5.88,9.00, 8.75
1.50,5.88,9.00, 8.75
1.59,6.03,4.57, 7.50
1.75,6.57,7.95, 27.43
1.77,6.77,1.10, 9.57
1.75,6.81,0.00, 2.03
1.75,6.81,0.00, 2.03
1.75,6.81,0.00, 2.03
1.75,6.81,0.00, 2.03
1.75,6.81,0.00, 2.03
1.75,6.81,0.00, 2.03
1.75,6.82,0.00, 1.00
1.75,6.82,0.00, 1.00
1.75,6.80,0.00, 0.00
1.77,6.78,0.99, 0.00
1.75,6.54,0.00, 0.00
1.75,6.48,0.00, 0.00
1.75,6.48,0.00, 0.00
1.75,6.48,0.00, 0.00
1.75,6.48,0.00, 0.00
1.75,6.48,0.00, 0.00
1.75,6.48,0.00, 0.00
1.77,6.40,0.99, 0.00
1.75,6.32,0.00, 0.00
1.75,6.20,0.00, 0.00
1.77,5.47,0.99, 0.00
1.77,5.47,0.99, 0.00
1.77,5.47,0.99, 0.00
1.77,5.47,0.99, 0.00
1.77,5.31,0.01, 0.00
1.77,5.17,0.00, 0.00
1.75,5.04,0.00, 0.00
1.77,4.88,0.99, 0.00
1.75,4.86,0.00, 0.00
1.77,4.81,0.99, 0.00
1.77,4.78,0.01, 0.00
1.77,4.78,0.01, 0.00
1.77,4.78,0.01, 0.00
1.77,4.78,0.01, 0.00
1.77,4.78,0.01, 0.00
1.77,4.73,0.00, 0.00
1.77,4.69,0.00, 0.00
1.77,4.63,0.00, 0.00
1.77,4.57,0.00, 0.00
1.77,4.58,0.00, 0.75
1.75,4.61,0.00, 1.50
1.77,4.60,0.99, 0.00
1.75,4.58,0.00, 0.00
1.77,4.55,0.99, 0.00
1.75,4.52,0.00, 0.00
1.77,4.50,0.99, 0.00
1.77,4.48,0.01, 0.00
1.77,4.52,0.00, 1.74
1.77,4.54,0.00, 1.00
1.77,4.55,0.00, 0.50
1.77,4.56,0.00, 0.25
1.77,4.55,0.00, 0.00
1.77,4.53,0.00, 0.00
1.77,4.51,0.00, 0.00
1.77,4.52,0.00, 0.50
1.77,4.54,0.00, 1.00
1.77,4.60,0.00, 2.99
1.77,4.62,0.00, 1.26
1.77,4.67,0.00, 2.25
1.77,4.73,0.00, 3.00
1.77,4.78,0.00, 2.50
1.77,4.78,0.00, 2.50
1.77,4.83,0.00, 2.50
1.77,4.85,0.00, 1.01
1.77,4.89,0.00, 1.75
1.77,4.94,0.00, 3.00
1.77,4.98,0.00, 1.75
1.77,5.01,0.00, 1.75
1.77,5.01,0.00, 1.75
1.77,5.01,0.00, 1.75
1.77,5.04,0.00, 1.25
1.77,5.04,0.00, 1.25
1.77,5.06,0.00, 0.75
1.77,5.08,0.00, 1.25
1.77,5.09,0.00, 0.50
1.77,5.08,0.00, 0.00
1.77,5.10,0.00, 1.00
1.77,5.12,0.00, 1.25
1.75,5.14,0.00, 0.75
1.77,5.14,0.99, 0.00
1.77,5.13,0.01, 0.00
1.77,5.11,0.00, 0.00
1.77,5.08,0.00, 0.00
1.77,5.05,0.00, 0.00
1.77,5.02,0.00, 0.00
1.77,5.02,0.00, 0.00
1.77,4.98,0.00, 0.00
1.77,4.95,0.00, 0.00
1.77,4.91,0.00, 0.00
1.77,4.87,0.00, 0.00
1.77,4.82,0.00, 0.00
1.77,4.82,0.00, 0.00
1.77,4.82,0.00, 0.00
1.77,4.82,0.00, 0.00
1.77,4.81,0.00, 0.00
1.77,4.81,0.00, 0.00
1.77,4.81,0.00, 0.00
1.77,4.81,0.00, 0.00
1.77,4.82,0.00, 1.00
1.75,4.86,0.00, 2.00
1.75,4.86,0.00, 2.00
1.75,4.86,0.00, 2.00
1.77,4.93,0.99, 3.49
1.77,4.94,0.01, 0.51
1.75,4.97,0.00, 1.25
1.77,4.98,0.99, 0.75
1.77,4.95,0.01, 0.00
1.77,4.93,0.00, 0.00
1.77,4.93,0.00, 0.00
1.77,4.93,0.00, 0.00
1.77,4.93,0.00, 0.00
1.77,4.88,0.00, 0.00
1.77,4.82,0.00, 0.00
1.77,4.78,0.00, 0.00
1.77,4.71,0.00, 0.00
1.77,4.69,0.00, 0.00
1.77,4.66,0.00, 0.00
1.77,4.65,0.00, 0.00
1.75,4.64,0.00, 0.00
1.77,4.65,0.99, 0.50
1.77,4.66,0.01, 0.75
1.77,4.68,0.00, 1.00
1.77,4.68,0.00, 0.00
1.77,4.72,0.00, 1.49
1.77,4.74,0.00, 1.50
1.77,4.74,0.00, 0.00
1.77,4.76,0.00, 1.00
1.77,4.74,0.00, 0.00
1.77,4.74,0.00, 0.00
1.77,4.74,0.00, 0.00
1.77,4.74,0.00, 0.00
1.77,4.74,0.00, 0.00
1.77,4.74,0.00, 0.00
1.77,4.77,0.00, 1.00
1.77,4.77,0.00, 1.00
1.77,4.77,0.00, 1.00
1.77,4.77,0.00, 1.00
1.75,4.82,0.00, 2.49
1.77,4.84,0.99, 1.25
1.77,4.86,0.01, 0.75
1.77,4.82,0.00, 0.00
1.77,4.82,0.00, 0.00
1.77,4.77,0.00, 0.00
1.77,4.77,0.00, 0.00
1.77,4.76,0.00, 0.00
1.77,4.75,0.00, 0.00
1.77,4.70,0.00, 0.00
1.77,4.68,0.00, 0.00
1.77,4.68,0.00, 0.00
1.77,4.65,0.00, 0.00
1.77,4.65,0.00, 0.00
1.77,4.66,0.00, 0.50
1.77,4.66,0.00, 0.50
1.77,4.66,0.00, 0.50
1.77,4.66,0.00, 0.50
1.77,4.66,0.00, 0.50
1.77,4.66,0.00, 0.50
1.77,4.66,0.00, 0.00
1.77,4.68,0.00, 1.25
1.77,4.68,0.00, 1.25
1.77,4.69,0.00, 0.50
1.77,4.54,0.00, 0.00
1.77,4.54,0.00, 0.00
1.77,4.51,0.00, 0.00
1.77,4.47,0.00, 0.00
1.52,4.41,0.00, 0.00
1.39,4.33,0.00, 0.00
1.46,4.26,3.45, 0.00
1.46,4.26,3.45, 0.00
1.54,4.20,3.99, 0.00
1.52,4.14,0.00, 0.00
1.46,4.09,0.00, 0.00
1.41,4.05,0.00, 0.00
1.34,3.95,0.00, 0.00
1.30,3.88,0.00, 0.00
1.30,3.78,0.00, 0.00
1.25,3.66,0.00, 0.00
1.19,3.53,0.00, 0.00
1.07,3.38,0.00, 0.00
1.07,3.38,0.00, 0.00
0.98,3.22,0.00, 0.00
0.89,3.01,0.00, 0.00
0.78,2.79,0.00, 0.00
0.63,2.58,0.00, 0.00
0.54,2.34,0.00, 0.00
0.38,2.08,0.00, 0.00
0.22,1.82,0.00, 0.00
0.11,1.61,0.00, 0.00
0.00,1.36,0.00, 0.00
0.00,1.13,0.00, 0.00
0.00,0.93,0.00, 0.00
0.00,0.73,0.00, 0.00
0.00,0.53,0.00, 0.00
0.00,0.53,0.00, 0.00
0.00,0.39,0.00, 0.00
0.00,0.39,0.00, 0.00
0.00,0.24,0.00, 0.00
0.00,0.17,0.00, 0.00
0.00,0.09,0.00, 0.00
0.00,0.06,0.00, 0.00
0.00,0.06,0.00, 0.00
0.00,0.06,0.00, 0.00
0.00,0.06,0.00, 0.00
0.00,0.08,0.00, 1.00
0.00,0.08,0.00, 1.00
0.20,0.05,9.85, 0.00
0.09,0.05,0.00, 0.25
0.00,0.05,0.00, 0.00
0.06,0.05,2.96, 0.50
0.13,0.06,3.49, 0.25
0.20,0.05,3.50, 0.00
0.20,0.05,3.50, 0.00
0.24,0.05,2.02, 0.50
0.31,0.06,3.48, 0.25
0.31,0.06,3.48, 0.25
0.24,0.05,0.00, 0.00
0.20,0.05,0.00, 0.50
0.20,0.06,0.00, 0.25
0.22,0.05,0.99, 0.00
0.22,0.05,0.99, 0.00
0.22,0.05,0.99, 0.00
0.22,0.05,0.99, 0.00
0.22,0.05,0.99, 0.00
0.22,0.05,0.99, 0.00
0.24,0.05,1.00, 0.00
0.24,0.05,1.00, 0.00
0.27,0.05,1.49, 0.00
0.29,0.05,1.01, 0.00
0.20,0.06,0.00, 0.75
0.20,0.06,0.00, 0.00
0.22,0.06,0.99, 0.00
0.22,0.06,0.99, 0.00
0.22,0.06,0.99, 0.00
0.22,0.06,0.99, 0.00
0.22,0.06,0.99, 0.00
0.22,0.06,0.99, 0.00
0.22,0.06,0.99, 0.00
0.22,0.06,0.99, 0.00
0.22,0.06,0.99, 0.00
0.22,0.06,0.99, 0.00
0.22,0.06,0.99, 0.00
0.24,0.06,1.00, 0.00
0.24,0.06,0.01, 0.00
0.24,0.06,0.01, 0.00
0.24,0.06,0.01, 0.00
0.24,0.06,0.01, 0.00
0.24,0.06,0.01, 0.00
0.24,0.06,0.01, 0.00
0.24,0.06,0.01, 0.00
0.24,0.06,0.01, 0.00
0.24,0.06,0.00, 0.00
0.22,0.05,0.00, 0.00
0.20,0.05,0.00, 0.00
0.24,0.06,1.97, 0.75
0.22,0.06,0.00, 0.00
0.22,0.06,0.00, 0.00
0.22,0.05,0.00, 0.00
0.22,0.05,0.00, 0.00
0.22,0.05,0.00, 0.00
0.22,0.05,0.00, 0.00
0.24,0.05,0.99, 0.50
0.20,0.05,0.00, 0.00
0.22,0.05,0.99, 0.00
0.20,0.05,0.00, 0.50
0.20,0.05,0.00, 0.50
0.20,0.05,0.00, 0.50
0.20,0.05,0.00, 0.00
0.20,0.05,0.00, 0.00
0.20,0.05,0.00, 0.00
0.20,0.05,0.00, 0.00
0.20,0.05,0.00, 0.00
0.20,0.05,0.00, 0.00
0.20,0.05,0.00, 0.00
0.20,0.05,0.00, 0.00
0.20,0.05,0.00, 0.00
0.20,0.05,0.00, 0.00
0.22,0.05,0.99, 0.00
0.22,0.05,0.01, 0.00
0.09,0.62,0.00, 28.64
0.13,0.82,1.97, 10.07
0.15,1.04,1.01, 11.00
0.15,1.28,0.01, 12.00
0.22,1.50,3.45, 10.75
0.22,1.50,3.45, 10.75
0.24,1.75,1.04, 12.99
0.20,2.02,0.00, 13.00
0.18,2.28,0.00, 13.25
0.29,2.51,5.42, 11.26
0.47,2.74,8.95, 12.00
0.47,2.74,8.95, 12.00
0.47,2.74,8.95, 12.00
0.47,2.74,8.95, 12.00
0.47,2.74,8.95, 12.00
0.47,2.74,8.95, 12.00
0.47,2.74,8.95, 12.00
0.47,2.74,8.95, 12.00
0.47,2.74,8.95, 12.00
0.47,2.74,8.95, 12.00
0.47,2.74,8.95, 12.00
0.47,2.74,8.95, 12.00
0.58,2.97,5.55, 11.50
0.58,2.97,5.55, 11.50
0.58,2.97,5.55, 11.50
0.58,2.97,5.55, 11.50
0.58,2.97,5.55, 11.50
0.58,2.97,5.55, 11.50
0.58,2.97,5.55, 11.50
0.69,3.22,5.50, 12.25
0.69,3.22,5.50, 12.25
0.85,3.44,7.96, 11.00
1.75,5.06,44.46, 80.74
1.75,5.06,44.46, 80.74
1.75,5.06,44.46, 80.74
1.75,5.06,44.46, 80.74
1.75,5.57,0.65, 25.95
1.75,5.57,0.65, 25.95
1.75,5.57,0.65, 25.95
1.75,5.57,0.65, 25.95
1.75,5.57,0.65, 25.95
1.75,5.57,0.65, 25.95
1.75,5.57,0.65, 25.95
1.75,5.57,0.65, 25.95
1.75,5.57,0.65, 25.95
1.75,5.57,0.65, 25.95
1.75,5.57,0.65, 25.95
1.75,5.59,0.01, 0.84
1.75,5.59,0.01, 0.84
1.75,5.59,0.01, 0.84
1.75,5.59,0.01, 0.84
1.75,5.59,0.01, 0.84
1.75,5.59,0.01, 0.84
1.75,5.59,0.01, 0.84
1.75,5.59,0.01, 0.84
1.75,5.59,0.01, 0.84
1.75,5.59,0.01, 0.84
1.75,5.59,0.01, 0.84
1.75,5.59,0.01, 0.84
1.75,5.62,0.00, 1.75
1.75,5.70,0.00, 3.49
1.77,5.80,0.99, 4.99
1.77,5.84,0.01, 2.26
1.77,5.83,0.00, 0.00
1.77,5.83,0.00, 0.00
1.77,5.83,0.00, 0.00
1.77,5.82,0.00, 0.00
1.77,5.82,0.00, 0.00
1.77,5.82,0.00, 0.00
1.75,5.73,0.00, 0.00
1.77,5.68,0.99, 0.00
1.77,5.62,0.01, 0.00
1.75,5.62,0.00, 0.00
1.77,5.61,0.99, 0.00
1.77,5.61,0.01, 0.00
1.77,5.62,0.00, 0.50
1.77,5.64,0.00, 0.50
1.77,5.64,0.00, 0.50
1.77,5.64,0.00, 0.50
1.77,5.63,0.00, 0.00
1.77,5.65,0.00, 1.00
1.77,5.63,0.00, 0.00
1.77,5.62,0.00, 0.00
1.77,5.64,0.00, 0.75
1.79,5.67,0.99, 1.50
1.79,5.67,0.99, 1.50
1.77,5.68,0.00, 0.75
1.77,5.68,0.00, 0.75
1.77,5.68,0.00, 0.75
1.77,5.68,0.00, 0.75
1.77,5.68,0.00, 0.75
1.77,5.68,0.00, 0.00
1.77,5.68,0.00, 0.00
1.77,5.70,0.00, 0.75
1.77,5.65,0.00, 0.00
1.77,5.57,0.00, 0.00
1.77,5.57,0.00, 0.00
1.77,5.57,0.00, 0.00
1.77,5.57,0.00, 0.00
1.77,5.57,0.00, 0.00
1.77,5.57,0.00, 0.00
1.77,5.58,0.00, 0.75
1.77,5.52,0.00, 0.00
1.77,5.49,0.00, 0.00
1.77,5.49,0.00, 0.00
1.77,5.49,0.00, 0.00
1.77,5.49,0.00, 0.00
1.77,5.49,0.00, 0.50
1.77,5.49,0.00, 0.50
1.77,5.49,0.00, 0.50
1.77,5.49,0.00, 0.50
1.77,5.49,0.00, 0.50
1.77,5.49,0.00, 0.50
1.77,5.49,0.00, 0.50
1.77,5.49,0.00, 0.50
1.77,5.49,0.00, 0.50
1.77,5.49,0.00, 0.50
1.77,5.49,0.00, 0.50
1.77,5.49,0.00, 0.50
1.77,5.49,0.00, 0.00
1.77,5.49,0.00, 0.00
1.77,5.49,0.00, 0.00
1.77,5.49,0.00, 0.00
1.77,5.49,0.00, 0.00
1.77,5.49,0.00, 0.00
1.77,5.49,0.00, 0.00
1.77,5.49,0.00, 0.00
1.77,5.49,0.00, 0.00
1.77,5.49,0.00, 0.00
1.77,5.49,0.00, 0.00
1.77,5.49,0.00, 0.00
1.77,5.49,0.00, 0.00
1.77,5.49,0.00, 0.00
1.77,5.49,0.00, 0.00
1.77,5.49,0.00, 0.00
1.77,5.49,0.00, 0.00
1.77,5.49,0.00, 0.00
1.77,5.49,0.00, 0.00
1.77,5.49,0.00, 0.00
1.77,5.49,0.00, 0.00
1.77,5.49,0.00, 0.00
1.77,5.49,0.00, 0.00
1.77,5.49,0.00, 0.00
1.77,5.49,0.00, 0.00
1.77,5.49,0.00, 0.00
1.77,5.49,0.00, 0.00
1.77,5.49,0.00, 0.00
1.77,5.49,0.00, 0.00
1.77,5.49,0.00, 0.00
1.77,5.49,0.00, 0.00
1.77,5.49,0.00, 0.00
1.77,5.49,0.00, 0.00
1.77,5.49,0.00, 0.00
1.77,5.47,0.00, 0.00
1.77,5.11,0.00, 0.00
1.77,5.11,0.00, 0.00
1.77,5.11,0.00, 0.00
1.77,5.11,0.00, 0.00
1.77,5.11,0.00, 0.00
1.77,5.11,0.00, 0.00
1.77,5.11,0.00, 0.00
1.77,5.11,0.00, 0.00
1.77,5.11,0.00, 0.00
1.77,5.14,0.00, 1.49
1.77,5.14,0.00, 1.49
1.77,4.93,0.00, 0.00
1.77,4.93,0.00, 0.00
1.77,4.93,0.00, 0.00
1.77,4.93,0.00, 0.00
1.77,4.93,0.00, 0.00
1.77,4.93,0.00, 0.00
1.77,4.93,0.00, 0.00
1.77,4.93,0.00, 0.00
1.77,4.93,0.00, 0.00
1.75,4.76,0.00, 0.00
1.77,4.72,0.99, 0.00
1.77,4.70,0.01, 0.00
1.77,4.70,0.01, 0.00
1.77,4.70,0.01, 0.00
1.77,4.70,0.01, 0.00
1.77,4.70,0.01, 0.00
1.77,4.32,0.00, 0.00
1.77,4.32,0.00, 0.00
1.77,4.32,0.00, 0.00
1.77,4.32,0.00, 0.00
1.77,4.32,0.00, 0.00
1.77,4.32,0.00, 0.00
1.77,4.32,0.00, 0.00
1.77,4.32,0.00, 0.00
1.77,4.32,0.00, 0.00
1.77,4.32,0.00, 0.00
1.77,4.32,0.00, 0.00
1.77,4.32,0.00, 0.00
1.77,4.28,0.00, 0.00
1.79,4.23,0.99, 0.00
1.77,4.11,0.00, 0.00
1.77,4.11,0.00, 0.00
1.77,4.11,0.00, 0.00
1.77,4.11,0.00, 0.00
1.77,4.11,0.00, 0.00
1.77,4.11,0.00, 0.00
1.77,4.11,0.00, 0.00
1.77,4.11,0.00, 0.00
1.77,4.11,0.00, 0.00
1.77,4.11,0.00, 0.00
1.77,4.11,0.00, 0.00
1.70,4.18,0.00, 3.74
1.70,4.18,0.00, 3.74
1.70,4.18,0.00, 3.74
1.57,4.19,0.00, 0.51
1.57,4.19,0.00, 0.51
1.70,4.17,6.40, 0.00
1.70,4.17,6.40, 0.00
1.70,4.17,6.40, 0.00
1.70,4.17,6.40, 0.00
1.70,4.17,6.40, 0.00
1.70,4.17,6.40, 0.00
1.70,4.17,6.40, 0.00
1.70,4.17,6.40, 0.00
1.70,4.17,6.40, 0.00
1.70,4.17,6.40, 0.00
1.70,4.17,6.40, 0.00
1.70,4.17,6.40, 0.00
1.32,3.63,0.00, 0.00
1.32,3.63,0.00, 0.00
1.32,3.63,0.00, 0.00
1.32,3.63,0.00, 0.00
1.21,3.49,0.00, 0.00
1.19,3.43,0.00, 0.00
0.56,2.00,0.00, 0.00
0.36,1.62,0.00, 0.00
0.27,1.40,0.00, 0.00
0.18,1.23,0.00, 0.00
0.09,1.03,0.00, 0.00
0.09,0.86,0.00, 0.00
0.06,0.69,0.00, 0.00
0.09,0.52,1.48, 0.00
0.09,0.39,0.02, 0.00
0.15,0.27,2.96, 0.00
0.29,0.16,6.94, 0.00
0.29,0.16,6.94, 0.00
0.29,0.16,6.94, 0.00
0.29,0.16,6.94, 0.00
0.29,0.16,6.94, 0.00
0.40,0.08,5.52, 0.00
0.45,0.01,2.54, 0.00
0.45,0.02,0.04, 0.50
0.45,0.02,0.04, 0.50
0.04,0.06,0.00, 1.99
0.13,0.06,4.43, 0.01
0.27,0.05,6.96, 0.00
0.29,0.05,1.09, 0.50
0.33,0.06,1.99, 0.25
0.33,0.06,0.03, 0.00
0.31,0.05,0.00, 0.00
0.38,0.05,3.45, 0.00
0.38,0.05,3.45, 0.00
0.38,0.05,3.45, 0.00
0.38,0.05,3.45, 0.00
0.38,0.05,3.45, 0.00
0.38,0.05,3.45, 0.00
0.38,0.05,3.45, 0.00
0.38,0.05,0.05, 0.00
0.38,0.06,0.00, 1.00
0.38,0.06,0.00, 0.00
0.29,0.06,0.00, 0.00
0.29,0.06,0.00, 0.00
0.29,0.06,0.00, 0.00
0.29,0.06,0.00, 0.00
0.29,0.06,0.00, 0.00
0.29,0.06,0.00, 0.00
0.18,0.06,0.00, 0.00
0.20,0.06,0.99, 0.00
0.15,0.06,0.00, 0.00
0.22,0.05,3.45, 0.00
0.22,0.05,3.45, 0.00
0.29,0.05,3.50, 0.00
0.29,0.05,0.05, 0.00
0.31,0.05,0.99, 0.50
0.31,0.05,0.01, 0.00
0.31,0.05,0.01, 0.00
0.31,0.05,0.01, 0.00
0.31,0.05,0.01, 0.00
0.33,0.05,0.99, 0.00
0.33,0.05,0.99, 0.00
0.33,0.05,0.99, 0.00
0.33,0.05,0.99, 0.00
0.33,0.05,0.99, 0.00
0.33,0.05,0.99, 0.00
0.33,0.05,0.99, 0.00
0.33,0.05,0.01, 0.00
0.33,0.05,0.00, 0.00
0.31,0.06,0.00, 0.75
0.31,0.06,0.00, 0.00
0.29,0.08,0.00, 1.00
0.31,0.08,0.99, 0.00
0.29,0.08,0.00, 0.00
0.29,0.08,0.00, 0.00
0.29,0.08,0.00, 0.00
0.29,0.08,0.00, 0.00
0.29,0.08,0.00, 0.00
0.29,0.08,0.00, 0.00
0.29,0.08,0.00, 0.00
0.29,0.08,0.00, 0.00
0.18,0.08,0.00, 0.00
0.15,0.09,0.00, 0.75
0.04,0.12,0.00, 1.00
0.13,0.30,4.43, 9.22
0.13,0.39,0.07, 4.77
0.13,0.50,0.00, 5.00
0.06,0.62,0.00, 6.49
0.09,0.74,1.48, 5.75
0.09,0.74,1.48, 5.75
0.09,0.74,1.48, 5.75
0.09,0.74,1.48, 5.75
0.09,0.74,1.48, 5.75
0.09,0.74,1.48, 5.75
0.09,0.74,1.48, 5.75
0.09,0.74,1.48, 5.75
0.09,0.74,1.48, 5.75
0.09,0.74,1.48, 5.75
0.09,0.74,1.48, 5.75
0.02,0.85,0.00, 5.50
0.02,0.94,0.00, 4.25
0.00,1.06,0.00, 5.99
0.13,2.36,6.40, 64.78
0.22,2.73,4.53, 18.92
0.22,2.73,4.53, 18.92
0.22,2.73,4.53, 18.92
0.22,2.91,0.07, 9.29
0.22,2.91,0.07, 9.29
0.24,3.12,0.99, 10.25
0.29,3.30,2.48, 9.00
0.47,3.65,8.90, 17.47
0.56,3.82,4.56, 8.78
0.63,4.01,3.52, 9.00
0.72,4.16,4.49, 7.75
0.85,4.34,6.47, 9.00
0.85,4.34,6.47, 9.00
0.85,4.34,6.47, 9.00
0.85,4.34,6.47, 9.00
0.96,4.53,5.51, 9.75
1.07,4.69,5.50, 8.01
1.23,4.83,7.96, 6.75
1.75,5.28,25.73, 22.19
1.75,5.28,25.73, 22.19
1.75,5.28,25.73, 22.19
1.75,5.28,25.73, 22.19
1.75,5.28,25.73, 22.19
1.75,5.35,0.38, 3.82
1.72,5.40,0.00, 2.50
1.72,5.40,0.00, 2.50
1.72,5.45,0.00, 2.75
1.72,5.45,0.00, 2.75
1.72,5.45,0.00, 2.75
1.72,5.45,0.00, 2.75
1.75,5.62,1.48, 8.48
1.75,5.68,0.02, 3.02
1.75,5.71,0.00, 1.26
1.75,5.71,0.00, 1.26
1.75,5.71,0.00, 1.26
1.75,5.71,0.00, 1.26
1.75,5.71,0.00, 1.26
1.75,5.71,0.00, 1.26
1.75,5.71,0.00, 1.26
1.75,5.71,0.00, 1.26
1.75,5.71,0.00, 1.26
1.75,5.71,0.00, 1.26
1.75,5.64,0.00, 0.00
1.75,5.64,0.00, 0.00
1.75,5.64,0.00, 0.00
1.75,5.64,0.00, 0.00
1.75,5.64,0.00, 0.00
1.75,5.64,0.00, 0.00
1.75,5.64,0.00, 0.00
1.75,5.64,0.00, 0.00
1.75,5.64,0.00, 0.00
1.75,5.65,0.00, 0.50
1.77,5.66,0.99, 0.50
1.77,5.66,0.99, 0.50
1.77,5.66,0.99, 0.50
1.75,5.52,0.00, 0.00
1.77,5.40,0.99, 0.00
1.77,5.41,0.01, 0.50
1.77,5.39,0.00, 0.00
1.77,5.41,0.00, 1.00
1.77,5.46,0.00, 2.49
1.77,5.45,0.00, 0.00
1.77,5.47,0.00, 1.00
1.77,5.46,0.00, 0.00
1.77,5.46,0.00, 0.00
1.77,5.47,0.00, 0.50
1.77,5.47,0.00, 0.00
1.77,5.47,0.00, 0.50
1.77,5.46,0.00, 0.00
1.77,5.47,0.00, 0.50
1.77,5.47,0.00, 0.50
1.77,5.49,0.00, 1.25
1.77,5.51,0.00, 0.75
1.77,5.51,0.00, 0.75
1.77,5.51,0.00, 0.75
1.77,5.51,0.00, 0.75
1.77,5.51,0.00, 0.75
1.77,5.51,0.00, 0.75
1.79,5.54,0.99, 1.50
1.77,5.56,0.00, 0.75
1.77,5.56,0.00, 0.00
1.77,5.62,0.00, 3.49
1.77,5.66,0.00, 1.76
1.77,5.68,0.00, 1.25
1.77,5.68,0.00, 1.25
1.77,5.68,0.00, 1.25
1.77,5.68,0.00, 1.25
1.77,5.68,0.00, 1.25
1.77,5.68,0.00, 1.25
1.77,5.68,0.00, 1.25
1.77,5.70,0.00, 0.50
1.77,5.68,0.00, 0.00
1.77,5.69,0.00, 0.25
1.77,5.67,0.00, 0.00
1.77,5.67,0.00, 0.00
1.77,5.67,0.00, 0.00
1.77,5.67,0.00, 0.00
1.77,5.70,0.00, 1.49
1.77,5.72,0.00, 1.00
1.77,5.70,0.00, 0.00
1.77,5.68,0.00, 0.00
1.77,5.68,0.00, 0.00
1.77,5.68,0.00, 0.00
1.77,5.68,0.00, 0.00
1.77,5.68,0.00, 0.00
1.77,5.65,0.00, 0.00
1.77,5.66,0.00, 0.50
1.77,5.64,0.00, 0.00
1.79,5.64,0.99, 0.00
1.77,5.64,0.00, 0.00
1.77,5.62,0.00, 0.00
1.77,5.62,0.00, 0.00
1.77,5.61,0.00, 0.00
1.79,5.61,0.99, 0.00
1.79,5.58,0.01, 0.00
1.79,5.58,0.01, 0.00
1.77,5.56,0.00, 0.00
1.79,5.55,0.99, 0.00
1.77,5.52,0.00, 0.00
1.77,5.52,0.00, 0.00
1.79,5.50,0.99, 0.00
1.79,5.50,0.99, 0.00
1.79,5.50,0.99, 0.00
1.79,5.50,0.99, 0.00
1.79,5.50,0.99, 0.00
1.77,5.48,0.00, 0.00
1.77,5.43,0.00, 0.00
1.77,5.41,0.00, 0.00
1.77,5.36,0.00, 0.00
1.77,5.36,0.00, 0.00
1.77,5.40,0.00, 1.74
1.77,5.40,0.00, 1.74
1.77,5.39,0.00, 0.00
1.77,5.39,0.00, 0.00
1.77,5.39,0.00, 0.00
1.77,5.39,0.00, 0.00
1.77,5.39,0.00, 0.00
1.77,5.40,0.00, 0.50
1.77,5.38,0.00, 0.00
1.79,5.38,0.99, 0.00
1.77,5.38,0.00, 0.25
1.79,5.34,0.99, 0.00
1.77,5.33,0.00, 0.00
1.77,5.33,0.00, 0.00
1.77,5.33,0.00, 0.00
1.77,5.33,0.00, 0.00
1.77,5.33,0.00, 0.00
1.77,5.33,0.00, 0.00
1.77,5.33,0.00, 0.00
1.77,5.33,0.00, 0.00
1.77,5.33,0.00, 0.00
1.77,5.33,0.00, 0.00
1.77,5.33,0.00, 0.00
1.77,5.33,0.00, 0.00
1.77,5.33,0.00, 0.00
1.77,5.33,0.00, 0.00
1.77,5.33,0.00, 0.00
1.77,5.33,0.00, 0.00
1.77,5.33,0.00, 0.00
1.77,5.33,0.00, 0.00
1.77,5.33,0.00, 0.00
1.77,5.33,0.00, 0.00
1.77,5.33,0.00, 0.00
1.77,5.33,0.00, 0.00
1.77,5.33,0.00, 0.00
1.77,5.33,0.00, 0.00
1.77,5.33,0.00, 0.00
1.77,5.32,0.00, 0.00
1.77,5.32,0.00, 0.00
1.77,5.28,0.00, 0.00
1.77,5.23,0.00, 0.00
1.77,5.23,0.00, 0.00
1.77,4.80,0.00, 0.00
1.77,4.74,0.00, 0.00
1.77,4.74,0.00, 0.00
1.77,4.74,0.00, 0.00
1.77,4.74,0.00, 0.00
1.77,4.74,0.00, 0.00
1.77,4.74,0.00, 0.00
1.77,4.71,0.00, 0.00
1.77,4.71,0.00, 0.00
1.77,4.66,0.00, 0.00
1.77,4.65,0.00, 0.00
1.79,4.64,0.99, 0.00
1.77,4.64,0.00, 0.00
1.77,4.62,0.00, 0.00
1.77,4.61,0.00, 0.00
1.77,4.61,0.00, 0.00
1.77,4.61,0.00, 0.00
1.77,4.61,0.00, 0.00
1.77,4.61,0.00, 0.00
1.77,4.59,0.00, 0.00
1.77,4.59,0.00, 0.00
1.79,4.60,0.99, 0.50
1.79,4.60,0.99, 0.50
1.68,4.59,0.00, 0.00
1.68,4.59,0.00, 0.00
1.63,4.59,0.00, 0.00
1.63,4.57,0.00, 0.00
1.79,4.56,7.88, 0.00
1.75,4.57,0.00, 0.50
1.77,4.56,0.99, 0.00
1.77,4.56,0.99, 0.00
1.77,4.56,0.99, 0.00
1.77,4.56,0.99, 0.00
1.77,4.56,0.99, 0.00
1.77,4.56,0.99, 0.00
1.77,4.56,0.99, 0.00
1.77,4.56,0.99, 0.00
1.72,4.56,0.00, 0.00
1.70,4.54,0.00, 0.00
1.70,4.54,0.00, 0.00
1.70,4.54,0.00, 0.00
1.70,4.54,0.00, 0.00
1.70,4.54,0.00, 0.00
1.70,4.54,0.00, 0.00
1.70,4.54,0.00, 0.00
1.70,4.54,0.00, 0.00
1.59,4.53,0.00, 0.00
1.37,4.36,0.00, 0.00
1.32,4.31,0.00, 0.00
0.60,3.65,0.00, 0.00
0.54,3.49,0.00, 0.00
0.47,3.31,0.00, 0.00
0.31,3.12,0.00, 0.00
0.13,2.88,0.00, 0.00
0.02,2.62,0.00, 0.00
0.02,2.62,0.00, 0.00
0.02,2.62,0.00, 0.00
0.02,2.62,0.00, 0.00
0.02,2.62,0.00, 0.00
0.02,2.62,0.00, 0.00
0.02,2.62,0.00, 0.00
0.02,2.62,0.00, 0.00
0.02,2.62,0.00, 0.00
0.02,2.62,0.00, 0.00
0.02,2.62,0.00, 0.00
0.00,2.36,0.00, 0.00
0.00,2.36,0.00, 0.00
0.00,2.08,0.00, 0.00
0.00,1.81,0.00, 0.00
0.29,0.12,14.29, 0.00
0.27,0.04,0.00, 0.00
0.29,0.01,0.99, 0.00
0.29,0.00,0.01, 0.00
0.24,0.05,0.00, 2.24
0.13,0.05,0.00, 0.01
0.00,0.05,0.00, 0.50
0.06,0.07,2.96, 0.75
0.06,0.07,2.96, 0.75
0.06,0.07,2.96, 0.75
0.09,0.06,1.52, 0.00
0.22,0.06,6.43, 0.00
0.27,0.05,2.56, 0.00
0.27,0.05,0.04, 0.00
0.27,0.05,0.04, 0.00
0.31,0.05,1.97, 0.50
0.31,0.05,1.97, 0.50
0.31,0.05,1.97, 0.50
0.31,0.05,1.97, 0.50
0.31,0.05,1.97, 0.50
0.31,0.05,1.97, 0.50
0.31,0.05,1.97, 0.50
0.33,0.05,1.01, 0.00
0.33,0.05,0.01, 0.00
0.31,0.05,0.00, 0.00
0.18,0.05,0.00, 0.00
0.11,0.05,0.00, 0.50
0.09,0.06,0.00, 0.25
0.09,0.06,0.00, 0.25
0.09,0.06,0.00, 0.25
0.09,0.06,0.00, 0.25
0.15,0.06,2.96, 0.00
0.15,0.06,2.96, 0.00
0.15,0.06,2.96, 0.00
0.15,0.06,2.96, 0.00
0.15,0.06,2.96, 0.00
0.29,0.06,6.94, 0.00
0.27,0.05,0.00, 0.00
0.29,0.05,0.99, 0.00
0.31,0.05,1.00, 0.00
0.31,0.05,0.01, 0.50
0.29,0.05,0.00, 0.00
0.31,0.05,0.99, 0.00
0.20,0.05,0.00, 0.00
0.15,0.05,0.00, 0.50
0.15,0.05,0.00, 0.50
0.15,0.05,0.00, 0.50
0.15,0.05,0.00, 0.50
0.15,0.05,0.00, 0.50
0.15,0.05,0.00, 0.50
0.15,0.05,0.00, 0.50
0.15,0.05,0.00, 0.50
0.13,0.06,0.00, 0.25
0.20,0.06,3.45, 0.00
0.27,0.05,3.50, 0.00
0.31,0.05,2.02, 0.50
0.29,0.05,0.00, 0.00
0.31,0.05,0.99, 0.00
0.27,0.05,0.00, 0.50
0.22,0.06,0.00, 0.25
0.18,0.11,0.00, 2.24
0.18,0.11,0.00, 2.24
0.18,0.11,0.00, 2.24
0.18,0.11,0.00, 2.24
0.18,0.11,0.00, 2.24
0.20,0.22,0.99, 5.49
0.20,0.22,0.99, 5.49
0.20,0.22,0.99, 5.49
0.27,0.32,3.46, 5.25
0.27,0.32,3.46, 5.25
0.27,0.32,3.46, 5.25
0.27,0.32,3.46, 5.25
0.27,0.32,3.46, 5.25
0.27,0.32,3.46, 5.25
0.27,0.32,3.46, 5.25
0.27,0.32,3.46, 5.25
0.27,0.32,3.46, 5.25
0.27,0.32,3.46, 5.25
0.27,0.32,3.46, 5.25
0.27,0.32,3.46, 5.25
0.27,0.32,3.46, 5.25
0.29,0.47,1.04, 7.24
0.27,1.32,0.00, 42.37
0.27,1.32,0.00, 42.37
0.27,1.32,0.00, 42.37
0.27,1.32,0.00, 42.37
0.27,1.32,0.00, 42.37
0.27,1.32,0.00, 42.37
0.27,1.32,0.00, 42.37
0.27,1.32,0.00, 42.37
0.27,1.32,0.00, 42.37
0.27,1.32,0.00, 42.37
0.27,1.32,0.00, 42.37
0.27,1.32,0.00, 42.37
0.31,1.80,1.97, 24.32
1.12,4.18,39.93, 118.65
1.12,4.18,39.93, 118.65
1.12,4.18,39.93, 118.65
1.12,4.18,39.93, 118.65
1.12,4.18,39.93, 118.65
1.12,4.18,39.93, 118.65
1.12,4.18,39.93, 118.65
1.12,4.18,39.93, 118.65
1.12,4.18,39.93, 118.65
1.12,4.18,39.93, 118.65
1.12,4.18,39.93, 118.65
1.12,4.18,39.93, 118.65
1.12,4.18,39.93, 118.65
1.12,4.18,39.93, 118.65
1.12,4.18,39.93, 118.65
1.12,4.18,39.93, 118.65
1.12,4.18,39.93, 118.65
1.12,4.18,39.93, 118.65
1.12,4.18,39.93, 118.65
1.30,4.39,9.46, 10.65
1.30,4.39,9.46, 10.65
1.75,5.65,22.31, 63.06
1.75,5.65,22.31, 63.06
1.75,5.65,22.31, 63.06
1.75,5.65,22.31, 63.06
1.75,5.65,22.31, 63.06
1.75,5.65,22.31, 63.06
1.75,5.65,22.31, 63.06
1.77,5.69,1.31, 2.47
1.77,5.46,0.02, 0.00
1.77,5.47,0.00, 0.50
1.77,5.41,0.00, 0.00
1.77,5.43,0.00, 1.25
1.77,5.43,0.00, 1.25
1.77,5.43,0.00, 1.25
1.77,5.43,0.00, 1.25
1.77,5.43,0.00, 1.25
1.77,5.45,0.00, 1.00
1.77,5.47,0.00, 0.75
1.77,5.47,0.00, 0.00
1.77,5.46,0.00, 0.00
1.77,5.45,0.00, 0.00
1.77,5.47,0.00, 1.00
1.77,5.49,0.00, 0.75
1.79,5.49,0.99, 0.50
1.77,5.49,0.00, 0.00
1.77,5.52,0.00, 1.49
1.77,5.49,0.00, 0.00
1.77,5.49,0.00, 0.00
1.77,5.49,0.00, 0.00
1.77,5.47,0.00, 0.00
1.79,5.46,0.99, 0.00
1.77,5.46,0.00, 0.00
1.77,5.45,0.00, 0.00
1.77,5.44,0.00, 0.00
1.77,5.44,0.00, 0.00
1.77,5.46,0.00, 1.00
1.77,5.48,0.00, 1.00
1.77,5.49,0.00, 0.50
1.77,5.49,0.00, 0.50
1.77,5.49,0.00, 0.00
1.77,5.52,0.00, 1.49
1.77,5.54,0.00, 1.00
1.77,5.57,0.00, 1.75
1.79,5.57,0.99, 0.01
1.77,5.56,0.00, 0.00
1.77,5.55,0.00, 0.00
1.77,5.51,0.00, 0.00
1.77,5.50,0.00, 0.00
1.77,5.50,0.00, 0.00
1.77,5.50,0.00, 0.00
1.77,5.50,0.00, 0.00
1.77,5.50,0.00, 0.00
1.77,5.50,0.00, 0.00
1.77,5.49,0.00, 0.00
1.77,5.49,0.00, 0.00
1.77,5.51,0.00, 0.75
1.79,5.55,0.99, 2.00
1.77,5.47,0.00, 0.00
1.79,5.39,0.99, 0.00
1.77,5.29,0.00, 0.00
1.77,5.14,0.00, 0.00
1.79,5.11,0.99, 0.00
1.77,5.06,0.00, 0.00
1.77,5.03,0.00, 0.00
1.77,5.03,0.00, 0.00
1.77,5.02,0.00, 0.00
1.77,5.02,0.00, 0.00
1.77,5.02,0.00, 0.00
1.77,5.02,0.00, 0.00
1.77,5.02,0.00, 0.00
1.77,4.99,0.00, 0.00
1.77,5.01,0.00, 0.50
1.77,4.99,0.00, 0.00
1.79,4.98,0.99, 0.00
1.77,4.97,0.00, 0.00
1.79,4.94,0.99, 0.00
1.79,4.93,0.01, 0.00
1.79,4.93,0.00, 0.00
1.77,4.97,0.00, 1.49
1.77,4.93,0.00, 0.00
1.77,4.93,0.00, 0.00
1.77,4.93,0.00, 0.00
1.77,4.92,0.00, 0.00
1.77,4.91,0.00, 0.00
1.77,4.91,0.00, 0.00
1.77,4.91,0.00, 0.00
1.77,4.91,0.00, 0.00
1.77,4.91,0.00, 0.00
1.77,4.91,0.00, 0.00
1.77,4.91,0.00, 0.00
1.77,4.90,0.00, 0.00
1.77,4.90,0.00, 0.00
1.77,4.89,0.00, 0.00
1.77,4.89,0.00, 0.00
1.77,4.82,0.00, 0.00
1.77,4.82,0.00, 0.00
1.77,4.82,0.00, 0.00
1.79,4.82,0.99, 0.00
1.79,4.82,0.99, 0.00
1.77,4.81,0.00, 0.00
1.79,4.79,0.99, 0.00
1.77,4.78,0.00, 0.00
1.77,4.74,0.00, 0.00
1.77,4.74,0.00, 0.00
1.77,4.76,0.00, 0.75
1.77,4.74,0.00, 0.00
1.77,4.76,0.00, 0.75
1.77,4.76,0.00, 0.00
1.77,4.77,0.00, 0.75
1.77,4.77,0.00, 0.00
1.77,4.76,0.00, 0.00
1.77,4.77,0.00, 0.25
1.77,4.76,0.00, 0.00
1.77,4.76,0.00, 0.00
1.77,4.76,0.00, 0.00
1.77,4.76,0.00, 0.00
1.79,4.73,0.99, 0.00
1.77,4.69,0.00, 0.00
1.77,4.68,0.00, 0.00
1.77,4.61,0.00, 0.00
1.77,4.61,0.00, 0.00
1.77,4.61,0.00, 0.00
1.77,4.61,0.00, 0.00
1.77,4.59,0.00, 0.00
1.77,4.57,0.00, 0.00
1.77,4.58,0.00, 0.50
1.77,4.61,0.00, 1.50
1.77,4.62,0.00, 0.75
1.77,4.58,0.00, 0.00
1.77,4.57,0.00, 0.00
1.79,4.56,0.99, 0.00
1.77,4.56,0.00, 0.00
1.77,4.56,0.00, 0.00
1.77,4.59,0.00, 1.74
1.77,4.59,0.00, 1.74
1.77,4.59,0.00, 1.74
1.77,4.59,0.00, 1.74
1.77,4.59,0.00, 1.74
1.77,4.59,0.00, 1.74
1.79,4.60,0.99, 0.50
1.79,4.60,0.99, 0.50
1.79,4.56,0.01, 0.00
1.77,4.57,0.00, 1.00
1.77,4.53,0.00, 0.00
1.79,4.52,0.99, 0.00
1.43,4.52,0.00, 0.25
1.43,4.49,0.00, 0.00
1.46,4.49,1.48, 0.00
1.70,4.47,11.85, 0.00
1.54,4.48,0.00, 0.50
1.54,4.49,0.00, 0.50
1.54,4.52,0.00, 1.25
1.50,4.52,0.00, 0.25
1.50,4.52,0.00, 0.25
1.50,4.52,0.00, 0.25
1.50,4.52,0.00, 0.25
1.50,4.52,0.00, 0.25
1.50,4.52,0.00, 0.25
1.50,4.52,0.00, 0.25
1.50,4.52,0.00, 0.25
1.46,4.51,0.00, 0.00
1.46,4.47,0.00, 0.00
1.48,4.46,0.99, 0.00
1.34,4.14,0.00, 0.00
1.34,4.14,0.00, 0.00
1.34,4.14,0.00, 0.00
1.34,4.14,0.00, 0.00
1.32,4.05,0.00, 0.00
1.32,4.05,0.00, 0.00
1.28,3.94,0.00, 0.00
1.21,3.80,0.00, 0.00
1.01,3.40,0.00, 0.00
0.92,3.25,0.00, 0.00
0.87,3.05,0.00, 0.00
0.78,2.87,0.00, 0.00
0.69,2.67,0.00, 0.00
0.65,2.49,0.00, 0.00
0.65,2.49,0.00, 0.00
0.58,2.26,0.00, 0.00
0.54,2.05,0.00, 0.00
0.54,2.05,0.00, 0.00
0.54,1.84,0.00, 0.00
0.47,1.41,0.00, 0.00
0.42,1.22,0.00, 0.00
0.42,1.05,0.00, 0.00
0.40,0.88,0.00, 0.00
0.40,0.74,0.00, 0.00
0.40,0.74,0.00, 0.00
0.40,0.59,0.00, 0.00
0.42,0.47,0.99, 0.00
0.45,0.34,1.49, 0.00
0.45,0.34,1.49, 0.00
0.45,0.34,1.49, 0.00
0.45,0.34,1.49, 0.00
0.45,0.34,1.49, 0.00
0.45,0.34,1.49, 0.00
0.45,0.34,1.49, 0.00
0.45,0.34,1.49, 0.00
0.45,0.34,1.49, 0.00
0.45,0.34,1.49, 0.00
0.45,0.34,1.49, 0.00
0.45,0.34,1.49, 0.00
0.45,0.26,0.02, 0.00
0.42,0.18,0.00, 0.00
0.40,0.11,0.00, 0.00
0.24,0.06,0.00, 0.00
0.24,0.06,0.00, 0.00
0.24,0.06,0.00, 0.00
0.24,0.06,0.00, 0.00
0.18,0.06,0.00, 0.00
0.09,0.06,0.00, 0.00
0.06,0.06,0.00, 0.00
0.18,0.06,5.91, 0.00
0.31,0.05,6.49, 0.00
0.27,0.05,0.00, 0.00
0.27,0.05,0.00, 0.00
0.27,0.05,0.00, 0.00
0.27,0.05,0.00, 0.00
0.27,0.05,0.00, 0.00
0.27,0.05,0.00, 0.00
0.27,0.05,0.00, 0.00
0.27,0.05,0.00, 0.00
0.27,0.05,0.00, 0.00
0.27,0.05,0.00, 0.00
0.27,0.05,0.00, 0.00
0.33,0.05,2.96, 0.50
0.31,0.05,0.00, 0.00
0.31,0.05,0.00, 0.00
0.29,0.05,0.00, 0.00
0.29,0.05,0.00, 0.00
0.29,0.05,0.00, 0.50
0.31,0.05,0.99, 0.00
0.29,0.05,0.00, 0.00
0.20,0.05,0.00, 0.00
0.15,0.05,0.00, 0.00
0.15,0.05,0.00, 0.00
0.22,0.05,3.45, 0.50
0.29,0.06,3.50, 0.25
0.27,0.05,0.00, 0.00
0.27,0.05,0.00, 0.50
0.27,0.06,0.00, 0.25
0.27,0.06,0.00, 0.25
0.27,0.05,0.00, 0.00
0.27,0.05,0.00, 0.00
0.27,0.05,0.00, 0.50
0.27,0.05,0.00, 0.00
0.29,0.08,0.99, 1.74
0.24,0.14,0.00, 3.00
0.20,0.27,0.00, 6.24
0.02,0.53,0.00, 13.22
0.13,0.71,5.42, 9.02
0.13,0.71,5.42, 9.02
0.13,0.71,5.42, 9.02
0.27,0.89,6.98, 9.00
0.27,1.07,0.10, 9.00
0.36,1.32,4.44, 12.49
0.36,1.85,0.07, 26.45
0.36,1.85,0.07, 26.45
0.33,2.11,0.00, 13.05
0.38,2.37,2.46, 12.75
0.45,2.60,3.48, 11.50
0.51,2.82,3.01, 11.25
0.45,3.00,0.00, 9.01
0.51,3.22,2.96, 11.24
0.51,3.22,2.96, 11.24
0.51,3.22,2.96, 11.24
0.51,3.22,2.96, 11.24
0.56,3.39,2.51, 8.51
0.58,3.56,1.02, 8.25
0.63,3.69,2.48, 6.76
1.12,4.30,24.18, 30.16
1.12,4.30,24.18, 30.16
1.32,4.43,10.21, 6.84
1.46,4.58,7.05, 7.25
1.63,4.70,8.48, 6.00
1.63,4.70,8.48, 6.00
1.75,4.81,6.04, 5.50
1.72,4.90,0.00, 4.75
1.72,5.00,0.00, 4.75
1.72,5.08,0.00, 4.00
1.75,5.16,1.48, 4.00
1.75,5.27,0.02, 5.74
1.75,5.35,0.00, 3.51
1.75,5.43,0.00, 4.25
1.77,5.49,0.99, 3.00
1.77,5.49,0.99, 3.00
1.75,5.55,0.00, 3.00
1.75,5.60,0.00, 2.50
1.75,5.62,0.00, 1.25
1.75,5.64,0.00, 0.75
1.77,5.65,0.99, 0.50
1.77,5.66,0.01, 0.50
1.77,5.66,0.01, 0.50
1.75,5.67,0.00, 0.50
1.75,5.67,0.00, 0.00
1.77,5.68,0.99, 0.75
1.77,5.68,0.01, 0.00
1.75,5.66,0.00, 0.00
1.77,5.64,0.99, 0.00
1.77,5.64,0.99, 0.00
1.77,5.62,0.01, 0.00
1.77,5.57,0.00, 0.00
1.77,5.53,0.00, 0.00
1.77,5.53,0.00, 0.00
1.75,5.52,0.00, 0.00
1.75,5.52,0.00, 0.00
1.75,5.52,0.00, 0.00
1.75,5.52,0.00, 0.00
1.77,5.55,0.99, 1.49
1.75,5.55,0.00, 0.25
1.77,5.55,0.99, 0.00
1.77,5.56,0.01, 0.00
1.77,5.56,0.01, 0.00
1.77,5.56,0.01, 0.00
1.77,5.55,0.00, 0.00
1.77,5.57,0.00, 1.00
1.77,5.57,0.00, 0.50
1.77,5.59,0.00, 0.75
1.77,5.58,0.00, 0.00
1.77,5.60,0.00, 1.00
1.77,5.59,0.00, 0.00
1.77,5.61,0.00, 0.75
1.77,5.65,0.00, 2.24
1.77,5.65,0.00, 0.01
1.77,5.68,0.00, 1.74
1.77,5.72,0.00, 1.75
1.77,5.76,0.00, 1.75
1.77,5.79,0.00, 1.75
1.77,5.84,0.00, 2.50
1.77,5.85,0.00, 0.51
1.79,5.88,0.99, 1.25
1.77,5.91,0.00, 2.00
1.77,5.95,0.00, 1.50
1.77,5.98,0.00, 1.75
1.77,6.04,0.00, 3.00
1.77,6.06,0.00, 0.76
1.77,6.07,0.00, 0.50
1.79,6.10,0.99, 1.75
1.77,6.11,0.00, 0.26
1.77,6.11,0.00, 0.26
1.77,6.11,0.00, 0.26
1.77,6.11,0.00, 0.26
1.77,6.11,0.00, 0.50
1.77,6.14,0.00, 1.25
1.77,6.12,0.00, 0.00
1.77,6.11,0.00, 0.00
1.77,6.11,0.00, 0.00
1.77,6.11,0.00, 0.00
1.77,6.11,0.00, 0.00
1.77,6.11,0.00, 0.00
1.77,6.11,0.00, 0.00
1.77,6.11,0.00, 0.00
1.77,6.11,0.00, 0.00
1.77,6.11,0.00, 0.00
1.77,6.12,0.00, 0.50
1.79,6.12,0.99, 0.00
1.77,6.11,0.00, 0.00
1.77,6.11,0.00, 0.00
1.77,6.11,0.00, 0.00
1.77,6.11,0.00, 0.00
1.77,6.11,0.00, 0.50
1.77,6.11,0.00, 0.00
1.77,6.11,0.00, 0.00
1.77,6.13,0.00, 0.75
1.77,6.11,0.00, 0.00
1.77,6.09,0.00, 0.00
1.77,6.07,0.00, 0.00
1.77,6.03,0.00, 0.00
1.77,6.03,0.00, 0.00
1.77,6.03,0.00, 0.00
1.77,5.99,0.00, 0.00
1.77,5.91,0.00, 0.00
1.79,5.88,0.99, 0.00
1.77,5.82,0.00, 0.00
1.77,5.80,0.00, 0.00
1.77,5.78,0.00, 0.00
1.77,5.78,0.00, 0.00
1.77,5.78,0.00, 0.00
1.77,5.78,0.00, 0.00
1.77,5.78,0.00, 0.00
1.77,5.78,0.00, 0.00
1.77,5.77,0.00, 0.00
1.77,5.76,0.00, 0.00
1.77,5.76,0.00, 0.00
1.77,5.76,0.00, 0.00
1.77,5.76,0.00, 0.00
1.77,5.69,0.00, 0.00
1.77,5.70,0.00, 0.50
1.77,5.69,0.00, 0.00
1.77,5.64,0.00, 0.00
1.77,5.61,0.00, 0.00
1.77,5.55,0.00, 0.00
1.77,5.50,0.00, 0.00
1.77,5.43,0.00, 0.00
1.77,5.43,0.00, 0.00
1.77,5.43,0.00, 0.00
1.77,5.43,0.00, 0.00
1.77,5.43,0.00, 0.00
1.77,5.38,0.00, 0.00
1.77,5.31,0.00, 0.00
1.77,5.27,0.00, 0.00
1.77,5.27,0.00, 0.00
1.77,5.27,0.00, 0.00
1.77,5.27,0.00, 0.00
1.77,5.27,0.00, 0.00
1.79,5.24,0.99, 0.00
1.77,5.21,0.00, 0.00
1.77,5.21,0.00, 0.00
1.77,5.19,0.00, 0.00
1.77,5.16,0.00, 0.00
1.77,5.12,0.00, 0.00
1.77,5.12,0.00, 0.00
1.79,5.11,0.99, 0.00
1.79,5.11,0.99, 0.00
1.77,5.06,0.00, 0.00
1.77,5.06,0.00, 0.00
1.77,5.06,0.00, 0.00
1.79,5.01,0.99, 0.00
1.79,4.97,0.01, 0.00
1.77,4.84,0.00, 0.00
1.79,4.82,0.99, 0.00
1.79,4.82,0.99, 0.00
1.79,4.82,0.99, 0.00
1.79,4.82,0.99, 0.00
1.79,4.82,0.99, 0.00
1.79,4.82,0.99, 0.00
1.79,4.82,0.99, 0.00
1.79,4.82,0.99, 0.00
1.77,4.79,0.00, 0.00
1.77,4.76,0.00, 0.00
1.77,4.72,0.00, 0.00
1.77,4.54,0.00, 0.00
1.79,4.54,0.99, 0.00
1.79,4.54,0.99, 0.00
1.79,4.54,0.99, 0.00
1.79,4.54,0.99, 0.00
1.79,4.54,0.99, 0.00
1.79,4.54,0.99, 0.00
1.79,4.54,0.99, 0.00
1.79,4.54,0.99, 0.00
1.79,4.54,0.99, 0.00
1.79,4.54,0.99, 0.00
1.79,4.54,0.99, 0.00
1.79,4.54,0.99, 0.00
1.79,4.54,0.99, 0.00
1.79,4.54,0.99, 0.00
1.79,4.54,0.99, 0.00
1.77,4.51,0.00, 0.00
1.77,4.51,0.00, 0.00
1.77,4.49,0.00, 0.00
1.77,4.45,0.00, 0.00
1.77,4.05,0.00, 0.00
1.79,4.05,0.99, 0.00
1.77,4.05,0.00, 0.00
1.77,4.05,0.00, 0.00
1.77,4.05,0.00, 0.00
1.77,4.03,0.00, 0.00
1.77,4.03,0.00, 0.00
1.77,4.03,0.00, 0.00
1.77,4.03,0.00, 0.00
1.77,4.03,0.00, 0.00
1.77,3.99,0.00, 0.00
1.77,3.99,0.00, 0.00
1.77,3.99,0.00, 0.00
1.77,3.99,0.00, 0.00
1.77,3.93,0.00, 0.00
1.77,3.91,0.00, 0.00
1.77,3.72,0.00, 0.00
1.57,3.66,0.00, 0.00
1.37,3.63,0.00, 0.00
1.57,3.56,9.85, 0.00
1.59,3.48,1.13, 0.00
1.50,3.41,0.00, 0.00
1.37,3.35,0.00, 0.00
1.30,3.27,0.00, 0.00
1.32,3.23,0.99, 0.00
1.30,3.15,0.00, 0.00
1.30,3.15,0.00, 0.00
1.30,3.15,0.00, 0.00
1.32,3.11,0.99, 0.00
1.32,3.05,0.01, 0.00
1.28,3.01,0.00, 0.00
1.23,2.97,0.00, 0.00
1.19,2.91,0.00, 0.00
1.12,2.87,0.00, 0.00
1.07,2.82,0.00, 0.00
1.10,2.77,1.48, 0.00
1.07,2.70,0.00, 0.00
0.98,2.62,0.00, 0.00
0.94,2.52,0.00, 0.00
0.87,2.41,0.00, 0.00
0.85,2.31,0.00, 0.00
0.76,2.20,0.00, 0.00
0.74,2.08,0.00, 0.00
0.69,1.96,0.00, 0.00
0.63,1.83,0.00, 0.00
0.54,1.69,0.00, 0.00
0.49,1.55,0.00, 0.00
0.45,1.39,0.00, 0.00
0.38,1.22,0.00, 0.00
0.36,1.09,0.00, 0.00
0.31,0.94,0.00, 0.00
0.31,0.94,0.00, 0.00
0.33,0.78,0.99, 0.00
0.31,0.65,0.00, 0.00
0.31,0.52,0.00, 0.00
0.20,0.40,0.00, 0.00
0.38,0.30,8.87, 0.00
0.42,0.19,2.10, 0.00
0.42,0.07,0.03, 0.00
0.49,0.04,3.45, 0.00
0.47,0.02,0.00, 0.00
0.45,0.02,0.00, 0.00
0.29,0.05,0.00, 1.25
0.22,0.05,0.00, 0.50
0.33,0.06,5.42, 0.25
0.33,0.06,5.42, 0.25
0.27,0.06,0.00, 0.00
0.31,0.06,1.97, 0.00
0.33,0.05,1.01, 0.00
0.33,0.05,1.01, 0.00
0.33,0.05,1.01, 0.00
0.33,0.05,1.01, 0.00
0.33,0.05,1.01, 0.00
0.33,0.05,1.01, 0.00
0.33,0.05,1.01, 0.00
0.33,0.05,0.01, 0.00
0.36,0.05,1.48, 0.00
0.36,0.05,1.48, 0.00
0.36,0.05,1.48, 0.00
0.36,0.05,1.48, 0.00
0.33,0.04,0.00, 0.00
0.31,0.05,0.00, 0.50
0.29,0.05,0.00, 0.00
0.22,0.05,0.00, 0.50
0.11,0.05,0.00, 0.00
0.15,0.06,1.97, 0.75
0.29,0.05,6.93, 0.00
0.29,0.05,6.93, 0.00
0.29,0.05,6.93, 0.00
0.29,0.05,6.93, 0.00
0.29,0.05,6.93, 0.00
0.29,0.05,0.10, 0.00
0.31,0.05,0.99, 0.00
0.31,0.05,0.99, 0.00
0.31,0.05,0.99, 0.00
0.31,0.05,0.99, 0.00
0.31,0.05,0.01, 0.00
0.31,0.05,0.01, 0.00
0.31,0.05,0.00, 0.00
0.31,0.05,0.00, 0.00
0.27,0.05,0.00, 0.00
0.27,0.05,0.00, 0.00
0.27,0.05,0.00, 0.00
0.27,0.05,0.00, 0.00
0.29,0.05,0.99, 0.50
0.27,0.06,0.00, 0.25
0.27,0.07,0.00, 0.50
0.04,0.10,0.00, 1.75
0.06,0.16,0.99, 2.75
0.02,0.28,0.00, 5.99
0.00,0.45,0.00, 8.74
0.02,0.67,0.99, 10.49
0.02,0.67,0.99, 10.49
0.02,0.67,0.99, 10.49
0.09,0.83,3.46, 8.51
0.09,0.83,3.46, 8.51
0.20,1.02,5.47, 9.25
0.20,1.02,5.47, 9.25
0.20,1.20,0.08, 9.00
0.24,1.41,1.97, 10.74
0.22,1.70,0.00, 14.49
0.13,2.19,0.00, 24.46
0.09,2.45,0.00, 12.79
0.09,2.45,0.00, 12.79
0.09,2.45,0.00, 12.79
0.09,2.45,0.00, 12.79
0.09,2.45,0.00, 12.79
0.09,2.45,0.00, 12.79
0.09,2.70,0.00, 12.75
0.09,2.70,0.00, 12.75
0.13,2.98,1.97, 13.75
0.18,3.28,2.49, 14.75
0.27,4.45,4.47, 58.84
0.31,4.66,2.04, 10.68
0.40,4.86,4.46, 9.75
0.51,5.07,5.48, 10.75
0.51,5.07,5.48, 10.75
0.65,5.29,6.98, 10.75
0.65,5.29,6.98, 10.75
0.65,5.29,6.98, 10.75
0.65,5.29,6.98, 10.75
0.65,5.29,6.98, 10.75
0.65,5.29,6.98, 10.75
0.65,5.29,6.98, 10.75
0.65,5.29,6.98, 10.75
0.65,5.29,6.98, 10.75
0.76,5.48,5.52, 9.50
0.85,5.66,4.52, 9.00
0.85,5.66,4.52, 9.00
1.16,6.22,15.34, 27.93
1.77,7.35,30.28, 56.15
1.77,7.51,0.45, 8.43
1.77,7.51,0.45, 8.43
1.77,7.51,0.45, 8.43
1.77,7.51,0.45, 8.43
1.77,7.51,0.45, 8.43
1.77,7.51,0.45, 8.43
1.77,7.51,0.45, 8.43
1.77,7.51,0.45, 8.43
1.77,7.51,0.45, 8.43
1.75,7.77,0.00, 13.23
1.77,7.86,0.99, 4.28
1.77,7.86,0.99, 4.28
1.77,7.86,0.99, 4.28
1.77,7.86,0.99, 4.28
1.77,7.86,0.99, 4.28
1.77,7.86,0.99, 4.28
1.77,7.86,0.99, 4.28
1.77,7.86,0.99, 4.28
1.77,7.86,0.99, 4.28
1.77,7.86,0.99, 4.28
1.77,7.86,0.99, 4.28
1.77,7.86,0.99, 4.28
1.77,7.86,0.99, 4.28
1.77,7.95,0.01, 4.50
1.77,8.56,0.00, 30.16
1.75,8.63,0.00, 3.85
1.75,8.33,0.00, 0.00
1.77,8.32,0.99, 0.00
1.77,8.32,0.01, 0.00
1.77,8.32,0.01, 0.00
1.77,8.32,0.01, 0.00
1.77,8.32,0.01, 0.00
1.77,8.30,0.00, 0.00
1.77,8.29,0.00, 0.00
1.77,8.27,0.00, 0.00
1.77,8.26,0.00, 0.00
1.77,8.26,0.00, 0.00
1.77,8.26,0.00, 0.00
1.77,8.26,0.00, 0.00
1.79,8.26,0.99, 0.00
1.77,8.26,0.00, 0.00
1.77,8.26,0.00, 0.00
1.77,8.28,0.00, 1.00
1.79,8.26,0.99, 0.00
1.77,8.23,0.00, 0.00
1.77,8.24,0.00, 0.50
1.79,8.22,0.99, 0.00
1.79,8.22,0.99, 0.00
1.79,8.22,0.99, 0.00
1.79,8.22,0.99, 0.00
1.79,8.22,0.99, 0.00
1.77,8.23,0.00, 0.50
1.77,8.22,0.00, 0.00
1.77,8.23,0.00, 0.50
1.79,8.22,0.99, 0.00
1.79,8.22,0.99, 0.00
1.77,8.22,0.00, 0.00
1.77,8.20,0.00, 0.00
1.77,8.17,0.00, 0.00
1.77,8.11,0.00, 0.00
1.77,8.09,0.00, 0.00
1.77,8.09,0.00, 0.00
1.77,8.09,0.00, 0.00
1.77,8.06,0.00, 0.00
1.77,8.06,0.00, 0.00
1.77,8.06,0.00, 0.00
1.77,8.05,0.00, 0.00
1.77,8.03,0.00, 0.00
1.77,8.02,0.00, 0.00
1.79,8.01,0.99, 0.00
1.79,7.98,0.01, 0.00
1.79,7.97,0.00, 0.00
1.79,7.97,0.00, 0.00
1.79,7.97,0.00, 0.00
1.79,7.97,0.00, 0.00
1.79,7.97,0.00, 0.00
1.79,7.97,0.00, 0.00
1.79,7.95,0.00, 0.00
1.77,7.95,0.00, 0.00
1.77,7.93,0.00, 0.00
1.79,7.89,0.99, 0.00
1.79,7.89,0.99, 0.00
1.79,7.89,0.99, 0.00
1.79,7.89,0.99, 0.00
1.79,7.89,0.99, 0.00
1.79,7.89,0.99, 0.00
1.79,7.89,0.99, 0.00
1.79,7.89,0.99, 0.00
1.79,7.86,0.01, 0.00
1.79,7.84,0.00, 0.00
1.79,7.84,0.00, 0.00
1.77,7.79,0.00, 0.00
1.77,7.64,0.00, 0.00
1.79,7.60,0.99, 0.00
1.77,7.56,0.00, 0.00
1.79,7.55,0.99, 0.00
1.79,7.51,0.01, 0.00
1.79,7.47,0.00, 0.00
1.79,7.42,0.00, 0.00
1.77,7.35,0.00, 0.00
1.77,7.35,0.00, 0.00
1.77,7.35,0.00, 0.00
1.79,7.27,0.99, 0.00
1.79,7.20,0.01, 0.00
1.79,7.14,0.00, 0.00
1.79,7.14,0.00, 0.00
1.79,7.14,0.00, 0.00
1.77,7.02,0.00, 0.00
1.77,6.99,0.00, 0.00
1.79,6.96,0.99, 0.00
1.77,6.93,0.00, 0.00
1.77,6.93,0.00, 0.00
1.77,6.93,0.00, 0.00
1.77,6.93,0.00, 0.00
1.79,6.87,0.99, 0.00
1.79,6.87,0.99, 0.00
1.79,6.87,0.99, 0.00
1.79,6.82,0.01, 0.00
1.79,6.82,0.01, 0.00
1.77,6.75,0.00, 0.00
1.77,6.75,0.00, 0.00
1.77,6.75,0.00, 0.00
1.77,6.75,0.00, 0.00
1.77,6.75,0.00, 0.00
1.77,6.65,0.00, 0.00
1.77,6.65,0.00, 0.00
1.77,6.65,0.00, 0.00
1.77,6.65,0.00, 0.00
1.77,6.52,0.00, 0.00
1.77,6.48,0.00, 0.00
1.79,6.25,0.99, 0.00
1.77,6.18,0.00, 0.00
1.77,6.18,0.00, 0.00
1.77,6.18,0.00, 0.00
1.77,6.18,0.00, 0.00
1.77,6.18,0.00, 0.00
1.77,6.18,0.00, 0.00
1.77,6.18,0.00, 0.00
1.77,6.18,0.00, 0.00
1.77,6.18,0.00, 0.00
1.77,6.18,0.00, 0.00
1.77,6.18,0.00, 0.00
1.77,6.18,0.00, 0.00
1.77,6.18,0.00, 0.00
1.77,6.18,0.00, 0.00
1.77,6.18,0.00, 0.00
1.77,6.18,0.00, 0.00
1.79,6.18,0.99, 0.00
1.77,6.18,0.00, 0.00
1.79,6.16,0.99, 0.00
1.77,5.80,0.00, 0.00
1.79,5.80,0.99, 0.00
1.79,5.80,0.99, 0.00
1.79,5.80,0.99, 0.00
1.77,5.73,0.00, 0.00
1.79,5.70,0.99, 0.00
1.79,5.69,0.01, 0.00
1.79,5.69,0.01, 0.00
1.79,5.69,0.01, 0.00
1.79,5.69,0.01, 0.00
1.79,5.69,0.01, 0.00
1.79,5.69,0.01, 0.00
1.79,5.69,0.01, 0.00
1.79,5.68,0.00, 0.00
1.79,5.68,0.00, 0.00
1.79,5.68,0.00, 0.00
1.77,5.68,0.00, 0.00
1.77,5.64,0.00, 0.00
1.79,5.53,0.99, 0.00
1.77,5.53,0.00, 0.00
1.79,5.51,0.99, 0.00
1.77,5.46,0.00, 0.00
1.79,5.44,0.99, 0.00
1.77,5.40,0.00, 0.00
1.77,5.36,0.00, 0.00
1.77,5.38,0.00, 0.50
1.79,5.36,0.99, 0.00
1.77,5.33,0.00, 0.00
1.77,5.31,0.00, 0.00
1.77,5.31,0.00, 0.00
1.59,5.27,0.00, 0.00
1.52,5.20,0.00, 0.00
1.32,5.11,0.00, 0.00
1.54,5.01,10.84, 0.00
1.50,4.94,0.00, 0.00
1.41,4.85,0.00, 0.00
1.34,4.74,0.00, 0.00
1.28,4.65,0.00, 0.00
1.14,4.54,0.00, 0.00
1.14,4.54,0.00, 0.00
1.14,4.54,0.00, 0.00
1.14,4.54,0.00, 0.00
1.07,4.40,0.00, 0.00
1.10,4.26,1.48, 0.00
1.01,4.11,0.00, 0.00
0.87,3.93,0.00, 0.00
0.74,3.76,0.00, 0.00
0.58,3.55,0.00, 0.00
0.42,3.32,0.00, 0.00
0.20,3.09,0.00, 0.00
0.06,2.88,0.00, 0.00
0.04,2.61,0.00, 0.00
0.00,2.36,0.00, 0.00
0.00,2.09,0.00, 0.00
0.00,1.83,0.00, 0.00
0.00,1.58,0.00, 0.00
0.00,1.37,0.00, 0.00
0.00,1.14,0.00, 0.00
0.00,0.98,0.00, 0.00
0.04,0.80,1.97, 0.00
0.09,0.63,2.49, 0.00
0.09,0.63,2.49, 0.00
0.09,0.63,2.49, 0.00
0.09,0.63,2.49, 0.00
0.09,0.63,2.49, 0.00
0.09,0.63,2.49, 0.00
0.09,0.63,2.49, 0.00
0.09,0.63,2.49, 0.00
0.09,0.63,2.49, 0.00
0.09,0.63,2.49, 0.00
0.09,0.63,2.49, 0.00
0.09,0.63,2.49, 0.00
0.09,0.49,0.04, 0.00
0.09,0.49,0.04, 0.00
0.09,0.49,0.04, 0.00
0.09,0.49,0.04, 0.00
0.09,0.49,0.04, 0.00
0.09,0.49,0.04, 0.00
0.09,0.49,0.04, 0.00
0.09,0.49,0.04, 0.00
0.09,0.49,0.04, 0.00
0.13,0.37,1.97, 0.00
0.13,0.37,1.97, 0.00
0.13,0.37,1.97, 0.00
0.13,0.37,1.97, 0.00
0.13,0.37,1.97, 0.00
0.15,0.25,1.01, 0.00
0.15,0.25,1.01, 0.00
0.29,0.05,6.91, 0.00
0.29,0.05,6.91, 0.00
0.29,0.05,6.91, 0.00
0.29,0.05,0.10, 0.00
0.29,0.05,0.10, 0.00
0.31,0.04,0.99, 0.00
0.27,0.05,0.00, 0.50
0.27,0.05,0.00, 0.50
0.13,0.06,0.00, 0.25
0.13,0.06,0.00, 0.25
0.13,0.06,0.00, 0.25
0.13,0.06,0.00, 0.25
0.13,0.06,0.00, 0.25
0.13,0.06,0.00, 0.25
0.13,0.06,0.00, 0.25
0.13,0.06,0.00, 0.25
0.13,0.06,0.00, 0.25
0.13,0.06,0.00, 0.25
0.13,0.06,0.00, 0.25
0.09,0.06,0.00, 0.00
0.11,0.06,0.99, 0.00
0.20,0.06,4.45, 0.00
0.20,0.05,0.07, 0.00
0.20,0.05,0.07, 0.00
0.13,0.05,0.00, 0.50
0.13,0.05,0.00, 0.50
0.13,0.06,0.00, 0.25
0.18,0.06,2.46, 0.00
0.24,0.06,2.99, 0.00
0.27,0.05,1.52, 0.00
0.29,0.05,1.01, 0.50
0.27,0.05,0.00, 0.00
0.29,0.05,0.99, 0.00
0.29,0.05,0.99, 0.00
0.29,0.05,0.99, 0.00
0.29,0.05,0.99, 0.00
0.29,0.05,0.01, 0.00
0.29,0.05,0.01, 0.00
0.29,0.05,0.00, 0.00
0.22,0.05,0.00, 0.00
0.22,0.05,0.00, 0.50
0.22,0.05,0.00, 0.50
0.22,0.05,0.00, 0.50
0.22,0.05,0.00, 0.50
0.22,0.05,0.00, 0.50
0.29,0.05,3.45, 0.00
0.24,0.05,0.00, 0.00
0.27,0.05,1.48, 0.50
0.00,0.19,0.00, 6.48
0.00,0.32,0.00, 7.00
0.00,0.49,0.00, 8.25
0.06,0.63,2.96, 7.00
0.13,0.81,3.49, 8.99
0.24,0.98,5.47, 8.25
0.24,0.98,5.47, 8.25
0.24,0.98,5.47, 8.25
0.24,0.98,5.47, 8.25
0.24,0.98,5.47, 8.25
0.24,0.98,5.47, 8.25
0.29,1.15,2.54, 9.00
0.33,1.37,2.01, 10.49
0.27,1.57,0.00, 10.00
0.00,2.40,0.00, 41.63
0.00,2.62,0.00, 11.36
0.02,2.85,0.99, 11.25
0.00,3.07,0.00, 10.75
0.13,3.26,6.40, 9.75
0.40,3.44,13.40, 9.00
0.54,3.61,7.09, 8.50
0.74,3.81,9.96, 9.75
0.74,3.81,9.96, 9.75
0.92,4.00,9.01, 9.75
1.05,4.20,6.54, 10.25
1.16,4.42,5.52, 10.75
1.30,4.60,6.98, 9.26
1.43,4.79,6.51, 9.25
1.52,4.96,4.53, 8.50
1.52,4.96,4.53, 8.50
1.59,5.11,3.52, 7.75
1.59,5.11,3.52, 7.75
1.59,5.11,3.52, 7.75
1.59,5.11,3.52, 7.75
1.59,5.11,3.52, 7.75
1.59,5.11,3.52, 7.75
1.59,5.11,3.52, 7.75
1.66,5.24,3.50, 6.50
1.72,5.34,3.01, 4.51
1.75,5.44,1.52, 5.25
1.75,6.04,0.02, 29.91
1.75,6.14,0.00, 4.84
1.75,6.16,0.00, 1.26
1.75,6.22,0.00, 2.74
1.75,6.26,0.00, 2.00
1.77,6.28,0.99, 1.25
1.77,6.30,0.01, 1.25
1.77,6.30,0.01, 1.25
1.75,6.34,0.00, 1.75
1.77,6.40,0.99, 3.00
1.75,6.43,0.00, 1.26
1.77,6.44,0.99, 1.00
1.77,6.44,0.99, 1.00
1.77,6.44,0.99, 1.00
1.77,6.44,0.99, 1.00
1.77,6.48,0.01, 1.50
1.77,6.49,0.00, 1.00
1.75,6.53,0.00, 1.75
1.77,6.58,0.99, 2.50
1.75,6.65,0.00, 3.50
1.77,6.69,0.99, 2.25
1.77,6.72,0.01, 1.50
1.77,6.74,0.00, 1.00
1.77,6.77,0.00, 1.25
1.77,6.77,0.00, 1.25
1.77,6.77,0.00, 1.25
1.77,6.77,0.00, 1.25
1.77,6.77,0.00, 1.25
1.77,6.77,0.00, 1.25
1.77,6.81,0.00, 1.75
1.77,6.81,0.00, 1.75
1.77,6.81,0.00, 1.75
1.77,6.81,0.00, 1.75
1.77,6.81,0.00, 1.75
1.75,6.84,0.00, 1.75
1.75,6.84,0.00, 1.75
1.75,6.84,0.00, 1.75
1.75,6.84,0.00, 1.75
1.75,6.84,0.00, 1.75
1.75,6.84,0.00, 1.75
1.75,6.84,0.00, 1.75
1.77,6.83,0.99, 0.00
1.77,6.86,0.01, 1.25
1.77,6.87,0.00, 0.75
1.77,7.03,0.00, 7.97
1.77,7.03,0.00, 7.97
1.77,7.07,0.00, 2.02
1.77,7.07,0.00, 2.02
1.79,7.07,0.99, 0.01
1.77,7.08,0.00, 0.50
1.77,7.09,0.00, 0.50
1.77,7.11,0.00, 0.75
1.77,7.11,0.00, 0.75
1.77,7.11,0.00, 0.75
1.77,7.11,0.00, 0.75
1.77,7.11,0.00, 0.75
1.77,7.11,0.00, 0.75
1.77,7.11,0.00, 0.75
1.77,7.11,0.00, 0.75
1.77,7.11,0.00, 0.75
1.77,7.11,0.00, 0.75
1.77,7.11,0.00, 0.75
1.77,7.11,0.00, 0.75
1.77,7.11,0.00, 0.75
1.77,7.11,0.00, 0.75
1.77,7.11,0.00, 0.75
1.77,7.11,0.00, 0.75
1.77,7.11,0.00, 0.75
1.77,7.11,0.00, 0.75
1.77,7.11,0.00, 0.75
1.77,7.11,0.00, 0.75
1.77,7.11,0.00, 0.75
1.77,7.11,0.00, 0.75
1.77,7.11,0.00, 0.75
1.77,7.11,0.00, 0.75
1.77,7.11,0.00, 0.75
1.77,7.11,0.00, 0.75
1.77,7.11,0.00, 0.75
1.77,7.14,0.00, 1.75
1.77,7.14,0.00, 1.75
1.77,7.14,0.00, 1.75
1.77,7.14,0.00, 1.75
1.77,7.14,0.00, 1.75
1.77,7.14,0.00, 1.75
1.77,7.14,0.00, 1.75
1.77,7.14,0.00, 1.75
1.77,7.14,0.00, 1.75
1.77,7.14,0.00, 1.75
1.77,7.14,0.00, 1.75
1.77,7.14,0.00, 1.75
1.77,7.14,0.00, 1.75
1.77,7.14,0.00, 1.75
1.77,7.14,0.00, 1.75
1.77,7.14,0.00, 1.75
1.77,7.14,0.00, 1.75
1.77,7.14,0.00, 1.75
1.77,7.14,0.00, 1.75
1.77,7.14,0.00, 1.75
1.77,7.14,0.00, 1.75
1.77,7.14,0.00, 1.75
1.77,7.14,0.00, 1.75
1.77,7.14,0.00, 1.75
1.77,7.14,0.00, 1.75
1.77,7.14,0.00, 1.75
1.77,7.14,0.00, 1.75
1.77,7.14,0.00, 1.75
1.77,7.14,0.00, 1.75
1.77,7.14,0.00, 1.75
1.77,7.14,0.00, 1.75
1.77,7.14,0.00, 1.75
1.77,7.14,0.00, 1.75
1.77,7.14,0.00, 1.75
1.77,7.14,0.00, 1.75
1.77,7.14,0.00, 1.75
1.77,7.14,0.00, 1.75
1.77,7.14,0.00, 1.75
1.77,7.14,0.00, 1.75
1.77,7.14,0.00, 1.75
1.77,7.14,0.00, 1.75
1.77,7.14,0.00, 1.75
1.77,7.14,0.00, 1.75
1.77,7.14,0.00, 1.75
1.77,7.14,0.00, 1.75
1.77,7.14,0.00, 1.75
1.77,7.14,0.00, 1.75
1.77,7.14,0.00, 1.75
1.77,7.14,0.00, 1.75
1.77,7.14,0.00, 1.75
1.77,7.14,0.00, 1.75
1.77,7.14,0.00, 1.75
1.77,7.14,0.00, 1.75
1.77,7.14,0.00, 1.75
1.77,7.14,0.00, 1.75
1.77,7.14,0.00, 1.75
1.77,7.14,0.00, 1.75
1.77,7.14,0.00, 1.75
1.77,7.14,0.00, 1.75
1.77,7.14,0.00, 1.75
1.77,7.14,0.00, 1.75
1.77,7.14,0.00, 1.75
1.77,7.14,0.00, 1.75
1.77,7.14,0.00, 1.75
1.77,7.14,0.00, 1.75
1.77,7.14,0.00, 1.75
1.77,7.14,0.00, 1.75
1.77,7.14,0.00, 1.75
1.77,7.14,0.00, 1.75
1.77,7.14,0.00, 1.75
1.77,7.14,0.00, 1.75
1.77,7.14,0.00, 1.75
1.77,7.14,0.00, 1.75
1.77,7.14,0.00, 1.75
1.77,7.14,0.00, 1.75
1.77,7.14,0.00, 1.75
1.77,7.16,0.00, 1.00
1.77,7.16,0.00, 1.00
1.77,7.16,0.00, 1.00
1.77,7.16,0.00, 1.00
1.77,7.16,0.00, 1.00
1.77,7.16,0.00, 1.00
1.77,7.16,0.00, 1.00
1.77,7.16,0.00, 1.00
1.77,7.16,0.00, 1.00
1.77,7.16,0.00, 1.00
1.77,7.16,0.00, 1.00
1.77,7.16,0.00, 1.00
1.77,7.16,0.00, 1.00
1.77,7.16,0.00, 1.00
1.77,7.16,0.00, 1.00
1.77,7.16,0.00, 1.00
1.77,7.16,0.00, 1.00
1.77,7.16,0.00, 1.00
1.77,7.16,0.00, 1.00
1.77,7.16,0.00, 1.00
1.77,7.16,0.00, 1.00
1.77,7.18,0.00, 0.75
1.77,7.18,0.00, 0.75
1.77,7.18,0.00, 0.75
1.77,7.18,0.00, 0.75
1.77,7.18,0.00, 0.75
1.77,7.18,0.00, 0.75
1.77,7.18,0.00, 0.75
1.77,7.18,0.00, 0.75
1.77,7.18,0.00, 0.75
1.77,6.86,0.00, 0.00
1.77,4.84,0.00, 0.00
1.77,4.84,0.00, 0.00
1.77,4.84,0.00, 0.00
1.77,4.84,0.00, 0.00
1.77,4.84,0.00, 0.00
1.77,4.84,0.00, 0.00
1.77,4.84,0.00, 0.00
1.77,4.84,0.00, 0.00
1.77,4.84,0.00, 0.00
1.77,4.84,0.00, 0.00
1.77,4.84,0.00, 0.00
1.77,4.84,0.00, 0.00
1.77,4.84,0.00, 0.00
0.78,3.23,0.00, 0.00
0.78,3.23,0.00, 0.00
0.78,3.23,0.00, 0.00
0.78,3.23,0.00, 0.00
0.78,3.23,0.00, 0.00
0.78,3.23,0.00, 0.00
0.78,3.23,0.00, 0.00
0.78,3.23,0.00, 0.00
0.78,3.23,0.00, 0.00
0.78,3.23,0.00, 0.00
0.78,3.23,0.00, 0.00
0.78,3.23,0.00, 0.00
0.78,3.23,0.00, 0.00
0.78,3.23,0.00, 0.00
0.54,1.92,0.00, 0.00
0.54,1.79,0.00, 0.00
0.42,0.39,0.00, 0.00
0.42,0.39,0.00, 0.00
0.42,0.39,0.00, 0.00
0.29,0.05,0.00, 0.00
0.29,0.05,0.00, 0.00
0.29,0.05,0.00, 0.00
0.29,0.05,0.00, 0.00
0.29,0.05,0.00, 0.00
0.29,0.05,0.00, 0.00
0.29,0.05,0.00, 0.00
0.29,0.05,0.00, 0.00
0.29,0.05,0.00, 0.00
0.29,0.05,0.00, 0.00
0.29,0.05,0.00, 0.00
0.29,0.05,0.00, 0.00
0.29,0.05,0.00, 0.50
0.29,0.05,0.00, 0.50
0.27,0.06,0.00, 0.25
0.27,0.06,0.00, 0.25
0.27,0.06,0.00, 0.25
0.27,0.06,0.00, 0.25
0.27,0.06,0.00, 0.25
0.27,0.06,0.00, 0.25
0.27,0.06,0.00, 0.25
0.27,0.06,0.00, 0.25
0.27,0.06,0.00, 0.25
0.27,0.06,0.00, 0.25
0.27,0.06,0.00, 0.25
0.27,0.06,0.00, 0.25
0.27,0.06,0.00, 0.25
0.27,0.06,0.00, 0.25
0.27,0.06,0.00, 0.25
0.27,0.06,0.00, 0.25
0.27,0.06,0.00, 0.25
0.27,0.06,0.00, 0.25
0.27,0.06,0.00, 0.25
0.27,0.06,0.00, 0.25
0.27,0.06,0.00, 0.25
0.04,0.06,0.00, 0.00
0.04,0.06,0.00, 0.00
0.29,0.05,12.32, 0.00
0.29,0.05,12.32, 0.00
0.29,0.05,12.32, 0.00
0.29,0.05,0.18, 0.50
0.29,0.05,0.00, 0.00
0.29,0.05,0.00, 0.00
0.29,0.05,0.00, 0.50
0.29,0.05,0.00, 0.00
0.18,0.07,0.00, 1.25
0.18,0.07,0.00, 1.25
0.18,0.07,0.00, 1.25
0.18,0.07,0.00, 1.25
0.18,0.07,0.00, 1.25
0.18,0.07,0.00, 1.25
0.02,0.10,0.00, 1.75
0.00,0.12,0.00, 0.50
0.00,0.33,0.00, 10.71
0.00,2.28,0.00, 97.43
0.00,2.68,0.00, 20.28
0.00,3.01,0.00, 16.02
0.00,3.01,0.00, 16.02
0.00,3.01,0.00, 16.02
0.00,3.01,0.00, 16.02
0.00,3.01,0.00, 16.02
0.00,3.01,0.00, 16.02
0.00,3.01,0.00, 16.02
0.00,3.32,0.00, 15.50
0.00,3.61,0.00, 14.75
0.00,3.61,0.00, 14.75
0.00,3.61,0.00, 14.75
0.00,3.61,0.00, 14.75
0.00,3.61,0.00, 14.75
0.00,3.61,0.00, 14.75
0.00,3.61,0.00, 14.75
0.00,3.61,0.00, 14.75
0.00,3.61,0.00, 14.75
0.00,3.61,0.00, 14.75
0.00,3.61,0.00, 14.75
0.00,3.61,0.00, 14.75
0.00,3.61,0.00, 14.75
0.00,3.61,0.00, 14.75
0.00,3.61,0.00, 14.75
0.00,3.61,0.00, 14.75
0.00,3.61,0.00, 14.75
0.00,3.61,0.00, 14.75
0.00,3.61,0.00, 14.75
0.00,3.61,0.00, 14.75
0.00,3.91,0.00, 15.25
0.00,3.91,0.00, 15.25
0.00,3.91,0.00, 15.25
0.00,3.91,0.00, 15.25
0.00,3.91,0.00, 15.25
0.00,3.91,0.00, 15.25
0.00,3.91,0.00, 15.25
0.00,3.91,0.00, 15.25
0.00,3.91,0.00, 15.25
0.00,3.91,0.00, 15.25
0.00,5.33,0.00, 70.55
0.00,5.47,0.00, 7.23
1.77,6.77,87.20, 64.79
1.77,7.00,1.28, 11.70
1.77,7.01,0.02, 0.54
1.79,7.02,0.99, 0.50
1.77,6.99,0.00, 0.00
1.77,6.94,0.00, 0.00
1.77,6.89,0.00, 0.00
1.77,6.89,0.00, 0.00
1.77,6.89,0.00, 0.00
1.77,6.89,0.00, 0.00
1.77,6.89,0.00, 0.00
1.77,6.89,0.00, 0.00
1.77,6.86,0.00, 0.00
1.77,6.86,0.00, 0.00
1.77,6.86,0.00, 0.00
1.77,6.86,0.00, 0.00
1.77,6.86,0.00, 0.00
1.77,6.86,0.00, 0.00
1.77,6.86,0.00, 0.00
1.77,6.86,0.00, 0.00
1.77,6.86,0.00, 0.00
1.79,6.81,0.99, 0.00
1.79,6.81,0.99, 0.00
1.79,6.81,0.99, 0.00
1.79,6.81,0.99, 0.00
1.79,6.81,0.99, 0.00
1.79,6.75,0.01, 0.00
1.79,6.75,0.01, 0.00
1.79,6.51,0.00, 0.00
1.79,6.10,0.00, 0.00
1.79,6.10,0.00, 0.00
1.79,6.10,0.00, 0.00
1.79,6.10,0.00, 0.00
1.79,6.10,0.00, 0.00
1.79,6.10,0.00, 0.00
1.79,6.10,0.00, 0.00
1.79,6.10,0.00, 0.00
1.79,6.10,0.00, 0.00
1.79,6.10,0.00, 0.00
1.79,6.10,0.00, 0.00
1.79,6.10,0.00, 0.00
1.79,6.10,0.00, 0.00
1.79,6.10,0.00, 0.00
1.79,6.12,0.00, 1.49
1.79,6.16,0.00, 2.00
1.79,6.14,0.00, 0.00
1.79,6.18,0.00, 2.24
1.79,6.22,0.00, 1.75
1.79,6.24,0.00, 1.25
1.79,6.26,0.00, 0.50
1.79,6.28,0.00, 1.25
1.79,6.29,0.00, 0.50
1.79,6.29,0.00, 0.00
1.77,6.29,0.00, 0.00
1.79,6.30,0.99, 0.25
1.79,6.31,0.01, 0.50
1.77,6.31,0.00, 0.25
1.79,6.30,0.99, 0.00
1.79,6.28,0.01, 0.00
1.79,6.28,0.00, 0.00
1.77,6.27,0.00, 0.00
1.79,6.27,0.99, 0.00
1.79,6.27,0.01, 0.00
1.79,6.25,0.00, 0.00
1.79,6.25,0.00, 0.00
1.79,6.25,0.00, 0.00
1.79,6.25,0.00, 0.00
1.79,6.25,0.00, 0.00
1.79,6.25,0.00, 0.00
1.79,6.25,0.00, 0.00
1.79,6.25,0.00, 0.00
1.79,6.25,0.00, 0.00
1.79,6.25,0.00, 0.00
1.79,6.25,0.00, 0.00
1.79,6.25,0.00, 0.00
1.79,6.25,0.00, 0.00
1.79,6.27,0.00, 1.00
1.77,6.27,0.00, 0.00
1.79,6.27,0.99, 0.00
1.79,6.28,0.01, 0.75
1.79,6.27,0.00, 0.00
1.79,6.27,0.00, 0.00
1.79,6.25,0.00, 0.00
1.77,6.24,0.00, 0.00
1.77,6.24,0.00, 0.00
1.77,6.24,0.00, 0.00
1.79,6.22,0.99, 0.00
1.79,6.20,0.01, 0.00
1.79,6.18,0.00, 0.00
1.79,6.18,0.00, 0.00
1.79,6.20,0.00, 1.25
1.79,6.21,0.00, 0.50
1.79,6.24,0.00, 1.75
1.79,6.26,0.00, 0.75
1.79,6.22,0.00, 0.00
1.79,6.20,0.00, 0.00
1.79,6.20,0.00, 0.00
1.79,6.15,0.00, 0.00
1.79,6.15,0.00, 0.00
1.79,6.15,0.00, 0.00
1.77,6.13,0.00, 0.00
1.77,6.10,0.00, 0.00
1.79,6.09,0.99, 0.00
1.79,6.10,0.01, 0.50
1.79,6.12,0.00, 1.25
1.79,6.15,0.00, 1.25
1.79,6.15,0.00, 1.25
1.77,6.19,0.00, 2.25
1.79,6.23,0.99, 1.50
1.79,6.28,0.01, 2.50
1.79,6.31,0.00, 2.00
1.79,6.34,0.00, 1.25
1.79,6.34,0.00, 0.00
1.79,6.30,0.00, 0.00
1.79,6.30,0.00, 0.00
1.79,6.30,0.00, 0.00
1.79,6.30,0.00, 0.00
1.79,6.30,0.00, 0.00
1.79,6.30,0.00, 0.00
1.79,6.30,0.00, 0.00
1.79,6.30,0.00, 0.00
1.79,6.27,0.00, 0.00
1.79,6.24,0.00, 0.00
1.79,6.24,0.00, 0.00
1.77,6.24,0.00, 0.00
1.79,6.19,0.99, 0.00
1.79,6.16,0.01, 0.00
1.79,6.15,0.00, 0.00
1.79,6.17,0.00, 1.00
1.79,6.15,0.00, 0.00
1.79,6.15,0.00, 0.00
1.77,6.13,0.00, 0.00
1.79,6.07,0.99, 0.00
1.79,6.07,0.99, 0.00
1.79,6.07,0.99, 0.00
1.79,6.02,0.01, 0.00
1.77,5.97,0.00, 0.00
1.79,5.93,0.99, 0.00
1.77,5.91,0.00, 0.00
1.79,5.86,0.99, 0.00
1.79,5.82,0.01, 0.00
1.79,5.81,0.00, 0.00
1.79,5.78,0.00, 0.00
1.66,5.75,0.00, 0.00
1.79,5.71,6.40, 0.00
1.79,5.71,6.40, 0.00
1.79,5.66,0.09, 0.00
1.79,5.62,0.00, 0.00
1.79,5.62,0.00, 0.00
1.79,5.62,0.00, 0.00
1.79,5.61,0.00, 0.00
1.79,5.59,0.00, 0.00
1.79,5.59,0.00, 0.00
1.79,5.57,0.00, 0.00
1.79,5.56,0.00, 0.00
1.79,5.55,0.00, 0.00
1.79,5.53,0.00, 0.00
1.79,5.49,0.00, 0.00
1.79,5.48,0.00, 0.00
1.79,5.46,0.00, 0.00
1.79,5.45,0.00, 0.00
1.79,5.44,0.00, 0.00
1.79,5.43,0.00, 0.00
1.79,5.43,0.00, 0.00
1.79,5.43,0.00, 0.00
1.79,5.39,0.00, 0.00
1.79,5.36,0.00, 0.00
1.77,5.35,0.00, 0.00
1.79,5.33,0.99, 0.00
1.77,5.33,0.00, 0.00
1.79,5.30,0.99, 0.00
1.79,5.30,0.99, 0.00
1.79,5.32,0.01, 1.00
1.79,5.28,0.00, 0.00
1.79,5.27,0.00, 0.00
1.79,5.21,0.00, 0.00
1.77,5.15,0.00, 0.00
1.79,5.11,0.99, 0.00
1.79,5.05,0.01, 0.00
1.79,4.98,0.00, 0.00
1.79,4.96,0.00, 0.00
1.79,4.93,0.00, 0.00
1.79,4.87,0.00, 0.00
1.70,4.82,0.00, 0.00
0.94,4.77,0.00, 0.00
1.05,4.76,5.42, 0.00
1.46,4.68,20.28, 0.00
1.46,4.68,20.28, 0.00
1.46,4.68,20.28, 0.00
1.46,4.68,20.28, 0.00
1.39,4.64,0.00, 0.00
1.39,4.64,0.00, 0.00
1.41,4.64,0.99, 0.25
1.48,4.69,3.46, 1.99
1.37,4.70,0.00, 0.51
1.37,4.69,0.00, 0.00
1.39,4.64,0.99, 0.00
1.34,4.61,0.00, 0.00
1.23,4.55,0.00, 0.00
1.12,4.51,0.00, 0.00
1.07,4.34,0.00, 0.00
1.07,4.23,0.00, 0.00
1.10,4.11,1.48, 0.00
1.14,3.98,1.99, 0.00
1.12,3.84,0.00, 0.00
1.05,3.69,0.00, 0.00
1.05,3.69,0.00, 0.00
1.03,3.53,0.00, 0.00
1.01,3.38,0.00, 0.00
0.92,3.22,0.00, 0.00
0.83,3.07,0.00, 0.00
0.76,2.91,0.00, 0.00
0.65,2.75,0.00, 0.00
0.65,2.75,0.00, 0.00
0.58,2.57,0.00, 0.00
0.51,2.39,0.00, 0.00
0.49,2.22,0.00, 0.00
0.42,2.03,0.00, 0.00
0.40,1.87,0.00, 0.00
0.36,1.66,0.00, 0.00
0.36,1.66,0.00, 0.00
0.33,1.48,0.00, 0.00
0.36,1.31,1.48, 0.00
0.36,1.13,0.02, 0.00
0.38,0.96,0.99, 0.00
0.42,0.79,1.99, 0.00
0.45,0.65,1.51, 0.00
0.45,0.65,1.51, 0.00
0.42,0.53,0.00, 0.00
0.40,0.40,0.00, 0.00
0.38,0.29,0.00, 0.00
0.36,0.20,0.00, 0.00
0.31,0.13,0.00, 0.00
0.27,0.09,0.00, 0.00
0.20,0.06,0.00, 0.00
0.20,0.05,0.00, 0.00
0.20,0.05,0.00, 0.00
0.27,0.04,3.45, 0.00
0.31,0.04,2.02, 0.00
0.38,0.04,3.48, 0.00
0.38,0.04,3.48, 0.00
0.38,0.04,3.48, 0.00
0.36,0.05,0.00, 1.00
0.27,0.05,0.00, 0.00
0.36,0.05,4.43, 0.00
0.33,0.05,0.00, 0.00
0.36,0.05,1.48, 0.50
0.36,0.05,1.48, 0.50
0.36,0.05,1.48, 0.50
0.36,0.05,0.02, 0.00
0.33,0.05,0.00, 0.00
0.31,0.05,0.00, 0.00
0.31,0.05,0.00, 0.50
0.29,0.05,0.00, 0.00
0.15,0.05,0.00, 0.50
0.02,0.06,0.00, 0.25
0.00,0.06,0.00, 0.00
0.04,0.06,1.97, 0.00
0.22,0.06,8.90, 0.00
0.22,0.06,8.90, 0.00
0.22,0.06,0.13, 0.00
0.29,0.05,3.45, 0.00
0.29,0.04,0.05, 0.00
0.31,0.05,0.99, 0.50
0.31,0.05,0.01, 0.00
0.31,0.05,0.00, 0.00
0.31,0.05,0.00, 0.00
0.31,0.05,0.00, 0.00
0.29,0.05,0.00, 0.00
0.29,0.05,0.00, 0.00
0.31,0.05,0.99, 0.00
0.15,0.05,0.00, 0.00
0.09,0.05,0.00, 0.50
0.09,0.05,0.00, 0.50
0.06,0.06,0.00, 0.25
0.13,0.06,3.45, 0.00
0.24,0.06,5.47, 0.00
0.24,0.06,0.08, 0.00
0.27,0.06,1.48, 0.00
0.27,0.06,0.02, 0.00
0.27,0.06,0.00, 0.00
0.29,0.05,0.99, 0.00
0.29,0.05,0.01, 0.00
0.29,0.05,0.01, 0.00
0.29,0.05,0.00, 0.00
0.20,0.05,0.00, 0.00
0.13,0.05,0.00, 0.00
0.11,0.07,0.00, 1.25
0.11,0.11,0.00, 2.25
0.06,0.26,0.00, 7.23
0.00,0.45,0.00, 9.49
0.00,0.66,0.00, 10.75
0.06,0.90,2.96, 11.75
0.13,1.16,3.49, 13.00
0.22,1.43,4.49, 13.75
0.29,1.73,3.51, 14.75
0.29,1.73,3.51, 14.75
0.29,1.73,3.51, 14.75
0.31,2.00,1.04, 13.26
0.33,2.26,1.00, 13.00
0.36,2.50,1.49, 12.25
0.49,2.74,6.43, 11.75
0.69,2.97,9.95, 11.50
0.74,3.18,2.61, 11.00
0.85,3.41,5.46, 11.50
0.96,3.62,5.50, 10.25
1.10,3.80,6.98, 9.00
1.10,3.80,6.98, 9.00
1.10,3.80,6.98, 9.00
1.10,3.80,6.98, 9.00
1.10,3.80,6.98, 9.00
1.10,3.80,6.98, 9.00
1.19,4.00,4.54, 10.00
1.25,4.15,3.02, 7.76
1.37,4.29,5.96, 6.75
1.63,4.80,12.90, 25.18
1.72,4.90,4.62, 5.57
1.75,4.99,1.55, 4.01
1.75,5.09,0.02, 5.00
1.75,5.18,0.00, 4.75
1.75,5.25,0.00, 3.50
1.75,5.34,0.00, 4.25
1.75,5.39,0.00, 3.00
1.72,5.45,0.00, 3.00
1.75,5.52,1.48, 3.00
1.75,5.52,1.48, 3.00
1.75,5.57,0.02, 2.50
1.75,5.57,0.02, 2.50
1.75,5.57,0.02, 2.50
1.75,5.57,0.02, 2.50
1.75,5.57,0.02, 2.50
1.75,5.57,0.02, 2.50
1.75,5.57,0.02, 2.50
1.75,5.65,0.00, 4.49
1.77,5.72,0.99, 3.25
1.75,5.77,0.00, 2.50
1.77,5.89,0.99, 5.74
1.77,5.93,0.01, 2.01
1.75,5.95,0.00, 1.50
1.77,5.99,0.99, 2.00
1.77,6.05,0.01, 2.75
1.77,6.05,0.01, 2.75
1.75,6.09,0.00, 2.00
1.77,6.15,0.99, 3.00
1.77,6.20,0.01, 2.75
1.77,6.20,0.01, 2.75
1.77,6.20,0.01, 2.75
1.77,6.20,0.01, 2.75
1.77,6.20,0.01, 2.75
1.77,6.20,0.01, 2.75
1.77,6.20,0.01, 2.75
1.77,6.28,0.00, 4.00
1.77,6.28,0.00, 4.00
1.77,6.28,0.00, 4.00
1.77,6.28,0.00, 4.00
1.77,6.28,0.00, 4.00
1.77,6.28,0.00, 4.00
1.77,6.28,0.00, 4.00
1.77,6.28,0.00, 4.00
1.77,6.32,0.00, 1.51
1.77,6.39,0.00, 3.99
1.77,6.46,0.00, 3.25
1.77,6.46,0.00, 3.25
1.77,6.46,0.00, 3.25
1.77,6.46,0.00, 3.25
1.77,6.46,0.00, 3.25
1.77,6.46,0.00, 3.25
1.77,6.46,0.00, 3.25
1.77,6.46,0.00, 3.25
1.77,6.46,0.00, 3.25
1.77,6.46,0.00, 3.25
1.77,6.46,0.00, 3.25
1.77,6.46,0.00, 3.25
1.77,6.53,0.00, 3.75
1.77,6.53,0.00, 3.75
1.77,6.51,0.00, 0.00
1.77,6.51,0.00, 0.00
1.77,6.51,0.00, 0.00
1.77,6.49,0.00, 0.00
1.77,6.49,0.00, 0.00
1.77,6.49,0.00, 0.00
1.77,6.49,0.00, 0.00
1.77,6.49,0.00, 0.00
1.77,6.48,0.00, 0.00
1.77,6.48,0.00, 0.00
1.77,6.48,0.00, 0.00
1.77,6.48,0.00, 0.00
1.77,6.48,0.00, 0.00
1.77,6.48,0.00, 0.00
1.79,6.48,0.99, 0.00
1.77,6.49,0.00, 0.50
1.77,6.49,0.00, 0.50
1.79,6.48,0.99, 0.00
1.79,6.44,0.01, 0.00
1.79,6.43,0.00, 0.00
1.77,6.40,0.00, 0.00
1.77,6.41,0.00, 0.50
1.79,6.39,0.99, 0.00
1.79,6.39,0.99, 0.00
1.77,6.39,0.00, 0.00
1.77,6.36,0.00, 0.00
1.79,6.38,0.99, 0.50
1.79,6.38,0.99, 0.50
1.79,6.36,0.01, 0.00
1.77,6.36,0.00, 0.00
1.77,6.36,0.00, 0.00
1.77,6.39,0.00, 1.49
1.79,6.40,0.99, 0.75
1.79,6.40,0.01, 0.00
1.77,6.37,0.00, 0.00
1.77,6.33,0.00, 0.00
1.77,6.33,0.00, 0.00
1.77,6.33,0.00, 0.00
1.77,6.33,0.00, 0.00
1.77,6.33,0.00, 0.00
1.77,6.31,0.00, 0.00
1.77,6.27,0.00, 0.00
1.79,6.23,0.99, 0.00
1.77,6.04,0.00, 0.00
1.77,5.99,0.00, 0.00
1.77,5.99,0.00, 0.00
1.77,5.99,0.00, 0.00
1.77,5.90,0.00, 0.00
1.77,5.90,0.00, 0.00
1.79,5.84,0.99, 0.00
1.77,5.81,0.00, 0.00
1.79,5.74,0.99, 0.00
1.79,5.69,0.01, 0.00
1.79,5.69,0.01, 0.00
1.79,5.69,0.01, 0.00
1.79,5.69,0.01, 0.00
1.77,5.63,0.00, 0.00
1.77,5.63,0.00, 0.00
1.77,5.63,0.00, 0.00
1.77,5.60,0.00, 0.00
1.77,5.60,0.00, 0.00
1.77,5.56,0.00, 0.00
1.77,5.45,0.00, 0.00
1.79,5.38,0.99, 0.00
1.79,5.34,0.01, 0.00
1.79,5.34,0.01, 0.00
1.77,5.32,0.00, 0.00
1.77,5.30,0.00, 0.00
1.77,5.27,0.00, 0.00
1.79,5.26,0.99, 0.00
1.77,5.25,0.00, 0.00
1.77,5.21,0.00, 0.00
1.77,5.17,0.00, 0.00
1.77,5.10,0.00, 0.00
1.79,5.05,0.99, 0.00
1.79,5.05,0.01, 0.00
1.77,5.05,0.00, 0.00
1.77,5.05,0.00, 0.00
1.79,5.02,0.99, 0.00
1.79,5.02,0.99, 0.00
1.79,5.01,0.01, 0.00
1.79,4.98,0.00, 0.00
1.79,4.94,0.00, 0.00
1.79,4.91,0.00, 0.00
1.79,4.90,0.00, 0.00
1.77,4.89,0.00, 0.00
1.77,4.90,0.00, 0.75
1.77,4.88,0.00, 0.00
1.79,4.86,0.99, 0.00
1.77,4.85,0.00, 0.00
1.77,4.85,0.00, 0.00
1.77,4.85,0.00, 0.00
1.77,4.85,0.00, 0.00
1.77,4.85,0.00, 0.00
1.77,4.85,0.00, 0.00
1.77,4.85,0.00, 0.00
1.79,4.82,0.99, 0.00
1.79,4.80,0.01, 0.00
1.79,4.80,0.01, 0.00
1.77,4.78,0.00, 0.00
1.77,4.77,0.00, 0.00
1.79,4.77,0.99, 0.00
1.77,4.74,0.00, 0.00
1.77,4.70,0.00, 0.00
1.77,4.66,0.00, 0.00
1.79,4.62,0.99, 0.00
1.79,4.57,0.01, 0.00
1.79,4.55,0.00, 0.00
1.79,4.55,0.00, 0.00
1.79,4.55,0.00, 0.00
1.79,4.55,0.00, 0.00
1.79,4.55,0.00, 0.00
1.79,4.55,0.00, 0.00
1.79,4.55,0.00, 0.00
1.79,4.55,0.00, 0.00
1.79,4.52,0.00, 0.00
1.79,4.49,0.00, 0.00
1.79,4.45,0.00, 0.00
1.79,4.34,0.00, 0.00
1.79,4.34,0.00, 0.00
1.77,4.34,0.00, 0.00
1.77,4.33,0.00, 0.00
1.77,4.35,0.00, 1.00
1.77,4.35,0.00, 1.00
1.77,4.32,0.00, 0.00
1.77,4.32,0.00, 0.00
1.77,4.32,0.00, 0.00
1.79,4.32,0.99, 0.00
1.79,4.31,0.01, 0.00
1.77,4.26,0.00, 0.00
1.79,4.18,0.99, 0.00
1.77,4.18,0.00, 0.00
1.77,4.14,0.00, 0.00
1.77,4.14,0.00, 0.00
1.77,4.12,0.00, 0.00
1.77,4.10,0.00, 0.00
1.79,4.08,0.99, 0.00
1.79,4.08,0.99, 0.00
1.79,4.08,0.99, 0.00
1.79,4.04,0.01, 0.00
1.50,4.04,0.00, 0.00
1.32,4.01,0.00, 0.00
1.32,4.01,0.00, 0.00
1.68,3.95,17.74, 0.00
1.68,3.95,17.74, 0.00
1.68,3.95,17.74, 0.00
1.68,3.91,0.26, 0.00
1.72,3.88,1.97, 0.00
1.59,3.80,0.00, 0.00
1.59,3.80,0.00, 0.00
1.50,3.79,0.00, 0.00
1.43,3.76,0.00, 0.00
1.39,3.71,0.00, 0.00
1.34,3.63,0.00, 0.00
1.28,3.57,0.00, 0.00
1.28,3.57,0.00, 0.00
1.28,3.57,0.00, 0.00
1.28,3.57,0.00, 0.00
1.28,3.57,0.00, 0.00
1.28,3.57,0.00, 0.00
1.23,3.47,0.00, 0.00
1.23,3.47,0.00, 0.00
1.19,3.39,0.00, 0.00
1.07,3.28,0.00, 0.00
1.01,2.70,0.00, 0.00
0.80,2.20,0.00, 0.00
0.76,2.03,0.00, 0.00
0.72,1.87,0.00, 0.00
0.67,1.75,0.00, 0.00
0.63,1.59,0.00, 0.00
0.56,1.43,0.00, 0.00
0.56,1.43,0.00, 0.00
0.54,1.30,0.00, 0.00
0.54,1.16,0.00, 0.00
0.58,1.02,1.97, 0.00
0.58,0.88,0.03, 0.00
0.63,0.75,2.46, 0.00
0.65,0.64,1.02, 0.00
0.65,0.54,0.02, 0.00
0.65,0.54,0.02, 0.00
0.65,0.54,0.02, 0.00
0.65,0.44,0.00, 0.00
0.65,0.44,0.00, 0.00
0.65,0.37,0.00, 0.00
0.63,0.28,0.00, 0.00
0.58,0.16,0.00, 0.00
0.56,0.10,0.00, 0.00
0.51,0.06,0.00, 0.00
0.49,0.02,0.00, 0.00
0.49,0.02,0.00, 0.00
0.45,0.05,0.00, 1.25
0.31,0.05,0.00, 0.00
0.31,0.05,0.00, 0.00
0.27,0.05,0.00, 0.50
0.27,0.05,0.00, 0.50
0.27,0.06,0.00, 0.25
0.27,0.05,0.00, 0.00
0.27,0.05,0.00, 0.50
0.09,0.06,0.00, 0.25
0.09,0.06,0.00, 0.25
0.02,0.05,0.00, 0.00
0.00,0.05,0.00, 0.50
0.13,0.05,6.40, 0.00
0.33,0.05,9.95, 0.50
0.31,0.05,0.00, 0.00
0.38,0.05,3.45, 0.50
0.38,0.05,3.45, 0.50
0.33,0.05,0.00, 0.00
0.33,0.05,0.00, 0.00
0.33,0.05,0.00, 0.00
0.31,0.05,0.00, 0.00
0.29,0.05,0.00, 0.00
0.29,0.05,0.00, 0.50
0.29,0.05,0.00, 0.50
0.27,0.06,0.00, 0.25
0.27,0.06,0.00, 0.00
0.29,0.06,0.99, 0.00
0.29,0.06,0.99, 0.00
0.27,0.05,0.00, 0.00
0.27,0.05,0.00, 0.00
0.27,0.05,0.00, 0.00
0.29,0.05,0.99, 0.50
0.20,0.06,0.00, 0.25
0.11,0.05,0.00, 0.00
0.11,0.05,0.00, 0.00
0.11,0.05,0.00, 0.00
0.11,0.05,0.00, 0.00
0.11,0.05,0.00, 0.00
0.11,0.05,0.00, 0.00
0.11,0.05,0.00, 0.00
0.29,0.05,8.87, 0.50
0.31,0.05,1.12, 0.00
0.31,0.05,0.02, 0.00
0.29,0.06,0.00, 0.75
0.27,0.06,0.00, 0.00
0.27,0.06,0.00, 0.00
0.27,0.06,0.00, 0.00
0.27,0.06,0.00, 0.00
0.18,0.06,0.00, 0.00
0.15,0.06,0.00, 0.00
0.22,0.08,3.45, 1.00
0.22,0.09,0.05, 0.50
0.13,0.14,0.00, 2.49
0.00,0.26,0.00, 5.99
0.00,0.43,0.00, 8.49
0.00,0.59,0.00, 7.75
0.00,0.76,0.00, 8.75
0.06,0.90,2.96, 7.26
0.06,0.90,2.96, 7.26
0.06,1.10,0.04, 9.49
0.04,1.25,0.00, 7.51
0.09,1.41,2.46, 8.50
0.13,1.59,2.01, 8.75
0.15,1.78,1.01, 9.75
0.24,2.01,4.45, 11.24
0.24,2.01,4.45, 11.24
0.36,2.26,5.98, 12.50
0.42,2.51,3.04, 12.75
0.51,2.78,4.48, 13.25
0.54,3.03,1.54, 12.50
0.60,3.28,2.98, 12.75
0.65,3.48,2.51, 9.76
0.72,3.67,3.49, 9.50
0.85,3.82,6.46, 7.76
1.01,3.99,7.98, 8.25
1.12,4.12,5.54, 6.76
1.12,4.12,5.54, 6.76
1.12,4.12,5.54, 6.76
1.23,4.31,5.50, 8.99
1.37,4.44,6.98, 7.01
1.48,4.61,5.52, 8.25
1.57,4.74,4.52, 6.76
1.66,4.86,4.50, 5.50
1.75,5.04,4.50, 9.24
1.75,5.04,4.50, 9.24
1.75,5.11,0.07, 3.27
1.75,5.21,0.00, 5.24
1.75,5.21,0.00, 5.24
1.75,5.21,0.00, 5.24
1.75,5.21,0.00, 5.24
1.75,5.21,0.00, 5.24
1.75,5.21,0.00, 5.24
1.75,5.21,0.00, 5.24
1.75,5.21,0.00, 5.24
1.75,5.34,0.00, 6.50
1.77,5.47,0.99, 6.25
1.75,5.53,0.00, 3.51
1.77,5.67,0.99, 6.74
1.77,5.70,0.01, 1.77
1.77,5.73,0.00, 1.50
1.77,5.76,0.00, 1.00
1.77,5.78,0.00, 1.25
1.75,5.78,0.00, 0.25
1.77,5.78,0.99, 0.00
1.75,5.77,0.00, 0.00
1.77,5.74,0.99, 0.00
1.77,5.72,0.01, 0.00
1.77,5.68,0.00, 0.00
1.77,5.66,0.00, 0.00
1.77,5.64,0.00, 0.00
1.77,5.61,0.00, 0.00
1.77,5.61,0.00, 0.00
1.79,5.61,0.99, 0.50
1.79,5.61,0.99, 0.50
1.79,5.61,0.99, 0.50
1.79,5.61,0.99, 0.50
1.77,5.59,0.00, 0.00
1.77,5.59,0.00, 0.00
1.77,5.59,0.00, 0.00
1.77,5.58,0.00, 0.00
1.77,5.58,0.00, 0.00
1.77,5.57,0.00, 0.00
1.77,5.57,0.00, 0.00
1.77,5.48,0.00, 0.00
1.77,5.39,0.00, 0.00
1.77,5.39,0.00, 0.00
1.77,5.39,0.00, 0.00
1.77,5.39,0.00, 0.00
1.77,5.39,0.00, 0.00
1.77,5.39,0.00, 0.00
1.77,5.39,0.00, 0.00
1.77,5.39,0.00, 0.00
1.77,5.39,0.00, 0.00
1.77,5.39,0.00, 0.00
1.77,5.39,0.00, 0.00
1.77,5.43,0.00, 1.74
1.77,5.43,0.00, 0.01
1.77,5.40,0.00, 0.00
1.79,5.51,0.99, 5.23
1.77,5.52,0.00, 0.77
1.79,5.56,0.99, 1.75
1.79,5.58,0.01, 1.25
1.79,5.58,0.01, 1.25
1.79,5.58,0.01, 1.25
1.79,5.58,0.01, 1.25
1.77,5.58,0.00, 0.00
1.77,5.59,0.00, 0.50
1.79,5.57,0.99, 0.00
1.79,5.61,0.01, 1.74
1.77,5.60,0.00, 0.00
1.79,5.60,0.99, 0.00
1.79,5.59,0.01, 0.00
1.79,5.59,0.01, 0.00
1.79,5.59,0.01, 0.00
1.79,5.62,0.00, 1.74
1.77,5.64,0.00, 1.00
1.77,5.66,0.00, 1.00
1.79,5.73,0.99, 3.49
1.77,5.74,0.00, 0.51
1.77,5.74,0.00, 0.00
1.77,5.74,0.00, 0.00
1.77,5.73,0.00, 0.00
1.79,5.72,0.99, 0.00
1.77,5.70,0.00, 0.00
1.79,5.68,0.99, 0.00
1.79,5.68,0.01, 0.00
1.77,5.66,0.00, 0.00
1.77,5.66,0.00, 0.00
1.77,5.65,0.00, 0.00
1.79,5.63,0.99, 0.00
1.79,5.64,0.01, 0.50
1.77,5.63,0.00, 0.00
1.79,5.63,0.99, 0.00
1.79,5.63,0.99, 0.00
1.79,5.63,0.99, 0.00
1.79,5.61,0.01, 0.00
1.79,5.61,0.00, 0.50
1.79,5.61,0.00, 0.00
1.77,5.61,0.00, 0.00
1.77,5.61,0.00, 0.00
1.79,5.62,0.99, 0.50
1.79,5.63,0.01, 0.25
1.77,5.64,0.00, 0.50
1.79,5.63,0.99, 0.00
1.79,5.63,0.99, 0.00
1.77,5.67,0.00, 1.99
1.77,5.67,0.00, 1.99
1.79,5.57,0.99, 0.00
1.79,5.56,0.01, 0.00
1.79,5.54,0.00, 0.00
1.79,5.51,0.00, 0.00
1.77,5.48,0.00, 0.00
1.79,5.48,0.99, 0.00
1.79,5.43,0.01, 0.00
1.77,5.38,0.00, 0.00
1.79,5.34,0.99, 0.00
1.79,5.31,0.01, 0.00
1.79,5.23,0.00, 0.00
1.77,5.17,0.00, 0.00
1.77,5.13,0.00, 0.00
1.79,5.07,0.99, 0.00
1.79,5.03,0.01, 0.00
1.79,5.03,0.01, 0.00
1.77,5.02,0.00, 0.00
1.77,4.98,0.00, 0.00
1.77,4.98,0.00, 0.00
1.79,4.97,0.99, 0.00
1.79,4.94,0.01, 0.00
1.77,4.93,0.00, 0.00
1.79,4.90,0.99, 0.00
1.79,4.90,0.01, 0.00
1.79,4.90,0.01, 0.00
1.79,4.90,0.01, 0.00
1.79,4.90,0.01, 0.00
1.79,4.90,0.01, 0.00
1.79,4.91,0.00, 0.50
1.79,4.91,0.00, 0.50
1.77,4.92,0.00, 0.50
1.77,4.92,0.00, 0.50
1.77,4.92,0.00, 0.50
1.79,4.93,0.99, 0.75
1.79,4.93,0.01, 0.00
1.79,4.93,0.00, 0.00
1.77,4.89,0.00, 0.00
1.77,4.89,0.00, 0.00
1.77,4.89,0.00, 0.00
1.77,4.89,0.00, 0.00
1.77,4.89,0.00, 0.00
1.77,4.89,0.00, 0.00
1.77,4.89,0.00, 0.00
1.77,4.89,0.00, 0.00
1.77,4.89,0.00, 0.00
1.79,4.86,0.99, 0.00
1.77,4.82,0.00, 0.00
1.79,4.78,0.99, 0.00
1.77,4.64,0.00, 0.00
1.77,4.64,0.00, 0.00
1.77,4.64,0.00, 0.00
1.79,4.66,0.99, 1.25
1.77,4.66,0.00, 0.25
1.77,4.66,0.00, 0.25
1.77,4.66,0.00, 0.25
1.77,4.66,0.00, 0.25
1.77,4.66,0.00, 0.25
1.77,4.66,0.00, 0.25
1.77,4.66,0.00, 0.25
1.77,4.66,0.00, 0.25
1.77,4.66,0.00, 0.25
1.77,4.66,0.00, 0.25
1.77,4.66,0.00, 0.25
1.77,4.66,0.00, 0.25
1.77,4.66,0.00, 0.25
1.79,4.65,0.99, 0.00
1.79,4.65,0.99, 0.00
1.79,4.65,0.99, 0.00
1.77,4.54,0.00, 0.00
1.79,4.53,0.99, 0.00
1.77,4.34,0.00, 0.00
1.77,4.34,0.00, 0.00
1.77,4.34,0.00, 0.00
1.77,4.34,0.00, 0.00
1.77,4.34,0.00, 0.00
1.77,4.34,0.00, 0.00
1.77,4.34,0.00, 0.00
1.77,4.34,0.00, 0.00
1.77,4.34,0.00, 0.00
1.77,4.34,0.00, 0.00
1.77,4.34,0.00, 0.00
1.77,4.34,0.00, 0.00
1.77,4.34,0.00, 0.00
1.77,4.34,0.00, 0.00
1.79,4.32,0.99, 0.00
1.79,4.32,0.99, 0.00
1.79,4.32,0.99, 0.00
1.79,4.32,0.99, 0.00
1.79,4.32,0.99, 0.00
1.79,4.32,0.99, 0.00
1.79,4.32,0.99, 0.00
1.79,4.32,0.99, 0.00
1.79,4.32,0.99, 0.00
1.79,4.32,0.99, 0.00
1.79,4.32,0.99, 0.00
1.79,4.32,0.99, 0.00
1.79,4.32,0.99, 0.00
1.79,4.32,0.99, 0.00
1.79,4.32,0.99, 0.00
1.79,4.32,0.99, 0.00
1.79,4.32,0.99, 0.00
1.79,4.28,0.01, 0.00
1.77,4.26,0.00, 0.00
1.77,4.26,0.00, 0.00
1.77,4.26,0.00, 0.00
1.77,4.26,0.00, 0.00
1.79,4.08,0.99, 0.00
1.77,4.04,0.00, 0.00
1.79,3.99,0.99, 0.00
1.77,3.99,0.00, 0.00
1.79,3.97,0.99, 0.00
1.79,3.98,0.01, 0.50
1.77,3.97,0.00, 0.00
1.77,3.96,0.00, 0.00
1.79,3.93,0.99, 0.00
1.79,3.93,0.99, 0.00
1.79,3.93,0.99, 0.00
1.79,3.93,0.99, 0.00
1.79,3.93,0.99, 0.00
1.79,3.93,0.99, 0.00
1.79,3.93,0.99, 0.00
1.79,3.93,0.99, 0.00
1.61,3.89,0.00, 0.00
1.59,3.87,0.00, 0.00
1.32,3.83,0.00, 0.00
1.39,3.71,3.45, 0.00
1.34,3.67,0.00, 0.00
1.32,3.65,0.00, 0.00
1.32,3.65,0.00, 0.00
1.32,3.59,0.00, 0.00
1.30,3.55,0.00, 0.00
1.21,3.51,0.00, 0.00
1.21,3.51,0.00, 0.00
1.21,3.51,0.00, 0.00
1.21,3.51,0.00, 0.00
1.21,3.51,0.00, 0.00
1.21,3.51,0.00, 0.00
1.21,3.51,0.00, 0.00
1.21,3.51,0.00, 0.00
1.21,3.51,0.00, 0.00
1.21,3.51,0.00, 0.00
1.21,3.51,0.00, 0.00
1.21,3.51,0.00, 0.00
1.21,3.51,0.00, 0.00
1.05,3.45,0.00, 0.00
1.05,3.45,0.00, 0.00
1.05,3.45,0.00, 0.00
1.05,3.45,0.00, 0.00
1.05,3.45,0.00, 0.00
1.05,3.45,0.00, 0.00
1.05,3.45,0.00, 0.00
1.05,3.45,0.00, 0.00
1.05,3.45,0.00, 0.00
1.05,3.45,0.00, 0.00
1.07,3.39,0.99, 0.00
1.16,3.33,4.45, 0.00
0.74,2.60,0.00, 0.00
0.42,1.82,0.00, 0.00
0.38,1.66,0.00, 0.00
0.33,1.34,0.00, 0.00
0.33,1.34,0.00, 0.00
0.36,1.20,1.48, 0.00
0.38,1.03,1.01, 0.00
0.38,0.89,0.01, 0.00
0.40,0.74,0.99, 0.00
0.40,0.74,0.99, 0.00
0.40,0.74,0.99, 0.00
0.40,0.74,0.99, 0.00
0.40,0.74,0.99, 0.00
0.40,0.74,0.99, 0.00
0.40,0.60,0.01, 0.00
0.40,0.60,0.01, 0.00
0.40,0.60,0.01, 0.00
0.40,0.60,0.0